601336 新华保险 日线 前复权
      日期	    开盘	    最高	    最低	    收盘	    成交量	    成交额
2011/12/16	22.95	24.75	22.85	24.39	117177275	3013978368.00
2011/12/19	24.16	25.44	23.95	24.91	52416127	1393215744.00
2011/12/20	25.05	25.54	24.60	24.83	27480230	744248000.00
2011/12/21	25.09	25.60	24.24	24.34	22180360	599846784.00
2011/12/22	23.91	25.15	23.51	24.75	14722866	386845504.00
2011/12/23	24.47	25.12	23.77	25.04	12658980	337348512.00
2011/12/26	24.66	25.27	24.44	24.66	7469975	200983856.00
2011/12/27	24.40	27.33	23.97	25.02	13944132	385938080.00
2011/12/28	24.42	25.37	23.08	25.07	10747748	284469280.00
2011/12/29	24.56	26.25	24.56	26.07	9982846	277077408.00
2011/12/30	25.92	26.64	25.75	25.82	11365897	320882272.00
2012/01/04	25.87	26.50	25.65	25.92	7659030	215469104.00
2012/01/05	25.89	26.37	24.83	25.05	8982348	248863760.00
2012/01/06	24.55	26.16	24.55	26.09	6134233	168226624.00
2012/01/09	26.04	27.50	25.56	27.33	6715869	192597712.00
2012/01/10	27.33	28.25	26.95	28.07	8405120	250574176.00
2012/01/11	27.90	28.15	27.05	27.82	4795160	142677152.00
2012/01/12	27.57	28.90	27.57	28.33	5555409	168174288.00
2012/01/13	28.43	28.53	26.90	27.82	4972570	147160096.00
2012/01/16	27.45	27.72	26.08	26.23	3600578	105667096.00
2012/01/17	26.53	28.87	26.45	28.82	9177673	271016896.00
2012/01/18	28.49	28.85	27.13	27.68	6458792	195056032.00
2012/01/19	27.68	28.55	27.32	28.16	3814065	115275976.00
2012/01/20	28.05	30.17	28.05	29.84	6631448	207219248.00
2012/01/30	29.74	29.74	28.15	28.20	5263418	162543296.00
2012/01/31	28.08	28.52	27.75	28.48	2167097	65397656.00
2012/02/01	28.20	28.70	27.72	27.92	4416194	133139480.00
2012/02/02	27.61	29.25	26.88	29.04	5974537	179946080.00
2012/02/03	28.65	29.30	28.65	29.01	5294399	164317440.00
2012/02/06	28.95	29.05	27.93	28.42	5162336	157284176.00
2012/02/07	27.96	28.22	26.86	27.09	7208458	211658384.00
2012/02/08	27.11	28.91	27.03	28.63	4550580	136481968.00
2012/02/09	28.50	28.61	27.85	28.15	4249277	128594912.00
2012/02/10	27.84	29.18	27.84	28.35	3018026	92335496.00
2012/02/13	27.95	28.70	27.48	27.92	3820403	114491592.00
2012/02/14	27.90	27.94	27.43	27.67	2226764	66015324.00
2012/02/15	27.50	28.40	27.46	28.40	3710523	111913352.00
2012/02/16	28.40	28.48	27.58	27.79	3153273	94630216.00
2012/02/17	27.99	28.30	27.25	27.63	2461452	73077104.00
2012/02/20	28.10	28.39	27.70	27.80	5729514	172375088.00
2012/02/21	27.80	28.07	27.36	28.06	2488423	74217784.00
2012/02/22	27.95	28.71	27.74	28.52	5367417	162679744.00
2012/02/23	28.64	28.94	28.38	28.91	3865792	118509160.00
2012/02/24	28.94	29.17	28.55	28.91	4352743	134237376.00
2012/02/27	28.95	29.80	28.25	28.50	6887152	214045872.00
2012/02/28	28.34	28.54	27.53	27.80	8992529	268844416.00
2012/02/29	27.30	27.98	27.24	27.72	4910929	145645712.00
2012/03/01	27.55	27.85	27.35	27.57	1946705	57723568.00
2012/03/02	27.57	28.51	27.57	28.28	4090656	123082672.00
2012/03/05	28.40	28.50	27.05	27.42	5854879	173724336.00
2012/03/06	27.05	27.51	26.66	27.10	6182373	180050416.00
2012/03/07	26.55	27.15	26.51	26.96	3134396	90863864.00
2012/03/08	27.24	27.33	26.95	27.09	2582684	75303880.00
2012/03/09	27.08	27.55	27.06	27.27	2058899	60520400.00
2012/03/12	27.27	27.44	26.76	26.98	1570745	45567008.00
2012/03/13	27.09	28.00	26.75	27.91	6105810	181115744.00
2012/03/14	28.21	28.28	26.93	27.19	4377537	129905360.00
2012/03/15	27.05	28.09	27.05	27.92	4979819	148035584.00
2012/03/16	27.75	29.23	27.25	28.74	10241240	306638272.00
2012/03/19	28.46	28.93	28.08	28.46	4939596	150344416.00
2012/03/21	28.03	28.23	27.05	27.35	4003654	119088632.00
2012/03/22	27.35	27.59	27.11	27.39	1626079	47761880.00
2012/03/23	27.34	27.34	26.65	26.86	2532278	73262648.00
2012/03/26	26.80	28.21	26.66	27.60	2862989	84921832.00
2012/03/27	27.61	27.85	27.35	27.68	1774739	52710936.00
2012/03/28	27.16	27.45	26.75	26.81	2704450	79020640.00
2012/03/29	26.45	27.53	25.75	26.87	3435151	98861016.00
2012/03/30	26.55	27.05	26.27	26.66	1631093	46626036.00
2012/04/05	26.83	27.83	26.30	27.45	2022148	59371148.00
2012/04/06	27.47	28.53	27.09	28.29	3553350	106491720.00
2012/04/09	27.95	28.35	27.48	28.23	2333434	70182152.00
2012/04/10	28.15	28.16	27.36	28.07	1776415	52908440.00
2012/04/11	27.66	28.45	27.65	27.94	1593883	47901008.00
2012/04/12	27.75	29.25	27.60	28.94	4991775	152917904.00
2012/04/13	28.93	29.73	28.75	29.11	4995640	156366576.00
2012/04/16	28.98	29.28	28.66	29.03	1246302	38762496.00
2012/04/17	28.95	29.25	27.95	28.11	1656898	50343904.00
2012/04/18	28.23	29.21	27.78	28.86	3668675	112448968.00
2012/04/19	28.85	31.75	28.65	31.45	13419788	442018400.00
2012/04/20	31.35	33.35	30.96	33.30	12835633	440259488.00
2012/04/23	32.97	33.75	32.50	32.92	7900300	277029376.00
2012/04/24	32.25	34.43	31.75	33.16	11402995	402033856.00
2012/04/25	32.81	33.45	32.25	32.87	7274749	252845248.00
2012/04/26	32.66	33.34	31.72	32.11	6903373	237237072.00
2012/04/27	32.26	32.52	31.56	31.92	5818495	198031216.00
2012/05/02	32.29	34.45	32.23	32.79	8111518	285067840.00
2012/05/03	32.74	33.41	32.45	32.94	4846766	169527808.00
2012/05/04	32.70	33.25	32.61	32.91	2967949	103745776.00
2012/05/07	32.74	32.75	31.45	31.99	5132456	174645712.00
2012/05/08	31.83	32.07	31.25	31.55	3441561	115656872.00
2012/05/09	31.20	31.95	31.13	31.62	3105569	104715616.00
2012/05/10	31.45	31.90	31.20	31.57	2562560	86055016.00
2012/05/11	31.50	31.75	30.95	31.11	2493758	83364320.00
2012/05/14	31.40	31.40	30.37	30.42	5424079	178845056.00
2012/05/15	30.03	31.15	29.95	31.03	7197941	235427376.00
2012/05/16	30.86	31.02	30.46	30.58	5248614	172178640.00
2012/05/17	30.55	31.90	30.36	31.78	6218093	207440880.00
2012/05/18	31.36	31.75	30.67	31.10	3887418	129228952.00
2012/05/21	30.98	31.38	30.50	31.03	2093999	69087200.00
2012/05/22	31.33	31.79	30.94	31.62	3138517	104881152.00
2012/05/23	31.55	31.61	31.13	31.50	2692569	90088992.00
2012/05/24	31.35	31.95	30.68	30.75	2792880	93020064.00
2012/05/25	30.57	30.77	29.43	29.74	3434584	110137632.00
2012/05/28	29.70	30.43	29.55	30.13	2105938	67517248.00
2012/05/29	29.98	31.55	29.51	31.08	5801882	191087280.00
2012/05/30	30.90	31.07	30.56	30.80	2015812	66147328.00
2012/05/31	30.35	30.78	30.15	30.66	1714607	55810872.00
2012/06/01	30.66	31.33	30.63	30.73	3416668	112795416.00
2012/06/04	29.95	30.41	28.84	28.86	4995087	158066928.00
2012/06/05	28.93	29.35	28.55	29.10	3345473	103852720.00
2012/06/06	29.15	29.23	28.10	28.33	3986861	122610288.00
2012/06/07	28.75	28.95	27.98	28.40	4586035	139679648.00
2012/06/08	28.46	28.94	28.20	28.66	5802584	178239872.00
2012/06/11	28.67	29.58	28.67	29.26	5339428	166421120.00
2012/06/12	29.24	29.80	29.13	29.30	4807865	151533088.00
2012/06/13	29.20	32.44	29.10	32.44	10005219	329715040.00
2012/06/14	32.65	33.91	32.65	33.22	11813902	418142176.00
2012/06/15	33.25	34.27	32.51	33.56	9988410	353726272.00
2012/06/18	33.53	33.53	32.56	33.08	6985234	244516736.00
2012/06/19	32.99	33.50	32.66	33.19	6291083	221196032.00
2012/06/21	32.94	32.94	31.24	32.02	8617707	291664256.00
2012/06/25	31.92	32.01	30.38	30.53	6746679	221560240.00
2012/06/26	30.13	31.19	30.05	30.67	5530478	181259840.00
2012/06/27	30.72	30.94	30.37	30.66	6355733	208357408.00
2012/06/28	30.45	31.51	30.45	30.76	5739792	189492992.00
2012/06/29	30.35	33.05	30.35	32.19	8289938	281563488.00
2012/07/02	32.03	33.53	31.68	33.48	8920628	307705696.00
2012/07/03	33.35	34.15	32.71	33.00	7077571	250579536.00
2012/07/04	32.94	33.30	31.95	32.15	5391825	185352944.00
2012/07/05	31.94	32.84	31.64	32.46	5625472	192011008.00
2012/07/06	32.84	33.53	31.94	33.23	5951732	207573968.00
2012/07/09	32.87	33.74	31.99	32.03	4651754	161226960.00
2012/07/10	32.02	33.12	31.54	31.89	4404026	151306256.00
2012/07/11	31.82	32.13	30.94	31.57	4905063	164173760.00
2012/07/12	31.57	32.64	30.66	32.27	7524724	252608656.00
2012/07/13	31.84	32.83	31.69	32.14	3226436	110451608.00
2012/07/16	32.13	32.42	30.26	30.56	3937698	130682056.00
2012/07/17	30.55	31.24	30.35	31.00	3653938	119707400.00
2012/07/18	31.20	31.63	29.95	31.01	3530269	115794544.00
2012/07/19	30.64	33.84	30.39	32.62	8974501	309379200.00
2012/07/20	32.34	32.63	31.64	31.91	4850593	165269120.00
2012/07/23	31.54	31.64	30.54	31.09	4109680	135660144.00
2012/07/24	31.03	32.13	30.64	31.94	3943700	132227664.00
2012/07/25	31.55	32.24	31.34	31.49	2541253	85874688.00
2012/07/26	31.49	31.89	30.94	31.23	4083011	135901648.00
2012/07/27	31.36	31.53	29.97	30.29	5903255	192130064.00
2012/07/30	30.06	30.49	28.23	28.68	7557272	233500480.00
2012/07/31	28.44	29.39	28.44	29.04	5468330	169326784.00
2012/08/01	28.74	29.63	28.67	29.12	3716944	115665424.00
2012/08/02	28.92	29.28	28.64	28.87	3562896	109905088.00
2012/08/03	29.07	29.14	27.26	28.18	7867515	234569120.00
2012/08/06	28.04	29.12	27.55	28.78	6394265	193487312.00
2012/08/07	28.51	28.87	27.88	28.25	7030412	213533120.00
2012/08/08	28.24	28.70	28.02	28.56	5557163	168529248.00
2012/08/09	28.36	28.66	27.76	28.57	5261925	158935328.00
2012/08/10	28.53	29.45	28.36	28.92	5618810	173815264.00
2012/08/13	28.75	28.90	26.04	26.44	7909834	232980128.00
2012/08/14	26.68	26.68	24.91	25.51	10391171	283839616.00
2012/08/15	25.52	25.73	25.16	25.32	4485520	122717352.00
2012/08/16	25.36	25.38	24.74	24.86	2896682	77043440.00
2012/08/17	24.86	25.45	23.96	25.42	7268520	190766544.00
2012/08/20	24.76	25.36	24.22	25.00	3978679	104514968.00
2012/08/21	24.86	25.69	24.57	25.16	4915860	132595552.00
2012/08/22	25.01	25.51	25.01	25.34	3549605	95646128.00
2012/08/23	25.36	25.51	24.97	25.37	2866513	77319200.00
2012/08/24	25.38	25.41	24.82	24.83	1993586	53207656.00
2012/08/27	24.77	24.77	23.36	23.40	3461747	88824768.00
2012/08/28	23.35	23.82	23.16	23.66	5710295	143264416.00
2012/08/29	23.41	23.80	23.07	23.13	2716196	68072224.00
2012/08/30	22.91	24.36	22.91	23.97	7312947	185731152.00
2012/08/31	23.86	24.53	23.75	24.03	4819044	124160216.00
2012/09/03	23.81	25.40	23.76	25.02	7451341	197695840.00
2012/09/04	25.08	25.10	24.62	24.70	3244417	85789136.00
2012/09/05	24.52	24.81	23.87	24.06	5840317	151716896.00
2012/09/06	24.05	24.94	24.05	24.66	4756561	124566344.00
2012/09/07	25.06	26.87	25.06	26.20	11015504	304136032.00
2012/09/10	26.06	26.36	25.56	26.16	5989856	165508192.00
2012/09/11	26.06	26.06	24.96	25.32	8226701	221597280.00
2012/09/12	25.64	25.76	24.74	25.24	5263828	141607632.00
2012/09/13	25.22	26.03	24.99	25.93	10402331	283319488.00
2012/09/14	25.85	26.20	25.32	25.59	6117741	167734928.00
2012/09/17	25.41	25.41	23.56	23.65	8626605	223332976.00
2012/09/18	23.35	23.76	23.12	23.35	4985423	124362752.00
2012/09/19	23.39	23.55	22.90	23.04	8001085	198248672.00
2012/09/20	22.86	22.86	20.89	21.27	15564263	360428576.00
2012/09/21	20.95	21.24	20.59	20.70	6523752	146776592.00
2012/09/24	20.54	21.45	20.17	21.20	7077540	160418944.00
2012/09/25	21.06	21.66	20.98	21.36	5150154	118832784.00
2012/09/26	21.29	21.72	21.11	21.44	3885705	89405064.00
2012/09/27	21.35	22.87	21.26	22.43	8021338	191752976.00
2012/09/28	22.17	23.20	22.13	22.87	6278119	153230912.00
2012/10/08	22.87	23.51	22.43	22.81	5613199	139042144.00
2012/10/09	23.04	23.52	22.96	23.33	5230873	130493320.00
2012/10/10	23.11	23.39	22.76	22.95	5277571	129989248.00
2012/10/11	22.86	22.86	21.61	21.67	7394992	175130576.00
2012/10/12	21.73	22.12	20.95	21.38	7312531	168028288.00
2012/10/15	21.38	21.65	21.18	21.58	4231083	97753592.00
2012/10/16	21.63	22.05	21.42	21.60	4872399	113786840.00
2012/10/17	21.71	21.78	20.64	20.91	10052708	227353008.00
2012/10/18	20.94	21.51	20.68	21.34	7348867	167000960.00
2012/10/19	21.26	21.77	21.17	21.57	6913404	160372448.00
2012/10/22	21.35	21.58	21.16	21.56	4517679	103898848.00
2012/10/23	21.77	22.12	21.52	21.53	6093126	142896992.00
2012/10/24	21.36	21.71	21.26	21.58	3023022	70059296.00
2012/10/25	21.66	21.84	21.28	21.36	3633067	84036248.00
2012/10/26	21.36	21.56	20.36	20.45	4569400	102393680.00
2012/10/29	20.45	20.61	19.86	20.09	2819516	61583512.00
2012/10/30	20.05	20.50	20.05	20.35	3234658	71095880.00
2012/10/31	20.16	20.70	20.05	20.27	4713414	103570528.00
2012/11/01	20.26	21.21	20.26	20.95	7081073	159518768.00
2012/11/02	20.94	21.12	20.66	21.02	3166440	71346744.00
2012/11/05	20.90	21.18	20.76	20.94	2615113	59023400.00
2012/11/06	20.91	21.03	20.27	20.98	4691892	104867992.00
2012/11/07	21.18	21.18	20.58	20.67	2431701	54479872.00
2012/11/08	20.44	20.55	19.91	19.96	2993686	65519880.00
2012/11/09	19.90	20.22	19.85	20.03	2548635	55339856.00
2012/11/12	20.07	20.24	20.02	20.23	2052781	44716032.00
2012/11/13	20.23	20.24	19.71	19.79	2426829	52200472.00
2012/11/14	19.83	19.86	19.55	19.61	2496405	53188200.00
2012/11/15	19.56	20.04	19.04	19.66	6675322	141863424.00
2012/11/16	19.48	19.51	18.97	19.21	2289316	47650872.00
2012/11/19	19.20	19.20	18.52	18.95	2170347	44546684.00
2012/11/20	18.96	19.11	18.47	18.48	2460758	49993668.00
2012/11/21	18.56	18.87	18.30	18.86	2699753	54729832.00
2012/11/22	18.72	18.76	18.53	18.58	1584852	32094656.00
2012/11/23	18.61	19.11	18.46	19.00	4381134	90097512.00
2012/11/26	18.84	18.89	18.33	18.48	3107170	62504260.00
2012/11/27	18.39	18.46	17.48	17.64	3045668	59191696.00
2012/11/28	17.51	17.54	16.34	16.35	7320385	134379824.00
2012/11/29	16.36	16.56	16.21	16.31	4409395	79566840.00
2012/11/30	16.21	16.89	15.99	16.84	4885350	88929184.00
2012/12/03	16.66	18.06	16.56	17.33	12442281	238274928.00
2012/12/04	17.29	18.16	17.11	18.08	5486000	105797496.00
2012/12/05	17.93	20.05	17.73	20.05	18986840	404575680.00
2012/12/06	19.76	20.01	19.53	19.68	7660599	163685456.00
2012/12/07	19.54	20.73	19.46	20.38	10568718	231624768.00
2012/12/10	20.19	20.85	19.88	20.54	7040433	154866416.00
2012/12/11	20.29	20.45	20.05	20.24	4816165	105297520.00
2012/12/12	20.12	20.41	19.71	20.31	5699521	123429936.00
2012/12/13	20.24	20.31	19.83	19.86	3437010	74357512.00
2012/12/14	19.66	22.01	19.66	22.01	10307278	236626912.00
2012/12/17	21.67	24.21	21.67	23.56	17783428	442835776.00
2012/12/18	23.16	24.01	22.87	23.55	7962541	198286432.00
2012/12/19	23.36	23.51	23.01	23.31	5505835	137313408.00
2012/12/20	23.31	24.80	22.87	24.73	9589668	242585760.00
2012/12/21	24.36	25.76	23.97	24.77	12598013	333441344.00
2012/12/24	24.56	24.92	24.20	24.68	5605523	147105712.00
2012/12/25	24.28	25.46	24.24	25.02	6967089	186118352.00
2012/12/26	24.86	25.36	24.36	25.03	4169709	110236792.00
2012/12/27	24.98	25.28	23.74	23.83	8758264	226957712.00
2012/12/28	23.69	24.61	23.46	24.56	6834439	176768432.00
2012/12/31	24.36	27.18	24.36	27.18	12813589	358484224.00
2013/01/04	27.37	29.36	26.31	27.23	16876727	491417824.00
2013/01/07	26.68	27.25	26.04	26.96	6198221	175678448.00
2013/01/08	26.78	26.94	25.75	26.20	9817120	272416032.00
2013/01/09	26.19	26.69	25.87	26.39	5868133	164048240.00
2013/01/10	26.11	27.04	26.04	26.14	6542076	184107712.00
2013/01/11	26.19	26.39	25.14	25.28	5552499	152410928.00
2013/01/14	25.09	27.12	24.89	26.48	10925108	305878176.00
2013/01/15	26.41	27.58	26.27	27.54	11432510	326827520.00
2013/01/16	27.16	27.56	26.26	26.88	7597132	216322864.00
2013/01/17	26.46	26.82	26.06	26.36	4158368	116639440.00
2013/01/18	26.56	27.01	25.71	26.38	6196024	173751424.00
2013/01/21	26.41	26.41	25.05	25.88	9863102	268067584.00
2013/01/22	25.71	26.55	25.55	25.69	6981626	193292208.00
2013/01/23	25.36	25.66	24.72	25.36	5547273	148424224.00
2013/01/24	25.49	27.24	25.01	25.54	12469951	344454496.00
2013/01/25	25.65	25.65	24.13	24.35	8183879	214847232.00
2013/01/28	24.18	25.32	24.16	25.31	12489549	330264832.00
2013/01/29	25.44	26.31	24.99	25.96	15976174	437422400.00
2013/01/30	25.86	27.54	25.81	26.84	19394222	552729408.00
2013/01/31	26.89	27.41	26.16	26.93	14318781	407827712.00
2013/02/01	26.64	29.79	26.41	29.79	24420956	734971328.00
2013/02/04	29.94	30.72	28.91	29.23	22909955	720604928.00
2013/02/05	28.50	29.16	27.83	28.81	14095417	424228512.00
2013/02/06	28.73	29.66	28.26	28.36	15654244	480721088.00
2013/02/07	28.01	28.20	27.07	27.54	15152237	440772736.00
2013/02/08	27.49	27.64	26.96	27.33	9676150	280333440.00
2013/02/18	27.72	27.91	26.61	26.66	12321593	357126496.00
2013/02/19	26.47	27.11	25.89	26.76	10867363	306191040.00
2013/02/20	26.66	26.80	26.11	26.66	7431493	208552080.00
2013/02/21	26.32	26.32	24.66	25.55	12673009	343517280.00
2013/02/22	25.35	25.61	24.85	25.05	5544664	149010768.00
2013/02/25	25.21	25.64	24.46	24.89	11815072	312634368.00
2013/02/26	24.56	25.49	24.37	24.52	12448193	331181664.00
2013/02/27	24.74	25.66	24.63	25.60	12203879	326754912.00
2013/02/28	25.67	26.52	25.17	26.35	15006433	413150144.00
2013/03/01	26.14	26.26	24.96	25.29	17543039	476159392.00
2013/03/04	24.56	24.56	22.60	22.77	16272816	405272576.00
2013/03/05	22.86	23.85	22.70	23.62	11438152	284488864.00
2013/03/06	23.71	24.21	23.54	23.88	9530197	243447200.00
2013/03/07	23.66	23.76	22.89	23.27	7488806	186940496.00
2013/03/08	23.35	23.94	23.11	23.56	8710096	219564320.00
2013/03/11	23.29	23.51	22.47	22.90	6852882	169318400.00
2013/03/12	22.91	23.55	22.73	23.41	9857890	245201696.00
2013/03/13	23.17	23.45	22.82	22.86	5837761	144147232.00
2013/03/14	22.82	22.94	22.15	22.53	7726463	186751088.00
2013/03/15	22.36	23.41	21.81	22.49	14723732	355585312.00
2013/03/18	22.11	22.29	21.26	21.37	9416489	219999424.00
2013/03/19	21.46	21.94	21.28	21.82	6433826	149494912.00
2013/03/20	21.76	23.29	21.67	23.22	14468241	350948864.00
2013/03/21	23.15	23.16	22.46	22.74	18275481	446349184.00
2013/03/22	22.65	22.95	22.46	22.79	7112901	173379056.00
2013/03/25	22.83	23.13	22.26	22.33	6488108	157255504.00
2013/03/26	22.25	22.26	21.27	21.40	9213129	213773808.00
2013/03/27	21.43	21.91	21.24	21.46	7735076	179542368.00
2013/03/28	20.86	20.86	19.69	20.10	9947724	216892128.00
2013/03/29	20.11	20.52	20.11	20.26	5986711	131677552.00
2013/04/01	20.34	20.71	20.17	20.54	5550732	122736984.00
2013/04/02	20.54	21.21	20.46	20.65	6131235	137268784.00
2013/04/03	20.85	21.10	20.56	20.78	5682753	127702624.00
2013/04/08	20.06	20.70	19.91	20.64	5579237	122382584.00
2013/04/09	20.64	21.65	20.64	21.47	11747703	269461152.00
2013/04/10	21.40	21.84	21.11	21.76	10862412	251989568.00
2013/04/11	21.91	22.12	21.38	21.39	5730188	133719840.00
2013/04/12	21.27	21.73	21.16	21.18	3900073	89748592.00
2013/04/15	21.11	21.23	20.85	21.16	4271342	96995192.00
2013/04/16	20.84	22.79	20.72	22.72	14531707	343960928.00
2013/04/17	22.46	22.84	22.17	22.82	10576201	255426752.00
2013/04/18	22.61	23.40	22.41	23.06	10433726	257133424.00
2013/04/19	23.10	23.85	23.02	23.55	12519086	313483296.00
2013/04/22	23.16	23.21	22.58	22.93	11896335	291821344.00
2013/04/23	22.91	22.95	21.39	21.41	8796815	209191840.00
2013/04/24	21.46	22.61	21.36	22.19	9172924	216436096.00
2013/04/25	22.04	22.64	21.59	22.19	7303724	173631120.00
2013/04/26	22.20	22.88	22.16	22.37	7607198	183954608.00
2013/05/02	22.39	23.35	22.01	22.80	8143524	199537904.00
2013/05/03	23.00	23.71	22.63	23.26	10768805	269925152.00
2013/05/06	23.38	23.77	23.06	23.47	9510632	238270800.00
2013/05/07	23.36	23.50	23.03	23.27	6324906	157327808.00
2013/05/08	23.54	23.76	23.11	23.27	7296766	182580848.00
2013/05/09	23.17	23.32	22.26	22.59	10612036	257037872.00
2013/05/10	22.55	22.91	22.38	22.75	5818203	141533696.00
2013/05/13	22.84	22.89	22.25	22.32	5544296	133808984.00
2013/05/14	22.31	22.31	21.48	21.54	6182535	144579504.00
2013/05/15	21.54	21.84	21.54	21.73	3150760	73398168.00
2013/05/16	21.74	22.81	21.26	22.75	10647401	255423280.00
2013/05/17	22.81	23.27	22.39	23.15	9384810	229787536.00
2013/05/20	23.06	23.86	22.96	23.41	11838053	297577856.00
2013/05/21	23.18	23.48	23.09	23.26	6614472	164607872.00
2013/05/22	23.28	23.92	23.27	23.55	9608194	242396400.00
2013/05/23	23.37	23.42	22.57	22.62	10689035	262985056.00
2013/05/24	22.78	23.06	22.55	22.80	4898895	119692488.00
2013/05/27	22.39	23.09	22.37	22.55	6030652	146587952.00
2013/05/28	22.55	23.85	22.49	23.83	13682943	340344640.00
2013/05/29	23.83	24.00	23.59	23.72	10126915	257230608.00
2013/05/30	23.48	23.99	23.13	23.38	9539056	240018560.00
2013/05/31	23.39	23.70	23.01	23.20	7090400	177359088.00
2013/06/03	23.28	23.59	23.03	23.29	6306290	157309888.00
2013/06/04	23.08	23.21	22.36	22.54	8909051	216246016.00
2013/06/05	22.55	22.66	22.06	22.25	6181662	148117696.00
2013/06/06	22.14	22.26	21.66	21.72	6214081	146248992.00
2013/06/07	21.72	21.89	20.61	20.79	9814273	223783712.00
2013/06/13	20.36	20.36	19.26	19.88	9751100	208832336.00
2013/06/14	19.98	20.15	19.81	20.02	5660417	122449360.00
2013/06/17	20.76	21.29	20.61	21.12	15037744	340261408.00
2013/06/18	21.18	21.49	20.96	21.18	8929627	203979408.00
2013/06/19	20.96	21.05	20.50	20.98	6150667	137618368.00
2013/06/20	20.76	21.64	20.47	21.17	10716703	243262656.00
2013/06/21	20.76	23.45	20.51	23.17	28389248	690236224.00
2013/06/24	22.84	23.09	21.74	22.36	28240414	680504320.00
2013/06/25	21.92	23.55	19.96	23.45	39385224	945527680.00
2013/06/26	23.05	23.31	22.37	22.99	25079757	614726784.00
2013/06/27	22.92	23.41	21.93	22.43	23523854	573715008.00
2013/06/28	22.05	23.24	21.46	23.07	21228964	515459712.00
2013/07/01	22.73	23.02	22.18	22.80	14031028	341230432.00
2013/07/02	22.68	22.99	22.32	22.77	11810313	286805408.00
2013/07/03	22.51	22.56	21.29	21.37	15702635	366605920.00
2013/07/04	20.86	21.81	20.66	21.23	11850871	271820544.00
2013/07/05	21.24	21.86	21.24	21.29	8865470	205311568.00
2013/07/08	20.86	20.86	20.06	20.33	9674938	213833600.00
2013/07/09	20.33	20.51	19.86	20.21	7063606	154129952.00
2013/07/10	20.12	21.21	20.12	21.19	10726210	240125296.00
2013/07/11	21.02	23.36	21.01	22.79	26460104	638747200.00
2013/07/12	22.36	22.61	21.69	21.71	16194026	386412480.00
2013/07/15	21.86	22.85	21.36	22.11	14643489	347941312.00
2013/07/16	21.86	22.05	21.37	21.90	9979345	232826848.00
2013/07/17	21.67	22.26	21.57	21.59	8797296	207123520.00
2013/07/18	21.38	21.56	20.72	20.76	8709237	197223472.00
2013/07/19	20.79	21.05	20.33	20.35	7739499	172785472.00
2013/07/22	20.16	20.71	19.91	20.69	5866587	129552416.00
2013/07/23	20.84	21.59	20.52	21.15	10368712	236471008.00
2013/07/24	20.86	21.04	20.32	20.68	8979684	199912224.00
2013/07/25	20.79	21.09	20.51	20.73	6331688	142254912.00
2013/07/26	20.51	20.68	20.34	20.52	5382751	118857864.00
2013/07/29	20.24	20.24	19.86	19.91	6573750	142182240.00
2013/07/30	19.96	21.04	19.91	20.42	8629504	191359648.00
2013/07/31	20.66	20.96	20.39	20.45	5856070	130462816.00
2013/08/01	20.69	21.24	20.48	21.22	9183616	206727264.00
2013/08/02	21.36	21.46	20.79	20.82	7020098	159316352.00
2013/08/05	20.82	21.31	20.74	21.29	7181199	163001840.00
2013/08/06	21.16	21.43	20.81	21.23	8000130	181968304.00
2013/08/07	21.09	21.44	20.81	20.87	6578117	149768144.00
2013/08/08	20.74	21.25	20.64	20.78	5063598	113943904.00
2013/08/09	20.96	21.04	20.36	20.64	5783740	129249032.00
2013/08/12	20.76	21.56	20.61	21.55	13051482	298518336.00
2013/08/13	21.46	21.69	21.27	21.57	8816932	204144304.00
2013/08/14	21.58	22.25	21.34	21.54	12604882	295571552.00
2013/08/15	21.36	21.68	21.27	21.31	5365036	123848256.00
2013/08/16	21.16	23.35	21.01	21.34	16673283	392316384.00
2013/08/19	20.74	21.54	20.57	21.19	7181972	162991184.00
2013/08/20	21.17	21.53	20.86	20.98	6582297	150121584.00
2013/08/21	21.12	21.79	20.77	21.34	7873653	180552880.00
2013/08/22	21.16	21.70	21.11	21.34	4898277	113078360.00
2013/08/23	21.54	21.65	20.86	21.07	6619051	151855344.00
2013/08/26	21.34	21.86	21.06	21.70	7420653	172007408.00
2013/08/27	21.66	21.75	21.29	21.56	6723593	155400240.00
2013/08/28	21.16	21.34	20.88	20.99	9329431	211637584.00
2013/08/29	21.11	21.24	20.74	20.84	4747953	107055744.00
2013/08/30	20.86	21.66	20.83	21.16	10396634	238284288.00
2013/09/02	21.24	21.41	20.97	21.16	6340569	144944784.00
2013/09/03	21.25	21.70	21.16	21.58	9574397	221640480.00
2013/09/04	21.56	21.58	21.22	21.35	6116416	140710576.00
2013/09/05	21.36	21.42	21.14	21.16	4767359	109115736.00
2013/09/06	21.06	21.46	21.02	21.21	4244014	97032728.00
2013/09/09	21.16	23.30	21.16	22.34	24694949	591119296.00
2013/09/10	22.32	22.56	21.98	22.52	11766646	280929696.00
2013/09/11	23.16	24.55	23.04	23.07	29152204	737825728.00
2013/09/12	22.86	24.20	22.81	23.64	21427515	541851520.00
2013/09/13	23.76	24.43	23.15	23.33	15359407	390385024.00
2013/09/16	23.66	23.93	23.17	23.68	10481361	264242512.00
2013/09/17	23.64	24.31	23.36	23.44	13852752	353892224.00
2013/09/18	23.26	23.44	22.33	22.75	10012580	244150272.00
2013/09/23	22.81	22.93	22.40	22.88	6072131	147731072.00
2013/09/24	22.71	22.72	21.84	22.03	10736466	255238096.00
2013/09/25	21.97	22.28	21.58	21.78	7093440	167002672.00
2013/09/26	21.66	21.72	20.94	21.14	8460715	193473952.00
2013/09/27	21.13	21.33	20.87	21.31	6257804	142425392.00
2013/09/30	21.42	21.52	20.99	21.15	5446753	124088440.00
2013/10/08	20.96	21.43	20.66	21.31	5952846	135894272.00
2013/10/09	21.22	21.61	21.06	21.51	6048918	139415760.00
2013/10/10	21.57	21.61	20.90	20.98	6288216	143326112.00
2013/10/11	21.15	21.53	21.14	21.41	7042513	161970560.00
2013/10/14	21.43	21.92	21.16	21.72	10455905	242690560.00
2013/10/15	21.85	21.85	21.27	21.43	6999666	161711600.00
2013/10/16	21.31	21.31	20.78	20.95	5395794	122154016.00
2013/10/17	20.99	21.15	20.73	20.76	3895251	87900848.00
2013/10/18	20.80	21.13	20.67	20.97	4140876	93588688.00
2013/10/21	20.97	21.25	20.79	21.19	5316461	120588272.00
2013/10/22	21.19	21.20	20.77	20.91	5617661	126946752.00
2013/10/23	20.96	21.38	20.72	20.88	5977033	135514432.00
2013/10/24	20.84	20.92	20.39	20.45	4672174	104256448.00
2013/10/25	20.57	20.84	20.23	20.40	4495070	99532952.00
2013/10/28	20.54	20.65	20.14	20.33	3650200	80303568.00
2013/10/29	20.33	20.98	20.21	20.66	8339488	185728208.00
2013/10/30	20.64	20.91	20.49	20.90	5339356	119354440.00
2013/10/31	21.04	21.28	20.84	20.91	7734946	175466768.00
2013/11/01	20.96	21.46	20.80	21.24	7286614	166406608.00
2013/11/04	21.36	21.46	20.97	21.04	4849990	110547168.00
2013/11/05	20.94	20.98	20.46	20.93	4752256	106385920.00
2013/11/06	20.85	20.94	20.63	20.64	3113353	69774064.00
2013/11/07	20.75	21.01	20.59	20.82	4250919	95507992.00
2013/11/08	20.73	20.81	20.34	20.37	3798102	84302400.00
2013/11/11	20.37	20.53	20.19	20.40	2783338	61256864.00
2013/11/12	20.56	20.96	20.47	20.94	5288024	118608416.00
2013/11/13	20.76	20.76	20.32	20.44	3914564	86630184.00
2013/11/14	20.62	20.63	20.34	20.52	3392858	75151192.00
2013/11/15	20.47	21.46	20.44	21.22	13379470	305430592.00
2013/11/18	21.31	23.44	21.29	23.29	27054273	650124672.00
2013/11/19	23.13	23.46	22.56	22.73	19868341	487517088.00
2013/11/20	22.96	23.11	22.41	22.72	10267998	249485632.00
2013/11/21	22.41	22.41	21.56	21.95	12911530	304614528.00
2013/11/22	21.96	22.44	21.79	21.95	8632560	205303344.00
2013/11/25	21.86	22.76	21.69	21.96	10786240	257716496.00
2013/11/26	22.04	22.12	21.70	21.82	6462787	152049296.00
2013/11/27	21.84	22.72	21.76	22.36	11578665	277268864.00
2013/11/28	22.29	23.09	22.28	22.60	13297034	324628896.00
2013/11/29	22.60	22.72	22.33	22.46	6121157	147574704.00
2013/12/02	22.14	23.35	22.04	22.90	21644683	528698944.00
2013/12/03	22.53	23.19	22.37	23.11	11915740	291351936.00
2013/12/04	22.91	23.46	22.85	23.17	15826993	394363616.00
2013/12/05	23.17	23.43	22.91	23.13	10426965	259276208.00
2013/12/06	22.98	23.21	22.36	22.49	10212082	248423056.00
2013/12/09	22.86	23.10	22.60	22.78	8785348	214918240.00
2013/12/10	22.85	22.96	22.50	22.61	5751811	139996464.00
2013/12/11	22.38	22.45	21.91	22.01	6276603	148938976.00
2013/12/12	21.91	22.11	21.64	21.92	5209175	122476424.00
2013/12/13	21.56	22.10	21.47	22.04	5897450	138517072.00
2013/12/16	22.03	22.25	21.81	22.00	6345999	150247824.00
2013/12/17	22.09	22.09	21.48	21.66	4941678	115497552.00
2013/12/18	21.67	21.86	21.32	21.40	6422703	149396640.00
2013/12/19	21.54	21.74	21.23	21.27	5384171	124321880.00
2013/12/20	21.27	21.34	20.57	20.63	6548520	147226976.00
2013/12/23	20.66	21.13	20.57	20.84	4597272	103476888.00
2013/12/24	20.99	21.22	20.74	20.92	4259478	96305304.00
2013/12/25	20.96	21.07	20.81	20.97	4827966	109039424.00
2013/12/26	20.88	21.00	20.61	20.63	3814476	85596720.00
2013/12/27	20.63	21.29	20.63	21.16	6741123	152988688.00
2013/12/30	21.34	21.41	21.02	21.08	4696300	107034760.00
2013/12/31	20.91	21.48	20.86	21.24	5847643	133762816.00
2014/01/02	21.08	21.22	20.86	20.97	4845790	109552752.00
2014/01/03	20.79	20.85	20.34	20.43	7340641	162684032.00
2014/01/06	20.43	20.44	19.94	20.12	6654374	144482816.00
2014/01/07	20.06	20.32	19.95	20.07	3815406	83013024.00
2014/01/08	20.19	20.47	20.00	20.29	4982687	109002976.00
2014/01/09	20.22	20.46	20.02	20.04	5003013	109281208.00
2014/01/10	20.04	20.21	19.86	20.06	3375201	73002320.00
2014/01/13	20.11	20.27	19.90	19.95	3817041	82734304.00
2014/01/14	19.97	20.34	19.88	20.29	3872695	84335976.00
2014/01/15	20.26	20.26	19.92	20.14	2811142	61056944.00
2014/01/16	20.14	20.62	20.09	20.44	8707187	192062816.00
2014/01/17	20.28	20.36	19.84	19.93	7896063	170741872.00
2014/01/20	19.86	19.97	19.71	19.76	4026672	86502160.00
2014/01/21	19.84	20.17	19.76	19.88	5294521	114321808.00
2014/01/22	19.97	20.41	19.86	20.38	7510565	164221488.00
2014/01/23	20.36	20.61	20.27	20.59	10689529	236000768.00
2014/01/24	20.47	20.66	20.40	20.44	5567414	123362448.00
2014/01/27	20.21	20.31	19.83	19.90	5450401	117815232.00
2014/01/28	20.05	20.21	19.97	20.17	3045276	66232180.00
2014/01/29	20.24	20.26	20.05	20.14	2943936	64142988.00
2014/01/30	20.08	20.20	19.86	19.89	2851986	61566500.00
2014/02/07	19.93	19.93	19.55	19.72	4346398	92547168.00
2014/02/10	19.81	20.35	19.81	20.25	7657094	166728208.00
2014/02/11	20.12	20.83	20.05	20.40	10864659	239930000.00
2014/02/12	20.44	20.60	20.24	20.30	9362392	205931136.00
2014/02/13	20.34	20.52	20.09	20.24	11937728	261759040.00
2014/02/14	20.24	20.54	20.21	20.51	8658580	190573904.00
2014/02/17	20.71	20.83	20.52	20.64	11331924	252913424.00
2014/02/18	20.66	20.66	20.14	20.27	9953599	218645856.00
2014/02/19	20.25	21.01	20.11	20.80	14115132	314009728.00
2014/02/20	20.88	21.21	20.52	20.70	12583179	283047008.00
2014/02/21	20.62	20.81	20.39	20.58	7312193	162687296.00
2014/02/24	20.29	20.32	19.92	20.00	8032305	174593056.00
2014/02/25	20.06	20.15	19.58	19.67	6220980	134094504.00
2014/02/26	19.56	19.89	19.54	19.80	4034465	86127312.00
2014/02/27	19.86	20.11	19.56	19.82	7255394	155327808.00
2014/02/28	19.61	20.07	19.39	19.89	7519974	160710304.00
2014/03/03	19.76	19.88	19.55	19.74	6390298	136236384.00
2014/03/04	19.59	19.83	19.49	19.68	5061870	107706792.00
2014/03/05	19.79	19.83	19.43	19.53	4577762	97339064.00
2014/03/06	19.54	19.79	19.04	19.64	8467505	178681872.00
2014/03/07	19.56	19.78	19.27	19.35	7431038	157441936.00
2014/03/10	19.16	19.16	18.31	18.32	7436888	151318896.00
2014/03/11	18.32	18.36	17.96	18.16	4930126	97481016.00
2014/03/12	18.07	18.66	18.01	18.39	4610955	91787848.00
2014/03/13	18.47	18.81	18.29	18.40	4917172	98976168.00
2014/03/14	18.28	18.39	18.06	18.13	3355595	66550684.00
2014/03/17	18.28	18.30	18.12	18.28	2961319	58824884.00
2014/03/18	18.31	18.38	18.16	18.17	3518565	69956712.00
2014/03/19	18.17	18.17	17.65	17.85	4961512	96668608.00
2014/03/20	17.83	18.15	17.66	17.66	4589691	89617160.00
2014/03/21	17.67	18.47	17.57	18.41	10037241	197843136.00
2014/03/24	18.59	19.02	18.36	18.87	10644770	216151984.00
2014/03/25	18.68	18.87	18.49	18.52	5445540	110452632.00
2014/03/26	18.53	18.73	18.50	18.69	4116458	83374168.00
2014/03/27	18.46	18.76	18.08	18.27	7440085	149042864.00
2014/03/28	18.27	18.51	18.18	18.35	4059061	81133064.00
2014/03/31	18.45	18.59	18.30	18.54	4866248	97830600.00
2014/04/01	18.51	18.84	18.40	18.67	4398691	89401488.00
2014/04/02	18.75	19.01	18.57	18.88	6652872	135826368.00
2014/04/03	18.95	19.19	18.46	18.60	7250681	148022768.00
2014/04/04	18.42	18.68	18.36	18.61	4000618	80666280.00
2014/04/08	18.51	19.70	18.51	19.46	13427717	279916320.00
2014/04/09	19.44	19.68	19.19	19.56	9966275	210739136.00
2014/04/10	19.50	21.01	19.33	20.13	18819347	411445792.00
2014/04/11	19.86	20.12	19.56	19.68	11671150	249531312.00
2014/04/14	19.68	19.77	19.31	19.51	6019811	126902304.00
2014/04/15	19.32	19.38	18.89	18.99	5540148	115088224.00
2014/04/16	18.96	19.24	18.91	19.13	4245041	88132488.00
2014/04/17	19.24	19.29	18.98	19.03	3273468	67786528.00
2014/04/18	18.88	19.34	18.82	19.22	4531555	94211472.00
2014/04/21	19.10	19.30	18.69	18.73	4137918	85260184.00
2014/04/22	18.79	18.95	18.58	18.86	2974495	60659164.00
2014/04/23	18.76	18.88	18.62	18.69	2122617	43244144.00
2014/04/24	18.66	18.91	18.56	18.56	2927699	59619708.00
2014/04/25	18.71	18.86	18.48	18.50	2855385	57985036.00
2014/04/28	18.37	18.63	18.02	18.08	4470023	88713968.00
2014/04/29	18.27	18.61	18.10	18.47	2731242	54593556.00
2014/04/30	18.47	18.47	18.29	18.35	2356356	47131436.00
2014/05/05	18.26	18.36	18.10	18.28	3360979	66735004.00
2014/05/06	18.29	18.64	18.22	18.44	3398084	68264544.00
2014/05/07	18.40	18.41	18.20	18.25	2529129	50367680.00
2014/05/08	18.21	18.54	18.17	18.26	4302975	85982168.00
2014/05/09	18.29	18.31	18.04	18.10	3241525	64167540.00
2014/05/12	18.21	18.62	18.14	18.62	6619019	133105440.00
2014/05/13	18.60	18.64	18.40	18.51	3171734	63940508.00
2014/05/14	18.56	18.72	18.49	18.60	2950804	59707016.00
2014/05/15	18.58	18.59	18.29	18.36	2972614	59680496.00
2014/05/16	18.53	18.53	18.23	18.38	2149964	42917708.00
2014/05/19	18.29	18.29	17.81	18.01	3966395	77674440.00
2014/05/20	18.12	18.29	18.05	18.11	2491106	49343952.00
2014/05/21	17.87	18.50	17.87	18.48	3493690	69736040.00
2014/05/22	18.45	18.72	18.28	18.36	2664301	53760016.00
2014/05/23	18.51	18.60	18.31	18.44	2338878	47043628.00
2014/05/26	18.66	18.66	18.44	18.55	2660609	53690964.00
2014/05/27	18.51	18.76	18.51	18.63	3682542	74813616.00
2014/05/28	18.66	19.00	18.55	18.99	3996565	81675344.00
2014/05/29	18.96	19.09	18.79	18.83	4263345	87960456.00
2014/05/30	18.76	18.95	18.58	18.60	3523848	71829712.00
2014/06/03	18.70	18.87	18.61	18.66	2125559	43353032.00
2014/06/04	18.64	18.70	18.36	18.47	2374294	47794576.00
2014/06/05	18.47	18.86	18.34	18.80	2800106	56816736.00
2014/06/06	18.81	19.06	18.80	18.96	5222217	107502384.00
2014/06/09	18.86	19.68	18.77	19.24	6692857	140618464.00
2014/06/10	19.14	19.71	19.14	19.63	6013789	127431176.00
2014/06/11	19.61	19.61	19.26	19.33	4175544	87909632.00
2014/06/12	19.27	19.61	19.24	19.51	3655527	77136688.00
2014/06/13	19.42	20.12	19.42	19.88	6119014	131820024.00
2014/06/16	19.81	20.12	19.76	19.95	5038715	108911048.00
2014/06/17	19.86	19.94	19.37	19.49	5275749	112119752.00
2014/06/18	19.50	19.70	19.32	19.39	3576201	75657752.00
2014/06/19	19.46	19.51	19.02	19.09	2981021	62388208.00
2014/06/20	19.18	19.30	18.81	19.00	5821543	119888968.00
2014/06/23	18.96	19.21	18.96	19.02	3186115	66001704.00
2014/06/24	19.09	19.45	18.88	19.44	3289634	68697928.00
2014/06/25	19.34	19.42	18.79	18.83	4824361	99394240.00
2014/06/26	18.96	19.41	18.87	19.14	3426236	71334512.00
2014/06/27	19.13	19.22	18.88	18.97	3723043	76879168.00
2014/06/30	19.03	19.64	19.03	19.49	4923632	103784368.00
2014/07/01	19.51	19.61	19.32	19.44	3298317	69647152.00
2014/07/02	19.37	19.59	19.37	19.57	3891410	82313880.00
2014/07/03	19.64	19.82	19.51	19.63	4471135	95296880.00
2014/07/04	19.71	20.36	19.71	20.15	11534685	251595888.00
2014/07/07	20.36	20.65	20.01	20.43	9523592	209496208.00
2014/07/08	20.30	20.57	20.11	20.52	4446713	97967048.00
2014/07/09	20.41	20.84	19.97	20.10	7070167	156147088.00
2014/07/10	20.26	20.38	19.55	19.82	13726840	295057088.00
2014/07/11	19.72	20.09	19.67	19.94	4529238	97478088.00
2014/07/14	20.03	20.50	19.86	20.29	4353390	94701072.00
2014/07/15	20.22	20.31	19.93	20.08	4623109	99799480.00
2014/07/16	20.11	20.19	20.00	20.17	3080813	66497232.00
2014/07/17	20.17	20.17	19.75	19.93	4931447	105475504.00
2014/07/18	19.80	20.12	19.72	20.02	6189445	132955696.00
2014/07/21	20.02	20.77	20.02	20.64	8618355	189435824.00
2014/07/22	20.63	21.02	20.43	20.78	5553799	123943600.00
2014/07/23	20.71	21.96	20.64	21.66	17089050	394516608.00
2014/07/24	21.51	23.35	21.51	22.76	18665136	451270432.00
2014/07/25	22.72	23.18	22.41	22.98	12884707	313627840.00
2014/07/28	23.16	24.15	22.77	23.47	14448427	358589216.00
2014/07/29	23.19	23.29	22.59	22.84	13198379	322220608.00
2014/07/30	22.73	23.28	22.73	22.97	8728861	214041280.00
2014/07/31	23.00	23.33	22.39	23.30	9670769	234821488.00
2014/08/01	22.99	23.81	22.89	23.01	9732790	240854848.00
2014/08/04	23.19	23.94	22.81	23.83	16812629	420413984.00
2014/08/05	23.90	23.91	23.07	23.57	9342318	232385760.00
2014/08/06	23.50	23.50	22.84	23.09	7034492	172601648.00
2014/08/07	23.21	23.21	22.20	22.47	10247812	246489584.00
2014/08/08	22.47	22.71	22.36	22.53	5388384	129442736.00
2014/08/11	22.58	23.45	22.40	23.15	9016930	221361920.00
2014/08/12	22.96	23.02	22.62	22.91	4811137	116907800.00
2014/08/13	22.96	23.80	22.52	23.78	11485319	283140576.00
2014/08/14	24.12	24.28	22.66	22.91	18676299	468471296.00
2014/08/15	22.94	23.61	22.72	23.41	9701886	240356144.00
2014/08/18	23.44	23.51	22.93	23.22	7334423	180664736.00
2014/08/19	23.25	23.30	22.71	23.00	7098556	173372400.00
2014/08/20	22.84	22.97	22.70	22.80	7475436	181732224.00
2014/08/21	22.80	23.05	22.43	22.85	7032164	170532800.00
2014/08/22	22.63	23.01	22.63	22.97	5369875	131073040.00
2014/08/25	22.98	23.02	22.36	22.37	6934471	166946336.00
2014/08/26	22.36	22.51	22.10	22.25	5191981	123268176.00
2014/08/27	22.46	22.51	22.26	22.41	3727122	88962376.00
2014/08/28	22.54	22.95	22.54	22.63	4844776	117362368.00
2014/08/29	22.79	22.87	22.51	22.76	3083854	74582976.00
2014/09/01	22.85	23.15	22.55	23.13	6966487	169818704.00
2014/09/02	23.09	23.41	22.80	23.39	9522612	234223920.00
2014/09/03	23.31	23.66	23.23	23.46	14503828	362596960.00
2014/09/04	23.52	23.71	23.31	23.60	8985634	224999392.00
2014/09/05	23.70	24.01	23.61	23.99	11118544	281629984.00
2014/09/09	24.00	24.33	23.82	23.85	10704064	273992640.00
2014/09/10	23.72	23.76	23.16	23.29	7481993	186031744.00
2014/09/11	23.27	23.76	22.80	23.05	9353854	231794992.00
2014/09/12	23.00	23.15	22.83	23.14	4823131	118060496.00
2014/09/15	23.01	23.01	22.62	22.94	8189759	199023232.00
2014/09/16	22.96	23.01	22.22	22.26	7460076	180329264.00
2014/09/17	22.46	22.48	22.14	22.38	5162705	123000464.00
2014/09/18	22.31	22.61	22.16	22.41	8024685	191601024.00
2014/09/19	22.43	22.69	22.26	22.59	4974707	119307992.00
2014/09/22	22.61	22.61	21.77	21.85	9296239	219400832.00
2014/09/23	21.85	22.14	21.69	22.09	5209382	122020392.00
2014/09/24	21.91	22.87	21.83	22.77	9037543	216869728.00
2014/09/25	22.86	23.02	22.43	22.56	7611673	184776448.00
2014/09/26	22.44	22.74	22.34	22.72	5675681	136674528.00
2014/09/29	22.77	22.87	22.59	22.79	5731868	138788064.00
2014/09/30	22.82	23.13	22.72	22.99	7137795	174479904.00
2014/10/08	23.08	23.14	22.58	22.97	8179765	199576960.00
2014/10/09	23.01	23.21	22.86	23.11	7925658	194658464.00
2014/10/10	22.89	23.08	22.66	22.83	7454370	181241936.00
2014/10/13	22.71	22.71	22.08	22.33	9117227	216129168.00
2014/10/14	22.31	22.49	22.17	22.40	6316318	150386272.00
2014/10/15	22.31	22.94	22.28	22.80	8563171	206630704.00
2014/10/16	22.61	23.34	22.41	23.14	17691237	434160192.00
2014/10/17	23.13	23.49	23.01	23.39	12926972	320227008.00
2014/10/20	23.43	23.94	23.33	23.48	13321874	335182752.00
2014/10/21	23.38	23.75	23.20	23.21	5400308	134713392.00
2014/10/22	23.19	25.46	23.09	24.55	21377044	555083200.00
2014/10/23	24.30	25.61	24.26	24.97	25642789	678941504.00
2014/10/24	24.70	24.89	24.25	24.78	13904618	361802944.00
2014/10/27	24.55	25.11	24.00	24.31	13394232	348599104.00
2014/10/28	24.31	25.39	24.17	25.30	18692247	489680160.00
2014/10/29	25.31	26.56	25.16	25.99	24906292	682055872.00
2014/10/30	25.90	26.45	25.64	26.17	18656453	513541312.00
2014/10/31	26.20	28.01	26.01	27.96	33100971	943484160.00
2014/11/03	27.61	27.98	27.12	27.36	18120219	525799200.00
2014/11/04	27.24	27.46	26.88	27.11	11891495	340469856.00
2014/11/05	27.10	27.96	26.62	27.92	18607766	537031936.00
2014/11/06	27.75	28.01	26.55	26.85	15073444	430069728.00
2014/11/07	26.87	28.71	26.59	27.40	24403105	710315328.00
2014/11/10	28.31	28.41	27.07	27.88	19133451	558355328.00
2014/11/11	27.81	28.72	26.53	27.52	33201053	977560448.00
2014/11/12	26.88	27.50	26.43	27.33	12832146	365088800.00
2014/11/13	27.51	28.73	27.31	28.47	27772055	824768448.00
2014/11/14	28.11	28.31	27.02	27.90	16294240	473194048.00
2014/11/17	28.71	28.71	27.04	27.12	12738187	373136288.00
2014/11/18	27.07	27.54	26.72	26.82	8582366	245547296.00
2014/11/19	26.85	27.42	26.78	26.88	7218476	206534704.00
2014/11/20	26.82	28.60	26.71	28.26	17108931	503314176.00
2014/11/21	28.08	30.64	27.70	30.18	32233751	985972096.00
2014/11/24	31.31	33.35	30.71	32.92	41970350	1427539200.00
2014/11/25	32.80	34.17	32.29	33.54	26046377	903677504.00
2014/11/26	33.37	37.04	33.29	37.04	32324489	1195738112.00
2014/11/27	37.91	40.89	37.66	40.89	56953618	2330914816.00
2014/11/28	41.01	41.17	39.09	40.40	44342271	1851984640.00
2014/12/01	40.70	41.41	38.69	39.42	48590660	2004065280.00
2014/12/02	38.61	42.86	37.99	41.51	75384659	3141072384.00
2014/12/03	40.85	42.92	38.61	38.95	85302859	3619974912.00
2014/12/04	38.81	42.91	37.71	42.47	96487448	4014593024.00
2014/12/05	41.92	43.81	39.43	40.91	97815450	4226464000.00
2014/12/08	40.20	43.60	38.66	42.49	109130260	4751013888.00
2014/12/09	39.51	42.80	38.09	38.09	93654487	3941420544.00
2014/12/10	37.01	38.40	35.31	37.11	61071337	2321077504.00
2014/12/11	36.11	37.41	35.54	35.83	40715745	1540822400.00
2014/12/12	35.87	37.52	35.86	36.57	34545173	1321554432.00
2014/12/15	36.24	37.00	35.55	36.88	31623975	1187830272.00
2014/12/16	36.91	40.72	36.81	40.72	63830360	2549960448.00
2014/12/17	41.11	42.49	39.83	41.49	75451800	3220639488.00
2014/12/18	41.78	43.52	40.14	42.11	61106121	2671422720.00
2014/12/19	42.28	42.39	39.45	40.85	38107261	1617895296.00
2014/12/22	40.62	42.76	40.11	40.61	46624330	2007312384.00
2014/12/23	40.06	44.82	39.01	41.52	58064457	2530675712.00
2014/12/24	41.98	42.31	37.61	38.55	42522684	1761859072.00
2014/12/25	38.74	41.50	38.54	41.11	36644461	1530629760.00
2014/12/26	41.71	45.37	41.31	45.37	65893379	2971864576.00
2014/12/29	46.61	50.06	45.51	48.41	86888973	4319652352.00
2014/12/30	47.91	48.91	46.31	48.00	45242869	2234998784.00
2014/12/31	47.71	48.65	46.51	48.07	37709541	1855827200.00
2015/01/05	48.86	50.46	47.56	48.12	51357267	2599822080.00
2015/01/06	47.09	47.60	44.97	45.70	41804260	1992615808.00
2015/01/07	45.49	47.62	45.21	46.18	28255185	1354328064.00
2015/01/08	46.79	47.21	43.41	43.85	39278821	1815355008.00
2015/01/09	43.84	48.38	43.51	45.32	73392394	3515705344.00
2015/01/12	43.81	45.91	43.49	45.29	44419113	2056030336.00
2015/01/13	45.16	45.49	43.94	44.01	28527808	1311113856.00
2015/01/14	44.40	44.79	43.26	43.83	24166701	1099011072.00
2015/01/15	44.48	48.36	44.23	48.36	63626626	3072348416.00
2015/01/16	49.91	53.20	49.10	51.15	92292304	4862275584.00
2015/03/02	49.16	50.00	47.01	49.78	111267887	5594456064.00
2015/03/03	48.83	49.70	48.40	48.73	51008765	2565391872.00
2015/03/04	48.66	48.81	47.66	48.05	34248635	1699067136.00
2015/03/05	47.48	49.70	47.27	48.51	42937270	2149188352.00
2015/03/06	48.27	48.66	45.31	45.69	34331099	1667487616.00
2015/03/09	44.51	47.50	42.51	46.90	56310287	2584498176.00
2015/03/10	45.85	46.01	45.01	45.50	26590551	1249052032.00
2015/03/11	45.51	49.19	45.51	46.93	47344312	2316689408.00
2015/03/12	47.71	51.77	46.83	51.44	76675058	3938539264.00
2015/03/13	51.51	51.96	49.57	50.41	53089095	2783676416.00
2015/03/16	50.21	55.00	49.72	54.61	59340899	3207624704.00
2015/03/17	54.81	55.91	53.53	54.31	49045662	2754879744.00
2015/03/18	54.29	55.35	53.31	55.32	40694325	2264301824.00
2015/03/19	54.51	54.78	52.37	53.10	41672090	2279850240.00
2015/03/20	53.81	56.01	52.28	53.31	58710393	3250887680.00
2015/03/23	53.04	54.46	52.52	53.64	37471231	2057496448.00
2015/03/24	53.71	56.11	53.11	54.89	53450359	3000778752.00
2015/03/25	54.81	54.81	52.01	52.54	49035037	2671954432.00
2015/03/26	50.51	53.81	49.92	51.39	52237974	2775130368.00
2015/03/27	50.91	51.38	50.09	50.67	27532528	1436075520.00
2015/03/30	51.09	52.70	50.16	52.55	44588267	2371027200.00
2015/03/31	54.01	55.06	51.29	51.52	51012681	2797155072.00
2015/04/01	52.64	53.50	52.01	52.38	38249459	2070702976.00
2015/04/02	53.00	53.00	51.52	51.99	28799415	1542118528.00
2015/04/03	51.57	53.49	51.41	53.36	42416409	2294993664.00
2015/04/07	53.70	54.21	52.63	54.16	49376417	2712139264.00
2015/04/08	53.96	56.99	53.01	55.63	79810649	4524806144.00
2015/04/09	56.51	58.55	54.51	55.15	66301699	3852107520.00
2015/04/10	55.01	56.84	54.71	56.39	42119290	2414165248.00
2015/04/13	57.31	57.31	54.86	55.44	46546425	2663078400.00
2015/04/14	54.71	54.71	53.01	53.58	42067904	2324019200.00
2015/04/15	53.71	54.35	52.21	52.25	34741851	1904318080.00
2015/04/16	51.52	54.01	51.19	53.97	37111114	2023770752.00
2015/04/17	54.86	55.11	53.44	53.89	42746379	2391605760.00
2015/04/20	54.41	54.41	50.49	51.11	37894983	2051033216.00
2015/04/21	51.10	53.11	51.10	52.50	29399139	1570953216.00
2015/04/22	52.82	55.01	52.52	54.75	46438661	2568010496.00
2015/04/23	54.75	55.01	53.29	53.66	31642545	1759177344.00
2015/04/24	52.71	52.71	50.52	51.47	39667157	2105150464.00
2015/04/27	51.48	52.46	51.29	52.02	32207550	1713989120.00
2015/04/28	51.81	53.11	50.54	52.21	45572473	2445156608.00
2015/04/29	52.40	52.40	49.21	51.47	29498935	1556743040.00
2015/04/30	52.91	54.01	52.01	52.34	57842938	3155011328.00
2015/05/04	52.33	57.72	51.49	57.72	81788805	4580319232.00
2015/05/05	58.61	60.38	55.61	58.53	98976509	5924272640.00
2015/05/06	59.11	64.53	58.51	63.02	112640544	7234616320.00
2015/05/07	60.51	64.46	60.01	60.69	74987086	4739825152.00
2015/05/08	61.49	61.73	57.39	59.32	72087524	4342527488.00
2015/05/11	59.36	65.40	57.73	64.14	107550221	6824016384.00
2015/05/12	63.04	64.89	61.92	62.92	71184494	4609066496.00
2015/05/13	62.40	64.50	60.31	61.23	56854242	3601819392.00
2015/05/14	60.71	64.72	60.41	61.89	59247724	3799839232.00
2015/05/15	60.66	60.81	58.42	58.81	45852294	2793721856.00
2015/05/18	57.51	59.38	57.00	57.57	36478074	2167941888.00
2015/05/19	57.18	62.66	57.18	60.56	64150144	3976772096.00
2015/05/20	60.81	61.86	59.28	59.98	45452388	2805056256.00
2015/05/21	59.49	60.96	58.82	60.11	35094928	2151604736.00
2015/05/22	60.51	64.74	60.51	64.08	69099584	4444553216.00
2015/05/25	64.86	67.00	63.81	65.96	62628118	4209086720.00
2015/05/26	66.61	66.86	63.99	65.58	42358910	2820818432.00
2015/05/27	65.45	65.47	63.39	64.05	35123904	2310949632.00
2015/05/28	63.61	64.52	57.64	58.10	51472281	3253791744.00
2015/05/29	58.67	58.97	56.11	57.32	43224781	2555546624.00
2015/06/01	56.81	60.86	56.31	60.52	42474748	2560837888.00
2015/06/02	60.11	60.11	58.66	59.94	33391761	2033650176.00
2015/06/03	60.01	62.51	59.01	61.19	44786468	2793167360.00
2015/06/04	60.73	63.81	57.51	63.31	51089321	3225294336.00
2015/06/05	64.95	65.51	60.84	62.20	49498085	3183512064.00
2015/06/08	61.94	68.57	61.52	68.57	85344841	5728911872.00
2015/06/09	69.06	69.11	65.11	66.01	59674882	4074480128.00
2015/06/10	64.91	66.14	64.02	64.58	37588843	2496857856.00
2015/06/11	64.41	66.75	62.89	65.25	44614933	2967988992.00
2015/06/12	65.03	65.79	63.51	64.00	34313290	2255722752.00
2015/06/15	63.66	64.49	60.81	60.99	34702769	2214912768.00
2015/06/16	60.01	62.41	59.39	60.10	30351768	1894971264.00
2015/06/17	60.81	61.11	58.71	60.57	24880706	1538542976.00
2015/06/18	60.31	60.57	57.31	57.43	31347095	1897435264.00
2015/06/19	56.51	58.01	53.51	54.46	30379027	1746368128.00
2015/06/23	55.01	58.11	53.71	58.03	37796875	2160871424.00
2015/06/24	58.01	58.37	56.27	58.11	32765129	1936293120.00
2015/06/25	58.67	59.16	55.54	57.08	28436264	1677928576.00
2015/06/26	55.51	58.01	51.22	53.95	52297440	2937281280.00
2015/06/29	55.51	57.46	50.39	55.48	60575522	3419140352.00
2015/06/30	56.21	60.51	55.06	59.57	72641594	4293381888.00
2015/07/01	58.13	59.18	54.79	55.24	49519881	2920905984.00
2015/07/02	55.03	56.74	50.82	51.92	56857507	3135004160.00
2015/07/03	50.71	53.90	47.51	48.87	46325292	2424925184.00
2015/07/06	53.51	53.71	50.51	52.02	70524671	3777510912.00
2015/07/07	51.40	55.00	47.19	54.50	95519531	5102213632.00
2015/07/08	48.90	49.98	48.90	48.90	44295073	2234462208.00
2015/07/09	48.81	53.68	43.86	52.09	86647644	4410916352.00
2015/07/10	50.01	57.17	49.51	54.33	89976590	5046678016.00
2015/07/13	52.51	55.01	51.39	52.75	61511263	3354065408.00
2015/07/14	51.44	51.98	49.51	50.16	46437997	2430426112.00
2015/07/15	49.11	51.01	47.31	48.09	33537409	1695037440.00
2015/07/16	48.09	49.38	46.52	47.86	23782425	1175991552.00
2015/07/17	48.12	50.01	48.01	49.65	30940778	1565353984.00
2015/07/20	49.51	50.05	48.09	48.65	27835758	1405338112.00
2015/07/21	48.00	48.91	47.28	47.75	30664730	1515190784.00
2015/07/22	47.44	48.17	46.84	47.24	24305372	1190922624.00
2015/07/23	47.52	50.19	47.35	49.81	53474306	2717842688.00
2015/07/24	49.91	50.07	47.36	47.77	42038395	2121111808.00
2015/07/27	46.95	47.41	42.84	42.84	41204773	1930297344.00
2015/07/28	41.31	43.96	40.61	42.81	41003572	1789275520.00
2015/07/29	42.91	43.71	41.21	42.76	39208188	1708103424.00
2015/07/30	42.71	45.09	41.99	42.18	42394366	1923037824.00
2015/07/31	41.41	42.10	40.51	41.51	45617775	1944450176.00
2015/08/03	40.71	42.37	40.61	42.34	30763768	1318389248.00
2015/08/04	42.30	43.48	41.26	43.26	24016284	1057020288.00
2015/08/05	42.71	43.25	41.63	41.75	16455125	723617664.00
2015/08/06	41.10	42.19	40.61	41.13	12706260	544385344.00
2015/08/07	41.42	43.19	41.42	42.50	23400007	1030798208.00
2015/08/10	42.49	45.74	42.22	44.99	33973933	1546897280.00
2015/08/11	44.51	45.19	43.59	44.02	23164743	1062188096.00
2015/08/12	43.39	44.01	43.00	43.09	17472330	784450176.00
2015/08/13	42.79	43.71	42.51	43.36	20302460	904852608.00
2015/08/14	44.01	44.01	43.07	43.29	18192379	816978816.00
2015/08/17	42.85	42.85	41.21	41.85	22504379	972924992.00
2015/08/18	41.91	43.44	39.49	39.55	33753133	1457041536.00
2015/08/19	38.71	39.89	37.91	39.56	24347777	986157568.00
2015/08/20	39.92	40.32	38.22	38.31	21992853	894260736.00
2015/08/21	37.72	38.39	35.48	35.51	28367311	1081291008.00
2015/08/24	33.72	34.48	31.83	31.83	37416851	1262091520.00
2015/08/25	29.71	32.71	28.60	29.03	52929601	1684054016.00
2015/08/26	29.72	32.01	28.79	30.39	58079638	1841087104.00
2015/08/27	31.27	33.56	30.54	33.56	50891141	1689970688.00
2015/08/28	34.62	36.32	34.23	35.64	63038084	2297518848.00
2015/08/31	34.72	37.62	34.20	37.29	50425192	1868554496.00
2015/09/01	36.22	37.19	34.28	36.73	64250618	2407401216.00
2015/09/02	34.82	36.34	34.60	36.11	54163950	2004793344.00
2015/09/07	35.62	36.70	34.42	34.50	18021380	663128768.00
2015/09/08	34.21	36.22	34.05	36.12	20952332	771813120.00
2015/09/09	35.92	37.42	35.73	36.54	27307670	1030847936.00
2015/09/10	35.92	36.30	35.43	35.56	13513968	502000160.00
2015/09/11	35.83	36.35	35.41	35.63	10304967	382597728.00
2015/09/14	35.77	35.98	33.52	35.18	27664339	997570048.00
2015/09/15	34.35	34.70	33.23	33.48	11836552	416704992.00
2015/09/16	33.50	36.02	33.12	35.68	17119735	616635328.00
2015/09/17	35.61	36.50	34.73	34.96	17476682	644180224.00
2015/09/18	35.05	36.41	34.83	35.88	15618827	580514560.00
2015/09/21	35.49	36.22	35.03	36.17	10478354	387827040.00
2015/09/22	36.10	38.90	35.89	38.01	19575000	763048448.00
2015/09/23	37.37	37.82	36.60	36.65	12971121	498388960.00
2015/09/24	37.12	37.71	36.78	37.08	9776229	376474048.00
2015/09/25	37.02	37.89	36.33	36.87	10061023	386914528.00
2015/09/28	36.73	36.87	35.71	36.52	5565220	209011440.00
2015/09/29	36.04	36.04	34.54	34.79	9788397	357161184.00
2015/09/30	35.10	35.40	34.52	34.55	8657921	312939904.00
2015/10/08	36.92	36.96	35.11	35.70	17484308	656204288.00
2015/10/09	36.02	37.32	35.71	37.27	15820439	603078720.00
2015/10/12	37.72	39.90	37.40	38.92	18826098	753718976.00
2015/10/13	38.66	39.28	37.84	39.03	13038079	519300800.00
2015/10/14	38.40	38.73	37.42	37.49	11970490	471562720.00
2015/10/15	37.43	38.77	37.43	38.63	12511267	496233088.00
2015/10/16	39.08	40.26	38.71	39.85	18977766	778543872.00
2015/10/19	39.85	42.00	39.23	40.73	20561129	867397888.00
2015/10/20	40.28	40.98	39.51	40.84	12448689	518389824.00
2015/10/21	40.81	44.22	40.30	41.41	30036415	1304456960.00
2015/10/22	40.77	42.98	40.72	42.16	20026849	860807552.00
2015/10/23	42.27	43.69	41.22	43.29	20176194	880679040.00
2015/10/26	44.30	45.30	43.25	43.33	23774272	1081859712.00
2015/10/27	42.87	43.22	41.18	43.01	16347360	707870912.00
2015/10/28	42.42	42.52	41.00	41.24	11665545	502329824.00
2015/10/29	41.13	41.38	39.81	40.72	18434915	770173568.00
2015/10/30	40.32	42.33	39.76	41.22	20269566	860201472.00
2015/11/02	40.42	41.17	39.82	39.86	13621423	568430976.00
2015/11/03	39.87	41.19	39.49	39.68	14294753	596006976.00
2015/11/04	40.01	43.78	39.97	43.78	41866847	1831576832.00
2015/11/05	43.92	48.29	43.78	46.15	83783784	4003297024.00
2015/11/06	45.73	50.17	45.28	49.09	53077911	2596085504.00
2015/11/09	48.90	51.22	47.56	48.46	52737752	2675908608.00
2015/11/10	47.69	50.76	47.24	48.34	32165397	1606715648.00
2015/11/11	47.90	48.34	46.22	48.19	30810127	1495971712.00
2015/11/12	48.02	48.70	46.22	46.55	25987596	1251093120.00
2015/11/13	46.05	47.66	45.65	46.61	27300643	1315128192.00
2015/11/16	45.32	46.61	45.09	46.55	19367451	912668352.00
2015/11/17	47.12	49.71	46.28	46.38	42310380	2094028288.00
2015/11/18	46.28	47.22	45.32	45.73	24080846	1140043008.00
2015/11/19	46.17	47.04	45.38	47.01	20713263	988634752.00
2015/11/20	47.17	47.27	45.83	46.38	19265581	921990144.00
2015/11/23	46.40	48.00	46.23	46.66	21226871	1026000448.00
2015/11/24	46.31	47.26	45.74	46.74	15673086	747265664.00
2015/11/25	46.32	47.67	46.29	47.40	15877890	767675968.00
2015/11/26	47.91	48.68	46.70	46.78	18006675	881776960.00
2015/11/27	46.42	47.00	42.83	43.31	29470580	1353520384.00
2015/11/30	43.87	43.91	40.92	42.73	26244394	1146721152.00
2015/12/01	42.22	44.39	41.60	43.31	22240466	983110016.00
2015/12/02	43.02	47.77	42.72	47.77	63387169	3050023680.00
2015/12/03	48.22	52.42	47.70	50.53	77854979	3972810240.00
2015/12/04	49.22	49.84	48.33	48.38	39613927	1989369472.00
2015/12/07	48.54	48.92	46.94	47.77	29909688	1467465856.00
2015/12/08	47.38	47.52	45.72	46.52	25442819	1216854144.00
2015/12/09	46.42	48.82	46.17	48.34	32291519	1569250432.00
2015/12/10	47.56	50.46	46.72	46.76	33115741	1649736576.00
2015/12/11	46.05	47.11	44.80	46.37	22543758	1062693824.00
2015/12/14	45.50	51.14	45.34	51.14	45567400	2281775616.00
2015/12/15	50.72	51.12	49.22	49.90	33983684	1748162304.00
2015/12/16	50.22	51.00	49.27	49.73	23988106	1231000960.00
2015/12/17	50.27	52.21	49.90	50.55	37717954	1973523968.00
2015/12/18	50.02	52.92	49.61	50.61	32634532	1710854272.00
2015/12/21	50.12	54.44	49.91	53.05	46608094	2514717440.00
2015/12/22	52.72	53.42	51.94	53.09	22180323	1196934400.00
2015/12/23	53.02	56.32	52.87	53.89	40832833	2293445120.00
2015/12/24	53.72	55.74	52.52	53.92	31249823	1732052480.00
2015/12/25	53.40	54.04	52.47	53.09	17075133	928220096.00
2015/12/28	53.23	53.27	50.71	50.80	22231722	1177506432.00
2015/12/29	51.05	51.70	50.62	51.35	16647036	871918528.00
2015/12/30	51.22	51.27	50.32	50.94	15791053	821628992.00
2015/12/31	51.10	52.27	50.72	50.93	22763784	1202087936.00
2016/01/04	50.47	50.49	45.71	45.72	23342816	1145982336.00
2016/01/05	44.23	47.32	44.08	46.78	33402968	1579432192.00
2016/01/06	46.42	47.21	45.42	46.83	27471799	1308765824.00
2016/01/07	45.72	45.92	42.12	42.29	6777700	308155584.00
2016/01/08	43.72	46.61	41.73	44.10	31492594	1427466368.00
2016/01/11	42.78	44.19	40.52	40.87	27922891	1222985472.00
2016/01/12	41.50	42.57	40.87	41.18	22993664	984657216.00
2016/01/13	41.68	41.92	39.72	39.97	22165432	937299328.00
2016/01/14	38.52	41.20	38.30	40.81	25046729	1025775168.00
2016/01/15	40.10	40.32	37.72	38.01	26796976	1076400768.00
2016/01/18	36.87	38.71	36.87	38.01	23445231	916580416.00
2016/01/19	37.81	40.37	37.32	39.65	28413160	1142565504.00
2016/01/20	39.03	39.50	38.25	38.48	28419301	1138818432.00
2016/01/21	37.62	39.54	36.97	37.06	25620451	1014846720.00
2016/01/22	37.70	38.46	36.63	37.86	18725017	727515200.00
2016/01/25	38.17	38.60	37.53	38.04	14081095	554620288.00
2016/01/26	37.55	37.72	34.73	35.34	29621429	1107016704.00
2016/01/27	35.33	35.56	33.14	34.39	21847586	777920320.00
2016/01/28	33.93	35.42	33.52	33.87	20701355	740073152.00
2016/01/29	34.05	36.24	33.85	35.54	27864400	1021414016.00
2016/02/01	35.17	35.50	33.80	34.62	16758074	604859136.00
2016/02/02	34.78	35.94	34.78	35.60	15818027	581942272.00
2016/02/03	35.07	35.12	34.32	35.02	13770915	496449504.00
2016/02/04	35.15	36.18	35.15	35.74	17768245	657640896.00
2016/02/05	35.72	36.04	35.27	35.45	13491051	498148128.00
2016/02/15	33.77	35.56	33.77	35.09	11660826	417650464.00
2016/02/16	35.51	36.90	35.32	36.55	17653906	664453184.00
2016/02/17	36.31	37.18	36.20	36.81	15450018	587844416.00
2016/02/18	37.07	37.95	36.36	36.48	21346540	823841536.00
2016/02/19	36.54	37.17	36.03	36.57	9480422	358747616.00
2016/02/22	37.22	40.30	36.58	38.83	32598424	1295265920.00
2016/02/23	38.38	38.70	37.36	37.94	16678370	653111744.00
2016/02/24	37.72	38.20	36.74	38.00	16821116	652504512.00
2016/02/25	37.72	37.72	34.23	34.41	23066220	854596096.00
2016/02/26	34.83	35.07	33.73	34.44	15452171	553257344.00
2016/02/29	33.92	34.26	31.73	32.54	23489140	792186688.00
2016/03/01	32.44	34.28	32.12	33.58	19159048	658589504.00
2016/03/02	33.58	35.53	33.47	35.21	22733408	816389952.00
2016/03/03	35.49	36.12	35.00	35.49	17869972	658311552.00
2016/03/04	35.33	36.97	35.03	36.52	32812116	1228479360.00
2016/03/07	36.22	37.00	35.93	36.47	16753449	632244992.00
2016/03/08	36.09	36.24	34.22	36.13	18042716	655723648.00
2016/03/09	35.13	35.47	34.32	35.18	15352970	555322048.00
2016/03/10	34.87	35.15	34.13	34.21	8830967	317236640.00
2016/03/11	33.73	34.49	33.63	34.44	12645556	447601600.00
2016/03/14	35.10	36.13	34.74	35.16	18266078	670847168.00
2016/03/15	34.76	35.62	34.29	35.58	16797376	607505728.00
2016/03/16	35.11	36.20	35.04	35.69	25567942	947474112.00
2016/03/17	35.93	36.91	35.52	36.35	24532656	920309248.00
2016/03/18	36.44	37.78	36.10	37.20	33913840	1304275456.00
2016/03/21	37.70	40.69	37.52	39.60	46361428	1887479680.00
2016/03/22	38.85	39.16	38.11	38.23	22408724	895289600.00
2016/03/23	38.24	39.69	38.02	38.90	22625852	907823232.00
2016/03/24	38.13	38.59	37.32	37.62	16182010	634838656.00
2016/03/25	37.57	40.60	37.40	38.62	27174408	1087063296.00
2016/03/28	38.82	39.41	37.79	37.96	20227936	806718336.00
2016/03/29	38.23	38.75	37.63	38.14	17994188	711851968.00
2016/03/30	38.37	39.67	38.23	39.64	29200396	1180396288.00
2016/03/31	39.66	40.08	38.89	39.29	20196318	820792256.00
2016/04/01	39.12	39.36	38.03	38.87	18151640	725718912.00
2016/04/05	38.46	39.80	38.23	39.32	18967554	767486400.00
2016/04/06	38.92	39.22	38.44	38.87	12499838	501431168.00
2016/04/07	39.07	39.15	37.72	38.00	15205428	601856192.00
2016/04/08	37.72	37.76	36.94	37.43	12032428	464613920.00
2016/04/11	38.20	38.91	37.95	38.12	15686311	621903552.00
2016/04/12	38.02	38.30	37.55	38.28	10041359	393972928.00
2016/04/13	38.62	40.08	38.45	38.93	24655072	1003281536.00
2016/04/14	39.34	39.65	38.72	39.15	11384675	460285184.00
2016/04/15	39.07	39.31	38.70	39.06	9791421	394073952.00
2016/04/18	38.72	38.75	37.99	38.23	9597571	380381632.00
2016/04/19	38.62	38.66	37.92	38.20	9087318	358227648.00
2016/04/20	38.37	38.49	36.39	37.86	22239922	861904896.00
2016/04/21	37.22	38.52	36.83	37.82	20589260	807382976.00
2016/04/22	37.52	38.48	37.27	38.25	13490928	532122368.00
2016/04/25	38.25	39.12	37.80	38.71	14015042	559510592.00
2016/04/26	38.51	39.07	38.47	38.87	11862061	474308224.00
2016/04/27	38.72	39.08	38.63	38.73	5986366	240428896.00
2016/04/28	38.74	39.04	38.47	38.81	7385040	295442880.00
2016/04/29	38.60	38.92	38.37	38.62	7305006	292185184.00
2016/05/03	38.51	39.02	37.75	38.72	13464178	535726752.00
2016/05/04	38.71	38.81	38.32	38.61	8586715	343037184.00
2016/05/05	38.42	38.82	38.32	38.50	4841448	192655328.00
2016/05/06	38.57	38.71	37.38	37.42	10058189	396308576.00
2016/05/09	37.22	37.59	37.00	37.27	10684030	411674816.00
2016/05/10	37.01	37.50	36.76	37.02	9923730	382014944.00
2016/05/11	37.25	37.53	37.04	37.29	6166777	237869328.00
2016/05/12	37.00	38.17	36.73	38.04	15569025	605552960.00
2016/05/13	37.82	38.27	37.61	38.15	12981194	510235168.00
2016/05/16	37.88	38.77	37.84	38.30	7756328	307962272.00
2016/05/17	38.39	38.60	38.08	38.42	4546713	179800368.00
2016/05/18	38.11	39.48	38.02	39.02	12715964	509797216.00
2016/05/19	38.70	39.22	38.70	39.02	8290800	333959776.00
2016/05/20	38.90	39.30	38.82	39.10	4803708	193984848.00
2016/05/23	39.12	39.23	38.42	38.72	4926941	197345584.00
2016/05/24	38.61	38.61	37.74	38.11	3296786	129996824.00
2016/05/25	38.32	38.49	37.93	37.97	3340058	131591208.00
2016/05/26	37.96	38.47	37.94	38.31	3795997	149784176.00
2016/05/27	38.62	38.77	38.17	38.22	3680872	146366112.00
2016/05/30	38.12	38.68	38.01	38.50	2836741	112583064.00
2016/05/31	38.52	42.06	38.51	41.00	16859048	709205248.00
2016/06/01	40.61	40.91	40.48	40.68	7705622	323207616.00
2016/06/02	40.53	41.08	40.27	40.71	4641990	194545424.00
2016/06/03	40.72	40.97	40.18	40.73	6705152	280880512.00
2016/06/06	40.74	40.82	40.04	40.19	4685810	195046848.00
2016/06/07	40.20	40.58	39.83	40.43	4642338	192594912.00
2016/06/08	40.23	40.27	39.32	39.91	7056223	289935328.00
2016/06/13	39.42	39.81	38.20	38.28	5711146	231314880.00
2016/06/14	38.12	38.96	38.10	38.82	4064491	162101136.00
2016/06/15	38.04	39.87	37.93	39.14	7116027	287626048.00
2016/06/16	38.78	39.01	38.34	38.49	3598269	143563296.00
2016/06/17	38.63	39.13	38.53	38.77	3566437	143077904.00
2016/06/20	39.07	39.07	38.71	38.77	2693947	107912696.00
2016/06/21	38.92	40.17	38.64	38.79	8621071	348422720.00
2016/06/22	38.41	39.02	38.32	39.00	4263313	170823728.00
2016/06/23	39.04	39.09	38.70	38.78	3165409	127107136.00
2016/06/24	38.97	39.30	37.92	38.14	5624262	223396800.00
2016/06/27	38.12	38.52	38.02	38.51	3275408	129774768.00
2016/06/28	38.32	39.12	38.01	38.86	7272210	288558464.00
2016/06/29	38.72	39.90	38.72	39.39	9600272	390408896.00
2016/06/30	39.34	39.61	38.97	39.12	4109762	166350576.00
2016/07/01	39.22	39.52	39.10	39.33	4315251	175100592.00
2016/07/04	39.11	40.71	38.99	40.14	9474108	392439488.00
2016/07/05	40.00	40.29	39.57	39.85	6726442	276572672.00
2016/07/06	39.62	39.98	39.62	39.76	6063530	248966160.00
2016/07/07	39.77	39.82	39.22	39.50	4501157	183399664.00
2016/07/08	39.57	39.57	39.21	39.26	3777596	153536112.00
2016/07/11	39.38	40.05	39.22	39.51	5513903	225846240.00
2016/07/12	39.43	41.51	39.33	41.22	16831380	706032256.00
2016/07/13	41.22	42.02	40.87	41.31	13647654	581064704.00
2016/07/14	41.00	41.22	40.73	41.06	5005126	211408864.00
2016/07/15	41.00	41.47	40.68	40.86	5703155	241486272.00
2016/07/18	40.38	41.51	40.31	40.61	9949810	419451328.00
2016/07/19	40.55	40.55	39.84	40.01	7611607	314226624.00
2016/07/20	40.02	40.12	39.51	39.63	8936503	366509472.00
2016/07/21	39.64	39.99	39.53	39.91	13083838	537676352.00
2016/07/22	39.92	39.95	39.24	39.45	5931742	241617024.00
2016/07/25	39.04	39.50	39.02	39.21	4098987	166128016.00
2016/07/26	39.20	39.84	39.17	39.72	7001495	285420480.00
2016/07/27	39.62	39.70	38.22	39.49	14245096	572667456.00
2016/07/28	39.07	39.25	38.52	38.74	6148618	246504832.00
2016/07/29	38.72	38.86	38.44	38.48	4081711	162790720.00
2016/08/01	38.31	38.68	38.12	38.37	4069300	161293136.00
2016/08/02	38.37	38.53	38.25	38.46	2567342	101912048.00
2016/08/03	38.12	38.47	38.12	38.26	3771729	149150992.00
2016/08/04	38.26	38.40	38.12	38.38	3089238	122134496.00
2016/08/05	38.36	38.91	38.31	38.55	4619439	184082960.00
2016/08/08	38.62	38.92	38.42	38.83	3777421	151127760.00
2016/08/09	38.82	39.06	38.72	38.95	3678557	147799232.00
2016/08/10	38.99	39.05	38.78	38.80	3125503	124651184.00
2016/08/11	39.85	42.78	39.69	40.50	35975336	1512677632.00
2016/08/12	39.93	42.70	39.71	42.30	33221198	1401632256.00
2016/08/15	42.00	46.63	41.70	45.66	58263988	2657356800.00
2016/08/16	45.50	46.20	44.50	44.68	29857908	1380641536.00
2016/08/17	44.65	44.65	43.45	44.24	20272272	911603584.00
2016/08/18	44.32	45.08	43.65	43.99	19936056	905904128.00
2016/08/19	43.60	43.60	42.80	43.26	14171188	625323840.00
2016/08/22	43.20	43.78	42.50	43.00	12002573	529388992.00
2016/08/23	43.05	43.88	42.85	43.42	11836862	525033376.00
2016/08/24	43.30	43.32	41.94	42.30	15002887	650896128.00
2016/08/25	41.81	42.24	41.52	42.03	9109514	390748800.00
2016/08/26	42.06	42.52	41.74	41.80	8548206	368746176.00
2016/08/29	41.80	42.01	41.60	41.97	4819825	206464976.00
2016/08/30	42.03	42.43	41.64	42.13	8934598	384427808.00
2016/08/31	42.01	42.88	41.76	42.66	11570423	502438080.00
2016/09/01	42.43	42.58	41.29	41.47	10478888	450715680.00
2016/09/02	41.34	41.90	41.20	41.69	9184486	390198112.00
2016/09/05	41.67	41.97	41.40	41.54	7055478	300744288.00
2016/09/06	41.64	42.36	41.30	42.18	9056333	388510624.00
2016/09/07	42.18	43.38	42.02	42.36	15163261	661847616.00
2016/09/08	42.29	42.46	41.80	42.13	7120613	306768928.00
2016/09/09	42.35	42.89	41.80	41.85	8413521	364677088.00
2016/09/12	40.64	41.09	40.05	40.89	14628402	609205184.00
2016/09/13	40.73	40.83	39.97	40.39	7009568	289638176.00
2016/09/14	40.12	40.40	39.85	40.07	4853396	199241520.00
2016/09/19	40.19	40.48	40.07	40.31	4228974	174617728.00
2016/09/20	40.39	40.40	40.05	40.37	3214267	132554448.00
2016/09/21	40.29	40.69	40.12	40.44	3443897	142624416.00
2016/09/22	40.74	41.70	40.60	41.12	10496588	443680448.00
2016/09/23	41.14	41.41	40.91	40.94	4537827	190920448.00
2016/09/26	40.80	40.80	39.90	40.00	4664524	192575888.00
2016/09/27	39.96	40.48	39.80	40.33	3996251	164545984.00
2016/09/28	40.30	40.64	40.15	40.26	2456659	101581880.00
2016/09/29	40.77	40.80	40.38	40.57	4153082	172889456.00
2016/09/30	40.39	40.56	40.10	40.21	6242694	257798384.00
2016/10/10	40.41	40.87	40.25	40.80	6129381	254939728.00
2016/10/11	40.70	41.37	40.70	41.11	7193696	302506720.00
2016/10/12	41.09	41.27	40.80	41.06	4163041	174946432.00
2016/10/13	41.04	41.23	40.84	40.98	2549664	107030320.00
2016/10/14	40.91	41.19	40.66	41.11	3305883	138568384.00
2016/10/17	41.16	41.17	40.55	40.59	4045613	169069248.00
2016/10/18	40.52	41.30	40.30	41.24	6074251	254079952.00
2016/10/19	41.18	41.26	40.79	40.87	3056465	128265560.00
2016/10/20	40.89	41.06	40.79	40.84	2597638	108872696.00
2016/10/21	40.85	41.30	40.55	40.80	6207409	259646032.00
2016/10/24	40.70	42.27	40.63	41.69	13628894	581509760.00
2016/10/25	41.69	41.70	41.22	41.41	5902037	250060432.00
2016/10/26	41.51	41.60	41.10	41.34	4408776	186402448.00
2016/10/27	41.23	41.29	40.90	41.02	4288628	180374960.00
2016/10/28	40.95	42.12	40.95	41.36	11430993	487997664.00
2016/10/31	41.01	41.45	40.65	41.29	6588252	276256928.00
2016/11/01	41.25	41.77	41.09	41.63	5270136	224074752.00
2016/11/02	41.50	41.67	40.96	41.12	5361542	226322736.00
2016/11/03	40.98	42.10	40.90	41.78	11019939	471113568.00
2016/11/04	41.55	42.35	41.54	41.89	8435088	362768288.00
2016/11/07	41.99	42.44	41.70	42.22	8688625	375134656.00
2016/11/08	42.40	42.66	42.18	42.47	6645729	288399360.00
2016/11/09	42.20	42.77	41.70	42.26	11838120	511669280.00
2016/11/10	42.80	42.94	42.28	42.54	6931781	301983872.00
2016/11/11	42.60	44.70	42.50	43.98	17070364	763298560.00
2016/11/14	43.92	44.86	43.32	43.94	14775419	667337216.00
2016/11/15	43.96	44.49	43.30	43.60	7346738	328571776.00
2016/11/16	43.51	44.03	43.08	43.33	6756265	300393152.00
2016/11/17	43.22	43.33	42.93	43.27	5411476	238448432.00
2016/11/18	43.17	43.66	42.94	43.20	5852775	259191744.00
2016/11/21	43.25	46.88	43.21	45.73	27644176	1299050752.00
2016/11/22	45.45	47.56	45.45	46.74	19246000	914660928.00
2016/11/23	46.90	46.99	45.52	45.61	8854167	418368640.00
2016/11/24	45.61	47.50	45.57	46.28	11449956	543295936.00
2016/11/25	46.00	46.70	45.50	46.66	6957941	327192000.00
2016/11/28	46.64	47.80	46.45	47.12	10628565	512943232.00
2016/11/29	46.71	46.97	45.91	46.52	8521096	402327136.00
2016/11/30	46.40	46.93	44.90	45.25	10619630	499143232.00
2016/12/01	44.95	45.70	44.82	45.51	4769479	221604160.00
2016/12/02	45.41	45.45	44.40	44.53	7473137	341761536.00
2016/12/05	44.00	44.54	43.43	44.25	6221887	280231840.00
2016/12/06	44.25	44.49	43.84	43.92	6227491	280290752.00
2016/12/07	43.97	45.06	43.86	44.28	8490230	383706688.00
2016/12/08	44.50	45.20	44.30	44.60	6661937	305343680.00
2016/12/09	44.52	46.52	44.28	45.80	11561362	539618944.00
2016/12/12	45.82	46.40	44.72	44.96	10735769	498618144.00
2016/12/13	44.80	45.26	44.21	44.64	8184557	375086720.00
2016/12/14	44.40	45.76	44.31	44.98	4981087	229407728.00
2016/12/15	44.63	45.16	42.72	43.14	9720543	433774176.00
2016/12/16	43.01	43.37	42.70	42.87	3947737	173413312.00
2016/12/19	42.87	43.46	42.72	43.05	4017013	177220304.00
2016/12/20	43.40	43.50	42.42	42.88	5485868	241518832.00
2016/12/21	43.01	43.80	43.00	43.68	3795817	168846384.00
2016/12/22	43.56	43.58	43.02	43.41	1862971	82541088.00
2016/12/23	43.47	43.50	42.82	43.19	3099692	137044224.00
2016/12/26	42.89	43.60	41.90	43.57	4532984	198381056.00
2016/12/27	43.30	43.76	42.57	42.66	3751346	165433392.00
2016/12/28	42.52	42.97	42.50	42.78	2156413	94337872.00
2016/12/29	42.71	42.99	42.12	42.35	3337030	144921856.00
2016/12/30	42.36	42.80	42.36	42.78	3184218	138792464.00
2017/01/03	42.78	44.55	42.78	44.01	7842845	351744512.00
2017/01/04	43.99	44.35	43.67	44.07	3761106	169429840.00
2017/01/05	44.34	44.65	43.80	43.90	2822518	127671920.00
2017/01/06	43.81	44.20	43.16	43.24	5750099	255919312.00
2017/01/09	43.50	44.25	43.25	43.70	4605402	206208080.00
2017/01/10	43.67	43.84	43.36	43.38	1278701	57025864.00
2017/01/11	43.35	44.09	43.33	43.51	2952063	131989848.00
2017/01/12	43.52	43.88	42.80	43.03	2318352	102818240.00
2017/01/13	43.03	44.69	43.00	44.01	12192904	547404992.00
2017/01/16	44.00	44.95	43.60	44.80	13631838	619349312.00
2017/01/17	44.47	45.32	44.10	44.45	5603686	256171792.00
2017/01/18	44.44	45.24	44.31	44.75	4203148	192796848.00
2017/01/19	44.48	45.00	44.28	44.56	3076331	140418048.00
2017/01/20	44.53	45.04	44.37	44.81	2558067	117161296.00
2017/01/23	44.90	45.50	44.73	44.88	2960621	136292512.00
2017/01/24	44.95	45.42	44.45	44.90	3765513	173377120.00
2017/01/25	44.68	44.92	43.99	44.69	4851131	219858784.00
2017/01/26	44.66	45.21	44.32	45.17	3239031	148929184.00
2017/02/03	45.08	45.08	43.78	43.83	4024308	181877680.00
2017/02/06	44.06	44.39	44.03	44.27	8922758	403680608.00
2017/02/07	44.46	44.86	44.00	44.81	6653925	302249216.00
2017/02/08	44.65	45.19	44.50	44.96	6149852	282429248.00
2017/02/09	45.05	46.08	44.86	45.58	5674729	265023408.00
2017/02/10	45.84	45.90	45.09	45.32	3632195	169038512.00
2017/02/13	45.71	46.50	45.51	45.99	7394386	348089152.00
2017/02/14	45.99	45.99	45.32	45.38	4022969	187043792.00
2017/02/15	45.55	45.89	45.18	45.38	4370343	203506432.00
2017/02/16	45.16	45.40	44.83	45.06	6390481	293981952.00
2017/02/17	45.13	45.69	44.86	44.91	6798927	315340544.00
2017/02/20	44.91	45.49	44.62	45.43	9457210	434718304.00
2017/02/21	45.45	45.75	45.20	45.40	9237620	429597056.00
2017/02/22	45.45	45.45	44.75	45.13	5116374	235295872.00
2017/02/23	45.09	45.09	44.20	44.48	6361987	289767200.00
2017/02/24	44.36	44.36	43.92	44.20	3627455	163512736.00
2017/02/27	44.21	44.23	42.89	43.22	7822513	347880416.00
2017/02/28	43.12	43.47	43.06	43.30	3841751	170165584.00
2017/03/01	43.32	43.62	43.10	43.32	3965865	175979936.00
2017/03/02	43.35	43.85	43.14	43.21	4036112	179423792.00
2017/03/03	43.10	43.20	42.69	42.98	4024431	176464880.00
2017/03/06	43.04	43.04	42.45	42.66	6565965	286315040.00
2017/03/07	42.60	43.18	42.42	43.11	7000305	306137920.00
2017/03/08	43.00	43.05	42.67	42.87	3970530	174094464.00
2017/03/09	42.87	43.10	42.73	42.92	4372444	192073216.00
2017/03/10	42.90	42.97	42.26	42.30	4345119	188822768.00
2017/03/13	42.27	43.08	42.16	42.89	7333058	321210048.00
2017/03/14	42.79	42.93	42.44	42.65	5069903	221033664.00
2017/03/15	42.60	42.64	42.31	42.51	3189955	138595248.00
2017/03/16	42.70	43.29	42.65	42.78	10178324	447352768.00
2017/03/17	43.00	43.10	42.31	42.36	7036519	307436576.00
2017/03/20	42.33	42.46	41.49	41.74	7961993	341566752.00
2017/03/21	41.71	41.94	41.03	41.16	10133582	429901184.00
2017/03/22	41.18	41.18	39.81	40.13	12133643	501302240.00
2017/03/23	40.15	40.77	40.10	40.42	11197220	464508384.00
2017/03/24	40.47	40.85	40.30	40.71	7555297	314171040.00
2017/03/27	40.37	41.36	40.36	40.75	7169802	300884832.00
2017/03/28	40.80	41.35	40.63	40.70	7208643	303202336.00
2017/03/29	40.80	40.99	40.33	40.44	6092514	252788320.00
2017/03/30	40.72	41.26	40.47	40.95	10467878	439208032.00
2017/03/31	40.99	41.50	40.99	41.19	8238464	348525344.00
2017/04/05	41.23	41.39	40.56	41.21	8786410	368302400.00
2017/04/06	41.21	41.21	40.55	40.85	7964960	332787680.00
2017/04/07	40.70	41.52	40.70	41.18	9686226	408687808.00
2017/04/10	41.16	41.76	41.02	41.11	7783714	330321248.00
2017/04/11	40.99	41.24	40.62	41.08	5666205	237566608.00
2017/04/12	41.03	41.74	40.87	41.49	8447866	358983520.00
2017/04/13	41.39	41.90	41.15	41.24	8586515	365727008.00
2017/04/14	41.11	41.42	40.66	41.21	5187959	217772928.00
2017/04/17	41.02	41.16	40.14	40.63	5069975	210909632.00
2017/04/18	40.55	40.60	39.89	39.94	6499736	267376704.00
2017/04/19	39.90	40.30	39.36	39.92	5737914	234121216.00
2017/04/20	39.77	40.79	39.52	40.45	5568928	229011792.00
2017/04/21	40.41	40.78	40.21	40.70	6601613	273925184.00
2017/04/24	40.59	41.83	40.41	41.82	14163673	598755584.00
2017/04/25	41.78	43.23	41.51	42.80	15774454	688177920.00
2017/04/26	42.72	44.76	42.72	43.80	15602957	700848384.00
2017/04/27	43.50	44.82	43.34	43.82	12328275	556099840.00
2017/04/28	43.67	44.00	43.54	43.84	5780645	259051712.00
2017/05/02	43.51	44.50	43.46	43.89	6056227	272426368.00
2017/05/03	43.97	44.89	43.56	44.55	10149612	462368032.00
2017/05/04	44.50	45.11	43.88	44.78	10099167	462455072.00
2017/05/05	44.68	45.18	44.10	44.91	13116783	596761664.00
2017/05/08	44.85	45.97	44.30	45.39	13967012	650204736.00
2017/05/09	45.19	46.00	45.10	45.96	11573867	542034880.00
2017/05/10	45.75	48.64	45.32	47.78	18841670	908855168.00
2017/05/11	47.20	47.97	46.77	47.55	18370156	891953216.00
2017/05/12	47.01	50.88	47.01	49.03	16278358	818998208.00
2017/05/15	49.20	49.64	47.61	48.02	13575985	670962368.00
2017/05/16	48.00	48.38	47.62	48.02	11820813	579584896.00
2017/05/17	47.70	47.98	46.73	47.34	16320258	787813120.00
2017/05/18	47.02	47.50	46.48	46.84	9183861	441178656.00
2017/05/19	46.77	47.55	46.75	47.06	8041609	387802176.00
2017/05/22	47.08	49.16	47.00	48.95	14722167	731055488.00
2017/05/23	48.78	50.98	48.32	50.01	15130377	773292416.00
2017/05/24	49.52	49.99	48.11	49.38	10698044	534848992.00
2017/05/25	48.89	51.50	48.89	51.12	12391784	641760640.00
2017/05/26	50.61	52.50	50.51	51.30	11350771	592372288.00
2017/05/31	50.83	52.76	50.41	52.07	11953798	630681600.00
2017/06/01	51.50	52.25	50.80	52.21	14157444	741955200.00
2017/06/02	51.78	51.99	49.50	49.80	11458951	589773952.00
2017/06/05	49.66	49.66	47.96	49.02	14302961	711022976.00
2017/06/06	48.58	50.11	48.48	49.92	11360832	575257856.00
2017/06/07	49.72	50.80	49.28	49.50	13416648	684646784.00
2017/06/08	49.51	50.83	49.30	50.79	9781125	499178880.00
2017/06/09	50.70	52.70	50.60	51.75	15157198	800942720.00
2017/06/12	51.41	53.00	50.99	51.82	9667468	512181920.00
2017/06/13	51.53	51.80	49.80	50.37	9169091	470276096.00
2017/06/14	50.34	50.37	48.34	48.87	15686428	785604224.00
2017/06/15	48.90	49.28	47.93	48.37	9516215	469817760.00
2017/06/16	48.30	48.84	47.98	48.19	9125284	450002400.00
2017/06/19	48.20	49.26	48.15	48.87	13687219	680340928.00
2017/06/20	48.95	48.97	47.00	47.92	16266954	791616448.00
2017/06/21	47.60	48.65	47.31	48.39	11576727	568887232.00
2017/06/22	48.31	50.79	48.31	49.49	18646748	946460992.00
2017/06/23	49.05	51.20	48.97	51.08	12596739	645094592.00
2017/06/26	50.87	52.35	49.90	50.25	21901292	1131670912.00
2017/06/27	50.00	50.68	49.14	50.44	10170304	516681984.00
2017/06/28	50.00	50.15	49.20	49.31	8394903	424536320.00
2017/06/29	49.43	49.99	49.05	49.95	7031752	355839488.00
2017/06/30	49.51	50.49	49.51	50.40	8108224	414948448.00
2017/07/03	50.34	50.40	48.45	49.25	12408253	621245120.00
2017/07/04	48.87	49.17	48.05	49.05	9973074	494696832.00
2017/07/05	48.78	53.45	48.60	52.69	20412364	1076415616.00
2017/07/06	52.70	55.50	52.32	55.23	21114524	1159040768.00
2017/07/07	54.77	55.56	53.91	54.88	11635812	650299776.00
2017/07/10	54.21	56.03	53.88	54.45	7676939	428998400.00
2017/07/11	54.15	56.15	54.13	54.46	7113100	400190336.00
2017/07/12	54.22	56.14	52.90	53.26	10850393	601497408.00
2017/07/13	53.41	56.30	53.41	56.16	16779676	944750400.00
2017/07/14	56.00	56.97	55.20	56.67	11996314	687123712.00
2017/07/17	56.69	59.68	55.30	59.43	19237992	1139750528.00
2017/07/18	58.97	60.83	57.88	60.56	18044884	1093636864.00
2017/07/19	60.06	61.45	59.43	59.93	15698661	960613888.00
2017/07/20	59.50	60.99	58.01	60.05	14280524	859898624.00
2017/07/21	59.50	59.65	58.12	58.47	11481619	685719616.00
2017/07/24	58.03	60.60	58.03	58.70	13085121	787365632.00
2017/07/25	58.17	59.35	57.40	58.88	7611581	453155872.00
2017/07/26	58.54	58.80	56.40	58.02	11264328	658885120.00
2017/07/27	57.60	58.55	56.73	58.32	7644352	448696832.00
2017/07/28	57.75	58.57	57.30	57.61	4341477	255659280.00
2017/07/31	57.58	57.83	56.03	56.46	15991749	925941376.00
2017/08/01	56.62	62.21	56.62	62.21	21693988	1320355968.00
2017/08/02	62.00	64.13	60.14	62.73	21160248	1327871232.00
2017/08/03	62.30	62.72	60.55	60.66	11549504	722882880.00
2017/08/04	60.25	60.75	58.68	59.61	10302583	623902784.00
2017/08/07	59.30	60.80	58.50	59.66	7761386	472634208.00
2017/08/08	59.27	61.89	59.05	61.43	9125168	559663296.00
2017/08/09	60.80	61.37	60.00	60.29	7437314	457981632.00
2017/08/10	60.59	61.24	58.53	60.03	8325855	500592064.00
2017/08/11	58.96	60.43	58.68	60.12	10756702	647388800.00
2017/08/14	59.58	61.13	58.38	60.01	9830800	592584960.00
2017/08/15	60.03	62.98	59.76	61.34	9827466	610275904.00
2017/08/16	60.48	61.22	59.48	60.56	7287067	441841984.00
2017/08/17	60.48	60.68	58.86	59.39	8754638	525256640.00
2017/08/18	58.89	60.46	58.87	59.39	8629668	518384224.00
2017/08/21	58.98	59.64	57.78	58.36	10172964	599591104.00
2017/08/22	58.06	59.70	58.03	59.33	9917521	591510720.00
2017/08/23	58.73	61.96	58.73	61.01	11143587	682677632.00
2017/08/24	60.64	62.38	60.18	60.60	7211948	445608032.00
2017/08/25	60.50	64.46	60.21	63.66	13411619	851401792.00
2017/08/28	63.84	66.34	63.34	64.83	15844716	1038003776.00
2017/08/29	64.32	65.36	63.61	64.61	5964426	387067488.00
2017/08/30	64.28	64.61	61.17	61.52	20452912	1288401664.00
2017/08/31	61.48	62.02	60.03	60.94	12572233	771301824.00
2017/09/01	60.98	62.15	59.34	59.76	21849732	1331403520.00
2017/09/04	59.38	60.43	59.29	60.35	11455466	691463040.00
2017/09/05	60.28	61.33	59.48	61.00	15691113	958089024.00
2017/09/06	60.53	60.61	59.49	59.79	10240152	617033856.00
2017/09/07	59.88	59.98	58.46	58.78	12714248	756311872.00
2017/09/08	58.76	59.28	58.24	58.90	8623927	511579296.00
2017/09/11	58.88	59.08	56.84	56.87	25843876	1506633984.00
2017/09/12	56.97	57.34	55.80	57.30	29274750	1667289856.00
2017/09/13	57.27	57.27	56.09	56.33	15204129	868691520.00
2017/09/14	56.31	56.58	55.43	55.83	15648501	883587840.00
2017/09/15	55.90	56.90	54.98	56.38	17018472	963733888.00
2017/09/18	56.28	57.16	55.96	56.27	13583090	775163904.00
2017/09/19	56.50	57.33	56.23	56.70	16011134	915587456.00
2017/09/20	56.73	57.04	56.13	56.29	9863763	562676800.00
2017/09/21	56.18	57.56	55.70	57.12	17878348	1026904704.00
2017/09/22	56.88	57.79	56.69	57.43	13294766	769300032.00
2017/09/25	56.99	58.66	56.98	58.54	16218451	952105984.00
2017/09/26	58.53	58.95	57.99	58.66	9499562	560737536.00
2017/09/27	58.18	58.38	57.08	57.22	12350027	716739712.00
2017/09/28	56.98	57.33	56.27	56.73	9258174	528610368.00
2017/09/29	56.72	56.88	56.03	56.15	10604279	602623552.00
2017/10/09	57.53	57.76	55.20	55.85	20237988	1147207040.00
2017/10/10	55.63	56.12	52.99	54.03	45286856	2460939520.00
2017/10/11	53.68	55.16	53.53	54.82	21421958	1179589632.00
2017/10/12	54.53	56.98	54.49	56.82	22828324	1291646208.00
2017/10/13	56.78	58.09	56.78	57.44	21304120	1237594880.00
2017/10/16	57.48	58.73	56.93	58.06	17095332	1004705408.00
2017/10/17	57.58	58.68	57.07	57.70	8050797	470389152.00
2017/10/18	57.87	59.16	57.10	59.08	16110156	952583040.00
2017/10/19	59.20	59.67	58.34	59.43	14732145	878042496.00
2017/10/20	58.67	59.07	57.60	57.67	7714732	451893056.00
2017/10/23	58.04	58.58	57.52	58.16	6426231	377193344.00
2017/10/24	57.88	60.25	57.54	59.28	13119064	785517952.00
2017/10/25	59.28	59.85	58.25	59.16	7664600	456416256.00
2017/10/26	58.91	61.08	58.68	59.74	16425071	998082624.00
2017/10/27	59.75	61.29	59.75	60.31	16816370	1028251200.00
2017/10/30	60.72	64.08	60.48	63.64	20844216	1310479744.00
2017/10/31	62.81	64.48	61.98	63.40	13238528	841309568.00
2017/11/01	62.63	65.73	62.29	62.74	18815546	1211697664.00
2017/11/02	62.92	63.78	61.08	63.04	13299074	841148736.00
2017/11/03	62.93	63.48	61.54	62.43	13881587	871532352.00
2017/11/06	62.34	62.43	59.99	61.03	13680934	836512192.00
2017/11/07	60.84	63.43	60.53	61.95	18957684	1192510208.00
2017/11/08	61.85	62.86	60.09	60.88	20545276	1272990976.00
2017/11/09	60.48	61.35	60.23	61.31	10264115	628185280.00
2017/11/10	61.03	67.49	60.92	66.83	37712816	2470154496.00
2017/11/13	66.78	68.31	66.29	66.80	20857812	1410996480.00
2017/11/14	67.61	70.77	66.34	69.75	23749824	1638448512.00
2017/11/15	68.50	70.34	66.68	67.74	18753996	1286628224.00
2017/11/16	66.53	70.25	66.38	69.58	22119108	1537682048.00
2017/11/17	69.07	72.08	68.42	71.20	22768852	1617048832.00
2017/11/20	69.75	72.06	68.43	70.30	18378220	1292260096.00
2017/11/21	69.48	72.16	69.05	70.53	21673312	1549312128.00
2017/11/22	71.28	72.53	67.93	68.72	18062584	1266450432.00
2017/11/23	68.75	69.00	64.88	65.85	17863278	1200506752.00
2017/11/24	65.66	65.78	63.68	65.20	17653954	1147778944.00
2017/11/27	64.48	64.88	62.28	63.74	17250134	1098598528.00
2017/11/28	63.43	64.21	62.18	63.21	13357402	848739520.00
2017/11/29	63.56	64.98	62.29	63.82	15464064	991390976.00
2017/11/30	63.03	63.08	61.28	61.96	16619111	1039596096.00
2017/12/01	61.81	63.74	61.32	61.66	17758498	1115429376.00
2017/12/04	61.37	64.44	61.33	64.15	21716408	1383801856.00
2017/12/05	63.31	66.03	63.24	65.85	24202348	1587921152.00
2017/12/06	64.98	65.47	62.32	64.64	18028768	1161699328.00
2017/12/07	64.38	64.38	61.68	62.52	18606796	1171028096.00
2017/12/08	62.21	64.05	61.48	63.66	17121234	1085375488.00
2017/12/11	63.46	65.43	62.58	65.19	15728532	1017982144.00
2017/12/12	64.67	65.13	63.39	63.49	9914699	642573888.00
2017/12/13	62.73	63.38	61.84	63.20	12941030	818913472.00
2017/12/14	63.18	63.22	61.83	61.98	9110825	572267392.00
2017/12/15	61.64	63.60	61.64	62.99	12970507	821626304.00
2017/12/18	62.46	63.88	62.19	63.31	5995997	382053248.00
2017/12/19	62.98	68.16	62.88	67.58	26037456	1745680384.00
2017/12/20	67.36	68.08	66.85	67.97	16904548	1153473536.00
2017/12/21	67.68	69.18	67.19	68.01	12840496	884264704.00
2017/12/22	67.79	68.30	66.68	66.99	9141894	622133184.00
2017/12/25	67.16	69.08	65.76	66.58	16359013	1110123008.00
2017/12/26	66.93	70.83	66.28	70.46	20398378	1412841472.00
2017/12/27	69.49	69.76	66.93	67.24	11834478	812499840.00
2017/12/28	67.24	69.92	65.88	69.04	13809274	951857792.00
2017/12/29	69.18	70.48	67.68	69.68	10266750	713173056.00
2018/01/02	69.69	71.30	68.45	70.38	14036384	989789504.00
2018/01/03	70.13	70.36	67.03	67.76	21234654	1462166784.00
2018/01/04	67.73	67.92	65.58	66.29	26356358	1770120960.00
2018/01/05	66.26	66.52	64.48	64.86	22856452	1505589760.00
2018/01/08	64.45	64.45	61.80	63.19	44463828	2801094400.00
2018/01/09	62.98	64.53	62.53	63.96	27632868	1774822784.00
2018/01/10	63.68	63.68	61.98	62.83	23884120	1506634880.00
2018/01/11	62.28	63.86	61.93	63.10	19533424	1243665536.00
2018/01/12	63.08	64.46	62.51	64.36	22267962	1428932864.00
2018/01/15	64.46	67.48	64.45	67.33	41442360	2776035328.00
2018/01/16	67.38	68.44	65.94	66.05	29567136	1992217856.00
2018/01/17	65.76	67.64	65.38	66.11	21156620	1420311040.00
2018/01/18	66.46	67.04	63.00	63.26	35193464	2296814336.00
2018/01/19	63.30	63.46	61.97	62.55	26540454	1672845696.00
2018/01/22	62.37	62.84	59.78	60.22	47091360	2885280256.00
2018/01/23	60.25	62.05	60.24	60.77	43512192	2682778880.00
2018/01/24	61.01	61.36	58.78	59.44	43619168	2610929408.00
2018/01/25	59.34	59.34	57.81	58.63	30269502	1781744640.00
2018/01/26	58.48	60.74	58.47	59.98	34275944	2059345024.00
2018/01/29	60.14	60.33	57.83	57.96	25804878	1534486912.00
2018/01/30	57.62	58.81	57.28	58.45	14168232	833770496.00
2018/01/31	58.10	59.73	58.08	59.61	19883134	1191377664.00
2018/02/01	59.63	60.19	59.10	60.09	20534996	1238902784.00
2018/02/02	59.38	61.18	58.98	60.88	21038208	1280652544.00
2018/02/05	60.08	62.28	59.84	62.03	22057088	1364241920.00
2018/02/06	60.87	61.42	59.83	60.97	18617660	1138186240.00
2018/02/07	61.36	61.81	56.48	58.66	17623420	1058913600.00
2018/02/08	57.67	58.48	55.38	56.25	19850988	1129424896.00
2018/02/09	54.48	54.48	50.57	51.11	29204280	1524231808.00
2018/02/12	51.38	51.63	48.98	51.03	14960283	769176000.00
2018/02/13	51.48	53.02	51.48	51.71	15448790	814892160.00
2018/02/14	51.90	52.08	50.63	51.42	9493875	491218176.00
2018/02/22	52.13	54.36	52.13	54.06	12575619	677049728.00
2018/02/23	54.23	55.46	53.49	54.56	10210576	562898496.00
2018/02/26	54.68	55.71	54.68	55.36	11509811	641296000.00
2018/02/27	55.58	55.71	52.80	53.45	16877272	913853696.00
2018/02/28	52.78	52.93	51.51	52.21	14685118	775477824.00
2018/03/01	51.53	52.78	51.48	52.08	13277190	699478848.00
2018/03/02	51.49	52.06	50.97	51.49	9842771	511872000.00
2018/03/05	51.46	52.08	51.13	51.66	9186069	478182400.00
2018/03/06	51.99	53.40	51.20	53.35	15836954	836328192.00
2018/03/07	52.98	54.36	52.73	52.95	14186075	766925312.00
2018/03/08	52.71	54.27	52.59	53.28	9851736	531062720.00
2018/03/09	53.48	53.97	52.81	53.41	9586729	515342144.00
2018/03/12	53.53	53.78	52.51	53.10	12767340	684531520.00
2018/03/13	53.10	53.46	51.43	51.54	14550831	767881792.00
2018/03/14	51.28	51.83	51.18	51.66	10317431	537206592.00
2018/03/15	51.48	52.58	51.40	51.99	11346346	596167488.00
2018/03/16	52.08	52.78	51.35	51.45	15397905	808942656.00
2018/03/19	51.37	52.34	50.49	52.22	14723594	766384768.00
2018/03/20	51.48	51.88	51.13	51.40	11531821	599195776.00
2018/03/21	51.98	52.07	48.56	48.99	40316276	2029691264.00
2018/03/22	48.64	48.66	46.38	46.66	35511520	1689125120.00
2018/03/23	44.52	46.66	44.48	46.66	30631378	1411842048.00
2018/03/26	45.88	46.08	44.68	45.39	19696154	899920704.00
2018/03/27	46.05	46.13	45.14	45.79	19275660	887382784.00
2018/03/28	45.17	46.07	44.22	44.55	19796236	900153344.00
2018/03/29	44.68	46.78	44.18	46.43	30968502	1429164032.00
2018/03/30	45.99	46.13	45.21	45.50	21842002	1006169472.00
2018/04/02	45.48	46.01	44.81	44.92	19917062	912897088.00
2018/04/03	44.36	45.07	44.26	44.60	13284654	599818688.00
2018/04/04	44.73	45.58	44.28	44.98	18021192	821063040.00
2018/04/09	44.79	45.83	44.51	45.80	17701670	813094592.00
2018/04/10	45.82	47.05	45.54	46.96	22196520	1037336640.00
2018/04/11	46.88	46.88	46.05	46.16	18455044	866332480.00
2018/04/12	46.02	46.37	45.45	45.55	12361725	573290368.00
2018/04/13	45.89	45.97	44.59	44.70	13809181	629638080.00
2018/04/16	44.47	44.70	42.48	42.53	23653086	1035836672.00
2018/04/17	42.63	43.06	41.13	41.18	23587850	1006388800.00
2018/04/18	41.51	41.68	40.70	41.22	22289016	930175424.00
2018/04/19	41.38	41.94	41.22	41.48	19752464	831397760.00
2018/04/20	41.39	41.65	39.99	40.68	20566440	847865152.00
2018/04/23	40.64	41.71	40.30	41.66	19510032	811882112.00
2018/04/24	41.78	43.64	41.54	43.40	37589812	1633681152.00
2018/04/25	42.98	43.07	42.36	42.49	16769674	723372544.00
2018/04/26	42.66	42.87	40.68	40.94	19629836	823292352.00
2018/04/27	41.38	43.35	40.75	42.78	33134652	1408356224.00
2018/05/02	43.16	43.17	42.26	42.76	18289922	791536000.00
2018/05/03	42.65	44.17	42.38	44.16	25981540	1142515328.00
2018/05/04	43.78	44.31	43.28	43.50	18643256	825441088.00
2018/05/07	43.50	45.13	43.50	45.02	23141658	1044390336.00
2018/05/08	44.74	47.58	44.74	46.39	39349728	1847581824.00
2018/05/09	46.36	47.01	45.68	46.84	17721406	833235840.00
2018/05/10	46.84	47.36	45.95	46.49	14624409	687559680.00
2018/05/11	46.52	46.70	46.01	46.19	10968710	513446880.00
2018/05/14	46.33	47.48	45.54	45.92	17991606	844514048.00
2018/05/15	45.93	46.26	45.36	46.20	14627410	678581952.00
2018/05/16	45.93	46.08	44.28	44.40	21692722	985318464.00
2018/05/17	44.68	45.11	44.42	44.63	13218847	598973632.00
2018/05/18	44.59	46.04	44.39	45.73	16601374	760970560.00
2018/05/21	46.01	46.38	45.47	46.19	15689091	729146688.00
2018/05/22	45.98	46.00	44.60	44.99	19558944	890078080.00
2018/05/23	44.82	44.82	43.81	43.84	15712715	701178432.00
2018/05/24	43.53	44.11	43.22	43.34	11463599	506687616.00
2018/05/25	43.28	43.82	43.07	43.44	8635094	379435968.00
2018/05/28	43.60	44.26	43.32	43.82	11256774	499667840.00
2018/05/29	43.80	43.90	41.93	43.33	18635424	808867904.00
2018/05/30	42.29	42.88	41.76	41.79	12689443	543113856.00
2018/05/31	42.03	42.84	41.79	42.69	13824394	592700992.00
2018/06/01	42.48	42.68	41.88	42.04	10387102	443669856.00
2018/06/04	42.36	43.56	42.12	43.43	18072778	787359552.00
2018/06/05	43.48	45.43	43.12	45.05	26807754	1204941952.00
2018/06/06	44.86	45.34	44.63	45.00	13815777	627712960.00
2018/06/07	45.28	46.90	45.28	45.67	26601530	1242036992.00
2018/06/08	45.48	45.66	44.11	44.59	17525304	793631424.00
2018/06/11	44.44	45.46	43.95	44.92	15041194	680506240.00
2018/06/12	45.02	46.78	44.46	46.38	30447570	1410049280.00
2018/06/13	46.05	46.41	45.86	46.26	15849388	739034432.00
2018/06/14	46.25	47.55	46.10	46.97	30583284	1454214656.00
2018/06/15	46.88	47.33	46.37	46.71	19438596	919650048.00
2018/06/19	45.93	47.06	45.72	46.69	44793728	2106861184.00
2018/06/20	45.88	46.23	44.81	45.66	18751438	862869120.00
2018/06/21	45.39	45.84	44.17	44.26	14334368	654841088.00
2018/06/22	43.48	44.57	42.99	44.07	14387145	636975104.00
2018/06/25	44.28	44.38	42.24	42.41	17705214	772263808.00
2018/06/26	42.12	42.40	41.15	42.29	11143980	471648480.00
2018/06/27	41.98	42.77	41.28	41.65	12925226	547860864.00
2018/06/28	41.22	41.93	40.83	41.25	12461006	521820288.00
2018/06/29	41.43	42.58	41.43	42.36	14336029	609805824.00
2018/07/02	42.18	42.48	40.14	40.43	15037961	629439808.00
2018/07/03	40.44	41.82	39.99	41.74	14466817	599798720.00
2018/07/04	41.40	42.05	41.02	41.46	9882953	414584224.00
2018/07/05	41.43	42.51	41.42	42.08	15418831	655741184.00
2018/07/06	42.18	43.70	42.18	43.10	19428832	844770432.00
2018/07/09	43.23	44.36	43.13	44.14	15291910	678890688.00
2018/07/10	44.17	44.29	43.33	43.90	9875286	437921568.00
2018/07/11	42.98	43.38	42.61	42.85	11413028	496029824.00
2018/07/12	43.07	44.70	43.03	44.46	13225805	590553600.00
2018/07/13	44.46	44.48	43.78	44.20	7284614	325157568.00
2018/07/16	44.08	44.36	43.13	43.65	9617967	422934560.00
2018/07/17	43.46	43.83	42.99	43.66	6947318	305455520.00
2018/07/18	43.88	44.87	43.87	44.00	15289756	686470848.00
2018/07/19	44.68	45.97	44.68	44.92	23083940	1058924480.00
2018/07/20	44.78	49.36	44.65	49.15	42000768	2006763264.00
2018/07/23	48.48	50.08	48.21	49.62	34922408	1739657216.00
2018/07/24	48.98	51.58	48.80	48.92	30483034	1536035328.00
2018/07/25	49.09	49.63	48.75	49.50	16707006	829753152.00
2018/07/26	49.58	49.59	47.87	48.18	14626739	717468416.00
2018/07/27	48.13	48.73	47.73	48.31	12958503	631548864.00
2018/07/30	48.28	49.25	48.04	48.63	14812507	726740224.00
2018/07/31	48.28	48.87	48.01	48.79	13017121	636948288.00
2018/08/01	48.83	49.15	46.28	46.31	23295216	1117959424.00
2018/08/02	45.88	46.09	43.46	44.45	19829474	901105600.00
2018/08/03	44.44	44.86	43.47	43.52	13933074	624300608.00
2018/08/06	43.62	44.63	42.46	43.22	18650076	821465088.00
2018/08/07	43.46	44.46	43.23	44.43	22196198	985467776.00
2018/08/08	44.17	44.36	42.48	42.70	16907516	743117760.00
2018/08/09	42.48	44.57	42.38	44.36	19128940	850231872.00
2018/08/10	44.26	44.98	44.21	44.87	15325790	684510656.00
2018/08/13	44.30	44.57	43.18	44.30	12270108	538309568.00
2018/08/14	44.15	44.70	43.82	44.57	9265559	410209344.00
2018/08/15	44.58	44.74	42.42	42.82	15992516	693029440.00
2018/08/16	42.07	44.09	42.02	43.38	14391014	623494784.00
2018/08/17	43.74	44.65	43.44	43.73	14859365	653827264.00
2018/08/20	43.95	44.99	43.60	44.62	21417914	951168512.00
2018/08/21	44.55	46.53	44.32	46.28	31132248	1430420736.00
2018/08/22	46.63	46.70	45.58	45.68	13292686	610463232.00
2018/08/23	45.69	46.61	45.41	46.06	13327787	613700224.00
2018/08/24	45.61	46.95	45.57	46.42	13980479	647587584.00
2018/08/27	46.60	47.69	46.28	47.44	17785224	835055296.00
2018/08/28	47.40	47.40	46.57	46.90	10483409	491420224.00
2018/08/29	47.28	47.65	46.63	46.92	13508538	635901376.00
2018/08/30	46.90	47.28	45.78	45.80	13731276	638666944.00
2018/08/31	45.68	46.50	45.52	45.85	12729325	586704896.00
2018/09/03	45.62	47.15	45.45	47.03	13442201	624110144.00
2018/09/04	47.49	47.65	46.07	47.18	17758698	833592384.00
2018/09/05	46.71	47.10	46.00	46.01	11255183	523674496.00
2018/09/06	45.90	46.34	45.64	45.96	8530067	392441312.00
2018/09/07	45.96	46.99	45.73	46.57	10190215	473387328.00
2018/09/10	46.34	46.36	44.66	45.00	11242266	508990912.00
2018/09/11	44.99	45.29	44.18	44.70	7324919	327048512.00
2018/09/12	44.50	44.85	43.88	44.40	7121376	315764768.00
2018/09/13	45.00	46.13	44.92	46.03	14129577	641407552.00
2018/09/14	46.02	46.80	45.81	46.24	10086127	467435200.00
2018/09/17	45.81	46.85	45.71	46.56	10464539	486862496.00
2018/09/18	46.36	48.17	46.17	47.97	15830994	749219328.00
2018/09/19	47.70	49.35	47.55	48.79	18857392	919313408.00
2018/09/20	48.67	49.21	48.02	48.20	10245121	496352160.00
2018/09/21	48.49	49.96	48.15	49.96	16282404	803478080.00
2018/09/25	49.49	50.36	49.11	49.91	9107094	452172736.00
2018/09/26	50.00	51.06	49.67	50.15	15387905	776073728.00
2018/09/27	49.80	49.80	48.60	49.00	16552857	811039872.00
2018/09/28	49.40	51.38	49.14	50.48	19716400	989807040.00
2018/10/08	49.00	49.43	47.70	47.91	15353580	744475648.00
2018/10/09	47.52	48.48	47.52	48.38	9338090	448973184.00
2018/10/10	48.20	48.79	47.66	48.12	8632967	415649216.00
2018/10/11	46.00	47.09	45.00	46.10	14398622	667223168.00
2018/10/12	46.01	47.99	45.97	47.87	14347179	673307136.00
2018/10/15	47.69	48.23	46.95	47.32	9998289	474725088.00
2018/10/16	47.39	48.88	47.39	48.10	12427221	598945088.00
2018/10/17	48.78	48.94	45.59	46.57	17767960	839049600.00
2018/10/18	46.50	47.00	45.51	45.57	12285604	567158144.00
2018/10/19	43.98	48.43	43.52	47.98	22215094	1022644736.00
2018/10/22	48.20	51.55	48.14	50.31	28353156	1413630464.00
2018/10/23	49.80	50.47	48.46	48.90	15728435	777700736.00
2018/10/24	49.16	50.32	48.52	49.46	15455909	766603456.00
2018/10/25	48.20	50.15	47.82	50.08	16264964	797771456.00
2018/10/26	50.06	50.06	47.83	48.45	15741164	766117056.00
2018/10/29	48.45	48.87	45.80	46.08	22057656	1027600512.00
2018/10/30	45.80	47.55	45.15	46.50	18100848	840396864.00
2018/10/31	46.54	46.96	45.57	46.78	14129313	654944000.00
2018/11/01	47.50	47.82	46.32	46.70	20489576	963963328.00
2018/11/02	47.82	49.80	47.18	49.63	30968520	1496544768.00
2018/11/05	49.00	49.18	47.96	48.94	19437720	945476416.00
2018/11/06	48.61	48.69	47.77	48.45	12956628	625220736.00
2018/11/07	48.42	49.00	47.86	48.01	12388163	599051072.00
2018/11/08	48.53	48.69	47.20	47.48	11118629	533414976.00
2018/11/09	47.03	47.38	46.35	46.39	12219089	571324032.00
2018/11/12	46.39	46.60	45.18	46.60	18863676	864648960.00
2018/11/13	45.75	47.25	45.66	46.87	16497082	766215552.00
2018/11/14	46.78	46.78	45.73	46.00	18790908	865606784.00
2018/11/15	45.95	46.96	45.95	46.95	16474994	766172480.00
2018/11/16	46.96	47.63	46.21	46.76	20577852	965703872.00
2018/11/19	46.60	47.34	46.50	46.90	15872106	743883712.00
2018/11/20	46.50	46.51	45.65	45.70	15939520	733625216.00
2018/11/21	45.30	46.08	45.22	45.81	7209918	330052864.00
2018/11/22	45.99	46.03	45.12	45.23	10051436	455615200.00
2018/11/23	45.17	45.53	44.25	44.29	10824734	483943392.00
2018/11/26	44.40	44.80	44.03	44.58	7588063	337636096.00
2018/11/27	44.75	44.97	43.86	44.05	9158351	406608704.00
2018/11/28	43.99	44.73	43.86	44.53	7774329	344852896.00
2018/11/29	44.82	45.18	43.97	44.03	8276776	368857184.00
2018/11/30	44.05	44.40	43.90	44.37	6667830	294720320.00
2018/12/03	45.65	45.80	44.90	45.23	15946367	723120512.00
2018/12/04	45.19	45.23	44.75	45.00	8132920	365675776.00
2018/12/05	44.42	44.78	44.13	44.31	11191086	496516896.00
2018/12/06	44.00	44.09	43.52	43.54	9028298	395044576.00
2018/12/07	43.70	43.85	43.52	43.79	5720524	249859104.00
2018/12/10	43.35	43.47	42.66	42.89	7620076	327768672.00
2018/12/11	42.91	43.20	42.81	43.14	4717847	202834128.00
2018/12/12	43.45	43.64	43.15	43.46	5405066	234498176.00
2018/12/13	43.50	44.55	43.31	44.21	11432167	504703808.00
2018/12/14	44.00	44.14	43.58	43.58	6112590	267844544.00
2018/12/17	43.36	43.84	43.29	43.40	5805337	252551040.00
2018/12/18	43.05	43.56	42.66	42.76	6769232	290987328.00
2018/12/19	42.80	43.18	42.53	42.61	7042052	301926976.00
2018/12/20	42.57	42.99	41.87	42.26	6688967	283311456.00
2018/12/21	42.01	42.26	41.11	41.39	9064465	375564352.00
2018/12/24	41.25	42.15	41.04	42.06	8034295	335114080.00
2018/12/25	41.67	42.17	41.13	41.87	7759921	322166976.00
2018/12/26	41.78	42.19	41.53	41.88	6145448	257529216.00
2018/12/27	42.52	42.99	41.93	41.96	12410026	527812800.00
2018/12/28	42.03	42.80	42.03	42.24	7147373	302961792.00
2019/01/02	42.31	42.52	40.76	41.07	8649252	358679520.00
2019/01/03	41.20	42.33	41.00	41.65	10606765	442692608.00
数据来源:通达信
