603377 东方时尚 日线 前复权
      日期	    开盘	    最高	    最低	    收盘	    成交量	    成交额
2016/02/05	13.41	16.23	13.41	16.23	131738	3103771.50
2016/02/15	17.91	17.91	17.91	17.91	84637	2198869.25
2016/02/16	19.77	19.77	19.77	19.77	28317	809299.88
2016/02/17	21.81	21.81	21.81	21.81	60638	1906458.75
2016/02/18	24.06	24.06	24.06	24.06	237905	8226755.00
2016/02/19	26.53	26.53	26.53	26.53	683330	25993874.00
2016/02/22	29.24	29.24	29.24	29.24	388890	16271158.00
2016/02/23	32.23	32.23	32.23	32.23	774113	35624680.00
2016/02/24	35.51	35.51	33.34	35.51	30745291	1523747072.00
2016/02/25	36.86	39.13	35.64	39.13	31687806	1705220608.00
2016/02/26	36.74	37.36	35.15	35.15	16573873	840518784.00
2016/02/29	31.57	31.57	31.57	31.57	1350800	60921080.00
2016/03/01	28.35	31.26	28.35	29.51	22084918	916116480.00
2016/03/02	29.71	32.20	28.16	30.99	18471528	800347648.00
2016/03/03	30.36	31.86	28.64	28.86	18224315	788756288.00
2016/03/04	27.28	27.93	25.95	26.20	13948818	540583616.00
2016/03/07	27.27	28.29	26.76	27.10	9511167	373701376.00
2016/03/08	26.14	26.84	25.11	26.70	9037531	337734976.00
2016/03/09	26.01	27.51	25.21	26.64	9770367	374523104.00
2016/03/10	26.64	27.57	26.15	26.57	8850683	342670912.00
2016/03/11	26.14	26.72	25.34	26.08	6537975	244228096.00
2016/03/14	26.45	28.75	26.45	28.75	6867565	274323648.00
2016/03/15	28.64	29.14	27.29	27.50	10301727	415245920.00
2016/03/16	27.98	28.71	26.86	26.92	7571441	300537664.00
2016/03/17	26.86	28.74	26.44	27.89	10393579	410171136.00
2016/03/18	27.80	30.51	27.79	29.49	12885007	538940928.00
2016/03/21	30.43	31.93	29.93	30.23	11998015	526361152.00
2016/03/22	29.64	29.85	29.00	29.08	8803633	370048576.00
2016/03/23	29.10	29.77	28.68	29.43	7668694	321467808.00
2016/03/24	28.79	29.30	28.29	28.57	8013734	328932448.00
2016/03/25	28.36	28.84	26.74	27.46	7553764	299670784.00
2016/03/28	27.56	28.21	26.82	27.11	5230245	206886736.00
2016/03/29	27.34	27.46	25.94	26.36	4688906	178165440.00
2016/03/30	26.56	27.56	26.56	27.54	6018739	233272064.00
2016/03/31	27.54	28.26	27.32	27.93	7211284	286569408.00
2016/04/01	27.59	27.71	26.71	27.16	4910200	191646896.00
2016/04/05	27.06	27.88	26.54	27.75	6150293	239848240.00
2016/04/06	27.57	27.57	27.00	27.21	4543553	177795392.00
2016/04/07	27.22	27.62	26.77	26.81	4739202	185156416.00
2016/04/08	26.42	26.49	25.86	26.44	4202688	157735968.00
2016/04/11	26.64	27.44	26.64	27.39	4748187	184727856.00
2016/04/12	27.53	28.80	27.34	28.09	9128359	368132576.00
2016/04/13	28.14	28.49	27.49	28.38	7539036	302824192.00
2016/04/14	28.48	31.10	28.29	30.43	12851178	541971136.00
2016/04/15	29.89	30.06	28.98	29.29	9454027	398868832.00
2016/04/18	28.71	28.93	27.62	27.81	5342865	215032848.00
2016/04/19	28.29	28.61	27.64	28.11	4337629	174377952.00
2016/04/20	28.14	28.36	25.64	26.04	7505701	286314752.00
2016/04/21	26.01	26.29	25.19	25.28	5051713	187026336.00
2016/04/22	25.14	26.01	25.13	25.99	3372339	123515920.00
2016/04/25	25.79	27.12	25.49	26.84	5918774	223306016.00
2016/04/26	26.50	26.97	26.32	26.72	3138265	119713632.00
2016/04/27	26.72	26.86	25.84	26.01	3082246	116402144.00
2016/04/28	26.03	26.22	25.08	25.72	3324819	121744392.00
2016/04/29	25.15	25.71	25.15	25.37	2508399	91287632.00
2016/05/03	25.70	26.14	25.29	26.14	3916872	144909600.00
2016/05/04	26.14	26.39	25.91	26.14	3354236	125527288.00
2016/05/05	26.33	26.33	25.57	26.04	3449994	128160080.00
2016/05/06	26.04	26.91	25.52	25.58	6497313	244282096.00
2016/05/09	25.14	25.19	22.96	23.19	4914878	168687504.00
2016/05/10	23.29	23.82	23.00	23.67	3577213	120457960.00
2016/05/11	23.99	24.64	23.54	23.69	3970532	136312272.00
2016/05/12	23.14	24.56	22.83	24.34	4675900	159739184.00
2016/05/13	24.21	24.49	23.58	23.84	3030839	103552704.00
2016/05/16	23.96	24.46	23.43	24.43	3604388	124138800.00
2016/05/17	24.50	24.50	24.07	24.27	2452539	84842192.00
2016/05/18	23.86	25.91	23.86	25.55	8597810	304800352.00
2016/05/19	25.14	26.69	24.94	26.07	8042448	296255424.00
2016/05/20	25.71	26.70	25.54	26.60	6510734	243785840.00
2016/05/23	26.89	27.21	26.39	26.60	6976454	266102160.00
2016/05/24	26.42	27.42	26.41	26.63	4557807	174169728.00
2016/05/25	27.26	27.66	26.75	26.99	6242648	241572224.00
2016/05/26	26.64	27.27	25.64	27.11	4874587	184463840.00
2016/05/27	26.86	27.71	26.74	27.09	5354390	207158096.00
2016/05/30	26.64	26.91	26.14	26.55	2179008	82334752.00
2016/05/31	26.49	28.14	26.46	27.98	6983828	272948064.00
2016/06/01	28.11	30.27	27.80	29.09	8359197	347155488.00
2016/06/02	29.09	30.69	28.78	30.26	5929900	252565712.00
2016/06/03	30.00	30.64	28.88	30.17	6468325	274959680.00
2016/06/06	30.50	30.50	29.18	29.86	3938093	167278224.00
2016/06/07	29.76	32.40	29.71	31.56	6582743	289238752.00
2016/06/08	31.07	31.49	29.86	30.39	4050936	175834528.00
2016/06/13	29.37	30.99	28.54	28.73	4690858	198303424.00
2016/06/14	28.54	31.62	28.54	30.75	4518584	194457616.00
2016/06/15	29.88	33.50	29.88	32.54	4878690	221216688.00
2016/06/16	32.69	34.47	32.01	32.36	5541951	261845360.00
2016/06/17	32.64	33.64	32.07	33.28	3219273	150065824.00
2016/06/20	33.26	34.21	32.44	33.31	3683879	174382128.00
2016/06/21	33.14	33.34	31.69	31.92	3801403	175092720.00
2016/06/22	31.92	32.93	31.71	32.64	2081883	96087488.00
2016/06/23	32.64	33.34	31.79	31.97	2107477	96508936.00
2016/06/24	31.94	32.39	29.33	31.05	3048156	134827152.00
2016/06/27	30.99	33.57	30.75	32.94	3021435	138291472.00
2016/06/28	32.86	33.14	32.07	32.51	1911416	88441416.00
2016/06/29	32.71	33.50	31.77	33.29	3737345	173415872.00
2016/06/30	32.43	32.84	30.29	32.06	3870916	175202224.00
2016/07/01	31.63	32.41	30.32	30.66	3744165	165651088.00
2016/07/04	30.56	31.18	29.59	30.76	3757330	161674560.00
2016/07/05	30.59	32.35	30.59	32.33	4775101	214134496.00
2016/07/06	32.21	35.61	31.36	34.59	10537245	508564640.00
2016/07/07	33.93	34.38	32.73	33.36	6570040	312086400.00
2016/07/08	33.57	35.06	33.15	34.06	5622763	272952608.00
2016/07/11	33.89	35.00	32.86	33.33	5186162	248764144.00
2016/07/12	33.34	33.50	31.57	33.40	3677714	170668640.00
2016/07/13	33.43	35.06	32.29	33.20	2403167	113000080.00
2016/07/14	33.07	33.50	32.79	33.19	1951673	91742016.00
2016/07/15	33.30	33.69	32.96	33.17	1996942	94372912.00
2016/07/18	33.00	33.00	31.79	31.82	2768651	126604872.00
2016/07/19	31.57	31.67	30.44	31.36	3209688	141084656.00
2016/07/20	30.54	31.31	30.54	31.01	2273615	99642816.00
2016/07/21	31.06	31.57	30.58	30.73	2351459	103330784.00
2016/07/22	30.79	30.79	29.57	30.11	2082820	89142568.00
2016/07/25	30.21	30.62	30.00	30.14	1235900	53089636.00
2016/07/26	30.10	30.86	29.71	30.75	1548786	67279232.00
2016/07/27	30.79	30.79	27.79	28.77	3529491	146551888.00
2016/07/28	28.81	28.82	27.21	27.85	3810874	150418240.00
2016/07/29	28.04	28.07	27.55	27.83	1586670	62794396.00
2016/08/01	27.84	28.55	26.71	28.16	1920683	75677648.00
2016/08/02	28.03	28.49	27.89	28.29	938814	37709208.00
2016/08/03	28.30	28.99	28.01	28.58	1393262	56575452.00
2016/08/04	28.64	28.69	28.26	28.30	802597	32359608.00
2016/08/05	28.30	28.43	27.51	28.03	1092699	43414124.00
2016/08/08	27.51	28.35	27.34	28.28	982340	38891392.00
2016/08/09	28.28	28.60	28.06	28.50	1141442	45998148.00
2016/08/10	28.51	28.76	28.14	28.51	963206	38931048.00
2016/08/11	28.29	28.50	27.72	27.76	1320129	52547708.00
2016/08/12	27.72	28.40	27.44	28.39	1095188	43842268.00
2016/08/15	28.52	29.94	28.46	29.80	2963417	123811728.00
2016/08/16	29.80	30.07	29.45	29.68	1435619	60606176.00
2016/08/17	29.71	29.80	29.43	29.60	1053703	44314448.00
2016/08/18	29.69	29.90	29.21	29.29	949545	39840988.00
2016/08/19	29.16	29.57	28.86	29.48	684379	28545106.00
2016/08/22	29.41	29.41	28.14	28.16	1254016	51014596.00
2016/08/23	28.11	28.44	27.86	28.26	619869	24826278.00
2016/08/24	28.16	28.43	28.06	28.24	957339	38369068.00
2016/08/25	28.14	28.21	27.56	28.16	761976	30164940.00
2016/08/26	28.43	28.56	28.07	28.46	875800	35267464.00
2016/08/29	28.29	28.54	28.01	28.16	715183	28672372.00
2016/08/30	28.31	28.38	27.87	28.36	880305	35189292.00
2016/08/31	28.24	28.72	28.24	28.49	935062	37857568.00
2016/09/01	28.60	28.69	27.92	27.94	905862	36282932.00
2016/09/02	27.79	28.34	27.79	28.32	828316	33143118.00
2016/09/05	28.34	28.57	28.25	28.30	644449	26033906.00
2016/09/06	28.29	28.96	27.93	28.91	1220514	49519488.00
2016/09/07	29.21	29.29	28.51	28.60	1089567	44636380.00
2016/09/08	28.43	28.89	28.29	28.83	939385	38207916.00
2016/09/09	28.75	29.11	28.50	28.69	887807	36480732.00
2016/09/12	28.14	28.36	27.36	28.06	1599372	63187532.00
2016/09/13	28.06	28.35	27.39	28.19	1219128	48348036.00
2016/09/14	27.86	28.86	27.79	28.63	1171393	47406880.00
2016/09/19	28.83	28.93	28.51	28.77	927339	37859564.00
2016/09/20	29.36	29.36	28.54	28.88	963629	39629264.00
2016/09/21	28.90	30.99	28.71	30.06	2691938	113985232.00
2016/09/22	30.36	30.54	29.71	30.26	1719439	73520112.00
2016/09/23	30.19	30.43	29.73	30.23	1112058	47489716.00
2016/09/26	30.09	30.21	29.04	29.83	920957	38871660.00
2016/09/27	29.61	30.06	29.57	30.03	949235	40259716.00
2016/09/28	30.04	30.04	29.57	29.93	565720	23975584.00
2016/09/29	29.93	30.24	29.64	29.79	479900	20400032.00
2016/09/30	29.82	29.99	29.29	29.69	835857	35082932.00
2016/10/10	29.82	30.47	29.39	30.31	1043129	44271712.00
2016/10/11	30.31	30.63	30.04	30.31	1061576	45661184.00
2016/10/12	30.27	30.73	30.13	30.26	680208	29317890.00
2016/10/13	30.21	30.21	29.61	29.99	756242	32069430.00
2016/10/14	29.71	29.94	29.57	29.79	381656	16112507.00
2016/10/17	29.75	29.91	28.86	28.89	835758	34806900.00
2016/10/18	28.91	29.14	28.64	29.06	945323	38793396.00
2016/10/19	29.27	29.27	28.71	28.78	634850	26013822.00
2016/10/20	28.69	28.96	28.64	28.81	548748	22481160.00
2016/10/21	28.96	28.96	28.22	28.79	1009701	40942004.00
2016/10/24	29.00	29.11	28.66	28.93	1081691	44393700.00
2016/10/25	28.97	29.14	28.58	28.81	1139514	46676248.00
2016/10/26	28.81	28.81	28.22	28.59	1662744	67111360.00
2016/10/27	28.57	28.57	28.29	28.41	719396	29048298.00
2016/10/28	28.41	28.64	28.24	28.49	894284	36170808.00
2016/10/31	28.50	28.96	28.49	28.76	1595038	65128216.00
2016/11/01	28.66	29.56	28.66	29.31	1854112	76817952.00
2016/11/02	29.32	29.54	28.50	28.61	1702712	69772128.00
2016/11/03	28.61	29.07	28.36	28.56	1438563	58597016.00
2016/11/04	28.56	29.62	28.49	29.49	2491084	103280680.00
2016/11/07	29.79	30.43	29.18	29.47	2500334	105837528.00
2016/11/08	29.48	30.14	29.21	29.96	1934541	81557696.00
2016/11/09	29.80	30.00	28.86	29.37	1986425	82951752.00
2016/11/10	29.61	31.00	29.39	30.59	3726690	160487360.00
2016/11/11	30.45	30.96	30.05	30.43	2569852	111213536.00
2016/11/14	30.21	30.70	29.77	30.23	1890460	80777488.00
2016/11/15	30.22	30.22	29.69	29.91	1538191	65160792.00
2016/11/16	30.09	30.25	29.57	29.72	1829121	77547336.00
2016/11/17	29.57	29.77	29.11	29.24	1264978	52629800.00
2016/11/18	29.31	29.84	29.27	29.50	1204379	50487352.00
2016/11/21	29.51	31.71	29.50	30.64	4688571	204424880.00
2016/11/22	31.09	32.86	30.38	32.24	7099442	318508064.00
2016/11/23	31.71	31.71	30.67	30.91	4575390	203056832.00
2016/11/24	30.68	31.57	30.57	30.91	2469883	109103016.00
2016/11/25	30.91	30.91	29.69	30.46	2084392	89529304.00
2016/11/28	30.51	30.96	29.94	30.61	1825644	78847264.00
2016/11/29	30.30	30.91	29.86	29.99	1625036	69833728.00
2016/11/30	29.69	30.01	29.45	29.72	1550913	65361324.00
2016/12/01	29.68	30.12	29.56	29.94	981369	41486232.00
2016/12/02	30.00	30.19	27.94	27.99	2889879	118189632.00
2016/12/05	27.21	28.29	27.16	28.03	1582219	62529484.00
2016/12/06	28.25	28.46	28.00	28.15	743771	29770966.00
2016/12/07	28.15	28.31	27.73	28.18	642396	25580958.00
2016/12/08	28.28	28.45	28.13	28.14	757210	30412036.00
2016/12/09	28.15	28.30	27.76	28.04	916713	36407536.00
2016/12/12	28.04	28.04	26.09	26.86	1554992	59574016.00
2016/12/13	26.70	27.00	26.09	26.74	684683	25774928.00
2016/12/14	26.61	26.87	26.27	26.35	483600	18292652.00
2016/12/15	26.34	26.86	26.22	26.54	934163	35274208.00
2016/12/16	26.44	26.84	26.29	26.79	662257	25093570.00
2016/12/19	26.71	26.77	26.36	26.67	522450	19748798.00
2016/12/20	26.51	27.01	26.51	26.86	477059	18191612.00
2016/12/21	26.99	27.07	26.61	27.00	732768	28006952.00
2016/12/22	26.79	27.14	26.63	27.05	757010	28956216.00
2016/12/23	27.04	27.64	26.86	27.17	1257535	48865560.00
2016/12/26	27.14	28.04	26.83	27.96	976305	38319864.00
2016/12/27	27.79	28.34	27.78	28.31	1009170	40230220.00
2016/12/28	28.18	28.90	27.89	28.51	1410239	56961040.00
2016/12/29	28.57	28.57	28.02	28.19	634847	25509488.00
2016/12/30	28.09	28.52	28.00	28.41	843235	33931424.00
2017/01/03	28.28	28.32	27.74	28.09	444857	17752748.00
2017/01/04	27.91	28.30	27.89	28.21	958598	38373256.00
2017/01/05	28.21	28.52	27.94	28.38	783972	31461574.00
2017/01/06	28.40	29.41	28.40	29.22	1823202	75135440.00
2017/01/09	29.14	29.73	28.86	29.39	1096503	45725644.00
2017/01/10	29.15	29.67	28.89	29.55	992313	41546748.00
2017/01/11	29.43	29.64	28.71	28.72	685499	28511500.00
2017/01/12	29.15	29.15	28.30	28.54	592736	24189396.00
2017/01/13	28.49	29.39	28.45	28.59	829098	34088660.00
2017/01/16	28.57	28.85	26.72	28.33	1042195	41036640.00
2017/01/17	28.33	28.49	27.79	28.12	722985	28853026.00
2017/01/18	28.07	28.25	27.90	28.14	301044	12010601.00
2017/01/19	28.14	28.22	27.57	27.63	277677	11015321.00
2017/01/20	27.82	28.84	27.65	28.69	697260	28372726.00
2017/01/23	28.29	28.71	28.29	28.66	532038	21608184.00
2017/01/24	28.66	29.11	28.29	28.43	431402	17530466.00
2017/01/25	28.16	28.39	27.93	28.01	630603	25194746.00
2017/01/26	27.86	28.51	27.84	28.48	751304	30096688.00
2017/02/03	28.21	28.79	27.79	27.86	368200	14778091.00
2017/02/06	27.86	28.12	27.07	27.19	1327523	51577416.00
2017/02/07	27.18	27.18	25.35	25.55	7068400	261113376.00
2017/02/08	25.40	25.51	24.93	25.21	3462902	124134416.00
2017/02/09	25.16	25.36	24.94	25.24	2897887	104064176.00
2017/02/10	25.24	25.37	25.15	25.19	2702061	97197576.00
2017/02/13	25.13	25.24	24.94	25.17	1840188	65694824.00
2017/02/14	25.18	25.45	25.05	25.23	2641700	94975728.00
2017/02/15	25.23	25.29	24.68	24.79	2356350	83915936.00
2017/02/16	24.78	24.89	24.60	24.83	1299604	45826756.00
2017/02/17	24.79	24.89	24.53	24.59	2587661	91110768.00
2017/02/20	24.46	24.72	24.39	24.59	1943710	68148120.00
2017/02/21	24.56	24.68	24.36	24.45	3542060	123731216.00
2017/02/22	24.49	24.64	24.33	24.48	2467464	86006440.00
2017/02/23	24.44	24.69	24.44	24.62	2286953	79976936.00
2017/02/24	24.54	25.12	24.54	25.05	5160787	182794544.00
2017/02/27	25.04	25.25	24.86	24.89	3783534	134807728.00
2017/02/28	24.88	24.99	24.77	24.86	1915791	67848440.00
2017/03/01	24.86	24.93	24.72	24.81	2862329	101237624.00
2017/03/02	24.74	24.91	24.74	24.81	1691571	59807348.00
2017/03/03	24.86	25.42	24.79	25.26	5241741	187613072.00
2017/03/06	25.25	25.84	25.01	25.76	4053324	146791936.00
2017/03/07	25.66	25.84	25.36	25.75	2556608	93155840.00
2017/03/08	25.74	26.36	25.54	25.91	2661097	98526968.00
2017/03/09	25.86	26.07	25.34	26.00	1838343	67470704.00
2017/03/10	25.97	26.01	25.46	25.78	1921917	70278504.00
2017/03/13	25.57	25.91	25.37	25.84	1654163	60460348.00
2017/03/14	25.84	26.07	25.56	25.86	1387805	50941340.00
2017/03/15	25.79	25.85	25.57	25.59	1464399	53478936.00
2017/03/16	25.60	26.07	25.60	25.87	1941486	71533408.00
2017/03/17	25.84	26.21	25.71	25.93	1772365	65728144.00
2017/03/20	25.98	27.29	25.88	26.82	3536952	134456944.00
2017/03/21	26.83	27.49	26.57	26.71	3342808	127487960.00
2017/03/22	26.56	26.99	26.50	26.66	1179053	44700628.00
2017/03/23	26.75	27.51	26.69	27.40	3128106	120643256.00
2017/03/24	27.40	27.77	27.19	27.55	2075284	81371040.00
2017/03/27	27.29	27.36	26.57	27.15	3420233	131353072.00
2017/03/28	26.99	27.00	26.14	26.20	4486461	169016096.00
2017/03/29	25.96	25.96	25.30	25.38	6630281	241660160.00
2017/03/30	25.84	26.56	25.05	26.29	6338104	233614960.00
2017/03/31	26.21	27.56	26.18	27.40	8762672	339855712.00
2017/04/05	27.36	28.21	26.77	27.81	5659278	223143056.00
2017/04/06	27.82	28.07	27.43	27.65	3453247	135893072.00
2017/04/07	27.64	27.66	27.18	27.44	2338224	91038672.00
2017/04/10	27.29	27.68	26.64	27.20	2635174	101637768.00
2017/04/11	27.12	27.21	26.44	26.71	3085385	117519632.00
2017/04/12	26.76	27.11	26.19	26.52	2092800	78886400.00
2017/04/13	26.31	26.99	26.29	26.53	1325467	50212352.00
2017/04/14	26.36	26.52	25.72	26.07	1268201	47010588.00
2017/04/17	26.06	26.63	25.53	25.93	1664707	61485720.00
2017/04/18	26.34	27.38	26.08	26.78	2145892	82164880.00
2017/04/19	26.80	26.82	26.40	26.49	981400	37082356.00
2017/04/20	26.36	26.69	25.36	26.22	1630961	60125420.00
2017/04/21	26.22	26.22	25.21	25.35	1931847	70341720.00
2017/04/24	25.49	25.49	24.66	25.31	1696832	60961588.00
2017/04/25	25.31	25.64	25.00	25.40	1039600	37666232.00
2017/04/26	25.16	25.49	25.01	25.36	706700	25406328.00
2017/04/27	25.29	25.55	25.14	25.42	3855112	139321184.00
2017/04/28	25.65	26.41	25.29	26.37	1834200	67997272.00
2017/05/02	26.31	26.63	26.05	26.07	1259907	47375844.00
2017/05/03	26.01	26.34	25.82	26.21	714794	26484830.00
2017/05/04	26.23	26.39	25.91	26.12	1162321	43268908.00
2017/05/05	25.94	26.14	25.71	26.01	617285	22805220.00
2017/05/08	25.92	26.16	25.44	25.48	812772	29878814.00
2017/05/09	25.56	25.64	25.14	25.63	1262856	45643964.00
2017/05/10	25.63	25.76	25.45	25.54	327118	11920676.00
2017/05/11	25.14	25.63	24.79	25.59	819700	29372420.00
2017/05/12	25.62	25.62	25.16	25.48	571901	20615904.00
2017/05/15	25.23	26.00	25.23	25.80	854610	31315040.00
2017/05/16	25.81	25.81	25.29	25.79	785900	28620392.00
2017/05/17	25.79	25.97	25.57	25.71	610700	22419850.00
2017/05/18	25.54	25.97	25.31	25.85	641500	23595572.00
2017/05/19	25.84	25.96	25.60	25.85	586525	21555894.00
2017/05/22	25.71	25.71	24.82	25.18	1725100	61773572.00
2017/05/23	25.06	25.13	24.50	24.82	1242977	43712660.00
2017/05/24	24.93	25.55	24.58	25.26	2174649	77573320.00
2017/05/25	25.01	25.29	24.89	25.06	703700	25204172.00
2017/05/26	24.96	25.62	24.64	25.56	1503994	53152332.00
2017/05/31	25.50	25.75	24.97	25.56	3064006	110138552.00
2017/06/01	25.40	25.51	24.96	25.42	1044561	37522988.00
2017/06/02	25.26	25.84	24.86	25.65	2858874	102854712.00
2017/06/05	25.64	25.98	25.38	25.50	1207024	44352416.00
2017/06/06	25.50	25.79	25.29	25.51	567610	20584350.00
2017/06/07	25.49	25.82	25.32	25.73	789612	28901606.00
2017/06/08	25.73	25.79	25.36	25.52	610581	22247478.00
2017/06/09	25.50	25.62	25.30	25.52	536213	19425992.00
2017/06/12	25.50	25.79	25.17	25.52	1256903	45718292.00
2017/06/13	25.34	25.86	25.34	25.78	1541445	56391264.00
2017/06/14	25.58	25.87	25.58	25.77	525100	19267974.00
2017/06/15	25.76	25.84	25.41	25.65	651698	23805976.00
2017/06/16	25.65	25.85	25.59	25.81	844590	30627312.00
2017/06/19	25.79	25.85	25.26	25.54	472292	17014684.00
2017/06/20	25.80	25.80	25.46	25.61	1195710	43120928.00
2017/06/21	25.50	25.52	25.00	25.21	1205800	43147900.00
2017/06/22	25.24	25.36	24.77	25.26	2568943	90538080.00
2017/06/23	25.07	25.93	25.00	25.84	1867883	67543688.00
2017/06/26	25.85	26.14	25.66	26.10	1071552	39241188.00
2017/06/27	25.94	26.96	25.94	26.89	2086012	78528352.00
2017/06/28	26.82	26.82	26.57	26.66	598214	22491756.00
2017/06/29	26.57	27.14	26.57	26.69	1074899	40636860.00
2017/06/30	26.64	26.92	26.21	26.64	1268000	47245984.00
2017/07/03	26.67	26.69	26.21	26.39	758370	28252826.00
2017/07/04	26.39	26.62	26.25	26.41	981572	36505344.00
2017/07/05	26.33	26.49	25.79	26.05	2275882	83860160.00
2017/07/06	26.15	26.15	25.38	25.65	2459038	88989376.00
2017/07/07	25.43	25.63	24.93	25.45	3191577	113473648.00
2017/07/10	25.27	25.27	24.73	24.92	2957247	103912304.00
2017/07/11	24.99	25.18	24.81	24.94	686800	24263330.00
2017/07/12	25.07	25.07	24.39	24.59	1103884	38580252.00
2017/07/13	24.54	25.65	23.27	25.09	5749589	198831376.00
2017/07/14	24.67	25.27	24.29	25.21	3493171	122802008.00
2017/07/17	25.21	25.63	23.93	24.76	2603800	91965512.00
2017/07/18	24.43	24.97	24.38	24.61	1389049	48259140.00
2017/07/19	24.60	25.07	24.50	25.04	1083556	38136332.00
2017/07/20	24.97	25.16	24.64	24.90	696995	24497194.00
2017/07/21	24.77	25.06	24.53	24.91	522488	18248756.00
2017/07/24	24.66	25.03	24.55	24.76	966519	33916200.00
2017/07/25	24.78	24.96	24.60	24.61	228964	7972058.50
2017/07/26	24.84	24.84	24.12	24.21	553300	19014720.00
2017/07/27	24.21	24.50	23.72	24.43	1346159	45831816.00
2017/07/28	24.42	24.42	24.07	24.20	781796	26679488.00
2017/07/31	24.08	24.27	23.37	23.47	1273329	42604644.00
2017/08/01	23.47	23.61	23.00	23.02	1676575	55098448.00
2017/08/02	23.01	23.04	21.90	22.01	3870617	121365976.00
2017/08/03	22.01	22.41	21.64	22.36	1502652	46820624.00
2017/08/04	22.31	22.45	21.94	22.35	914366	28795988.00
2017/08/07	22.34	23.00	22.07	22.79	939271	29841176.00
2017/08/08	22.73	22.99	22.51	22.79	889502	28663294.00
2017/08/09	22.80	22.80	22.33	22.49	1079036	34391400.00
2017/08/10	22.30	22.47	21.82	22.07	892680	27832326.00
2017/08/11	22.02	22.14	21.63	22.12	1050725	32381944.00
2017/08/14	21.94	22.59	21.94	22.47	858175	27149456.00
2017/08/15	22.50	22.76	22.44	22.57	331485	10572140.00
2017/08/16	22.57	22.61	21.93	22.16	624900	19600920.00
2017/08/17	22.23	22.43	21.77	22.28	959037	29873328.00
2017/08/18	22.18	22.18	21.92	21.98	452500	14088415.00
2017/08/21	22.00	22.26	21.95	22.21	674339	21092318.00
2017/08/22	22.38	22.38	21.86	21.99	771349	24022350.00
2017/08/23	22.09	22.12	21.86	22.00	420400	13060620.00
2017/08/24	22.14	22.14	21.68	21.80	551726	17021064.00
2017/08/25	21.14	21.79	21.14	21.68	622407	18951230.00
2017/08/28	21.70	21.78	21.50	21.63	889857	27231540.00
2017/08/29	21.70	21.71	21.33	21.44	958330	29065464.00
2017/08/30	21.41	21.60	21.28	21.48	861517	26133276.00
2017/08/31	21.49	23.34	21.40	23.06	3515453	112153488.00
2017/09/01	22.94	23.23	22.26	22.44	2099957	67215048.00
2017/09/04	22.34	22.84	22.33	22.61	1048200	33514770.00
2017/09/05	22.48	22.71	22.29	22.61	664500	21110472.00
2017/09/06	22.76	22.99	22.53	22.64	907401	29190794.00
2017/09/07	22.71	23.31	22.70	22.79	1607625	52260568.00
2017/09/08	22.68	23.01	22.36	22.52	966945	30845072.00
2017/09/11	22.58	22.58	22.44	22.49	476808	15160660.00
2017/09/12	22.50	22.87	22.28	22.84	1170940	37396372.00
2017/09/13	22.90	23.20	22.58	23.16	1220676	39632544.00
2017/09/14	23.34	23.34	23.04	23.18	717570	23478954.00
2017/09/15	23.07	23.41	23.00	23.32	763600	25106534.00
2017/09/18	23.31	23.46	23.11	23.46	1110700	36663264.00
2017/09/19	23.64	23.64	23.12	23.31	645123	21288510.00
2017/09/20	23.41	23.41	23.14	23.29	367939	12103399.00
2017/09/21	23.36	23.36	23.04	23.08	379406	12412265.00
2017/09/22	23.00	23.14	22.38	22.92	983330	31605318.00
2017/09/25	22.92	22.98	22.51	22.53	227858	7292750.50
2017/09/26	22.51	22.68	22.23	22.29	259192	8191507.00
2017/09/27	22.40	22.99	22.26	22.62	481992	15474679.00
2017/09/28	22.44	22.93	22.38	22.41	243900	7795202.00
2017/09/29	22.73	22.73	22.29	22.38	247200	7833566.00
2017/10/09	22.42	22.97	22.42	22.82	688700	22113824.00
2017/10/10	22.79	23.35	22.64	23.20	1151137	37609676.00
2017/10/11	23.28	23.28	22.91	23.10	688810	22520070.00
2017/10/12	22.88	23.16	22.76	23.06	345200	11207396.00
2017/10/13	23.11	23.21	22.94	22.95	590291	19183764.00
2017/10/16	23.13	23.13	22.29	22.57	606819	19402074.00
2017/10/17	22.50	22.76	22.50	22.73	921131	29455990.00
2017/10/18	22.63	22.73	22.33	22.47	889368	28266252.00
2017/10/19	22.57	22.57	22.14	22.49	621800	19589232.00
2017/10/20	22.34	22.92	22.21	22.88	1395030	44220904.00
2017/10/23	22.94	23.63	22.64	23.36	2587943	85065240.00
2017/10/24	23.28	23.51	22.86	23.16	1437496	47014288.00
2017/10/25	23.28	23.54	23.10	23.52	1556151	51369348.00
2017/10/26	23.36	24.42	23.36	24.36	3130031	106206440.00
2017/10/27	24.36	24.56	24.10	24.36	1672596	57541784.00
2017/10/30	24.36	24.50	23.59	24.34	1632194	55485296.00
2017/10/31	24.29	24.43	23.67	24.27	1989527	67996672.00
2017/11/01	24.09	24.34	23.71	23.88	1254100	42318568.00
2017/11/02	23.66	24.17	23.66	24.01	1154000	38880568.00
2017/11/03	23.99	24.26	23.87	24.01	1166840	39601312.00
2017/11/06	24.10	25.87	23.94	25.29	5243922	187730288.00
2017/11/07	25.11	26.02	25.11	25.91	2264721	82029416.00
2017/11/08	25.97	26.13	25.74	25.98	1198359	43923760.00
2017/11/09	25.98	26.16	25.44	26.09	872600	31758690.00
2017/11/10	26.09	26.12	25.54	25.91	693700	25281468.00
2017/11/13	25.96	26.30	25.69	26.27	1988361	73280792.00
2017/11/14	26.21	26.29	25.81	26.10	918549	33685468.00
2017/11/15	26.10	26.19	25.66	26.10	1535703	56294244.00
2017/11/16	26.10	26.86	25.84	26.66	1622187	60773004.00
2017/11/17	26.39	26.90	26.14	26.24	1390388	51615724.00
2017/11/20	26.24	26.67	25.58	26.47	820960	30338318.00
2017/11/21	26.58	27.27	26.37	27.23	1146400	43711488.00
2017/11/22	27.29	27.29	26.81	26.94	904960	34550928.00
2017/11/23	26.93	27.15	26.58	26.90	1098942	41684788.00
2017/11/24	26.60	26.89	26.44	26.59	1112600	41831292.00
2017/11/27	26.69	26.89	26.32	26.81	1474529	55514244.00
2017/11/28	26.73	27.21	26.47	27.19	879304	33560064.00
2017/11/29	26.97	27.25	26.84	27.23	773319	29544490.00
2017/11/30	27.21	27.21	26.64	26.71	750500	28537174.00
2017/12/01	26.64	27.06	26.59	27.01	692592	26336704.00
2017/12/04	26.74	27.13	26.74	26.97	1081662	41244200.00
2017/12/05	26.96	27.04	26.57	26.71	764510	28884672.00
2017/12/06	26.69	27.16	25.67	26.93	2102506	78680960.00
2017/12/07	27.07	27.07	26.27	26.52	508043	19196524.00
2017/12/08	26.76	26.82	26.25	26.42	742700	27837844.00
2017/12/11	26.57	26.84	26.29	26.39	578900	21618668.00
2017/12/12	26.24	26.82	26.24	26.63	452759	17013758.00
2017/12/13	26.40	26.79	26.15	26.78	630659	23548782.00
2017/12/14	26.84	26.84	26.29	26.51	712700	26668072.00
2017/12/15	26.84	26.84	25.91	26.16	863650	32028172.00
2017/12/18	26.14	26.57	26.14	26.56	633025	23518614.00
2017/12/19	26.95	27.04	26.66	27.02	1880300	71494264.00
2017/12/20	27.00	27.36	27.00	27.32	1174086	44992164.00
2017/12/21	27.36	27.68	27.09	27.64	1921944	74479088.00
2017/12/22	27.79	27.88	26.93	27.36	1472128	57072328.00
2017/12/25	27.41	28.46	27.11	28.34	2841082	111421304.00
2017/12/26	28.26	28.39	27.94	28.21	1485836	59097188.00
2017/12/27	28.21	28.21	27.79	28.12	1005500	39747272.00
2017/12/28	28.12	28.14	27.36	27.81	1705421	67078152.00
2017/12/29	27.81	28.37	27.36	28.34	1426187	56443252.00
2018/01/02	28.35	28.56	28.14	28.41	735558	29457052.00
2018/01/03	28.41	28.41	27.86	28.12	1045000	41448328.00
2018/01/04	27.97	28.35	27.97	28.25	820228	32625932.00
2018/01/05	28.27	28.48	28.21	28.30	500800	20031832.00
2018/01/08	28.15	28.66	28.09	28.64	1089800	43598536.00
2018/01/09	28.36	28.71	28.23	28.71	1423942	57275504.00
2018/01/10	28.66	28.71	28.31	28.69	1120989	45102384.00
2018/01/11	28.69	28.69	28.07	28.31	627090	25068960.00
2018/01/12	28.01	28.34	27.41	28.28	1291998	51274500.00
2018/01/15	28.27	28.28	27.66	27.89	645004	25410532.00
2018/01/16	28.35	28.35	27.65	28.02	349422	13752374.00
2018/01/17	28.00	28.18	26.94	28.12	1109894	43263856.00
2018/01/18	28.12	28.26	27.75	28.19	495914	19556208.00
2018/01/19	27.91	28.24	27.86	28.19	298202	11806531.00
2018/01/22	28.18	28.56	28.07	28.35	2357637	94211216.00
2018/01/23	28.34	28.71	28.01	28.24	865150	34509128.00
2018/01/24	28.21	28.21	27.91	28.11	557377	22054580.00
2018/01/25	27.97	28.27	27.64	28.16	1435900	57017932.00
2018/01/26	28.19	28.59	28.01	28.56	2319692	93070616.00
2018/01/29	28.51	28.59	27.66	27.90	532069	21044334.00
2018/01/30	27.74	28.10	26.96	27.81	700300	27223284.00
2018/01/31	27.54	27.85	27.08	27.31	708500	27308424.00
2018/02/01	27.31	27.31	24.82	25.58	1626450	59356664.00
2018/02/02	25.16	26.20	24.59	26.13	3554178	126750608.00
2018/02/05	25.93	26.50	25.86	26.32	1276300	46992672.00
2018/02/06	26.15	26.29	25.14	26.04	975200	35426640.00
2018/02/07	26.20	26.29	25.57	26.28	919075	33892352.00
2018/02/08	26.26	26.49	25.99	26.31	268026	9935627.00
2018/02/09	26.11	26.29	25.57	26.22	755583	27470248.00
2018/02/12	26.22	27.16	25.86	26.93	242983	9159338.00
2018/02/13	26.93	27.96	26.79	27.81	1829683	70691144.00
2018/02/14	27.64	28.36	27.40	28.14	2435236	96907392.00
2018/02/22	28.21	28.21	27.80	28.04	836538	32968072.00
2018/02/23	28.21	28.21	27.84	28.01	521780	20597572.00
2018/02/26	28.09	28.17	27.74	28.16	787700	31089980.00
2018/02/27	28.18	28.18	27.51	27.79	462548	18136602.00
2018/02/28	27.88	28.27	27.52	28.24	822041	32478642.00
2018/03/01	28.21	28.21	27.65	27.86	273550	10770913.00
2018/03/02	27.99	27.99	27.66	27.72	267000	10482452.00
2018/03/05	27.91	28.04	27.47	27.96	599131	23471328.00
2018/03/06	27.90	28.26	27.57	27.82	383200	15067692.00
2018/03/07	27.90	27.90	27.36	27.59	283936	11028707.00
2018/03/08	27.15	27.98	27.15	27.90	434392	16941200.00
2018/03/09	27.90	28.14	26.93	27.65	488100	19177672.00
2018/03/12	27.65	28.07	27.30	27.49	693074	26952862.00
2018/03/13	27.43	27.79	26.24	27.48	776868	29807650.00
2018/03/14	27.46	27.55	26.79	27.48	675191	25900014.00
2018/03/15	27.59	27.59	26.98	27.44	402658	15438568.00
2018/03/16	27.39	27.43	27.01	27.33	204400	7849299.50
2018/03/19	27.31	27.44	26.60	27.29	463674	17807080.00
2018/03/20	26.96	27.26	26.69	27.19	391330	14888480.00
2018/03/21	27.17	27.17	26.43	26.60	375570	14129080.00
2018/03/22	26.58	26.75	26.23	26.60	278745	10399727.00
2018/03/23	26.23	26.45	25.63	26.24	421576	15536899.00
2018/03/26	26.24	27.04	25.57	26.80	406434	15038872.00
2018/03/27	26.80	26.93	26.38	26.44	264408	9937498.00
2018/03/28	26.32	26.71	25.72	26.08	431375	15908214.00
2018/03/29	26.06	26.44	25.89	26.19	286292	10605327.00
2018/03/30	26.19	26.57	25.83	26.44	623391	23204618.00
2018/04/02	26.93	26.93	26.16	26.44	625432	23351646.00
2018/04/03	26.01	26.56	26.01	26.55	554720	20760974.00
2018/04/04	26.62	26.74	26.32	26.65	293700	11044533.00
2018/04/09	26.64	26.86	26.08	26.26	288624	10737522.00
2018/04/10	26.39	26.93	26.14	26.91	687182	25770766.00
2018/04/11	26.91	27.03	26.70	26.87	291500	11043497.00
2018/04/12	26.76	26.93	26.35	26.87	203125	7648070.00
2018/04/13	26.96	26.96	26.23	26.46	224624	8430708.00
2018/04/16	26.50	26.72	25.57	26.38	794672	29551924.00
2018/04/17	26.61	26.65	26.08	26.38	184800	6883900.00
2018/04/18	26.23	26.54	25.62	26.18	463525	17015340.00
2018/04/19	26.06	26.25	25.93	25.94	297860	10952417.00
2018/04/20	26.00	26.36	25.51	26.33	393663	14414959.00
2018/04/23	26.06	26.31	25.69	26.06	223994	8208973.50
2018/04/24	26.05	26.92	25.86	26.76	405360	15026365.00
2018/04/25	26.66	26.66	26.06	26.29	364500	13517635.00
2018/04/26	26.28	26.28	25.01	25.06	656100	23621720.00
2018/04/27	25.43	25.64	24.79	25.34	604700	21496240.00
2018/05/02	25.11	25.35	23.43	23.79	600000	20498620.00
2018/05/03	24.06	24.56	23.51	24.45	1060467	35885288.00
2018/05/04	24.20	24.35	23.93	24.26	753000	25725478.00
2018/05/07	24.26	24.46	23.72	23.97	1165785	39887968.00
2018/05/08	24.19	24.35	23.83	24.23	705618	23974186.00
2018/05/09	24.23	24.26	23.79	24.06	350165	11875131.00
2018/05/10	24.14	24.14	23.83	23.88	256985	8697498.00
2018/05/11	23.96	23.98	23.61	23.94	543262	18281394.00
2018/05/14	23.94	24.03	23.44	23.49	284100	9485892.00
2018/05/15	23.57	24.07	23.35	23.80	371923	12422836.00
2018/05/16	24.00	24.00	23.11	23.80	175500	4170990.00
2018/05/17	23.80	23.85	23.32	23.39	233942	5500536.50
2018/05/18	23.57	23.58	22.85	23.21	331279	7662972.00
2018/05/21	23.50	23.98	22.68	23.75	578134	13681409.00
2018/05/22	23.79	24.09	23.61	23.81	1064544	25445744.00
2018/05/23	23.82	24.15	23.39	23.89	1115980	26636786.00
2018/05/24	23.89	24.20	23.72	23.91	1150720	27569988.00
2018/05/25	23.91	24.14	23.40	23.76	624760	14883336.00
2018/05/28	23.76	23.95	23.55	23.74	774964	18427124.00
2018/05/29	23.90	23.90	23.00	23.38	453240	10639026.00
2018/05/30	23.20	23.30	22.00	23.04	853232	19535460.00
2018/05/31	23.09	23.22	22.54	22.96	829952	18980752.00
2018/06/01	22.95	23.29	22.41	22.89	1451740	33158458.00
2018/06/04	23.07	23.66	22.28	23.60	2397420	54932656.00
2018/06/05	23.38	23.80	23.11	23.77	1762098	41431872.00
2018/06/06	23.63	23.90	23.44	23.53	1211825	28538388.00
2018/06/07	23.53	23.94	23.23	23.92	1819597	43061060.00
2018/06/08	23.90	24.14	23.77	23.96	907346	21744950.00
2018/06/11	23.80	24.50	23.80	24.34	1312386	31753698.00
2018/06/12	24.43	25.17	24.06	25.06	1367112	33867600.00
2018/06/13	25.06	25.37	24.77	24.81	1091268	27253968.00
2018/06/14	24.63	26.18	24.63	26.16	3880165	98802552.00
2018/06/15	25.90	26.16	25.55	25.94	1700493	43855960.00
2018/06/19	25.58	25.83	24.14	25.25	1366960	33928736.00
2018/06/20	25.10	25.26	24.30	25.14	694439	17198006.00
2018/06/21	24.62	24.99	23.57	24.60	1448680	35201068.00
2018/06/22	24.59	24.60	22.14	22.14	2097340	48883560.00
2018/06/25	21.98	21.98	19.93	19.93	6969826	140337072.00
2018/06/26	17.94	17.94	17.94	17.94	2832100	50807872.00
2018/06/27	16.15	16.90	16.15	16.15	9080500	146729936.00
2018/06/28	14.54	14.54	14.54	14.54	422200	6138788.00
2018/06/29	13.09	14.29	13.09	13.85	27271183	365314720.00
2018/07/02	13.30	13.90	13.09	13.24	14238129	191443872.00
2018/07/03	13.30	13.82	13.00	13.32	12102850	161367616.00
2018/07/04	13.35	14.18	13.16	13.74	12706970	174510160.00
2018/07/05	13.60	13.74	13.06	13.09	8425593	112833936.00
2018/07/06	13.04	13.48	12.93	13.34	6719999	89119912.00
2018/07/09	13.36	13.58	13.25	13.51	6144772	82693096.00
2018/07/10	14.07	14.18	13.58	13.84	6519499	89586376.00
2018/07/11	13.48	13.55	13.12	13.35	4213286	56063192.00
2018/07/12	13.40	13.79	13.23	13.61	6648489	90118408.00
2018/07/13	13.62	14.69	13.48	14.03	7338669	102485688.00
2018/07/16	13.83	15.34	13.81	14.83	7741629	112634560.00
2018/07/17	14.55	14.74	14.24	14.63	5021565	73112128.00
2018/07/18	14.62	14.71	14.08	14.13	3882384	55702776.00
2018/07/19	14.15	14.28	13.78	13.91	3002724	41920040.00
2018/07/20	13.91	14.17	13.82	14.08	2129024	29989764.00
2018/07/23	14.00	14.50	13.92	14.46	3091462	44320248.00
2018/07/24	14.46	14.77	14.25	14.51	2954641	42844496.00
2018/07/25	14.73	14.98	14.50	14.59	2537160	37202296.00
2018/07/26	14.40	14.45	14.06	14.37	2608793	37276232.00
2018/07/27	14.44	14.44	13.95	14.03	1874681	26406972.00
2018/07/30	13.91	14.17	13.81	13.97	1449968	20311528.00
2018/07/31	14.01	14.25	13.72	13.87	1390340	19434884.00
2018/08/01	13.89	14.06	13.65	13.68	1242140	17239584.00
2018/08/02	13.53	13.66	12.31	12.31	6205160	79963328.00
2018/08/03	12.15	12.75	12.00	12.65	2930445	36675544.00
2018/08/06	12.75	12.83	12.16	12.25	2040848	25340430.00
2018/08/07	12.25	12.81	12.24	12.68	2214560	27721312.00
2018/08/08	12.65	12.65	12.09	12.18	1443940	17800008.00
2018/08/09	12.11	12.77	12.11	12.49	2031530	25360346.00
2018/08/10	12.70	13.12	12.50	13.02	2098260	26878620.00
2018/08/13	12.95	13.12	12.65	13.03	1562372	20200828.00
2018/08/14	13.25	13.25	12.88	13.09	867521	11306055.00
2018/08/15	12.92	13.13	12.76	12.95	1086460	14051124.00
2018/08/16	12.66	13.06	12.45	12.59	1120286	14258469.00
2018/08/17	12.65	12.94	12.55	12.69	1078240	13803243.00
2018/08/20	12.69	12.95	12.26	12.86	1835315	23288080.00
2018/08/21	12.85	13.66	12.80	13.47	2462578	32724136.00
2018/08/22	13.48	13.66	13.26	13.38	1247218	16757147.00
2018/08/23	13.49	13.67	13.25	13.50	1202335	16211742.00
2018/08/24	13.41	13.87	13.30	13.66	1293455	17653888.00
2018/08/27	13.94	14.09	13.71	13.86	2464143	34256924.00
2018/08/28	13.92	14.00	13.70	13.83	1113784	15410884.00
2018/08/29	13.83	13.93	13.64	13.75	1109390	15302116.00
2018/08/30	13.74	13.88	13.53	13.74	1186744	16286086.00
2018/08/31	13.51	13.80	13.33	13.73	1069109	14579780.00
2018/09/03	13.73	13.73	13.30	13.47	678040	9154037.00
2018/09/04	13.61	14.70	13.41	14.10	2220303	31383840.00
2018/09/05	14.02	14.02	13.50	13.67	1911833	26214384.00
2018/09/06	13.46	13.76	13.21	13.25	1308260	17645876.00
2018/09/07	13.45	13.88	13.16	13.42	1678169	22891196.00
2018/09/10	13.63	13.83	13.24	13.25	1292503	17510480.00
2018/09/11	12.90	13.53	12.90	13.47	1198964	16039922.00
2018/09/12	13.47	13.50	12.91	13.01	1648060	21616852.00
2018/09/13	13.25	13.48	12.97	13.28	1087140	14372474.00
2018/09/14	13.28	13.28	12.74	12.92	1189100	15389850.00
2018/09/17	12.95	13.06	12.55	12.86	724249	9226709.00
2018/09/18	12.70	13.07	12.53	13.04	1067063	13676286.00
2018/09/19	12.80	13.23	12.66	13.04	1039594	13507586.00
2018/09/20	12.92	13.12	12.75	12.80	861619	11093658.00
2018/09/21	12.84	13.17	12.70	13.12	977699	12717554.00
2018/09/25	13.10	13.10	12.82	12.86	630791	8132376.00
2018/09/26	12.83	13.12	12.70	12.87	592280	7662489.00
2018/09/27	12.86	13.01	12.49	12.49	638940	8186808.00
2018/09/28	12.83	13.56	12.77	13.31	2879635	38240072.00
2018/10/08	13.00	13.29	12.80	12.95	1228825	15996903.00
2018/10/09	12.96	13.18	12.76	12.78	972151	12515415.00
2018/10/10	12.85	13.10	12.80	12.82	879420	11370219.00
2018/10/11	12.68	12.68	11.61	11.95	1393858	16877056.00
2018/10/12	11.95	12.06	11.33	11.91	855600	9960523.00
2018/10/15	11.91	12.02	11.41	11.46	678030	7862187.00
2018/10/16	11.46	11.53	10.31	11.16	2367180	25969196.00
2018/10/17	11.09	11.50	10.80	11.42	1389185	15536392.00
2018/10/18	11.22	11.83	11.13	11.70	1086876	12612187.00
2018/10/19	11.74	11.99	11.15	11.57	1156240	13199940.00
2018/10/22	11.69	12.34	11.57	12.21	1561540	18858184.00
2018/10/23	12.02	12.65	11.98	12.04	778080	9518906.00
2018/10/24	12.08	12.19	11.80	11.88	717260	8616405.00
2018/10/25	11.65	13.04	11.54	12.48	1800620	22146312.00
2018/10/26	12.48	12.60	12.32	12.55	1139150	14153633.00
2018/10/29	12.44	12.56	12.19	12.56	550126	6820538.00
2018/10/30	12.56	13.00	12.30	12.80	645694	8175249.00
2018/10/31	12.80	13.08	12.62	12.85	1216842	15670537.00
2018/11/01	13.14	13.14	12.76	12.92	773940	10031372.00
2018/11/02	12.98	13.20	12.98	13.03	897680	11752705.00
2018/11/05	13.05	13.15	12.75	12.88	1146692	14845376.00
2018/11/06	12.96	13.00	12.70	12.83	690880	8872953.00
2018/11/07	13.00	13.00	12.58	12.65	877077	11190087.00
2018/11/08	12.62	13.05	12.62	12.83	1675747	21502574.00
2018/11/09	12.98	12.98	12.54	12.77	1330000	16947412.00
2018/11/12	12.48	13.07	12.48	13.05	1412818	18208836.00
2018/11/13	12.90	13.58	12.86	13.36	2030350	27050372.00
2018/11/14	13.49	13.53	13.02	13.21	1494060	19894160.00
2018/11/15	13.06	13.69	13.06	13.57	2435342	32685340.00
2018/11/16	13.48	13.63	13.36	13.41	1350055	18178056.00
2018/11/19	13.24	13.47	13.24	13.27	905540	12058706.00
2018/11/20	13.30	13.34	12.90	13.00	1067520	13991293.00
2018/11/21	12.99	13.69	12.60	13.69	2236448	29766816.00
2018/11/22	13.51	14.02	13.45	14.02	2354577	32423740.00
2018/11/23	14.04	14.09	13.35	13.87	2188749	29883224.00
2018/11/26	13.71	13.71	13.25	13.29	1102540	14828094.00
2018/11/27	13.15	13.63	13.15	13.60	930024	12549688.00
2018/11/28	13.52	13.79	13.37	13.67	883000	11983780.00
2018/11/29	13.71	13.81	13.29	13.79	1443809	19656676.00
2018/11/30	13.69	13.92	13.48	13.80	881861	12088794.00
2018/12/03	14.02	14.18	13.75	13.85	2577038	35777392.00
2018/12/04	13.69	13.69	13.20	13.45	1547661	20807794.00
2018/12/05	13.15	13.39	13.09	13.12	1625460	21419850.00
2018/12/06	13.00	13.10	12.93	13.00	1113274	14448427.00
2018/12/07	12.90	13.19	12.80	13.05	487000	6353058.00
2018/12/10	13.01	13.13	12.70	13.01	1566416	20191824.00
2018/12/11	12.97	13.19	12.50	13.16	2318267	29668648.00
2018/12/12	13.22	13.22	12.95	13.13	1654584	21688634.00
2018/12/13	13.28	13.28	13.00	13.12	1323600	17368912.00
2018/12/14	13.14	13.21	13.10	13.14	837008	11020590.00
2018/12/17	13.14	13.53	13.04	13.53	1558337	20687404.00
2018/12/18	13.30	13.80	13.30	13.71	2076204	28288800.00
2018/12/19	13.64	13.74	13.54	13.66	845645	11521282.00
2018/12/20	13.66	13.80	13.51	13.62	2671493	36412784.00
2018/12/21	13.58	14.07	13.53	13.88	9612906	132103376.00
2018/12/24	13.88	13.95	13.39	13.74	10998653	150429344.00
2018/12/25	13.65	13.65	13.27	13.49	5244358	70278680.00
2018/12/26	13.42	13.95	13.30	13.89	2303178	31744272.00
2018/12/27	13.91	14.50	13.78	14.30	3904895	55487648.00
2018/12/28	14.20	14.69	13.93	14.60	2464500	35211004.00
2019/01/02	14.40	14.56	13.74	13.74	2156300	30355160.00
2019/01/03	13.84	14.17	13.52	14.13	1964107	27172932.00
数据来源:通达信
