603896 寿仙谷 日线 前复权
      日期	    开盘	    最高	    最低	    收盘	    成交量	    成交额
2017/05/10	13.65	16.42	13.65	16.42	8219	133829.78
2017/05/11	18.08	18.08	18.08	18.08	6600	120648.00
2017/05/12	19.91	19.91	19.91	19.91	7933	159532.63
2017/05/15	21.92	21.92	21.92	21.92	8933	197597.95
2017/05/16	24.13	24.13	24.13	24.13	20951	509737.84
2017/05/17	26.56	26.56	26.56	26.56	39804	1065155.00
2017/05/18	29.24	29.24	29.24	29.24	36758	1082155.50
2017/05/19	32.18	32.18	32.18	32.18	307585	9959602.00
2017/05/22	33.30	33.30	28.94	28.94	17652935	542984000.00
2017/05/23	27.82	31.85	27.18	31.85	19029139	576405312.00
2017/05/24	30.90	35.06	30.89	35.06	17344531	584266560.00
2017/05/25	36.80	38.59	35.75	38.59	18817735	708442368.00
2017/05/26	42.08	42.47	41.38	42.47	7382684	313592128.00
2017/05/31	46.74	46.74	44.30	44.86	22323346	1035973184.00
2017/06/01	46.19	46.78	40.51	42.36	19898885	881301888.00
2017/06/02	38.82	42.80	38.82	41.67	15203106	619910592.00
2017/06/05	42.76	45.14	39.31	39.43	18548660	790894016.00
2017/06/06	37.89	38.27	36.08	37.64	16449943	616703296.00
2017/06/07	37.40	41.20	37.35	39.56	16900830	661317120.00
2017/06/08	38.83	39.10	36.62	37.04	12921437	490537056.00
2017/06/09	36.30	40.25	36.30	37.97	13493621	519262400.00
2017/06/12	37.08	41.70	36.58	40.37	16339302	655355328.00
2017/06/13	39.43	42.25	39.43	40.63	13571423	557149504.00
2017/06/14	39.82	40.50	38.81	39.18	8775999	348782048.00
2017/06/15	39.00	43.12	38.88	43.12	16105852	676542976.00
2017/06/16	42.70	43.60	41.31	41.93	12171208	514779328.00
2017/06/19	41.75	42.19	40.25	42.11	7703968	319458400.00
2017/06/20	41.86	42.40	40.55	41.00	6784668	283232416.00
2017/06/21	41.00	41.63	40.30	41.33	5914665	244044096.00
2017/06/22	41.37	41.55	37.57	37.62	10896957	429726208.00
2017/06/23	37.62	39.02	37.62	38.43	6408746	246688912.00
2017/06/26	37.97	38.65	36.82	38.35	4479489	171045888.00
2017/06/27	38.28	39.98	37.81	38.77	6521489	256173664.00
2017/06/28	38.38	38.95	37.61	38.49	4486090	172571456.00
2017/06/29	38.57	39.67	38.41	38.51	5106119	200167136.00
2017/06/30	37.50	39.60	37.13	38.81	6297031	243211232.00
2017/07/03	38.41	39.20	38.41	38.82	3692162	143939952.00
2017/07/04	38.73	41.08	38.60	40.63	9389338	377526976.00
2017/07/05	40.30	40.95	39.82	40.78	7070157	287108032.00
2017/07/06	40.60	41.27	39.58	40.24	6945387	281574464.00
2017/07/07	39.91	42.30	39.70	41.30	8669328	358952512.00
2017/07/10	40.40	40.59	38.23	38.35	8089177	317246560.00
2017/07/11	38.35	38.72	37.36	37.84	3863531	147763728.00
2017/07/12	37.88	38.38	37.25	38.28	3355915	127653400.00
2017/07/13	38.10	38.18	37.45	37.58	2640499	100116392.00
2017/07/14	37.51	38.19	37.05	37.28	2473125	93697312.00
2017/07/17	36.31	36.47	33.53	33.53	4683669	160911456.00
2017/07/18	32.41	33.29	31.32	32.65	3917946	127815704.00
2017/07/19	32.38	32.93	31.82	32.82	2919065	95361168.00
2017/07/20	32.60	33.96	32.58	32.97	3314693	111415728.00
2017/07/21	32.86	33.05	31.58	31.61	2987975	96951464.00
2017/07/24	30.91	31.75	29.81	31.60	3333488	104176336.00
2017/07/25	31.64	32.08	30.80	31.54	2483289	78707592.00
2017/07/26	31.50	31.81	30.83	30.88	2183662	68608896.00
2017/07/27	30.67	32.75	30.51	32.60	4514299	144969312.00
2017/07/28	32.29	32.47	31.40	31.44	3028412	97031304.00
2017/07/31	31.40	32.46	30.81	31.66	3129685	99633168.00
2017/08/01	31.47	34.65	31.18	33.93	5990508	196957296.00
2017/08/02	33.35	33.76	32.82	33.37	4042443	135510256.00
2017/08/03	32.94	34.40	32.94	33.47	4124715	140471776.00
2017/08/04	33.60	33.73	32.47	32.51	3259603	107937992.00
2017/08/07	32.36	33.40	32.30	32.61	1787734	59102288.00
2017/08/08	32.46	32.91	31.70	32.09	2416048	78145256.00
2017/08/09	32.15	32.25	31.67	31.71	1680733	53958024.00
2017/08/10	31.72	32.07	30.60	30.69	2685261	84405576.00
2017/08/11	30.77	31.53	30.69	30.80	2198882	68849480.00
2017/08/14	30.86	31.48	30.60	31.29	1656605	52011376.00
2017/08/15	31.33	32.79	31.20	32.60	3640823	118113824.00
2017/08/16	32.65	33.68	32.15	32.83	4096906	136262704.00
2017/08/17	32.45	33.13	32.31	32.58	2260517	74201952.00
2017/08/18	32.40	33.15	32.18	32.74	2128190	70115880.00
2017/08/21	32.82	34.30	32.82	33.68	2965954	99776192.00
2017/08/22	33.62	34.28	33.10	33.14	3281733	111069272.00
2017/08/23	32.93	34.28	32.73	33.78	3852845	130150408.00
2017/08/24	33.52	34.02	32.71	32.73	3277480	110102144.00
2017/08/25	33.25	33.95	32.71	33.58	3438033	115370936.00
2017/08/28	33.60	35.72	33.60	34.68	6539788	229234128.00
2017/08/29	34.30	37.76	33.92	36.37	8592740	312162048.00
2017/08/30	35.70	36.04	35.15	35.43	4632476	165619328.00
2017/08/31	35.15	36.29	35.15	35.90	3623620	130944240.00
2017/09/01	35.75	36.10	34.80	35.20	3537838	125514776.00
2017/09/04	34.99	35.56	34.63	34.92	2310862	81449264.00
2017/09/05	34.85	35.90	34.85	35.75	2910822	103917232.00
2017/09/06	35.54	35.63	34.65	35.08	2394169	84449416.00
2017/09/07	35.10	35.80	34.86	35.19	2408776	85529048.00
2017/09/08	34.92	37.08	34.92	35.79	3853599	139454192.00
2017/09/11	35.75	36.43	35.41	36.29	3191364	115445000.00
2017/09/12	36.17	36.29	34.95	35.12	3155865	112929432.00
2017/09/13	34.91	35.45	34.85	35.12	1288925	45527276.00
2017/09/14	35.12	35.33	34.85	34.97	1538279	54234128.00
2017/09/15	34.90	35.10	34.01	34.05	1950355	67713344.00
2017/09/18	33.90	34.33	33.80	34.29	1274541	43693348.00
2017/09/19	34.28	34.99	34.17	34.68	1331400	46368404.00
2017/09/20	34.59	35.12	34.32	35.03	1547625	54015932.00
2017/09/21	35.03	35.42	34.80	35.05	2076839	73386280.00
2017/09/22	34.84	36.30	34.83	36.09	4035233	145199728.00
2017/09/25	36.00	36.10	35.45	35.78	2181963	78384336.00
2017/09/26	35.69	35.98	33.85	34.05	3231864	112666544.00
2017/09/27	33.88	34.39	33.88	34.30	1166715	40125500.00
2017/09/28	34.22	35.45	34.03	35.07	2294076	80494232.00
2017/09/29	35.05	37.76	35.01	36.34	4511587	165822000.00
2017/10/09	36.81	39.29	36.35	38.53	7115708	271864896.00
2017/10/10	38.23	42.29	38.14	40.52	8239167	331625280.00
2017/10/11	40.22	40.88	39.12	39.51	5946142	238605440.00
2017/10/12	39.28	43.48	39.28	43.48	8514701	359553536.00
2017/10/13	44.70	45.35	42.50	43.68	8490079	376109728.00
2017/10/16	42.40	45.08	42.16	43.72	5914293	259303616.00
2017/10/17	42.62	43.68	41.91	42.14	4246623	182277920.00
2017/10/18	42.41	46.37	42.41	46.37	8163815	375275168.00
2017/10/19	46.30	49.16	44.59	44.68	9362073	440920896.00
2017/10/20	45.81	47.07	43.24	46.93	6112191	278567072.00
2017/10/23	46.57	50.73	45.87	48.60	5921229	288475552.00
2017/10/24	48.65	53.48	47.68	53.48	6513536	332988352.00
2017/10/25	54.48	58.85	53.57	58.85	8080995	461479200.00
2017/10/26	59.30	60.57	54.82	57.31	10438280	601223488.00
2017/10/27	57.08	60.38	55.30	55.44	9001790	523620864.00
2017/10/30	54.44	59.13	52.83	58.75	8212484	464504064.00
2017/10/31	58.14	59.80	56.30	57.27	5874446	338280896.00
2017/11/01	56.80	62.22	55.13	61.76	8775797	509707552.00
2017/11/02	59.80	62.78	58.36	58.87	7954839	478851744.00
2017/11/03	57.69	59.24	55.47	55.54	5112198	293500096.00
2017/11/06	56.94	59.65	55.80	58.18	5921383	343277472.00
2017/11/07	57.80	59.90	56.60	58.60	5334875	312626272.00
2017/11/08	58.45	61.04	58.02	59.62	5897046	352351520.00
2017/11/09	58.80	60.30	58.25	58.51	4132644	244684368.00
2017/11/10	58.00	59.42	56.90	59.26	5080367	298057344.00
2017/11/13	58.98	64.89	57.80	63.67	7101056	442359424.00
2017/11/14	62.79	68.48	61.83	66.97	7486371	489104032.00
2017/11/15	66.01	69.59	65.01	67.61	6149021	414591168.00
2017/11/16	66.60	68.79	65.53	66.40	4316195	290161312.00
2017/11/17	66.60	67.77	61.31	64.80	5299171	346063424.00
2017/11/20	62.76	65.40	62.51	64.84	3222838	207330160.00
2017/11/21	64.50	65.46	61.38	62.12	3923574	248555520.00
2017/11/22	61.62	62.74	56.57	57.87	4805610	287692768.00
2017/11/23	57.80	58.52	54.81	56.13	3489862	198599760.00
2017/11/24	55.79	56.39	53.80	54.56	2077499	115585960.00
2017/11/27	54.80	55.25	49.08	49.36	2957892	153302608.00
2017/11/28	49.30	51.16	49.30	50.72	2279474	115107808.00
2017/11/29	50.19	51.25	47.38	50.24	3074842	152293840.00
2017/11/30	49.82	54.14	49.82	52.50	3543042	186481408.00
2017/12/01	51.96	53.17	51.04	52.78	2146644	112966256.00
2017/12/04	52.34	52.34	48.68	50.25	2807739	141582640.00
2017/12/05	49.75	50.20	45.21	45.21	2944372	139235840.00
2017/12/06	44.35	47.02	43.88	46.92	2376765	109341968.00
2017/12/07	46.51	47.20	45.20	45.89	1802666	83536992.00
2017/12/08	45.99	48.99	45.99	48.15	2794698	134414976.00
2017/12/11	48.11	48.98	47.32	48.35	2318602	112184936.00
2017/12/12	48.47	51.75	48.47	49.95	3548697	179911888.00
2017/12/13	49.10	51.06	49.10	50.49	2415569	121744848.00
2017/12/14	50.30	52.43	49.50	51.67	2608457	132806408.00
2017/12/15	51.30	52.26	50.38	50.71	1836116	94641272.00
2017/12/18	50.05	51.76	49.79	50.84	1585185	80959768.00
2017/12/19	50.40	51.35	49.25	50.18	1659262	83619384.00
2017/12/20	50.18	54.02	49.82	53.12	3202513	167678752.00
2017/12/21	52.65	55.35	52.05	55.18	3071370	166145456.00
2017/12/22	54.65	57.37	54.50	55.16	3201532	180056384.00
2017/12/25	55.12	60.10	55.12	59.41	4208701	244010816.00
2017/12/26	58.80	60.48	57.48	59.35	3635677	214815696.00
2017/12/27	58.98	59.56	56.80	56.91	2607174	151861264.00
2017/12/28	56.90	58.23	55.30	56.88	2537819	144238576.00
2017/12/29	57.06	58.76	55.57	56.90	2130432	122389696.00
2018/01/02	56.80	58.47	56.30	57.67	1577291	91329224.00
2018/01/03	57.35	57.56	55.51	55.89	2296484	129372232.00
2018/01/04	55.80	56.64	54.80	55.97	1463350	82381728.00
2018/01/05	56.36	57.97	56.30	56.35	2033546	116367560.00
2018/01/08	55.81	56.24	53.80	54.70	2234672	122383472.00
2018/01/09	54.69	57.73	54.05	57.11	2954519	167046096.00
2018/01/10	56.98	57.18	54.85	55.39	2075633	116358840.00
2018/01/11	54.90	56.29	53.33	55.11	2174066	119406232.00
2018/01/12	54.40	55.75	53.87	53.88	1618351	88430112.00
2018/01/15	53.81	54.16	50.40	50.48	2881099	148735968.00
2018/01/16	50.80	51.40	49.88	50.94	1601307	81366464.00
2018/01/17	50.90	50.98	49.01	50.20	1418248	71018280.00
2018/01/18	50.40	50.90	48.48	48.63	1513018	75539616.00
2018/01/19	48.80	53.51	47.88	52.81	4165241	216516192.00
2018/01/22	52.80	52.80	50.40	50.92	2313592	118967552.00
2018/01/23	50.88	51.27	49.68	50.09	1643092	82930104.00
2018/01/24	50.10	51.77	49.41	50.38	1482800	75381568.00
2018/01/25	50.39	52.77	49.55	50.94	2189033	112099808.00
2018/01/26	50.50	51.37	49.58	49.99	1222732	61744240.00
2018/01/29	50.30	50.39	48.50	48.68	1264300	62471804.00
2018/01/30	48.70	49.90	48.68	48.93	773253	38174456.00
2018/01/31	48.66	48.96	46.30	46.58	1458158	69150184.00
2018/02/01	47.06	47.39	44.90	45.89	901713	41806872.00
2018/02/02	45.80	45.91	44.57	45.04	763000	34651632.00
2018/02/05	44.80	44.80	42.92	43.19	857300	37721452.00
2018/02/06	41.80	42.58	39.31	39.55	1612113	65870452.00
2018/02/07	40.29	41.46	39.50	40.50	1405391	57342044.00
2018/02/08	40.70	43.59	40.18	43.10	1434800	60724524.00
2018/02/09	41.80	43.10	41.30	42.06	1080880	45680264.00
2018/02/12	42.55	44.15	42.32	42.99	1505133	65195692.00
2018/02/13	42.99	43.44	42.20	42.24	886492	37929676.00
2018/02/14	42.19	42.59	40.16	40.72	943125	38883916.00
2018/02/22	41.03	42.07	40.72	42.06	946562	39465848.00
2018/02/23	41.88	42.34	41.42	42.21	864515	36336780.00
2018/02/26	42.80	46.45	42.79	46.45	3338646	152740384.00
2018/02/27	45.80	48.38	45.51	46.95	3215259	151919232.00
2018/02/28	46.30	47.05	45.60	45.83	1645083	76259112.00
2018/03/01	46.77	47.09	45.90	46.99	1639650	76789928.00
2018/03/02	46.38	46.38	44.98	45.73	1623717	74282656.00
2018/03/05	45.27	47.00	45.15	46.49	1446792	67041120.00
2018/03/06	46.64	49.48	46.11	48.04	2749849	132735976.00
2018/03/07	47.41	48.78	47.02	47.31	1804400	86514840.00
2018/03/08	47.46	48.95	46.26	48.80	2996029	144265648.00
2018/03/09	48.29	50.10	48.17	49.95	2893780	143145248.00
2018/03/12	50.80	51.49	49.26	49.85	2193380	110055832.00
2018/03/13	49.81	49.88	47.87	47.92	2066780	100617504.00
2018/03/14	47.40	47.81	47.11	47.18	1124860	53593696.00
2018/03/15	46.80	46.80	45.40	46.18	1488986	68994712.00
2018/03/16	46.19	47.00	46.00	46.12	868030	40594736.00
2018/03/19	46.21	48.30	46.21	48.29	1809859	86721512.00
2018/03/20	47.42	50.40	47.33	49.88	3600798	179372912.00
2018/03/21	49.20	50.40	47.60	47.98	2640456	129189320.00
2018/03/22	47.86	48.30	46.81	46.97	1532573	72895800.00
2018/03/23	45.60	45.60	42.38	42.67	2015891	89167552.00
2018/03/26	41.15	43.75	40.36	43.53	1484211	63287288.00
2018/03/27	44.06	45.58	44.06	44.64	1824014	82225992.00
2018/03/28	43.77	45.48	43.32	43.96	1231065	55266752.00
2018/03/29	44.68	44.78	43.80	44.38	1043504	46521376.00
2018/03/30	44.50	46.20	44.41	45.64	1562529	71236784.00
2018/04/02	46.79	46.80	44.97	45.85	1308719	60174760.00
2018/04/03	44.80	50.46	44.60	50.41	6347129	312204192.00
2018/04/04	48.81	52.29	48.80	49.26	4994557	252566672.00
2018/04/09	48.80	48.83	47.27	48.71	3072756	148221056.00
2018/04/10	48.71	50.50	47.15	50.12	3540041	173163664.00
2018/04/11	49.82	50.28	48.67	48.99	2344833	115983584.00
2018/04/12	49.80	50.60	48.82	49.15	2822263	141018848.00
2018/04/13	48.91	49.80	47.47	47.57	2299168	111780152.00
2018/04/16	47.39	48.13	46.92	47.93	1091177	52119828.00
2018/04/17	48.40	48.40	45.38	45.45	1674633	78262944.00
2018/04/18	45.68	46.07	43.95	45.90	1333249	60556212.00
2018/04/19	45.80	46.24	45.00	45.41	1207418	55306288.00
2018/04/20	45.23	45.35	42.83	44.00	1457808	64673764.00
2018/04/23	43.99	44.76	43.32	44.09	764769	33786040.00
2018/04/24	44.11	46.25	44.11	45.79	1423277	65107516.00
2018/04/25	45.79	47.80	45.50	47.65	2439292	115288888.00
2018/04/26	47.00	47.60	45.82	45.98	1725933	80610592.00
2018/04/27	45.86	49.65	45.85	48.64	3495872	170150544.00
2018/05/02	48.60	50.79	48.40	49.34	3654179	182471408.00
2018/05/03	48.75	49.67	47.30	49.52	2386776	116503264.00
2018/05/04	48.78	49.35	47.93	48.34	2091476	102196800.00
2018/05/07	48.60	51.70	48.60	51.26	3845410	195403952.00
2018/05/08	50.90	54.18	49.80	52.18	4267337	224180432.00
2018/05/09	51.81	52.25	50.46	50.94	2441494	125218712.00
2018/05/10	51.00	52.79	50.21	51.08	3008091	155647744.00
2018/05/11	50.63	53.06	49.11	49.72	2972000	153468944.00
2018/05/14	49.93	51.70	49.80	50.59	2374071	120657472.00
2018/05/15	50.33	50.76	48.80	49.88	2726944	135392912.00
2018/05/16	50.08	52.34	49.80	51.48	4111589	211805120.00
2018/05/17	51.06	51.35	50.02	50.36	2388022	121059640.00
2018/05/18	50.44	50.60	47.96	49.10	3026517	149044016.00
2018/05/21	49.45	50.15	48.69	49.15	2751802	136464128.00
2018/05/22	49.06	50.10	48.81	50.06	3287644	164089696.00
2018/05/23	49.80	53.26	49.62	53.05	6648675	346345760.00
2018/05/24	52.60	53.32	51.77	52.81	4201924	221725344.00
2018/05/25	52.85	55.01	52.61	54.99	6189401	336894848.00
2018/05/28	54.81	57.78	54.11	57.32	7004368	395397536.00
2018/05/29	56.71	58.63	51.85	53.06	7093751	396987168.00
2018/05/30	51.30	52.97	49.15	50.05	5018810	258590880.00
2018/05/31	51.01	54.22	50.40	53.75	4680174	246010624.00
2018/06/01	53.25	55.80	52.41	54.11	4362746	236755120.00
2018/06/04	55.15	55.56	52.88	53.22	2859533	154974272.00
2018/06/05	53.00	55.54	53.00	55.47	3854026	211898864.00
2018/06/06	55.20	56.90	54.63	55.03	3942894	220562192.00
2018/06/07	54.89	55.40	53.36	54.13	2634933	143675888.00
2018/06/08	53.80	54.60	53.05	54.00	2362684	127679024.00
2018/06/11	53.82	54.06	50.78	52.08	3048204	159702880.00
2018/06/12	51.60	52.30	50.10	52.11	2750784	141408416.00
2018/06/13	51.79	52.76	51.07	51.19	1835366	95491016.00
2018/06/14	50.79	52.05	49.90	51.27	1760066	90634936.00
2018/06/15	51.15	51.89	50.13	50.74	2060495	105256120.00
2018/06/19	49.68	50.56	45.65	45.65	3789500	180315040.00
2018/06/20	45.08	48.05	44.31	47.78	3173753	147175072.00
2018/06/21	46.80	48.00	45.78	45.96	2488500	116820016.00
2018/06/22	45.30	47.00	44.80	46.66	1727301	80118256.00
2018/06/25	46.90	47.65	46.15	46.35	1514214	71166664.00
2018/06/26	45.61	47.24	45.30	46.96	1426113	66761844.00
2018/06/27	46.85	47.57	45.75	46.00	1493702	69903600.00
2018/06/28	45.81	49.60	45.37	48.45	2850570	135962512.00
2018/06/29	47.79	49.40	47.41	48.69	2843062	138791712.00
2018/07/02	48.69	49.67	47.83	48.17	1614462	79031352.00
2018/07/03	47.90	48.61	46.30	47.89	1793666	85821408.00
2018/07/04	47.80	47.92	45.60	45.79	1820885	85121376.00
2018/07/05	45.29	46.39	43.95	44.07	1528204	69334280.00
2018/07/06	44.41	46.10	43.80	45.80	2113800	95947184.00
2018/07/09	45.80	46.95	45.80	46.62	1379162	64536844.00
2018/07/10	46.62	47.78	46.30	47.65	1832857	86926064.00
2018/07/11	46.79	47.30	45.30	46.50	1683238	78350008.00
2018/07/12	46.98	48.10	46.50	47.81	1794499	85439072.00
2018/07/13	47.81	48.93	47.51	48.33	2106491	101848264.00
2018/07/16	47.97	48.38	47.33	47.83	1196972	57136000.00
2018/07/17	47.36	47.85	46.09	47.03	1223639	57416960.00
2018/07/18	47.22	48.47	47.10	47.43	1663064	79595408.00
2018/07/19	47.37	47.98	46.48	47.14	1315233	61947336.00
2018/07/20	46.81	47.61	46.53	47.38	939500	44346208.00
2018/07/23	46.02	46.80	44.02	44.91	2851664	129337672.00
2018/07/24	44.49	45.95	44.01	45.60	1388714	63087844.00
2018/07/25	45.49	45.95	45.02	45.41	1339558	61114316.00
2018/07/26	45.42	46.05	45.30	45.55	1018545	46535092.00
2018/07/27	45.50	45.75	44.11	44.48	1370109	61116056.00
2018/07/30	44.38	44.90	41.60	42.24	1794676	77016376.00
2018/07/31	42.32	42.85	41.88	42.33	812600	34461960.00
2018/08/01	42.48	42.65	40.18	40.49	1258900	52068356.00
2018/08/02	40.40	40.40	38.00	39.16	1766612	69136512.00
2018/08/03	38.96	39.33	37.58	37.59	1066700	40901348.00
2018/08/06	37.39	37.39	36.00	36.10	1325400	48509620.00
2018/08/07	36.29	37.97	36.10	37.88	1634533	60805564.00
2018/08/08	37.55	37.85	36.88	36.94	921200	34377052.00
2018/08/09	36.55	38.20	36.55	37.71	1129572	42597856.00
2018/08/10	37.71	39.30	37.71	38.94	1571843	60721420.00
2018/08/13	38.38	39.06	37.86	39.02	1199968	46068624.00
2018/08/14	38.80	39.40	38.30	38.82	1042825	40544612.00
2018/08/15	38.70	38.96	38.09	38.16	684445	26321430.00
2018/08/16	37.00	38.16	36.50	37.13	991345	36956180.00
2018/08/17	37.45	37.98	36.80	36.84	878753	32875728.00
2018/08/20	36.85	37.38	35.08	36.54	1017031	37001276.00
2018/08/21	36.60	38.20	36.43	37.88	1182339	44361476.00
2018/08/22	37.70	37.83	37.28	37.40	666300	24985906.00
2018/08/23	37.59	37.88	37.25	37.59	688000	25883144.00
2018/08/24	37.59	37.93	37.32	37.59	519761	19577434.00
2018/08/27	37.83	38.83	37.83	38.52	1283177	49274156.00
2018/08/28	38.57	38.98	38.11	38.35	774385	29708798.00
2018/08/29	38.32	38.56	37.80	37.86	633093	24106758.00
2018/08/30	37.73	38.04	36.95	37.00	692500	25956368.00
2018/08/31	36.87	38.25	36.79	38.14	1127633	42416440.00
2018/09/03	38.00	38.07	35.53	36.30	1440378	52535512.00
2018/09/04	36.05	37.36	35.83	37.34	1105350	40530132.00
2018/09/05	37.14	37.14	36.21	36.31	861950	31576510.00
2018/09/06	35.99	36.55	35.81	35.97	549933	19856278.00
2018/09/07	36.00	36.54	35.50	35.84	553550	19955920.00
2018/09/10	35.60	35.62	34.67	34.73	745500	26108902.00
2018/09/11	34.70	34.91	34.25	34.64	495300	17154850.00
2018/09/12	34.79	35.38	34.55	35.01	534033	18702452.00
2018/09/13	35.57	35.63	34.06	34.50	805650	27884968.00
2018/09/14	34.53	34.87	34.08	34.21	588100	20180992.00
2018/09/17	34.48	34.48	32.49	32.60	1027100	34016232.00
2018/09/18	32.60	33.36	32.50	33.21	711800	23507024.00
2018/09/19	32.90	34.26	32.81	33.68	839845	28362388.00
2018/09/20	33.80	34.85	33.68	34.07	871733	29968648.00
2018/09/21	34.28	34.70	33.90	34.49	755293	25963808.00
2018/09/25	34.28	34.56	34.00	34.29	538500	18479916.00
2018/09/26	34.40	35.33	34.34	34.92	971315	33898680.00
2018/09/27	34.65	35.06	34.45	34.58	661177	22966888.00
2018/09/28	34.58	35.04	34.58	34.90	568893	19817482.00
2018/10/08	34.65	34.65	33.04	33.06	922178	31209140.00
2018/10/09	33.09	34.25	33.09	33.90	707205	23974768.00
2018/10/10	33.84	34.76	33.72	34.58	850500	29196020.00
2018/10/11	33.49	33.94	31.12	31.13	1328299	43082328.00
2018/10/12	30.98	31.38	29.50	30.48	1071300	32483836.00
2018/10/15	30.74	31.15	30.05	30.10	641800	19610844.00
2018/10/16	30.16	30.47	27.67	28.82	868195	25571708.00
2018/10/17	29.00	29.40	28.02	29.05	1005495	29016246.00
2018/10/18	28.31	28.75	26.80	26.98	1145295	31830940.00
2018/10/19	26.63	28.20	26.16	28.18	1252095	34366640.00
2018/10/22	28.50	30.05	28.50	29.89	1399221	41297952.00
2018/10/23	29.94	30.48	29.28	29.59	1094416	32676148.00
2018/10/24	29.50	30.33	29.25	29.80	963633	28889628.00
2018/10/25	28.70	30.17	28.21	30.10	897638	26312264.00
2018/10/26	30.10	30.27	28.91	29.40	1094012	32228316.00
2018/10/29	29.30	29.30	28.01	28.19	682571	19523560.00
2018/10/30	28.40	29.00	27.98	28.60	976769	27976448.00
2018/10/31	28.61	29.60	28.60	29.39	868277	25437354.00
2018/11/01	29.50	29.96	28.88	29.30	870671	25787840.00
2018/11/02	29.78	30.68	29.58	30.50	1578702	47688016.00
2018/11/05	30.50	31.16	29.67	29.99	1715128	52042468.00
2018/11/06	29.86	30.15	29.30	29.55	1159069	34216784.00
2018/11/07	29.83	29.89	29.38	29.58	984589	29165174.00
2018/11/08	29.69	29.87	28.87	29.09	991375	29071280.00
2018/11/09	28.74	29.34	28.74	28.83	591940	17158160.00
2018/11/12	28.95	30.00	28.74	30.00	1410600	41593664.00
2018/11/13	29.40	31.03	29.00	30.26	1889092	57025132.00
2018/11/14	30.30	33.29	29.70	31.33	2930465	90156256.00
2018/11/15	31.36	31.90	30.70	31.75	3245021	101591128.00
2018/11/16	31.92	31.92	31.22	31.41	2061506	64954692.00
2018/11/19	31.13	31.36	30.76	30.97	1132295	35130952.00
2018/11/20	30.63	31.79	30.51	30.92	1701514	53306792.00
2018/11/21	30.50	30.87	30.08	30.63	1315991	40123936.00
2018/11/22	30.87	31.77	30.63	31.60	2316464	72752056.00
2018/11/23	31.54	31.68	30.19	30.25	1783307	55080776.00
2018/11/26	29.68	30.15	28.63	28.70	1566661	45805936.00
2018/11/27	28.77	29.25	28.56	28.90	661100	19127276.00
2018/11/28	28.90	29.05	28.10	28.60	1124052	32039010.00
2018/11/29	28.83	29.00	27.72	27.78	1150300	32805784.00
2018/11/30	27.56	28.18	27.33	27.95	1069349	29698620.00
2018/12/03	28.99	28.99	28.20	28.56	1592100	45515632.00
2018/12/04	28.66	28.89	28.51	28.81	910779	26142924.00
2018/12/05	28.20	28.88	28.13	28.69	970263	27607668.00
2018/12/06	28.69	28.70	27.81	27.86	1113179	31317200.00
2018/12/07	27.86	28.08	27.54	27.77	600918	16697251.00
2018/12/10	27.42	27.67	26.50	26.70	1152031	31008374.00
2018/12/11	26.80	27.16	26.80	27.06	421518	11364086.00
2018/12/12	27.06	27.41	27.06	27.31	525319	14328199.00
2018/12/13	27.40	27.85	27.20	27.53	635300	17530876.00
2018/12/14	27.59	27.75	27.04	27.50	686561	18906950.00
2018/12/17	27.19	27.35	26.91	27.12	435614	11826310.00
2018/12/18	27.12	28.00	26.95	27.94	992640	27436496.00
2018/12/19	27.82	28.05	27.13	27.20	499600	13787800.00
2018/12/20	27.24	27.48	27.00	27.34	405920	11069842.00
2018/12/21	27.20	27.50	26.88	27.00	447253	12133169.00
2018/12/24	26.81	27.75	26.81	27.75	593253	16274890.00
2018/12/25	27.51	27.85	26.90	27.75	753567	20620560.00
2018/12/26	27.72	27.80	27.17	27.19	510879	14035507.00
2018/12/27	27.49	27.60	26.49	26.49	582900	15778070.00
2018/12/28	26.49	26.78	26.29	26.47	530760	14047733.00
2019/01/02	26.47	26.80	26.33	26.42	476555	12640702.00
2019/01/03	26.50	26.88	26.25	26.31	548081	14504118.00
数据来源:通达信
