601016 节能风电 日线 前复权
      日期	    开盘	    最高	    最低	    收盘	    成交量	    成交额
2014/09/29	1.19	1.45	1.19	1.45	397360	1237059.25
2014/09/30	1.60	1.60	1.60	1.60	182200	624946.00
2014/10/08	1.77	1.77	1.77	1.77	142200	536094.00
2014/10/09	1.96	1.96	1.96	1.96	203149	843068.38
2014/10/10	2.17	2.17	2.17	2.17	622300	2843911.00
2014/10/13	2.40	2.40	2.40	2.40	1068920	5376667.50
2014/10/14	2.65	2.65	2.65	2.65	1291380	7141331.50
2014/10/15	2.93	2.93	2.93	2.93	1222961	7435603.00
2014/10/16	3.23	3.23	3.23	3.23	1904350	12740102.00
2014/10/17	3.57	3.57	3.57	3.57	6072032	44690156.00
2014/10/20	3.86	3.94	3.69	3.94	94484976	743551744.00
2014/10/21	3.92	4.33	3.80	4.24	118473985	984521600.00
2014/10/22	4.05	4.28	4.03	4.15	66894743	568886080.00
2014/10/23	4.09	4.52	4.07	4.30	74465572	663163968.00
2014/10/24	4.21	4.32	4.10	4.17	45345455	389510656.00
2014/10/27	4.17	4.17	3.80	3.89	34402210	276933504.00
2014/10/28	3.90	4.07	3.90	3.98	31177849	255364848.00
2014/10/29	4.03	4.39	3.99	4.39	51197294	439278112.00
2014/10/30	4.39	4.56	4.29	4.34	70230507	635740928.00
2014/10/31	4.22	4.46	4.19	4.35	40677406	361426688.00
2014/11/03	4.33	4.48	4.24	4.38	36953733	332500448.00
2014/11/04	4.38	4.38	4.23	4.25	32349455	284053088.00
2014/11/05	4.27	4.68	4.14	4.43	57465618	522661440.00
2014/11/06	4.34	4.89	4.32	4.89	67459848	634756864.00
2014/11/07	5.18	5.39	5.18	5.39	26168804	284308736.00
2014/11/10	5.94	5.94	5.64	5.94	78924095	943384512.00
2014/11/11	6.24	6.54	6.16	6.54	56988883	750060928.00
2014/11/12	6.76	7.17	5.88	6.76	101741741	1375540352.00
2014/11/13	6.31	6.94	6.14	6.30	64543405	853414208.00
2014/11/14	6.03	6.15	5.66	5.67	48750389	575804352.00
2014/11/17	5.58	6.04	5.33	5.88	38834996	460726144.00
2014/11/18	5.84	5.84	5.59	5.77	23563550	275083584.00
2014/11/19	5.70	5.83	5.58	5.70	21246278	245124320.00
2014/11/20	5.58	6.22	5.58	6.10	42771771	518194432.00
2014/11/21	5.99	6.69	5.93	6.46	52538988	683178944.00
2014/11/24	6.45	6.76	6.38	6.51	47566690	633672256.00
2014/11/25	6.32	6.48	6.21	6.36	32404021	417955712.00
2014/11/26	6.33	6.69	6.25	6.54	37546196	498658976.00
2014/11/27	6.52	6.60	6.32	6.42	26615192	348728992.00
2014/11/28	6.42	6.46	6.24	6.38	22732186	292214688.00
2014/12/01	6.29	6.44	6.22	6.31	17488198	225437920.00
2014/12/02	6.24	6.81	6.19	6.61	49395131	662781952.00
2014/12/03	6.56	6.66	6.34	6.47	30891638	406039872.00
2014/12/04	6.39	6.44	6.34	6.40	22178535	288194784.00
2014/12/05	6.35	6.38	5.95	6.09	24323094	306170272.00
2014/12/08	6.05	6.21	5.73	6.05	24737763	299675392.00
2014/12/09	5.99	5.99	5.62	5.63	21367051	253447568.00
2014/12/10	5.50	5.80	5.45	5.75	10942258	127170304.00
2014/12/11	5.84	6.12	5.75	6.07	20011442	244275184.00
2014/12/12	5.99	6.06	5.89	5.96	11195942	135537904.00
2014/12/15	5.94	5.94	5.79	5.88	9826586	117246696.00
2014/12/16	5.83	5.94	5.82	5.89	8686887	103859968.00
2014/12/17	5.88	5.88	5.68	5.73	11084771	130022352.00
2014/12/18	5.69	5.84	5.62	5.67	7798772	90962488.00
2014/12/19	5.66	5.66	5.39	5.44	11964828	134134032.00
2014/12/22	5.41	5.41	4.89	4.98	12303743	127015504.00
2014/12/23	4.95	5.23	4.73	5.04	8364331	86571744.00
2014/12/24	5.04	5.23	5.02	5.21	7224069	75774816.00
2014/12/25	5.25	5.29	5.10	5.20	6831007	72257096.00
2014/12/26	5.20	5.21	5.11	5.20	6677478	70174912.00
2014/12/29	5.56	5.64	5.15	5.18	10112547	110085552.00
2014/12/30	5.13	5.18	4.98	4.98	5017889	51822716.00
2014/12/31	4.98	5.06	4.89	5.01	4336576	44252828.00
2015/01/05	5.02	5.28	4.94	5.20	8152514	84897352.00
2015/01/06	5.18	5.26	5.04	5.23	9770689	103651520.00
2015/01/07	5.16	5.24	5.13	5.19	7076847	74834600.00
2015/01/08	5.16	5.72	5.10	5.72	38265042	440772384.00
2015/01/09	5.76	5.79	5.44	5.53	35075835	402736864.00
2015/01/12	5.30	5.30	4.98	5.10	15851596	166201856.00
2015/01/13	5.06	5.15	4.99	5.06	7975081	82576800.00
2015/01/14	5.03	5.11	5.00	5.03	5760180	59457288.00
2015/01/15	5.03	5.08	4.98	5.05	6038887	62096200.00
2015/01/16	5.05	5.20	5.04	5.14	8124414	85454688.00
2015/01/19	5.09	5.38	4.90	5.14	12397570	131103984.00
2015/01/20	5.12	5.51	5.09	5.38	15251341	165691424.00
2015/01/21	5.38	5.51	5.33	5.43	15328877	169182896.00
2015/01/22	5.44	5.44	5.34	5.43	9912853	109217456.00
2015/01/23	5.42	5.43	5.32	5.34	8304612	90818096.00
2015/01/26	5.36	5.42	5.34	5.38	6109459	66987784.00
2015/01/27	5.41	5.44	5.29	5.33	7399619	80773376.00
2015/01/28	5.33	5.33	5.26	5.28	4742046	51227968.00
2015/01/29	5.26	5.28	5.19	5.20	4515870	48205432.00
2015/01/30	5.18	5.24	5.11	5.12	4376000	46291268.00
2015/02/02	5.08	5.10	5.01	5.06	3346670	34599008.00
2015/02/03	5.08	5.16	5.07	5.16	2927345	30713248.00
2015/02/04	5.16	5.20	5.07	5.08	3174611	33303420.00
2015/02/05	5.14	5.14	5.04	5.04	3397149	35153180.00
2015/02/06	5.04	5.04	4.94	4.95	3972183	40355940.00
2015/02/09	4.94	4.95	4.90	4.90	2595900	26098164.00
2015/02/10	4.88	4.94	4.88	4.93	2906169	29156078.00
2015/02/11	4.93	4.96	4.90	4.92	2408413	24226480.00
2015/02/12	4.93	5.29	4.91	5.22	10148439	107154752.00
2015/02/13	5.21	5.26	5.11	5.16	7224642	76178400.00
2015/02/16	5.16	5.17	5.10	5.15	3961451	41613328.00
2015/02/17	5.14	5.19	5.13	5.16	3362197	35451024.00
2015/02/25	5.18	5.18	5.12	5.15	3057524	32188804.00
2015/02/26	5.13	5.18	5.10	5.17	3960101	41678348.00
2015/02/27	5.17	5.31	5.14	5.24	7113844	76205592.00
2015/03/11	5.77	5.77	5.77	5.77	4287812	50467548.00
2015/03/12	6.36	6.36	5.86	5.90	42918028	533648576.00
2015/03/13	5.67	5.90	5.59	5.79	16176383	189208576.00
2015/03/16	5.79	5.91	5.64	5.84	18488595	218073424.00
2015/03/17	5.86	5.89	5.79	5.84	15018637	178556432.00
2015/03/18	5.84	5.87	5.79	5.86	14634294	174049904.00
2015/03/19	5.89	6.36	5.89	6.15	30375805	380451904.00
2015/03/20	6.16	6.22	6.06	6.11	17070379	212395824.00
2015/03/23	6.13	6.16	6.03	6.13	15325980	190100592.00
2015/03/24	6.13	6.13	5.88	6.00	15399851	188505792.00
2015/03/25	6.00	6.28	5.89	6.21	25124018	313848480.00
2015/03/26	6.20	6.20	6.04	6.10	14801269	184398304.00
2015/03/27	6.08	6.14	6.07	6.11	9253707	115101736.00
2015/03/30	6.18	6.22	6.08	6.20	18809089	236038608.00
2015/03/31	6.21	6.33	6.19	6.28	20295883	258220000.00
2015/04/01	6.19	6.33	6.12	6.21	20943628	266690368.00
2015/04/02	6.22	6.68	6.17	6.61	37389265	491540416.00
2015/04/03	6.52	7.28	6.47	7.28	42743026	612646336.00
2015/04/07	7.65	7.73	7.22	7.29	46250618	692377856.00
2015/04/08	7.35	7.51	7.18	7.40	28144865	420897312.00
2015/04/09	7.36	7.36	6.68	7.00	19093383	274299360.00
2015/04/10	7.01	7.49	7.01	7.17	18294874	269347168.00
2015/04/13	7.24	7.28	7.09	7.19	14161079	206422464.00
2015/04/14	7.19	7.35	7.08	7.19	23964511	352265280.00
2015/04/15	7.09	7.32	6.97	6.99	19690420	283558880.00
2015/04/16	6.89	7.56	6.57	7.37	33021490	490369792.00
2015/04/17	7.39	7.42	7.27	7.32	24467801	365361024.00
2015/04/20	7.23	7.67	7.10	7.64	36574040	551391616.00
2015/04/21	7.68	8.02	7.57	7.88	28512141	451496352.00
2015/04/22	7.79	8.37	7.73	7.96	24662830	401004032.00
2015/04/23	7.87	8.01	7.69	7.74	18720776	296204256.00
2015/04/24	7.63	8.14	7.51	8.13	19658340	313573920.00
2015/04/27	8.13	8.26	7.95	8.02	15059664	246599008.00
2015/04/28	7.99	7.99	7.53	7.59	13938739	219267248.00
2015/04/29	7.42	7.84	7.42	7.81	7808311	122346760.00
2015/04/30	7.80	8.11	7.74	8.03	14838807	239582672.00
2015/05/04	8.07	8.31	7.92	8.23	14806651	245436608.00
2015/05/05	8.23	8.24	7.71	7.95	14842690	239312800.00
2015/05/06	7.93	8.23	7.74	7.99	12842692	208274192.00
2015/05/07	7.94	8.06	7.45	8.03	9158188	144796416.00
2015/05/08	8.05	8.84	7.98	8.78	22053436	373389984.00
2015/05/11	8.83	9.08	8.61	8.91	19559188	351115744.00
2015/05/12	8.82	9.10	8.75	8.98	14239209	257447344.00
2015/05/13	8.93	9.17	8.78	9.14	11673603	211374832.00
2015/05/14	9.16	9.37	8.94	9.12	11269734	207625856.00
2015/05/15	9.09	9.13	8.58	9.04	10258513	184149552.00
2015/05/18	8.99	9.33	8.82	9.23	10735975	198334928.00
2015/05/19	9.21	9.21	8.93	9.08	8743748	160364592.00
2015/05/20	9.08	9.61	8.96	9.45	15722003	294458848.00
2015/05/21	9.46	9.99	9.29	9.98	13594316	268419040.00
2015/05/22	9.98	10.69	9.83	10.45	13442210	279953888.00
2015/05/25	10.46	11.51	10.30	11.51	15908769	354076640.00
2015/05/26	11.79	12.67	11.79	12.67	16209105	406521824.00
2015/05/27	12.98	13.95	12.89	13.95	31120287	863184640.00
2015/05/28	14.77	15.35	14.14	14.97	40863389	1233825664.00
2015/05/29	13.93	15.01	13.46	14.40	26150068	752654464.00
2015/06/01	14.16	14.96	13.39	14.67	19660917	560676352.00
2015/06/02	14.86	15.79	14.01	14.57	21785059	635150912.00
2015/06/03	14.51	15.16	13.37	15.04	19490855	566623296.00
2015/06/04	14.91	16.36	14.16	15.91	23208986	723621504.00
2015/06/05	16.17	16.44	15.11	15.87	17927051	561143936.00
2015/06/08	15.83	15.83	14.76	15.41	12468958	379609536.00
2015/06/09	15.50	15.50	14.98	15.14	6473031	197196112.00
2015/06/10	14.99	15.16	14.16	15.12	9968946	297691968.00
2015/06/11	15.15	15.15	14.41	14.78	8478844	251113440.00
2015/06/12	14.61	15.36	14.30	15.08	12959709	384287424.00
2015/06/15	14.94	14.94	14.37	14.50	5781525	169827616.00
2015/06/16	13.96	14.93	13.67	14.78	10105939	293445472.00
2015/06/17	14.66	15.14	14.16	14.94	7608514	225291440.00
2015/06/18	15.01	15.40	14.59	15.07	10477609	317068096.00
2015/06/19	15.00	15.16	14.16	15.10	10025585	297720832.00
2015/06/23	14.99	15.45	14.42	15.40	13858166	419568064.00
2015/06/24	15.52	16.91	15.52	16.44	33814321	1101817728.00
2015/06/25	16.36	16.36	14.79	15.30	23484416	730536640.00
2015/06/26	14.16	16.84	13.76	16.80	16185643	467394176.00
2015/06/29	16.79	16.79	15.11	15.11	31646178	996443456.00
2015/06/30	13.59	15.14	13.59	14.34	26785081	768567936.00
2015/07/01	13.86	14.69	12.90	13.48	25422738	705569024.00
2015/07/02	13.48	13.90	12.13	12.13	14177837	353407360.00
2015/07/03	10.91	11.31	10.91	10.91	11377953	250499104.00
2015/07/06	11.71	11.71	9.81	10.63	28290105	580522624.00
2015/07/07	9.81	9.91	9.56	9.56	11028894	213889648.00
2015/07/08	8.59	8.60	8.59	8.59	15874500	275583744.00
2015/07/13	9.46	9.46	9.46	9.46	3139126	59957308.00
2015/07/14	10.42	10.42	10.42	10.42	592001	12437941.00
2015/07/15	11.47	11.47	9.66	10.43	26415750	561803968.00
2015/07/16	9.80	10.91	9.48	10.74	16858775	354911744.00
2015/07/17	10.85	11.81	10.56	11.64	16993283	384653312.00
2015/07/20	11.50	12.16	11.27	11.53	14832453	348695328.00
2015/07/21	11.36	11.86	11.01	11.64	12333648	286605184.00
2015/07/22	11.64	11.86	11.16	11.64	10747254	248583872.00
2015/07/23	11.47	12.02	10.91	11.90	16336671	383674080.00
2015/07/24	11.79	12.41	11.65	11.82	14690923	357358848.00
2015/07/27	11.46	11.91	10.66	10.93	18786066	429768864.00
2015/07/28	10.41	11.31	9.83	11.04	14879587	319878880.00
2015/07/29	11.16	11.80	10.81	11.70	7691890	173672576.00
2015/07/30	11.82	11.86	10.87	10.98	19868173	452245024.00
2015/07/31	10.52	10.98	10.44	10.89	11034784	237507584.00
2015/08/03	10.62	11.06	10.45	10.92	8698889	188250080.00
2015/08/04	11.04	11.35	9.94	11.17	10372763	230050656.00
2015/08/05	11.17	11.17	10.69	10.74	6733474	148346256.00
2015/08/06	10.54	11.83	10.42	11.02	6078815	134120760.00
2015/08/07	11.03	11.90	10.77	11.84	11915763	274419136.00
2015/08/10	11.86	13.04	11.86	13.04	20263074	526136768.00
2015/08/11	13.58	13.58	12.91	13.03	15134724	403395936.00
2015/08/12	12.71	14.34	12.46	14.34	18435611	513618080.00
2015/08/13	14.21	15.79	13.94	15.37	20033664	593244416.00
2015/08/14	15.55	16.14	15.26	15.83	13154727	413638400.00
2015/08/17	15.99	17.06	15.51	16.85	15797587	524092160.00
2015/08/18	16.91	17.35	16.01	16.60	16825991	557956800.00
2015/08/19	16.41	18.06	15.41	17.10	14217426	478565984.00
2015/08/20	17.80	17.80	16.09	16.67	10808429	367952608.00
2015/08/21	16.67	16.67	15.00	16.34	9599727	307351072.00
2015/08/24	14.91	15.81	14.70	14.70	3949901	117660112.00
2015/08/25	13.22	13.63	13.22	13.22	7961004	212650192.00
2015/08/26	11.89	14.54	11.89	12.95	21055485	542830144.00
2015/08/27	12.61	13.26	11.64	12.98	13443942	332527808.00
2015/08/28	12.71	13.61	12.63	13.55	31180746	828597760.00
2015/08/31	13.26	13.26	12.18	12.18	17513032	434893216.00
2015/09/01	11.65	12.16	10.96	11.51	18356281	408659744.00
2015/09/02	10.35	11.29	10.35	10.66	19822024	420818208.00
2015/09/07	10.08	10.91	9.58	9.86	16584248	339226880.00
2015/09/08	8.86	9.35	8.86	9.04	35516817	638385280.00
2015/09/09	8.92	9.96	8.58	9.96	67002218	1240057984.00
2015/09/10	9.16	9.83	9.11	9.19	40942645	783413376.00
2015/09/11	9.15	9.65	9.04	9.31	26030003	491602720.00
2015/09/14	9.40	9.55	8.37	8.37	22831524	406020064.00
2015/09/15	7.54	7.75	7.53	7.53	15432039	236089040.00
2015/09/16	6.84	8.26	6.84	7.92	34549843	523424704.00
2015/09/17	7.72	7.86	7.12	7.12	32804192	497881888.00
2015/09/18	7.08	7.08	6.42	6.51	35228770	473842176.00
2015/09/21	6.33	6.94	6.00	6.84	35807287	471617088.00
2015/09/22	6.69	7.01	6.63	6.89	33987313	471713152.00
2015/09/23	6.79	7.59	6.64	7.59	49175924	735097472.00
2015/09/24	7.90	8.36	7.71	8.36	51923011	856471488.00
2015/09/25	8.61	8.74	7.52	7.72	57783002	957688064.00
2015/09/28	7.46	7.65	7.26	7.58	33258528	501590784.00
2015/09/29	7.28	7.35	7.01	7.04	26499980	384222016.00
2015/09/30	7.04	7.35	7.04	7.13	21755298	318410624.00
2015/10/08	7.50	7.85	7.36	7.85	28051258	429794112.00
2015/10/09	7.89	8.35	7.64	8.10	33199138	529728608.00
2015/10/12	8.10	8.66	7.96	8.39	34092527	578261248.00
2015/10/13	8.24	8.60	8.13	8.38	27285019	459214240.00
2015/10/14	8.27	8.81	8.06	8.53	41294176	704318784.00
2015/10/15	8.51	9.30	8.36	8.99	38924390	685482304.00
2015/10/16	8.99	9.16	8.71	8.92	35233366	637200256.00
2015/10/19	8.81	9.15	8.66	8.85	29844588	533443456.00
2015/10/20	8.82	8.90	8.63	8.84	22683342	401477600.00
2015/10/21	8.82	8.85	7.95	7.95	25709014	436116256.00
2015/10/22	7.70	8.26	7.41	8.11	29238025	467920672.00
2015/10/23	8.13	8.25	7.90	8.11	25427308	413990400.00
2015/10/26	8.32	8.93	8.19	8.93	39517099	690405120.00
2015/10/27	9.01	9.37	8.64	9.23	51081954	940478720.00
2015/10/28	9.06	10.00	8.87	9.49	49396930	947711744.00
2015/10/29	9.49	9.58	8.99	9.14	33135583	614673728.00
2015/10/30	9.11	9.11	8.66	8.76	24527318	437496832.00
2015/11/02	8.56	9.05	8.41	8.62	18276159	325450912.00
2015/11/03	8.69	8.84	8.43	8.68	15215526	264123456.00
2015/11/04	8.76	9.16	8.74	9.08	24818769	449852480.00
2015/11/05	9.09	9.19	8.92	9.01	26633884	485522240.00
2015/11/06	9.04	9.31	9.04	9.13	25653673	475141696.00
2015/11/09	9.01	9.39	8.75	9.23	32179393	589725376.00
2015/11/10	9.11	9.38	9.01	9.16	25055324	464367296.00
2015/11/11	9.16	9.28	9.00	9.26	25438945	469180032.00
2015/11/12	9.63	9.74	9.29	9.48	35859382	687802304.00
2015/11/13	9.41	9.41	8.94	9.00	23351896	430801536.00
2015/11/16	8.78	9.05	8.67	9.04	18111389	323304832.00
2015/11/17	9.16	9.18	8.83	8.87	19643377	357759264.00
2015/11/18	8.88	9.25	8.88	9.11	25721851	473466016.00
2015/11/19	9.17	9.21	8.92	9.16	18670786	340983712.00
2015/11/20	9.15	9.63	9.06	9.50	34646261	656593920.00
2015/11/23	9.51	9.90	9.31	9.34	29709439	577862080.00
2015/11/24	9.34	9.34	9.00	9.25	16258962	300500192.00
2015/11/25	9.20	9.51	9.14	9.32	17047203	320269536.00
2015/11/26	9.34	9.40	9.09	9.12	16353398	303316288.00
2015/11/27	9.06	9.11	8.20	8.21	20418952	356719520.00
2015/11/30	8.22	8.50	7.46	8.28	17953007	295030752.00
2015/12/01	8.31	8.36	7.99	8.14	12224953	201450080.00
2015/12/02	8.13	8.15	7.66	8.08	10461045	168312000.00
2015/12/03	8.15	8.33	8.06	8.29	13126506	216949728.00
2015/12/04	8.26	8.26	8.04	8.13	10900737	179459152.00
2015/12/07	8.11	8.28	7.99	8.20	9605298	157917264.00
2015/12/08	8.15	8.15	7.88	7.92	9714825	156752720.00
2015/12/09	8.04	8.41	7.96	8.12	16150643	268288608.00
2015/12/10	7.99	8.06	7.91	7.95	9765201	157276608.00
2015/12/11	7.95	8.01	7.74	7.77	9415494	149193200.00
2015/12/14	7.65	7.91	7.58	7.88	8809184	137914960.00
2015/12/15	7.83	8.10	7.83	7.97	7889688	127356768.00
2015/12/16	7.96	8.09	7.94	7.97	7861979	127201272.00
2015/12/17	7.96	8.41	7.95	8.28	14659097	244537664.00
2015/12/18	8.28	8.28	8.08	8.14	9741890	160546272.00
2015/12/21	8.14	8.30	8.08	8.24	9947384	164822400.00
2015/12/22	8.29	8.64	8.19	8.53	20967617	357312992.00
2015/12/23	8.42	8.56	8.21	8.22	13793179	233525264.00
2015/12/24	8.11	8.21	7.95	8.12	7968032	130198048.00
2015/12/25	8.15	8.21	8.09	8.14	6069606	99922264.00
2015/12/28	8.16	8.22	7.90	7.91	9931971	161337056.00
2015/12/29	7.90	7.97	7.69	7.89	10166081	160250064.00
2015/12/30	7.89	7.94	7.80	7.90	6587076	104904512.00
2015/12/31	7.96	7.98	7.79	7.80	5666489	89968120.00
2016/01/04	7.80	7.82	7.01	7.01	7365424	110120800.00
2016/01/05	6.66	7.09	6.41	6.73	10653556	145944304.00
2016/01/06	6.77	6.96	6.76	6.95	7792005	108299736.00
2016/01/07	6.88	6.88	6.25	6.30	1999415	26748562.00
2016/01/08	6.51	6.71	5.91	6.49	9034324	118136368.00
2016/01/11	6.44	6.49	5.99	6.05	8464687	107917880.00
2016/01/12	6.01	6.17	5.92	6.06	6081915	74517952.00
2016/01/13	6.09	6.18	5.81	5.87	6529846	79532976.00
2016/01/14	5.66	6.01	5.59	6.00	7292212	86072080.00
2016/01/15	5.91	5.96	5.62	5.69	6266276	73484408.00
2016/01/18	5.31	5.70	5.29	5.62	10258196	114956200.00
2016/01/19	5.54	5.82	5.47	5.80	10344106	118808600.00
2016/01/20	5.78	6.20	5.56	5.91	13499247	160459008.00
2016/01/21	5.77	5.87	5.51	5.52	8131931	94452736.00
2016/01/22	5.58	5.66	5.43	5.56	5204992	58677364.00
2016/01/25	5.62	5.91	5.56	5.83	9360615	109403264.00
2016/01/26	5.71	5.74	5.24	5.24	7901286	88396608.00
2016/01/27	5.30	5.34	4.81	4.98	7235491	74040192.00
2016/01/28	5.00	5.14	4.89	4.90	7435128	76149312.00
2016/01/29	4.91	5.11	4.86	5.05	7031169	71646840.00
2016/02/01	5.01	5.14	4.89	4.96	4195501	42579884.00
2016/02/02	4.99	5.15	4.99	5.11	5546765	57470456.00
2016/02/03	5.06	5.12	4.97	5.09	4065700	41628276.00
2016/02/04	5.23	5.23	5.11	5.19	6058850	63843600.00
2016/02/05	5.21	5.23	5.09	5.11	4315899	45180412.00
2016/02/15	4.91	5.08	4.86	5.00	3585492	36257544.00
2016/02/16	5.02	5.25	5.02	5.23	7380799	77961008.00
2016/02/17	5.23	5.46	5.18	5.38	9036567	98245816.00
2016/02/18	5.41	5.92	5.36	5.92	12135627	141119536.00
2016/02/19	6.01	6.40	5.91	6.18	26489252	330996032.00
2016/02/22	6.26	6.31	6.02	6.23	17180540	213456160.00
2016/02/23	6.20	6.21	5.95	6.02	11484952	141137120.00
2016/02/24	5.93	6.31	5.93	6.08	10102513	125306784.00
2016/02/25	6.06	6.06	5.47	5.47	15723278	181871152.00
2016/02/26	5.48	5.58	5.17	5.34	9035208	97885952.00
2016/02/29	5.18	5.33	4.85	5.01	8045455	81923336.00
2016/03/01	5.01	5.14	4.95	5.12	5851415	60227196.00
2016/03/02	5.10	5.40	5.09	5.38	9250029	98935824.00
2016/03/03	5.41	5.55	5.36	5.38	9385975	104216096.00
2016/03/04	5.46	5.53	5.05	5.19	8748291	94245216.00
2016/03/07	5.26	5.40	5.22	5.33	6047964	65505152.00
2016/03/08	5.29	5.35	5.07	5.33	5873392	61981816.00
2016/03/09	5.25	5.38	5.13	5.26	5881151	63140552.00
2016/03/10	5.21	5.34	5.09	5.12	5384570	56934588.00
2016/03/11	5.06	5.13	4.99	5.09	4021038	41497436.00
2016/03/14	5.21	5.31	5.18	5.28	6415600	68718856.00
2016/03/15	5.31	5.31	5.20	5.22	4115423	43828144.00
2016/03/16	5.26	5.30	5.13	5.14	3998759	42143388.00
2016/03/17	5.19	5.34	5.13	5.28	6860542	73084592.00
2016/03/18	5.31	5.53	5.29	5.50	11894260	131294312.00
2016/03/21	5.56	5.70	5.50	5.68	13385379	152680000.00
2016/03/22	5.68	5.89	5.57	5.63	13343583	154689312.00
2016/03/23	5.56	5.65	5.54	5.63	9131727	103833440.00
2016/03/24	5.59	5.63	5.49	5.50	8199122	92492280.00
2016/03/25	5.50	5.59	5.46	5.56	5743879	64459264.00
2016/03/28	5.60	5.69	5.56	5.58	8010554	91539368.00
2016/03/29	5.64	5.64	5.41	5.45	5806740	64765044.00
2016/03/30	5.48	5.66	5.47	5.63	6732069	76152040.00
2016/03/31	5.70	5.74	5.53	5.60	7795456	88967816.00
2016/04/01	5.56	5.58	5.47	5.58	6447594	72280584.00
2016/04/05	5.59	5.74	5.55	5.73	10755798	123944272.00
2016/04/06	5.72	5.74	5.66	5.71	8815850	102060360.00
2016/04/07	5.76	6.06	5.72	5.73	16769173	199943056.00
2016/04/08	5.60	5.70	5.54	5.59	8433647	95651240.00
2016/04/11	5.65	5.73	5.62	5.69	7571064	87407640.00
2016/04/12	5.65	5.70	5.58	5.67	5215408	59550780.00
2016/04/13	5.71	5.83	5.71	5.72	11694238	137048208.00
2016/04/14	5.72	5.79	5.68	5.79	7669164	89430496.00
2016/04/15	5.74	5.74	5.62	5.71	11829843	136395584.00
2016/04/18	5.64	5.66	5.53	5.57	6472617	73319784.00
2016/04/19	5.60	5.64	5.54	5.60	5117471	57960456.00
2016/04/20	5.60	5.61	5.08	5.23	9818563	106282600.00
2016/04/21	5.24	5.26	5.14	5.15	4996495	52931864.00
2016/04/22	5.07	5.21	5.07	5.20	3782797	39701816.00
2016/04/25	5.20	5.20	5.07	5.15	3250908	33886352.00
2016/04/26	5.16	5.21	5.11	5.20	2839119	29879776.00
2016/04/27	5.20	5.23	5.16	5.18	3558132	37573516.00
2016/04/28	5.20	5.21	5.04	5.10	4978068	51605388.00
2016/04/29	5.08	5.10	5.01	5.04	3894772	40065972.00
2016/05/03	5.07	5.21	5.04	5.21	5805429	60859384.00
2016/05/04	5.19	5.23	5.14	5.18	7148195	75264872.00
2016/05/05	5.18	5.22	5.14	5.21	4487192	47322480.00
2016/05/06	5.23	5.24	4.93	4.98	9646648	99788728.00
2016/05/09	4.96	4.96	4.87	4.91	6213147	62055392.00
2016/05/10	4.95	5.17	4.87	5.04	6331566	64624776.00
2016/05/11	5.05	5.06	4.92	4.94	4520622	45778476.00
2016/05/12	4.88	5.08	4.81	5.01	6872238	69257968.00
2016/05/13	5.01	5.04	4.91	4.94	4565027	46164804.00
2016/05/16	4.95	4.97	4.89	4.97	4238781	42624664.00
2016/05/17	5.00	5.00	4.93	4.96	3670482	37029600.00
2016/05/18	4.93	5.16	4.82	5.03	10122443	102963728.00
2016/05/19	4.97	5.11	4.94	5.01	7730783	79241400.00
2016/05/20	4.91	5.02	4.91	5.01	7576057	76480872.00
2016/05/23	5.01	5.05	5.00	5.02	5735633	58622796.00
2016/05/24	5.01	5.01	4.88	4.90	8135872	81444720.00
2016/05/25	4.94	4.96	4.88	4.90	4035901	40388312.00
2016/05/26	4.92	4.92	4.74	4.86	5218519	51039948.00
2016/05/27	4.86	4.88	4.81	4.83	3547682	34805208.00
2016/05/30	4.83	4.87	4.75	4.84	3333236	32620826.00
2016/05/31	4.84	5.03	4.83	5.01	9058616	90793584.00
2016/06/01	5.01	5.07	4.96	4.99	11887299	120490192.00
2016/06/02	5.01	5.04	4.94	4.97	10462567	105168904.00
2016/06/03	4.97	5.11	4.97	5.09	17144369	174992176.00
2016/06/06	5.09	5.11	4.97	4.99	13144835	133562080.00
2016/06/07	4.99	5.02	4.97	4.99	5966131	60270928.00
2016/06/08	4.99	5.01	4.95	4.99	5650340	57010760.00
2016/06/13	4.96	4.96	4.76	4.77	8234402	81245896.00
2016/06/14	4.78	4.81	4.74	4.78	4225923	40843064.00
2016/06/15	4.71	4.88	4.70	4.85	5913390	57763940.00
2016/06/16	4.86	4.91	4.78	4.83	6100081	59775168.00
2016/06/17	4.84	4.90	4.82	4.87	5553857	54722732.00
2016/06/20	4.85	4.87	4.76	4.81	4282695	41725168.00
2016/06/21	4.84	4.87	4.76	4.78	4451252	43441344.00
2016/06/22	4.79	4.81	4.75	4.81	3711453	36006536.00
2016/06/23	4.80	4.82	4.76	4.78	3892991	37705512.00
2016/06/24	4.78	4.81	4.53	4.66	7549130	71811504.00
2016/06/27	4.61	4.73	4.60	4.73	4745057	45154824.00
2016/06/28	4.73	4.77	4.69	4.77	4835559	46431156.00
2016/06/29	4.79	4.86	4.77	4.84	6827306	66785344.00
2016/06/30	4.84	4.98	4.78	4.90	9695862	95742784.00
2016/07/01	4.86	4.90	4.84	4.85	5375867	52986408.00
2016/07/04	4.81	4.92	4.79	4.91	7104292	70173400.00
2016/07/05	4.93	5.02	4.89	4.97	9821383	98669584.00
2016/07/06	4.97	4.97	4.87	4.92	10903885	108301120.00
2016/07/07	4.92	4.92	4.86	4.89	6950174	68836400.00
2016/07/08	4.90	4.91	4.86	4.89	3998558	39542796.00
2016/07/11	4.88	4.97	4.87	4.90	7179156	71541712.00
2016/07/12	4.90	4.98	4.85	4.98	10400190	103827456.00
2016/07/13	4.97	5.06	4.96	5.01	13719913	139036944.00
2016/07/14	5.00	5.00	4.92	4.94	12585626	125955280.00
2016/07/15	4.97	4.98	4.91	4.92	6993488	69861160.00
2016/07/18	4.90	4.91	4.80	4.86	8895733	87520112.00
2016/07/19	4.84	4.99	4.84	4.94	9980119	99712744.00
2016/07/20	4.94	4.94	4.89	4.92	5196589	51712776.00
2016/07/21	4.92	4.98	4.91	4.92	7510029	75119176.00
2016/07/22	4.93	4.95	4.89	4.89	6034371	60075808.00
2016/07/25	4.89	5.10	4.88	5.08	17779621	179862224.00
2016/07/26	5.08	5.10	5.01	5.04	16467362	167701888.00
2016/07/27	5.01	5.02	4.66	4.75	21277220	209732496.00
2016/07/28	4.71	4.76	4.69	4.74	7091267	67954744.00
2016/07/29	4.76	4.77	4.70	4.73	3674616	35175120.00
2016/08/01	4.76	4.76	4.59	4.66	4059416	38262652.00
2016/08/02	4.65	4.70	4.64	4.68	4122351	38960820.00
2016/08/03	4.67	4.67	4.64	4.65	4368873	41229076.00
2016/08/04	4.65	4.71	4.65	4.69	3738833	35459620.00
2016/08/05	4.70	4.71	4.66	4.66	2810199	26616980.00
2016/08/08	4.66	4.70	4.63	4.70	3464929	32822504.00
2016/08/09	4.70	4.73	4.69	4.72	3885220	37110388.00
2016/08/10	4.72	4.74	4.70	4.71	3721667	35619992.00
2016/08/11	4.70	4.72	4.64	4.65	3755391	35548556.00
2016/08/12	4.64	4.72	4.64	4.72	3785449	35893948.00
2016/08/15	4.73	4.83	4.70	4.81	9401389	91007544.00
2016/08/16	4.82	4.86	4.79	4.81	7264937	70877472.00
2016/08/17	4.82	4.82	4.78	4.79	5450834	52885008.00
2016/08/18	4.79	4.83	4.78	4.79	5168979	50278820.00
2016/08/19	4.79	4.80	4.75	4.79	3843596	37224016.00
2016/08/22	4.80	4.83	4.77	4.80	5211285	50639808.00
2016/08/23	4.78	4.80	4.77	4.79	3461657	33541786.00
2016/08/24	4.79	4.80	4.77	4.77	3032645	29368326.00
2016/08/25	4.75	4.76	4.67	4.71	4525631	43123640.00
2016/08/26	4.71	4.74	4.70	4.70	3260339	31176386.00
2016/08/29	4.70	4.74	4.69	4.73	2714831	25971182.00
2016/08/30	4.73	4.75	4.70	4.74	3049906	29215654.00
2016/08/31	4.72	4.74	4.70	4.73	2263079	21631016.00
2016/09/01	4.73	4.80	4.71	4.79	7333821	70793576.00
2016/09/02	4.76	4.80	4.73	4.78	4304680	41583536.00
2016/09/05	4.79	4.81	4.76	4.77	4338420	42055304.00
2016/09/06	4.77	4.80	4.70	4.80	5075486	48956220.00
2016/09/07	4.79	4.83	4.77	4.78	4994619	48676076.00
2016/09/08	4.79	4.82	4.77	4.81	4605326	44737968.00
2016/09/09	4.81	4.82	4.77	4.77	4307542	41842888.00
2016/09/12	4.71	4.71	4.61	4.62	7469363	70598472.00
2016/09/13	4.66	4.66	4.60	4.62	4373617	40942912.00
2016/09/14	4.62	4.63	4.59	4.61	2202176	20597062.00
2016/09/19	4.62	4.71	4.62	4.68	4044554	38357480.00
2016/09/20	4.69	4.70	4.65	4.67	2218303	20982300.00
2016/09/21	4.67	4.68	4.64	4.66	2674186	25241900.00
2016/09/22	4.68	4.70	4.65	4.67	3237110	30692588.00
2016/09/23	4.68	4.68	4.64	4.64	2100988	19833626.00
2016/09/26	4.66	4.66	4.58	4.59	3187730	29754558.00
2016/09/27	4.59	4.62	4.55	4.62	2404361	22352406.00
2016/09/28	4.61	4.61	4.58	4.60	1863284	17366538.00
2016/09/29	4.60	4.63	4.60	4.60	1885639	17646608.00
2016/09/30	4.61	4.62	4.59	4.62	1536067	14337386.00
2016/10/10	4.64	4.69	4.63	4.68	3676637	34691168.00
2016/10/11	4.68	4.70	4.66	4.70	3833399	36367136.00
2016/10/12	4.70	4.70	4.66	4.68	2606586	24695306.00
2016/10/13	4.67	4.82	4.67	4.75	7541035	72644968.00
2016/10/14	4.74	4.78	4.72	4.75	4461982	42950944.00
2016/10/17	4.76	4.77	4.67	4.69	3566294	34072424.00
2016/10/18	4.70	4.76	4.67	4.76	4313463	41341880.00
2016/10/19	4.83	5.25	4.83	5.25	20590832	214210224.00
2016/10/20	5.48	5.64	5.31	5.36	75549624	833107520.00
2016/10/21	5.25	5.27	5.09	5.18	38677989	405531520.00
2016/10/24	5.17	5.23	5.12	5.21	27022202	283602400.00
2016/10/25	5.17	5.19	5.09	5.16	22397204	232558464.00
2016/10/26	5.15	5.15	5.04	5.06	19461291	199743520.00
2016/10/27	5.01	5.10	5.01	5.08	13642463	139682096.00
2016/10/28	5.07	5.08	4.94	4.95	16087924	162949056.00
2016/10/31	4.90	5.01	4.90	4.97	8900785	89515488.00
2016/11/01	4.96	5.01	4.95	5.01	9157643	92425400.00
2016/11/02	5.00	5.06	4.96	4.97	11811936	119892528.00
2016/11/03	4.94	5.04	4.92	5.02	11468106	116153544.00
2016/11/04	5.03	5.20	5.03	5.11	24578429	255229808.00
2016/11/07	5.08	5.09	4.98	5.02	16603793	168204592.00
2016/11/08	5.04	5.05	4.98	5.03	10536862	106782656.00
2016/11/09	5.03	5.08	4.88	4.94	15108422	152279952.00
2016/11/10	4.98	5.00	4.95	4.98	9113828	91862768.00
2016/11/11	4.99	5.03	4.92	5.02	12966245	130631536.00
2016/11/14	5.01	5.06	4.99	5.03	12499955	127296720.00
2016/11/15	5.02	5.11	5.02	5.06	10258599	104914992.00
2016/11/16	5.06	5.07	5.00	5.01	8556059	87081984.00
2016/11/17	4.99	5.04	4.99	5.03	7130347	72308128.00
2016/11/18	5.04	5.05	4.97	4.97	7201564	72972344.00
2016/11/21	4.96	4.99	4.94	4.96	7130254	71690552.00
2016/11/22	4.97	4.99	4.95	4.99	7383171	74280024.00
2016/11/23	5.01	5.04	4.99	5.02	11521405	117033736.00
2016/11/24	5.02	5.03	4.95	4.96	7705157	77862192.00
2016/11/25	4.95	4.97	4.86	4.96	8427113	83891104.00
2016/11/28	4.97	4.98	4.93	4.94	6273463	62836300.00
2016/11/29	4.94	4.97	4.91	4.93	6495961	65081320.00
2016/11/30	4.94	4.96	4.90	4.93	5314558	53017024.00
2016/12/01	4.94	4.95	4.91	4.95	5751247	57458672.00
2016/12/02	4.95	5.37	4.92	5.11	33235564	346551552.00
2016/12/05	5.11	5.11	4.99	5.02	18895218	192379264.00
2016/12/06	5.03	5.04	4.91	4.93	16517642	165842976.00
2016/12/07	4.93	4.95	4.88	4.95	10272144	102240808.00
2016/12/08	4.95	4.96	4.90	4.91	6492252	64706240.00
2016/12/09	4.91	4.93	4.89	4.90	6670131	66287744.00
2016/12/12	4.90	4.91	4.64	4.67	14271874	137391008.00
2016/12/13	4.64	4.68	4.60	4.66	6652097	62499636.00
2016/12/14	4.66	4.66	4.58	4.60	6442119	60193472.00
2016/12/15	4.60	4.66	4.58	4.63	4851581	45515152.00
2016/12/16	4.63	4.68	4.60	4.67	4247668	40014792.00
2016/12/19	4.67	4.68	4.64	4.65	3117893	29397488.00
2016/12/20	4.65	4.67	4.64	4.65	2732423	25756050.00
2016/12/21	4.65	4.76	4.65	4.72	5572191	53155088.00
2016/12/22	4.72	4.77	4.70	4.72	3981134	38092288.00
2016/12/23	4.70	4.71	4.59	4.62	5120596	48208300.00
2016/12/26	4.59	4.63	4.57	4.63	4036457	37605080.00
2016/12/27	4.63	4.66	4.62	4.63	2545873	23928558.00
2016/12/28	4.63	4.63	4.59	4.60	3267676	30479382.00
2016/12/29	4.61	4.62	4.56	4.57	4224482	39276808.00
2016/12/30	4.52	4.56	4.35	4.36	22762780	203001344.00
2017/01/03	4.35	4.39	4.33	4.38	7977409	70599648.00
2017/01/04	4.39	4.41	4.36	4.41	7281637	64729984.00
2017/01/05	4.39	4.42	4.38	4.41	7136233	63752324.00
2017/01/06	4.39	4.48	4.39	4.45	11676287	105175832.00
2017/01/09	4.45	4.47	4.40	4.47	6824891	61458648.00
2017/01/10	4.46	4.48	4.41	4.42	5505600	49566068.00
2017/01/11	4.42	4.44	4.40	4.40	4024796	36014864.00
2017/01/12	4.40	4.41	4.34	4.34	5181085	45885324.00
2017/01/13	4.31	4.34	4.27	4.27	6239559	54263608.00
2017/01/16	4.27	4.27	3.89	4.04	10030500	83212872.00
2017/01/17	4.04	4.08	3.97	4.04	6551936	53610224.00
2017/01/18	4.04	4.07	4.02	4.06	3973784	32726822.00
2017/01/19	4.02	4.02	3.91	3.97	6465962	51995396.00
2017/01/20	3.96	4.02	3.93	4.01	3753442	30431172.00
2017/01/23	4.01	4.06	4.00	4.03	4177648	34251548.00
2017/01/24	4.04	4.05	3.99	4.00	2698478	21957994.00
2017/01/25	4.00	4.00	3.96	3.99	4402562	35583084.00
2017/01/26	3.99	4.03	3.98	4.01	3095478	25205764.00
2017/02/03	4.01	4.03	3.99	4.01	2436853	19849476.00
2017/02/06	4.02	4.06	4.00	4.06	3392795	27814822.00
2017/02/07	4.06	4.06	4.01	4.03	4246000	34749768.00
2017/02/08	4.03	4.05	3.97	4.05	7000953	56987384.00
2017/02/09	4.04	4.43	4.03	4.29	21830712	187246976.00
2017/02/10	4.22	4.27	4.19	4.26	12383753	106197288.00
2017/02/13	4.24	4.29	4.22	4.28	8230684	71131032.00
2017/02/14	4.27	4.33	4.25	4.30	8591889	74718880.00
2017/02/15	4.33	4.36	4.20	4.21	10656516	92682528.00
2017/02/16	4.21	4.30	4.16	4.27	8412036	72242208.00
2017/02/17	4.23	4.27	4.19	4.25	5982366	51274144.00
2017/02/20	4.25	4.31	4.22	4.29	6743766	58101816.00
2017/02/21	4.28	4.29	4.24	4.27	9860500	85302392.00
2017/02/22	4.31	4.33	4.26	4.32	11919430	103860208.00
2017/02/23	4.34	4.37	4.27	4.33	10611221	92678256.00
2017/02/24	4.34	4.34	4.28	4.32	9060163	79119752.00
2017/02/27	4.30	4.31	4.22	4.27	11147146	96488976.00
2017/02/28	4.45	4.48	4.23	4.26	35056428	306596320.00
2017/03/01	4.23	4.25	4.19	4.24	14826487	126938760.00
2017/03/02	4.24	4.25	4.19	4.20	12551799	107334368.00
2017/03/03	4.20	4.20	4.14	4.16	11324109	95505400.00
2017/03/06	4.17	4.21	4.16	4.19	11836858	100405696.00
2017/03/07	4.19	4.22	4.18	4.21	8618036	73474992.00
2017/03/08	4.20	4.21	4.17	4.18	7374472	62653028.00
2017/03/09	4.19	4.19	4.14	4.15	6388484	53909900.00
2017/03/10	4.16	4.23	4.13	4.22	12462602	106052880.00
2017/03/13	4.22	4.27	4.19	4.26	13518270	116117600.00
2017/03/14	4.24	4.30	4.24	4.26	11801785	102386488.00
2017/03/15	4.24	4.28	4.22	4.25	6954171	59931468.00
2017/03/16	4.25	4.33	4.25	4.31	13831823	120643896.00
2017/03/17	4.32	4.33	4.26	4.29	12810998	111872776.00
2017/03/20	4.29	4.32	4.27	4.30	10209565	88967144.00
2017/03/21	4.31	4.31	4.25	4.27	8883446	76984408.00
2017/03/22	4.25	4.25	4.16	4.21	10946581	93337464.00
2017/03/23	4.21	4.23	4.12	4.17	9379796	79543648.00
2017/03/24	4.15	4.24	4.14	4.22	9402759	79801544.00
2017/03/27	4.21	4.25	4.20	4.24	6976051	59692992.00
2017/03/28	4.22	4.28	4.21	4.25	8390749	72378128.00
2017/03/29	4.25	4.39	4.21	4.28	16325614	142129184.00
2017/03/30	4.27	4.31	4.16	4.25	14212460	122432448.00
2017/03/31	4.24	4.33	4.22	4.30	13076188	113639688.00
2017/04/05	4.35	4.42	4.31	4.40	21217322	187917088.00
2017/04/06	4.43	4.43	4.34	4.37	16389094	145127712.00
2017/04/07	4.37	4.40	4.35	4.36	13562807	120270104.00
2017/04/10	4.34	4.34	4.24	4.28	14988908	130111344.00
2017/04/11	4.27	4.36	4.23	4.34	14834036	129114104.00
2017/04/12	4.34	4.34	4.28	4.28	11055000	96457840.00
2017/04/13	4.33	4.72	4.29	4.41	86091673	791550656.00
2017/04/14	4.37	4.37	4.19	4.22	49530512	430814752.00
2017/04/17	4.23	4.23	4.08	4.20	18355944	154861104.00
2017/04/18	4.20	4.22	4.14	4.18	15063818	127803616.00
2017/04/19	4.22	4.38	4.18	4.30	28987959	125479896.00
2017/04/20	4.16	4.21	4.00	4.02	41601646	171798560.00
2017/04/21	3.99	4.03	3.92	3.95	21706094	86908624.00
2017/04/24	3.94	3.95	3.69	3.73	25133374	95799880.00
2017/04/25	3.73	3.78	3.71	3.73	15624894	59067600.00
2017/04/26	3.74	3.78	3.71	3.74	15744357	59536188.00
2017/04/27	3.75	3.78	3.56	3.74	24979493	93355048.00
2017/04/28	3.75	3.76	3.68	3.73	13994020	52670752.00
2017/05/02	3.73	3.74	3.71	3.74	11587874	43626552.00
2017/05/03	3.73	4.05	3.72	3.85	46885132	184149216.00
2017/05/04	3.85	3.85	3.77	3.81	26377937	101527384.00
2017/05/05	3.79	3.79	3.73	3.75	14938660	56820180.00
2017/05/08	3.75	3.76	3.61	3.64	14711575	54824204.00
2017/05/09	3.62	3.69	3.59	3.66	13348800	49280736.00
2017/05/10	3.66	3.67	3.56	3.56	19344839	70599800.00
2017/05/11	3.53	3.54	3.38	3.47	25938096	90662680.00
2017/05/12	3.45	3.48	3.41	3.45	14093131	49144448.00
2017/05/15	3.47	3.50	3.44	3.47	9985500	34962364.00
2017/05/16	3.45	3.82	3.39	3.53	51345509	184522128.00
2017/05/17	3.55	3.68	3.53	3.64	64201503	233126080.00
2017/05/18	3.58	3.62	3.54	3.55	38107675	137929648.00
2017/05/19	3.57	3.91	3.52	3.91	107738185	411234880.00
2017/05/22	3.96	4.16	3.83	3.99	186587731	755770112.00
2017/05/23	3.87	3.93	3.71	3.79	106402385	408562656.00
2017/05/24	3.73	4.14	3.67	3.98	125243649	499559616.00
2017/05/25	3.94	4.03	3.86	3.97	106502646	424116128.00
2017/05/26	3.93	4.11	3.89	3.99	104730667	422019840.00
2017/05/31	3.99	4.03	3.84	3.86	71982296	284749504.00
2017/06/01	3.83	3.86	3.73	3.76	51723014	198058272.00
2017/06/02	3.73	3.95	3.69	3.90	62430168	242209824.00
2017/06/05	3.90	3.98	3.86	3.88	43295045	170620496.00
2017/06/06	3.87	3.87	3.78	3.85	31834799	122986472.00
2017/06/07	3.83	3.94	3.82	3.93	50371795	198685360.00
2017/06/08	3.96	3.96	3.86	3.87	40365492	158850016.00
2017/06/09	3.85	3.86	3.79	3.85	31787590	122861592.00
2017/06/12	3.84	3.84	3.76	3.77	28544800	109544616.00
2017/06/13	3.76	3.83	3.75	3.80	22008036	84431576.00
2017/06/14	3.80	3.80	3.74	3.76	22272693	84660824.00
2017/06/15	3.76	3.79	3.73	3.78	24224641	92202360.00
2017/06/16	3.76	3.85	3.75	3.81	27469236	105351368.00
2017/06/19	3.79	3.84	3.79	3.83	22191696	85512168.00
2017/06/20	3.82	3.85	3.77	3.79	22978100	88425936.00
2017/06/21	3.81	3.82	3.77	3.79	17938700	68742616.00
2017/06/22	3.79	3.81	3.66	3.67	32840400	124379992.00
2017/06/23	3.64	3.67	3.55	3.63	33398275	121949456.00
2017/06/26	3.60	3.66	3.59	3.65	17600676	64584088.00
2017/06/27	3.65	3.69	3.63	3.66	14025473	51893048.00
2017/06/28	3.65	3.65	3.61	3.64	13224694	48532648.00
2017/06/29	3.63	3.66	3.61	3.65	13847770	50923804.00
2017/06/30	3.63	3.64	3.61	3.64	11338100	41580328.00
2017/07/03	3.64	3.67	3.63	3.67	10496408	38794744.00
2017/07/04	3.66	3.67	3.63	3.66	11745917	43371492.00
2017/07/05	3.66	3.69	3.63	3.68	12194853	45128176.00
2017/07/06	3.68	3.76	3.67	3.72	26667792	100426456.00
2017/07/07	3.81	3.82	3.73	3.75	28003702	106625784.00
2017/07/10	3.72	3.76	3.71	3.74	18764404	70857168.00
2017/07/11	3.74	3.75	3.67	3.67	15781512	59067184.00
2017/07/12	3.68	3.70	3.60	3.64	20175192	74087664.00
2017/07/13	3.62	3.66	3.62	3.64	18003015	66121376.00
2017/07/14	3.65	3.66	3.59	3.62	19129412	69983664.00
2017/07/17	3.59	3.60	3.42	3.43	33038682	116337928.00
2017/07/18	3.45	3.47	3.42	3.47	18044275	62942984.00
2017/07/19	3.46	3.51	3.44	3.50	18195432	63987620.00
2017/07/20	3.52	3.62	3.50	3.57	30346530	109198856.00
2017/07/21	3.54	3.56	3.52	3.54	17946132	64233696.00
2017/07/24	3.52	3.55	3.51	3.55	15538932	55500980.00
2017/07/25	3.53	3.60	3.53	3.55	19174330	68997600.00
2017/07/26	3.55	3.56	3.50	3.54	15311705	54605444.00
2017/07/27	3.53	3.58	3.51	3.58	24547791	88207464.00
2017/07/28	3.57	3.58	3.54	3.55	16989074	61153408.00
2017/07/31	3.55	3.58	3.52	3.56	19945500	71574384.00
2017/08/01	3.56	3.58	3.54	3.55	23252334	83698712.00
2017/08/02	3.55	3.57	3.52	3.53	23126177	82686288.00
2017/08/03	3.52	3.55	3.50	3.54	19335028	69016048.00
2017/08/04	3.53	3.55	3.52	3.52	18884404	67416112.00
2017/08/07	3.53	3.60	3.52	3.59	26621168	96156048.00
2017/08/08	3.59	3.61	3.56	3.59	18977443	68735248.00
2017/08/09	3.57	3.58	3.55	3.57	15169143	54685420.00
2017/08/10	3.57	3.58	3.51	3.53	20357464	72963752.00
2017/08/11	3.52	3.56	3.50	3.54	20404927	72676336.00
2017/08/14	3.54	3.60	3.53	3.59	27651963	99971840.00
2017/08/15	3.59	3.63	3.56	3.62	26186767	94912136.00
2017/08/16	3.95	3.99	3.94	3.99	54285608	218550688.00
2017/08/17	4.10	4.20	4.02	4.05	247106549	1023285952.00
2017/08/18	3.93	3.96	3.86	3.89	111175996	437382176.00
2017/08/21	3.90	3.92	3.80	3.86	62428395	242658016.00
2017/08/22	3.86	3.98	3.81	3.91	76578151	302040192.00
2017/08/23	3.89	3.89	3.82	3.83	40623976	157947408.00
2017/08/24	3.79	3.87	3.78	3.79	33788726	130437952.00
2017/08/25	3.79	3.83	3.78	3.81	29102847	112034448.00
2017/08/28	3.82	3.85	3.80	3.83	37044533	143154768.00
2017/08/29	3.82	3.86	3.81	3.82	27750660	107464376.00
2017/08/30	3.83	3.83	3.79	3.81	24697502	94950744.00
2017/08/31	3.81	3.83	3.79	3.83	24511718	94420816.00
2017/09/01	3.82	3.84	3.81	3.83	27138579	104915520.00
2017/09/04	3.83	3.85	3.80	3.85	36068487	139524304.00
2017/09/05	3.85	3.94	3.82	3.90	46240533	181454784.00
2017/09/06	3.89	3.89	3.85	3.89	25885984	101235552.00
2017/09/07	3.87	3.88	3.82	3.82	26337100	102488128.00
2017/09/08	3.81	3.84	3.79	3.80	21339710	82213840.00
2017/09/11	3.80	3.82	3.80	3.82	18658608	71824320.00
2017/09/12	3.81	3.84	3.79	3.82	24265282	93530880.00
2017/09/13	3.81	3.82	3.80	3.82	14648594	56344028.00
2017/09/14	3.82	3.91	3.80	3.87	46855190	183035600.00
2017/09/15	3.86	3.86	3.81	3.83	20228838	78257160.00
2017/09/18	3.83	3.84	3.80	3.82	18828532	72576008.00
2017/09/19	3.81	3.82	3.80	3.81	14442000	55605472.00
2017/09/20	3.82	3.83	3.80	3.83	14659078	56569992.00
2017/09/21	3.83	3.83	3.78	3.80	16494300	63502112.00
2017/09/22	3.80	3.81	3.74	3.75	20342600	77349216.00
2017/09/25	3.74	3.74	3.64	3.64	27524600	102324304.00
2017/09/26	3.64	3.68	3.62	3.66	10952602	40514472.00
2017/09/27	3.66	3.70	3.66	3.68	10800466	40264772.00
2017/09/28	3.68	3.69	3.65	3.65	11775500	43668472.00
2017/09/29	3.67	3.72	3.66	3.71	14013240	52412320.00
2017/10/09	3.76	3.77	3.72	3.74	13712400	51872628.00
2017/10/10	3.75	3.83	3.74	3.82	26121654	100336344.00
2017/10/11	3.82	3.86	3.80	3.82	20332936	78581160.00
2017/10/12	3.81	3.82	3.77	3.79	13520699	51792400.00
2017/10/13	3.81	3.94	3.81	3.88	48517997	190224160.00
2017/10/16	3.87	4.00	3.86	3.95	55894746	221866912.00
2017/10/17	3.93	3.93	3.86	3.87	26551421	104127280.00
2017/10/18	3.88	3.90	3.81	3.83	21837100	84782360.00
2017/10/19	3.81	3.82	3.70	3.73	32789653	124575256.00
2017/10/20	3.73	3.79	3.71	3.79	12384979	47105896.00
2017/10/23	3.79	3.83	3.76	3.80	14024400	53712520.00
2017/10/24	3.79	3.79	3.75	3.78	11263207	42829084.00
2017/10/25	3.76	3.79	3.75	3.78	12215893	46493072.00
2017/10/26	3.77	3.81	3.76	3.81	15589388	59702660.00
2017/10/27	3.81	3.81	3.74	3.76	18920729	71876328.00
2017/10/30	3.76	3.76	3.66	3.68	20152081	75140064.00
2017/10/31	3.67	3.71	3.66	3.70	10738003	40012108.00
2017/11/01	3.71	3.73	3.66	3.68	17159025	64045688.00
2017/11/02	3.68	3.72	3.64	3.70	18011205	66973956.00
2017/11/03	3.68	3.70	3.65	3.68	11662209	43294336.00
2017/11/06	3.69	3.71	3.65	3.70	9536337	35455204.00
2017/11/07	3.70	3.74	3.69	3.73	15581350	58434952.00
2017/11/08	3.74	3.74	3.71	3.71	11630900	43793512.00
2017/11/09	3.71	3.72	3.69	3.71	9489340	35477780.00
2017/11/10	3.71	3.77	3.68	3.77	24026563	90733408.00
2017/11/13	3.76	3.85	3.73	3.81	29250910	112303056.00
2017/11/14	3.83	3.88	3.75	3.77	30010550	115495192.00
2017/11/15	3.75	3.76	3.69	3.70	17652049	66351276.00
2017/11/16	3.71	3.71	3.66	3.70	14076002	52439376.00
2017/11/17	3.68	3.70	3.57	3.59	24101200	88537488.00
2017/11/20	3.56	3.59	3.48	3.58	18246000	65207592.00
2017/11/21	3.57	3.61	3.55	3.61	11337906	41067692.00
2017/11/22	3.60	3.61	3.56	3.58	12114642	43925616.00
2017/11/23	3.56	3.58	3.51	3.52	14435300	51650912.00
2017/11/24	3.51	3.53	3.50	3.52	8371283	29791562.00
2017/11/27	3.53	3.55	3.50	3.53	7926123	28269742.00
2017/11/28	3.53	3.57	3.52	3.57	9520195	34132636.00
2017/11/29	3.58	3.59	3.52	3.55	8963036	32142646.00
2017/11/30	3.56	3.60	3.54	3.56	8604600	30986610.00
2017/12/01	3.56	3.59	3.54	3.59	8956295	32308194.00
2017/12/04	3.58	3.58	3.52	3.53	9237500	33144656.00
2017/12/05	3.52	3.53	3.42	3.44	15034025	52829892.00
2017/12/06	3.44	3.45	3.35	3.45	12088300	41752212.00
2017/12/07	3.44	3.45	3.42	3.44	6133588	21301034.00
2017/12/08	3.43	3.46	3.42	3.45	6506385	22692598.00
2017/12/11	3.43	3.47	3.42	3.47	7281841	25463642.00
2017/12/12	3.46	3.47	3.42	3.43	6844479	23832906.00
2017/12/13	3.43	3.45	3.40	3.45	6777238	23504634.00
2017/12/14	3.45	3.45	3.40	3.43	7923393	27432162.00
2017/12/15	3.45	3.62	3.42	3.52	23239042	82698280.00
2017/12/18	3.49	3.52	3.47	3.49	9999063	35282804.00
2017/12/19	3.49	3.51	3.46	3.49	7869200	27757882.00
2017/12/20	3.49	3.53	3.45	3.45	9672043	34067720.00
2017/12/21	3.46	3.46	3.38	3.40	16535300	57034592.00
2017/12/22	3.40	3.41	3.36	3.37	17995456	61505888.00
2017/12/25	3.38	3.39	3.24	3.25	30375043	100825824.00
2017/12/26	3.23	3.27	3.23	3.26	16926300	55659008.00
2017/12/27	3.26	3.26	3.16	3.19	24984062	81040808.00
2017/12/28	3.18	3.21	3.17	3.19	16299688	52673228.00
2017/12/29	3.19	3.25	3.18	3.25	17352424	56511880.00
2018/01/02	3.23	3.27	3.22	3.25	16988363	55884160.00
2018/01/03	3.25	3.35	3.24	3.34	29342859	98032800.00
2018/01/04	3.32	3.33	3.27	3.30	19641179	65606588.00
2018/01/05	3.30	3.33	3.29	3.31	12672100	42470452.00
2018/01/08	3.30	3.33	3.27	3.32	16779501	56079212.00
2018/01/09	3.31	3.33	3.30	3.31	8440505	28265082.00
2018/01/10	3.31	3.31	3.26	3.28	11137294	36978368.00
2018/01/11	3.27	3.33	3.26	3.33	13360500	44554348.00
2018/01/12	3.35	3.51	3.33	3.41	43277864	150325248.00
2018/01/15	3.40	3.41	3.29	3.31	20213280	68423024.00
2018/01/16	3.30	3.36	3.28	3.35	12158394	40978240.00
2018/01/17	3.36	3.44	3.32	3.40	22885799	78432256.00
2018/01/18	3.41	3.42	3.37	3.39	10042742	34461452.00
2018/01/19	3.40	3.41	3.35	3.36	12081242	41232920.00
2018/01/22	3.37	3.43	3.35	3.39	14017700	48134588.00
2018/01/23	3.38	3.40	3.36	3.39	8624895	29492190.00
2018/01/24	3.37	3.39	3.35	3.39	10849835	36959648.00
2018/01/25	3.38	3.42	3.36	3.41	16406084	56422640.00
2018/01/26	3.40	3.41	3.38	3.39	9265767	31750956.00
2018/01/29	3.38	3.41	3.32	3.33	14991730	51011952.00
2018/01/30	3.33	3.34	3.30	3.31	10115195	33960944.00
2018/01/31	3.31	3.31	3.24	3.28	15279688	50601608.00
2018/02/01	3.26	3.28	3.17	3.18	16675486	54269208.00
2018/02/02	3.16	3.17	3.04	3.15	13059045	41262140.00
2018/02/05	3.13	3.15	3.10	3.14	9037920	28626740.00
2018/02/06	3.10	3.10	3.00	3.00	17614367	54679072.00
2018/02/07	3.04	3.06	2.98	3.04	14200037	43592080.00
2018/02/08	3.03	3.08	3.02	3.06	10903932	33716416.00
2018/02/09	3.02	3.02	2.95	2.97	17566914	53021356.00
2018/02/12	2.97	3.09	2.97	3.07	16923654	52074100.00
2018/02/13	3.06	3.09	3.02	3.03	10204707	31631168.00
2018/02/14	3.02	3.05	3.02	3.04	4773343	14697899.00
2018/02/22	3.06	3.08	3.04	3.07	6797183	21095284.00
2018/02/23	3.08	3.09	3.05	3.09	9943863	30926772.00
2018/02/26	3.08	3.14	3.07	3.13	12855113	40504428.00
2018/02/27	3.13	3.14	3.10	3.11	8926645	28181528.00
2018/02/28	3.10	3.14	3.08	3.13	9900700	31280480.00
2018/03/01	3.11	3.16	3.11	3.16	14029360	44570844.00
2018/03/02	3.14	3.15	3.11	3.12	10982600	34806852.00
2018/03/05	3.11	3.13	3.10	3.11	8404327	26471492.00
2018/03/06	3.12	3.23	3.11	3.15	15998035	51252380.00
2018/03/07	3.14	3.19	3.14	3.16	13285056	42548836.00
2018/03/08	3.14	3.20	3.14	3.20	13922090	44875920.00
2018/03/09	3.18	3.21	3.18	3.20	10638059	34442548.00
2018/03/12	3.20	3.24	3.19	3.22	11142261	36253240.00
2018/03/13	3.22	3.24	3.19	3.19	10952815	35608008.00
2018/03/14	3.19	3.25	3.19	3.22	17537249	57171848.00
2018/03/15	3.21	3.26	3.18	3.22	18297129	59527976.00
2018/03/16	3.21	3.22	3.19	3.19	9688752	31405252.00
2018/03/19	3.19	3.20	3.14	3.16	9896054	31673600.00
2018/03/20	3.15	3.16	3.12	3.16	12096051	38391720.00
2018/03/21	3.15	3.18	3.13	3.14	12420981	39732076.00
2018/03/22	3.12	3.15	3.09	3.11	13508800	42652248.00
2018/03/23	3.06	3.07	2.96	2.98	26929878	82103544.00
2018/03/26	2.95	3.02	2.87	3.01	18830509	56049240.00
2018/03/27	3.02	3.07	3.02	3.05	13911022	42914204.00
2018/03/28	3.02	3.06	3.00	3.04	11992591	36940236.00
2018/03/29	3.05	3.07	3.05	3.07	10619152	32943574.00
2018/03/30	3.08	3.10	3.05	3.08	10484542	32617710.00
2018/04/02	3.08	3.10	3.06	3.07	14123744	44032480.00
2018/04/03	3.04	3.05	2.99	3.02	16582516	50728588.00
2018/04/04	3.02	3.04	3.00	3.02	12110200	37008792.00
2018/04/09	2.99	3.02	2.98	3.00	9473220	28827420.00
2018/04/10	3.01	3.04	2.99	3.04	11663288	35586788.00
2018/04/11	3.05	3.08	3.03	3.05	11287771	34923992.00
2018/04/12	3.05	3.05	3.00	3.01	8751457	26804692.00
2018/04/13	3.02	3.03	3.00	3.02	6498949	19873212.00
2018/04/16	3.01	3.02	2.98	3.00	8335966	25330800.00
2018/04/17	3.06	3.08	3.01	3.02	16193097	49963784.00
2018/04/18	3.04	3.06	2.96	3.03	11478849	34995268.00
2018/04/19	3.01	3.05	3.00	3.04	10118900	31067972.00
2018/04/20	3.02	3.04	2.97	2.97	9565700	29070576.00
2018/04/23	2.97	3.00	2.97	3.00	8492149	25669828.00
2018/04/24	3.00	3.02	2.98	3.02	10877516	33126306.00
2018/04/25	3.01	3.02	2.99	3.00	8999172	27330466.00
2018/04/26	3.00	3.00	2.94	2.95	13102300	39375732.00
2018/04/27	2.96	2.98	2.94	2.98	8178785	24555476.00
2018/05/02	2.97	2.99	2.95	2.97	10143500	30501750.00
2018/05/03	2.96	3.06	2.94	3.06	30641445	93699488.00
2018/05/04	3.05	3.16	3.04	3.13	32234263	101709216.00
2018/05/07	3.14	3.17	3.11	3.14	19436310	61639016.00
2018/05/08	3.14	3.21	3.13	3.15	20718800	66383764.00
2018/05/09	3.14	3.16	3.11	3.14	12048125	38241304.00
2018/05/10	3.14	3.16	3.12	3.13	13787100	43767256.00
2018/05/11	3.14	3.16	3.10	3.14	19498759	61972544.00
2018/05/14	3.15	3.22	3.12	3.13	25734471	82689920.00
2018/05/15	3.14	3.18	3.13	3.15	17189385	54852624.00
2018/05/16	3.14	3.17	3.14	3.15	15619300	49860928.00
2018/05/17	3.14	3.15	3.10	3.11	14348538	45291096.00
2018/05/18	3.12	3.24	3.09	3.22	26872635	86369216.00
2018/05/21	3.23	3.24	3.20	3.23	21423275	69847408.00
2018/05/22	3.22	3.24	3.19	3.24	13253116	43099920.00
2018/05/23	3.24	3.26	3.19	3.20	15898539	51923796.00
2018/05/24	3.19	3.22	3.17	3.20	12920678	41812604.00
2018/05/25	3.20	3.21	3.13	3.15	13202675	42170160.00
2018/05/28	3.12	3.17	3.11	3.15	13384374	42582104.00
2018/05/29	3.15	3.16	3.12	3.13	9051086	28803570.00
2018/05/30	3.11	3.11	3.00	3.01	16406458	50539392.00
2018/05/31	3.03	3.10	3.03	3.08	14936428	46409804.00
2018/06/01	3.06	3.39	3.06	3.30	66904606	220302752.00
2018/06/04	3.29	3.30	3.21	3.24	33109728	108834568.00
2018/06/05	3.24	3.26	3.18	3.24	23283446	75853752.00
2018/06/06	3.23	3.28	3.22	3.24	15785675	51875616.00
2018/06/07	3.23	3.34	3.20	3.30	27747533	91728712.00
2018/06/08	3.27	3.30	3.22	3.23	17385567	57419572.00
2018/06/11	3.22	3.29	3.20	3.26	13213162	43621008.00
2018/06/12	3.26	3.31	3.23	3.30	13774486	45686752.00
2018/06/13	3.29	3.33	3.27	3.28	16479981	55146464.00
2018/06/14	3.26	3.30	3.21	3.23	15999749	52751592.00
2018/06/15	3.24	3.24	3.12	3.23	17748323	57101120.00
2018/06/19	3.16	3.21	3.05	3.17	28294727	89776720.00
2018/06/20	3.10	3.19	3.08	3.11	23893956	75023600.00
2018/06/21	3.13	3.17	3.07	3.10	16819687	52581308.00
2018/06/22	3.08	3.13	3.05	3.12	11531281	35785364.00
2018/06/25	3.14	3.15	3.07	3.07	11218788	34741392.00
2018/06/26	3.04	3.05	2.93	3.00	21251224	63582220.00
2018/06/27	3.00	3.01	2.84	2.97	52184689	151720080.00
2018/06/28	2.92	2.93	2.82	2.84	33466796	95903432.00
2018/06/29	2.81	2.88	2.81	2.87	22980523	65469132.00
2018/07/02	2.85	2.86	2.76	2.78	25889486	72783432.00
2018/07/03	2.76	2.82	2.75	2.81	20180314	56215056.00
2018/07/04	2.81	2.81	2.76	2.78	14282800	39754768.00
2018/07/05	2.77	2.79	2.68	2.69	17246645	47177324.00
2018/07/06	2.69	2.76	2.64	2.72	18714351	50726832.00
2018/07/09	2.73	2.82	2.72	2.81	25586367	71139552.00
2018/07/10	2.82	2.82	2.76	2.79	12494293	34736384.00
2018/07/11	2.77	2.77	2.70	2.72	13413354	36496224.00
2018/07/12	2.72	2.83	2.71	2.83	18181868	50752044.00
2018/07/13	2.80	2.85	2.80	2.83	9484900	26780896.00
2018/07/16	2.81	2.88	2.81	2.84	12194087	34689632.00
2018/07/17	2.85	2.86	2.81	2.86	9056036	25701282.00
2018/07/18	2.86	2.94	2.84	2.89	23529297	68189064.00
2018/07/19	2.90	2.92	2.87	2.89	13304091	38529460.00
2018/07/20	2.91	2.96	2.89	2.94	17199511	50450884.00
2018/07/23	2.94	2.95	2.89	2.95	10756193	31403848.00
2018/07/24	2.98	3.01	2.96	2.99	18327826	54809724.00
2018/07/25	3.00	3.06	2.97	3.01	17117402	51642504.00
2018/07/26	3.02	3.03	2.98	3.02	13534697	40726752.00
2018/07/27	3.02	3.03	2.96	2.97	12962094	38925104.00
2018/07/30	2.98	3.12	2.96	3.08	33184723	101490936.00
2018/07/31	3.08	3.08	3.03	3.05	17534316	53463188.00
2018/08/01	3.04	3.07	2.99	3.00	18610618	56651880.00
2018/08/02	3.00	3.01	2.87	2.93	20296151	59449820.00
2018/08/03	2.94	2.99	2.91	2.96	13459511	39846628.00
2018/08/06	2.95	2.97	2.90	2.92	13993773	41104892.00
2018/08/07	2.91	2.98	2.91	2.98	13631864	40398120.00
2018/08/08	2.98	3.02	2.94	2.99	19492943	58166648.00
2018/08/09	2.96	3.03	2.95	3.02	17304535	51884812.00
2018/08/10	3.00	3.01	2.98	3.00	9299000	27840668.00
2018/08/13	2.98	2.98	2.94	2.97	10285474	30425652.00
2018/08/14	2.95	2.97	2.93	2.96	9837513	28970874.00
2018/08/15	2.94	2.96	2.85	2.88	14372288	41705584.00
2018/08/16	2.85	2.86	2.80	2.83	14336259	40545708.00
2018/08/17	2.84	2.86	2.76	2.77	14303228	40018276.00
2018/08/20	2.76	2.79	2.71	2.77	11391800	31336616.00
2018/08/21	2.77	2.82	2.76	2.81	6847800	19162060.00
2018/08/22	2.80	2.83	2.78	2.82	7872690	22071396.00
2018/08/23	2.82	2.83	2.80	2.81	7270524	20463984.00
2018/08/24	2.80	2.83	2.79	2.82	8075471	22713848.00
2018/08/27	2.82	2.85	2.80	2.84	11879483	33593424.00
2018/08/28	2.84	2.85	2.80	2.83	9405605	26534894.00
2018/08/29	2.82	2.82	2.77	2.80	11855600	33019810.00
2018/08/30	2.79	2.80	2.73	2.74	10819115	29807720.00
2018/08/31	2.74	2.74	2.67	2.70	12092357	32729168.00
2018/09/03	2.70	2.71	2.66	2.70	16667907	44580484.00
2018/09/04	2.68	2.72	2.66	2.71	23757333	63909452.00
2018/09/05	2.69	2.71	2.67	2.67	12546866	33733408.00
2018/09/06	2.66	2.69	2.65	2.68	10424320	27824644.00
2018/09/07	2.67	2.71	2.67	2.68	9506900	25527748.00
2018/09/10	2.68	2.68	2.64	2.65	10771843	28597188.00
2018/09/11	2.65	2.69	2.64	2.67	10577189	28160544.00
2018/09/12	2.66	2.69	2.66	2.67	9045910	24144068.00
2018/09/13	2.68	2.70	2.66	2.69	8640501	23159232.00
2018/09/14	2.69	2.71	2.68	2.70	15041288	40510632.00
2018/09/17	2.69	2.70	2.65	2.66	9342569	24891400.00
2018/09/18	2.66	2.71	2.65	2.71	12388790	33126864.00
2018/09/19	2.69	2.73	2.67	2.71	16939558	45828584.00
2018/09/20	2.70	2.72	2.69	2.72	11611356	31454078.00
2018/09/21	2.72	2.74	2.69	2.74	17075580	46502668.00
2018/09/25	2.72	2.73	2.70	2.71	10691375	28991544.00
2018/09/26	2.71	2.72	2.68	2.69	31614171	85243040.00
2018/09/27	2.68	2.68	2.59	2.61	40370681	106388480.00
2018/09/28	2.60	2.61	2.56	2.61	24816641	64143260.00
2018/10/08	2.59	2.59	2.54	2.55	17421230	44723608.00
2018/10/09	2.55	2.58	2.54	2.56	9217392	23610396.00
2018/10/10	2.56	2.58	2.54	2.57	7912100	20236004.00
2018/10/11	2.50	2.50	2.31	2.31	29523670	70807552.00
2018/10/12	2.28	2.30	2.17	2.27	22682942	50966672.00
2018/10/15	2.28	2.29	2.23	2.24	13441188	30319884.00
2018/10/16	2.24	2.26	2.20	2.21	13862817	30825380.00
2018/10/17	2.23	2.25	2.20	2.23	10668548	23700604.00
2018/10/18	2.23	2.23	2.16	2.18	12735417	27898890.00
2018/10/19	2.17	2.25	2.13	2.24	15776320	34533216.00
2018/10/22	2.24	2.37	2.23	2.34	22601841	52308756.00
2018/10/23	2.34	2.34	2.27	2.29	14335771	33060042.00
2018/10/24	2.27	2.33	2.27	2.29	10745300	24677092.00
2018/10/25	2.23	2.30	2.21	2.30	13642445	30675260.00
2018/10/26	2.31	2.35	2.29	2.31	17245460	39958100.00
2018/10/29	2.30	2.33	2.28	2.32	10654935	24616608.00
2018/10/30	2.31	2.35	2.29	2.33	15195700	35323684.00
2018/10/31	2.33	2.40	2.33	2.37	17331624	41125428.00
2018/11/01	2.38	2.43	2.37	2.37	21758393	52370384.00
2018/11/02	2.39	2.47	2.39	2.46	26066686	63616944.00
2018/11/05	2.49	2.57	2.46	2.51	31914796	80553080.00
2018/11/06	2.49	2.54	2.47	2.53	18864617	47069000.00
2018/11/07	2.54	2.54	2.49	2.49	12299858	30858532.00
2018/11/08	2.51	2.52	2.48	2.48	13677065	34198044.00
2018/11/09	2.48	2.49	2.43	2.43	16962800	41578284.00
2018/11/12	2.45	2.53	2.43	2.52	19351260	48148784.00
2018/11/13	2.50	2.63	2.48	2.61	31071857	80119304.00
2018/11/14	2.60	2.63	2.58	2.59	18349568	47773656.00
2018/11/15	2.58	2.64	2.57	2.61	18320458	47723740.00
2018/11/16	2.60	2.66	2.59	2.64	18322059	48157632.00
2018/11/19	2.63	2.66	2.60	2.63	11856398	31114622.00
2018/11/20	2.63	2.64	2.53	2.55	18066483	46740880.00
2018/11/21	2.52	2.58	2.51	2.56	18048100	45856664.00
2018/11/22	2.56	2.63	2.55	2.61	16457750	42791384.00
2018/11/23	2.60	2.62	2.46	2.47	16431805	41496768.00
2018/11/26	2.48	2.51	2.44	2.45	12165799	30127178.00
2018/11/27	2.47	2.49	2.45	2.47	8383903	20747164.00
2018/11/28	2.48	2.50	2.43	2.49	12216682	30233792.00
2018/11/29	2.50	2.53	2.46	2.47	11566300	28866118.00
2018/11/30	2.47	2.49	2.44	2.48	8903975	21977184.00
2018/12/03	2.52	2.57	2.51	2.54	17192700	43578000.00
2018/12/04	2.54	2.54	2.50	2.53	19299384	48584836.00
2018/12/05	2.49	2.56	2.49	2.56	18521459	47006108.00
2018/12/06	2.55	2.55	2.51	2.52	12950010	32742594.00
2018/12/07	2.52	2.54	2.50	2.52	10363800	26067740.00
2018/12/10	2.52	2.53	2.46	2.46	9618641	23842064.00
2018/12/11	2.47	2.49	2.46	2.47	5360415	13267763.00
2018/12/12	2.50	2.50	2.48	2.49	5908500	14708238.00
2018/12/13	2.49	2.53	2.47	2.52	9726823	24408510.00
2018/12/14	2.50	2.53	2.48	2.48	10302282	25817218.00
2018/12/17	2.48	2.49	2.42	2.45	15288624	37385244.00
2018/12/18	2.44	2.47	2.42	2.46	8873873	21623272.00
2018/12/19	2.46	2.46	2.37	2.38	14637853	35110684.00
2018/12/20	2.38	2.39	2.36	2.39	7957248	18954500.00
2018/12/21	2.38	2.40	2.35	2.38	8161418	19393418.00
2018/12/24	2.36	2.40	2.36	2.38	7089031	16861232.00
2018/12/25	2.36	2.37	2.31	2.36	9730299	22764682.00
2018/12/26	2.36	2.38	2.35	2.38	5956000	14082087.00
2018/12/27	2.41	2.42	2.31	2.32	9869704	23286996.00
2018/12/28	2.31	2.34	2.30	2.32	7137200	16520870.00
2019/01/02	2.33	2.33	2.30	2.31	9956979	23015548.00
2019/01/03	2.28	2.33	2.28	2.29	11682345	26852174.00
数据来源:通达信
