603788 宁波高发 日线 前复权
      日期	    开盘	    最高	    最低	    收盘	    成交量	    成交额
2015/01/20	8.61	8.61	8.61	8.61	101299	1499225.25
2015/01/21	9.66	9.66	9.66	9.66	13700	223036.00
2015/01/22	10.83	10.83	10.83	10.83	9800	175518.00
2015/01/23	12.11	12.11	12.11	12.11	87500	1723750.00
2015/01/26	13.51	13.51	13.51	13.51	266400	5772888.00
2015/01/27	15.06	15.06	15.06	15.06	272140	6487817.50
2015/01/28	16.76	16.76	16.76	16.76	575318	15084838.00
2015/01/29	18.64	18.64	18.64	18.64	1079499	31132752.00
2015/01/30	20.69	20.69	20.19	20.69	14271466	450515712.00
2015/02/02	22.18	22.96	20.21	20.69	24993288	836030336.00
2015/02/03	19.46	20.11	18.68	19.14	15344566	458305280.00
2015/02/04	18.99	21.24	18.99	21.24	17284045	539873664.00
2015/02/05	20.18	20.53	19.46	19.56	11571544	353467904.00
2015/02/06	19.06	19.06	17.41	17.41	6864639	189963696.00
2015/02/09	16.51	16.51	15.48	15.84	9261866	231155776.00
2015/02/10	15.68	16.24	15.50	16.03	6078534	152151888.00
2015/02/11	16.02	16.24	15.69	15.93	5316049	133447560.00
2015/02/12	16.01	16.10	15.32	15.77	5317397	132351144.00
2015/02/13	15.87	16.11	15.77	16.09	5129175	128832208.00
2015/02/16	16.14	16.25	15.82	16.14	4717359	119189560.00
2015/02/17	16.13	16.18	15.92	15.93	3520874	88527760.00
2015/02/25	15.98	16.00	15.47	15.61	2825250	69745424.00
2015/02/26	15.54	15.96	15.54	15.86	2829427	70422096.00
2015/02/27	15.89	16.16	15.74	16.02	3802216	95382568.00
2015/03/02	16.04	17.24	15.82	17.00	6331092	162381120.00
2015/03/03	16.61	16.64	16.18	16.20	4956634	127438400.00
2015/03/04	16.06	16.30	16.05	16.25	2896609	73559368.00
2015/03/05	16.21	16.26	15.93	16.04	2558951	64621372.00
2015/03/06	16.07	16.18	15.89	15.94	2053035	51589828.00
2015/03/09	15.94	16.06	15.79	15.97	1900360	47626884.00
2015/03/10	16.00	16.07	15.89	15.98	2169238	54547172.00
2015/03/11	15.97	16.10	15.85	16.01	2345368	58842048.00
2015/03/12	16.02	16.04	15.57	15.70	2322140	57704816.00
2015/03/13	15.68	16.46	15.68	16.34	4241865	107703456.00
2015/03/16	16.46	16.96	16.46	16.82	5344313	139870192.00
2015/03/17	16.89	16.95	16.58	16.93	5876777	154091648.00
2015/03/18	16.99	18.82	16.86	18.82	8601622	239277600.00
2015/03/19	18.86	19.37	18.26	18.47	7326687	211744736.00
2015/03/20	18.74	18.74	18.21	18.27	4006843	113755912.00
2015/03/23	18.26	18.50	18.19	18.34	3684668	104544280.00
2015/03/24	18.34	18.37	17.39	17.94	4571420	126913328.00
2015/03/25	17.82	18.74	17.60	18.53	4835864	137154000.00
2015/03/26	18.52	18.52	17.89	17.96	2975571	83556520.00
2015/03/27	18.01	18.18	17.68	17.91	1768372	49263192.00
2015/03/30	17.91	18.46	17.75	18.23	3101108	87558800.00
2015/03/31	18.25	18.39	17.87	18.04	2625134	73480624.00
2015/04/01	17.96	18.43	17.94	18.36	2919001	82707488.00
2015/04/02	18.39	19.01	18.39	18.99	4859986	140201536.00
2015/04/03	18.89	19.19	18.64	18.96	4494872	131178808.00
2015/04/07	19.23	19.79	19.01	19.58	4937170	147880512.00
2015/04/08	19.82	19.86	18.65	19.02	4323370	127725376.00
2015/04/09	19.04	19.11	17.79	18.54	3845177	109607720.00
2015/04/10	18.49	19.13	18.31	19.01	3710205	108479144.00
2015/04/13	19.05	20.52	19.05	19.89	6500559	199725584.00
2015/04/14	19.96	20.79	19.82	19.98	5096028	158370880.00
2015/04/15	19.71	19.75	18.66	18.67	3395828	100226608.00
2015/04/16	18.40	19.09	18.04	18.84	2417294	69939816.00
2015/04/17	19.15	20.92	18.91	20.92	9950670	311944992.00
2015/04/20	21.25	21.95	19.82	20.18	9920032	316252288.00
2015/04/21	19.82	21.95	19.61	21.67	8379270	270764352.00
2015/04/22	21.61	22.39	20.76	22.34	7698785	251990928.00
2015/04/23	22.07	22.08	21.46	21.54	5278662	175050336.00
2015/04/24	21.52	21.52	20.46	20.76	4801705	152946480.00
2015/04/27	20.81	21.31	20.63	20.84	3560741	113917688.00
2015/04/28	20.89	21.04	19.82	19.95	3814911	119006200.00
2015/04/29	20.15	20.66	19.82	20.49	2645269	82688024.00
2015/04/30	20.71	21.29	20.49	20.56	3102847	99537784.00
2015/05/04	20.54	20.85	19.89	20.67	2389429	74978920.00
2015/05/05	20.67	20.86	19.71	19.75	2565850	79628920.00
2015/05/06	19.74	20.32	19.66	19.86	2287822	70082264.00
2015/05/07	19.88	20.02	19.21	19.52	1891896	57085276.00
2015/05/08	19.84	20.41	19.64	20.39	2185712	66641084.00
2015/05/11	20.59	22.21	20.50	22.05	6330622	207344752.00
2015/05/12	22.45	23.29	22.45	22.63	7018680	241055248.00
2015/05/13	22.57	24.37	22.21	23.11	5112526	179175408.00
2015/05/14	23.29	25.13	23.29	24.71	5869180	213429952.00
2015/05/15	24.43	27.35	24.06	27.35	8500617	335232160.00
2015/05/18	28.99	30.26	28.99	30.26	4162597	184106176.00
2015/05/19	32.59	32.59	28.01	29.01	9747210	430670048.00
2015/05/20	28.64	31.11	27.92	29.27	5954709	260532032.00
2015/05/21	28.39	30.35	27.89	29.64	4792851	206857840.00
2015/05/22	29.77	32.77	28.44	32.77	7125244	321947808.00
2015/05/25	32.86	36.12	30.79	34.77	7077782	356836672.00
2015/05/26	34.06	38.42	34.05	38.42	7024422	371965504.00
2015/05/27	39.71	42.44	39.09	42.44	5957783	356540384.00
2015/05/28	44.00	46.85	38.02	38.06	9866869	653170496.00
2015/05/29	36.14	40.05	34.09	36.28	7831000	425257344.00
2015/06/01	36.14	36.26	34.36	35.59	5287169	272839200.00
2015/06/02	35.43	35.43	33.29	35.38	5325961	269261792.00
2015/06/03	35.11	37.46	34.47	36.17	4485641	237191360.00
2015/06/04	36.00	37.72	32.39	36.46	5187048	257766896.00
2015/06/05	36.00	36.57	34.36	36.09	4439656	232509168.00
2015/06/08	36.00	36.00	33.14	34.06	3493902	176163632.00
2015/06/09	33.66	34.99	32.93	33.74	2226687	111282392.00
2015/06/10	33.71	35.43	33.09	35.24	3411162	173649888.00
2015/06/11	34.82	38.86	34.46	38.59	5909688	322616288.00
2015/06/12	38.59	38.96	36.39	36.42	4069765	222703760.00
2015/06/15	35.43	35.43	32.66	32.99	3370311	167742064.00
2015/06/16	32.07	32.21	29.59	31.12	2675082	122642192.00
2015/06/17	31.06	32.57	30.51	32.26	2579768	120903336.00
2015/06/18	32.07	35.29	31.51	35.21	5960749	299893216.00
2015/06/19	34.36	37.05	31.51	32.04	4399207	228789152.00
2015/06/23	33.14	33.14	28.70	32.79	1871601	85893112.00
2015/06/24	32.56	36.14	32.13	35.36	3784210	191658640.00
2015/06/25	35.29	36.49	32.64	33.59	4047290	210001424.00
2015/06/26	31.10	32.21	30.06	30.06	2546504	115220424.00
2015/06/29	30.26	31.14	26.89	26.89	1952799	81044040.00
2015/06/30	24.03	29.64	24.03	28.64	2852363	110552152.00
2015/07/01	27.45	29.00	25.60	25.60	2299870	94015320.00
2015/07/02	24.79	25.41	22.87	22.87	2014248	71609584.00
2015/07/03	20.79	22.56	20.41	20.41	2635787	83514184.00
2015/07/06	22.57	22.62	18.20	18.20	3609306	108265136.00
2015/07/07	16.82	17.21	16.21	16.21	1160401	29307056.00
2015/07/08	14.41	14.41	14.41	14.41	247200	5581776.00
2015/07/09	12.80	16.03	12.80	16.03	5810853	132569352.00
2015/07/10	16.82	17.80	16.25	17.80	2831928	76239176.00
2015/07/13	19.36	19.75	18.41	19.75	4352661	129054448.00
2015/07/14	20.57	21.90	19.76	21.52	7498749	237636112.00
2015/07/15	20.20	21.14	19.20	20.89	6179946	188250864.00
2015/07/16	19.71	21.86	19.04	20.41	4338756	137080672.00
2015/07/17	20.60	22.14	19.86	21.86	3860849	124738864.00
2015/07/20	21.81	22.91	21.26	22.04	4055082	134241344.00
2015/07/21	21.67	22.56	21.14	22.21	3307140	109203208.00
2015/07/22	22.07	22.71	21.58	22.64	3334331	111584408.00
2015/07/23	22.50	25.08	22.48	25.08	5477828	198307360.00
2015/07/24	24.96	26.00	24.02	24.83	6223059	232519328.00
2015/07/27	24.16	25.09	22.17	22.17	2951814	105617184.00
2015/07/28	19.79	22.29	19.79	20.74	4008219	124937040.00
2015/07/29	21.14	22.71	19.86	22.66	3005984	96283408.00
2015/07/30	22.21	23.84	21.50	22.24	3701340	126728632.00
2015/07/31	21.51	22.72	21.04	22.07	2557451	84130064.00
2015/08/03	21.76	22.01	19.69	20.35	3560346	111385680.00
2015/08/04	20.36	21.83	20.22	21.81	2652406	84378144.00
2015/08/05	21.82	22.59	21.41	22.11	5701393	188302080.00
2015/08/06	21.58	22.07	21.09	21.25	2838182	92399416.00
2015/08/07	21.56	22.09	21.26	21.93	3399750	111988208.00
2015/08/10	22.12	23.52	22.00	23.35	5569620	190731584.00
2015/08/11	23.11	24.11	22.97	23.69	5239048	184666192.00
2015/08/12	23.14	23.61	22.71	22.97	3037433	105425344.00
2015/08/13	22.65	23.66	22.36	23.49	3159388	109508104.00
2015/08/14	23.73	25.01	23.47	24.77	6280559	228531936.00
2015/08/17	24.43	25.00	24.04	24.77	4078479	149569648.00
2015/08/18	24.63	24.63	22.12	22.12	4815664	168716816.00
2015/08/19	20.44	23.14	19.74	22.69	4317801	138065616.00
2015/08/20	21.86	22.56	21.20	21.28	2018329	66616608.00
2015/08/21	21.20	21.29	19.43	19.53	2359889	72994976.00
2015/08/24	18.20	18.64	17.41	17.41	1440143	39046024.00
2015/08/25	15.50	16.26	15.49	15.49	1492328	36271108.00
2015/08/26	13.78	16.72	13.78	14.94	4188334	100394288.00
2015/08/27	15.46	16.21	14.57	15.72	2409196	57755008.00
2015/08/28	15.86	17.07	15.86	17.04	2929570	73991648.00
2015/08/31	16.62	17.19	15.86	15.86	2184590	55036548.00
2015/09/01	15.46	15.75	14.11	14.11	2024163	46071852.00
2015/09/02	13.24	14.80	12.71	13.06	1834330	39851692.00
2015/09/07	13.57	14.14	13.32	13.66	1662189	36039380.00
2015/09/08	13.73	15.12	13.43	15.11	2305146	51973684.00
2015/09/09	15.21	16.32	15.21	16.27	3360269	82463648.00
2015/09/10	15.86	16.25	15.46	15.51	1858402	45799316.00
2015/09/11	15.50	16.28	15.44	16.23	2069464	51034336.00
2015/09/14	16.06	16.41	14.44	14.44	2670442	64058116.00
2015/09/15	14.00	14.14	12.83	12.88	2146487	45629796.00
2015/09/16	13.19	14.34	13.06	14.34	2914317	62616624.00
2015/09/17	14.43	15.35	14.01	14.11	3302382	76027992.00
2015/09/18	14.32	14.79	14.11	14.76	2187913	49625564.00
2015/09/21	14.50	15.70	14.43	15.66	2444724	57942420.00
2015/09/22	15.77	16.07	15.29	15.66	3203103	77847280.00
2015/09/23	15.29	15.64	14.93	15.32	2109053	50395948.00
2015/09/24	15.64	16.39	15.47	16.09	2961779	73307424.00
2015/09/25	15.89	16.00	14.47	15.24	2064259	49479792.00
2015/10/09	16.93	16.93	16.66	16.93	2991618	78070280.00
2015/10/12	16.86	18.25	16.57	17.98	6221019	167858112.00
2015/10/13	17.49	18.14	17.44	17.91	3585935	98015360.00
2015/10/14	17.59	17.96	17.44	17.51	2375241	64615496.00
2015/10/15	17.32	18.46	17.32	18.27	2790792	76957976.00
2015/10/16	18.49	18.93	18.04	18.52	3414856	96485008.00
2015/10/19	18.56	18.99	17.89	18.06	3684879	103402840.00
2015/10/20	18.04	18.39	17.76	18.29	2405604	67014712.00
2015/10/21	18.29	19.28	16.86	17.23	4663619	131911944.00
2015/10/22	17.06	18.61	17.06	18.58	3274446	90272776.00
2015/10/23	18.73	20.54	18.73	20.33	5000121	147626480.00
2015/10/26	20.42	20.42	19.57	20.11	3460503	105063952.00
2015/10/27	19.79	20.07	18.73	19.92	2552504	75792968.00
2015/10/28	19.85	20.42	19.08	19.20	2040984	61613832.00
2015/10/29	19.41	19.79	19.01	19.42	1539227	45482976.00
2015/10/30	19.36	20.40	18.82	20.06	4484037	134590768.00
2015/11/02	19.56	21.84	19.16	21.12	4842683	153829584.00
2015/11/03	21.00	21.93	20.79	21.77	4266888	138368368.00
2015/11/04	22.00	22.56	21.58	22.50	4967827	165573008.00
2015/11/05	22.66	23.04	21.86	22.01	5793039	195868464.00
2015/11/06	21.95	22.93	21.86	22.74	3921576	133056024.00
2015/11/09	22.74	23.84	22.43	23.50	4563310	159652784.00
2015/11/10	23.29	23.64	22.72	23.14	3427110	119346008.00
2015/11/11	23.21	25.33	22.99	24.91	4033091	146004704.00
2015/11/12	24.82	27.24	24.79	26.76	5319736	207133888.00
2015/11/13	26.64	26.71	24.01	24.16	5116146	193202448.00
2015/11/16	23.37	25.29	23.05	25.21	4776790	173737552.00
2015/11/17	25.33	26.11	24.64	24.73	3834648	145685120.00
2015/11/18	24.64	25.29	23.71	23.80	2691836	99174440.00
2015/11/19	23.86	24.58	23.36	24.56	4034971	145279376.00
2015/11/20	24.99	25.33	24.50	25.11	3972575	148023520.00
2015/11/23	25.07	25.39	24.13	24.59	3509276	130614168.00
2015/11/24	24.36	26.61	24.11	26.46	5233407	199234624.00
2015/11/25	26.18	27.43	25.84	26.74	5212432	206282528.00
2015/11/26	26.85	27.71	25.43	26.18	4585443	182994848.00
2015/11/27	25.64	26.86	24.13	24.86	4276369	164723088.00
2015/11/30	24.94	26.42	23.72	25.96	4968840	188016384.00
2015/12/01	26.06	27.76	25.68	27.00	6467008	260026448.00
2015/12/02	26.39	26.79	24.21	25.49	4057613	153943472.00
2015/12/03	25.44	26.98	25.44	26.93	4192554	164167216.00
2015/12/04	26.86	27.14	25.64	26.10	3756932	148248576.00
2015/12/07	25.93	26.31	25.57	25.99	2187768	84700944.00
2015/12/08	25.96	26.12	25.00	25.03	2749406	104632744.00
2015/12/09	24.87	25.13	23.93	24.12	2567274	94157280.00
2015/12/10	24.29	24.57	23.54	23.73	2663249	95620928.00
2015/12/11	23.73	24.36	23.57	23.89	1744986	62938696.00
2015/12/14	23.61	24.78	23.36	24.69	1781321	64180500.00
2015/12/15	24.71	25.13	24.44	24.63	1643924	60967196.00
2015/12/16	24.84	25.63	24.68	25.49	2579666	97637632.00
2015/12/17	25.64	27.11	25.64	26.80	4236606	167175824.00
2015/12/18	26.57	26.84	25.86	26.11	2940494	115110768.00
2015/12/21	25.85	26.27	25.74	26.16	1787851	69485320.00
2015/12/22	26.29	26.41	25.79	26.21	1979997	77160320.00
2015/12/23	26.23	28.21	26.23	26.90	5341437	215458816.00
2015/12/24	26.90	27.65	26.00	27.60	3507196	140129296.00
2015/12/25	27.61	28.49	27.23	27.69	3504006	144666544.00
2015/12/28	27.71	27.71	26.07	26.18	3680699	147237056.00
2015/12/29	26.06	26.57	25.90	26.51	1369483	53712876.00
2015/12/30	26.51	26.81	26.36	26.64	1768656	70035168.00
2015/12/31	26.71	26.78	25.43	25.77	1831919	71305224.00
2016/01/04	25.65	25.70	23.02	23.02	1713484	62066668.00
2016/01/05	20.85	23.21	20.67	22.40	2230872	74208952.00
2016/01/06	22.44	23.25	21.93	23.21	1570115	53927360.00
2016/01/07	22.58	22.63	20.71	20.71	445200	14525115.00
2016/01/08	21.32	21.86	19.72	21.24	2184995	69759664.00
2016/01/11	21.14	21.14	18.95	18.95	2021732	60591392.00
2016/01/12	18.96	19.49	18.38	18.96	1390650	40224360.00
2016/01/13	19.02	19.29	17.93	17.96	1284324	36951320.00
2016/01/14	17.50	18.84	17.09	18.74	1332179	37045248.00
2016/01/15	18.75	18.75	17.32	17.43	1317599	36374964.00
2016/01/18	16.86	18.27	16.32	17.81	1396664	37930528.00
2016/01/19	17.68	18.79	17.68	18.64	1404685	39428116.00
2016/01/20	18.41	19.11	18.41	18.86	1666460	47948832.00
2016/01/21	18.45	19.36	17.94	18.06	1322700	37976068.00
2016/01/22	18.42	18.78	18.00	18.71	956483	26974472.00
2016/01/25	18.96	19.28	18.71	18.92	1079671	31355622.00
2016/01/26	18.64	18.92	16.86	16.96	1644788	44567496.00
2016/01/27	16.89	17.37	16.02	16.98	1435700	36972092.00
2016/01/28	16.17	16.91	16.03	16.14	740800	18881124.00
2016/01/29	16.04	17.18	16.04	17.01	1295814	33413288.00
2016/02/01	17.04	17.26	16.86	17.14	1205243	31731446.00
2016/02/02	17.05	17.93	17.05	17.85	1271713	34593512.00
2016/02/03	17.47	18.21	17.37	17.99	900200	24441446.00
2016/02/04	18.07	18.50	17.90	18.34	1137337	31925354.00
2016/02/05	18.43	18.49	17.93	18.03	1020700	28449430.00
2016/02/15	17.07	17.85	17.01	17.68	681968	18336884.00
2016/02/16	17.75	18.60	17.75	18.49	1276389	35885192.00
2016/02/17	18.43	18.90	18.29	18.81	1196921	34161048.00
2016/02/18	18.81	18.99	18.61	18.79	1361124	39134540.00
2016/02/19	18.76	19.22	18.52	19.21	1503148	43552156.00
2016/02/22	19.36	20.13	19.29	19.81	1878851	56306908.00
2016/02/23	19.89	19.89	19.11	19.41	1415868	42013236.00
2016/02/24	19.43	19.60	18.43	19.33	1142270	33285680.00
2016/02/25	19.20	19.33	17.22	17.22	1606755	44356868.00
2016/02/26	17.29	17.71	16.87	17.26	1086363	29012102.00
2016/02/29	17.26	17.36	15.59	16.05	1033940	25851000.00
2016/03/01	16.21	17.00	15.99	16.81	1020358	25806438.00
2016/03/02	16.84	17.71	16.73	17.66	1317399	35045508.00
2016/03/03	17.70	17.96	17.51	17.58	996927	27077944.00
2016/03/04	17.27	17.59	16.41	16.56	991876	25909498.00
2016/03/07	16.78	17.36	16.78	17.05	707400	18600478.00
2016/03/08	17.03	17.42	16.21	17.31	845665	21927798.00
2016/03/09	17.05	17.13	16.73	16.84	505650	13164406.00
2016/03/10	17.21	17.21	16.46	16.54	538235	13916728.00
2016/03/11	16.14	16.66	16.11	16.52	596467	15119564.00
2016/03/14	16.83	17.61	16.76	17.36	1093311	29173936.00
2016/03/15	17.22	17.49	17.06	17.13	541062	14368486.00
2016/03/16	17.29	17.42	16.72	16.91	639100	16854670.00
2016/03/17	16.84	17.73	16.84	17.70	1240539	33309828.00
2016/03/18	17.75	18.56	17.75	18.51	1758335	49295596.00
2016/03/21	18.78	19.12	18.44	19.04	1868325	53799884.00
2016/03/22	19.00	19.29	18.68	19.05	1581067	45937732.00
2016/03/23	19.03	19.70	18.74	19.63	2208575	64900524.00
2016/03/24	19.46	21.76	19.16	21.76	2405548	76219560.00
2016/03/25	22.29	23.00	21.44	21.76	4670747	157792736.00
2016/03/28	21.86	21.86	20.21	20.56	4381819	140352800.00
2016/03/29	20.54	20.78	19.44	20.71	2878062	87604976.00
2016/03/30	20.02	21.34	20.02	21.26	5221819	162519280.00
2016/03/31	21.25	21.25	20.21	20.56	3885273	122471520.00
2016/04/01	20.25	20.49	19.57	20.15	2571051	78018672.00
2016/04/05	20.18	21.15	20.03	20.98	3228131	101315744.00
2016/04/06	21.00	21.91	20.86	21.18	2989660	96578520.00
2016/04/07	21.29	22.06	20.64	21.74	4114065	133731120.00
2016/04/08	21.78	24.06	21.50	23.41	6997756	240480752.00
2016/04/11	24.36	24.55	22.94	23.07	9027881	323057120.00
2016/04/12	22.79	23.49	22.48	23.36	3601152	125272960.00
2016/04/13	23.29	23.64	23.15	23.23	3154423	110859400.00
2016/04/14	23.39	23.77	23.07	23.32	1600368	55946208.00
2016/04/15	23.39	25.70	23.31	24.71	5312783	196989376.00
2016/04/18	24.39	25.07	23.56	24.71	3139618	113618912.00
2016/04/19	24.36	25.33	24.36	24.75	2462200	91945296.00
2016/04/20	24.75	24.99	22.11	22.42	5152550	175502208.00
2016/04/21	22.12	23.14	22.09	22.72	3489047	119150984.00
2016/04/22	22.37	23.09	22.16	22.92	1408506	48168116.00
2016/04/25	22.92	23.04	21.87	22.71	1204700	40965332.00
2016/04/26	22.39	22.99	22.04	22.46	1503817	50758744.00
2016/04/27	22.44	23.90	22.44	23.43	2821226	98789288.00
2016/04/28	23.37	25.06	23.14	24.49	3417898	125289008.00
2016/04/29	24.07	26.46	23.96	25.56	3196486	121546368.00
2016/05/03	25.68	26.63	25.00	26.61	3436191	133178352.00
2016/05/04	26.14	26.66	25.58	26.29	2349147	91673184.00
2016/05/05	25.92	26.57	25.79	26.04	2079965	81368504.00
2016/05/06	26.21	26.27	24.07	24.15	2419838	89943272.00
2016/05/09	23.91	24.90	23.36	24.42	1969985	70075912.00
2016/05/10	24.16	24.51	23.76	23.90	1133712	40303556.00
2016/05/11	23.90	24.81	23.01	23.03	1978593	69945960.00
2016/05/12	22.35	23.16	21.95	23.02	1316821	44014816.00
2016/05/13	22.86	23.31	21.94	22.46	1387279	46498748.00
2016/05/16	21.94	23.28	21.94	23.22	1004305	34009348.00
2016/05/17	23.40	23.93	23.11	23.19	1537297	53412136.00
2016/05/18	22.71	22.75	21.11	21.74	2498511	80515984.00
2016/05/19	21.64	22.18	21.27	21.49	1658470	53423256.00
2016/05/20	20.97	21.64	20.97	21.63	1693515	53462704.00
2016/05/23	21.77	23.14	21.64	22.94	2393464	80130784.00
2016/05/24	22.79	23.00	22.29	22.79	1389413	46753652.00
2016/05/25	22.91	23.31	22.49	22.64	1510469	51274204.00
2016/05/26	22.96	24.64	22.32	24.47	2769347	95499392.00
2016/05/27	24.04	25.19	24.00	24.98	3595195	131230136.00
2016/06/15	27.61	27.61	26.66	27.61	2103181	84847952.00
2016/06/16	29.57	30.50	29.57	30.50	1721704	76089048.00
2016/06/17	33.68	33.68	30.57	31.19	10486345	487458880.00
2016/06/20	31.49	31.78	30.16	30.81	5344137	241671184.00
2016/06/21	30.53	32.51	30.50	31.47	5079412	234234176.00
2016/06/22	30.84	32.27	30.71	31.56	3985919	183185264.00
2016/06/23	31.71	31.93	29.43	30.15	3604492	159939968.00
2016/06/24	30.14	30.71	27.57	29.81	4012968	172952544.00
2016/06/27	29.52	31.07	29.29	30.86	3326091	147273056.00
2016/06/28	30.67	33.41	30.42	32.29	4882623	227700096.00
2016/06/29	31.93	34.83	31.93	33.66	4714423	229764432.00
2016/06/30	33.05	33.56	31.84	32.31	2865323	135265024.00
2016/07/01	32.18	33.61	30.86	31.16	4041803	188367936.00
2016/07/04	31.22	31.71	30.56	31.43	2529697	115144008.00
2016/07/05	31.39	31.96	30.50	30.87	3407029	153605376.00
2016/07/06	30.86	31.34	30.54	31.04	2461605	111064656.00
2016/07/07	30.86	32.29	30.57	32.26	4280984	197336560.00
2016/07/08	32.26	32.26	30.86	30.91	3034581	138187552.00
2016/07/11	30.64	31.07	28.91	29.55	3924981	172200976.00
2016/07/12	29.43	30.02	28.18	29.58	2231774	95191032.00
2016/07/13	29.41	29.68	28.64	29.57	2535186	108147600.00
2016/07/14	29.34	29.99	29.15	29.60	1585469	68666184.00
2016/07/15	29.29	29.78	28.86	28.96	1689080	71984432.00
2016/07/18	29.04	29.29	28.95	29.13	1802912	76676768.00
2016/07/19	29.13	29.20	27.69	28.49	2429956	100471032.00
2016/07/20	28.49	29.04	28.26	28.90	1914828	80538488.00
2016/07/21	28.96	31.92	28.86	30.92	6008726	269582304.00
2016/07/22	30.93	33.39	30.93	33.04	7908998	374908960.00
2016/07/25	34.21	35.00	32.86	32.91	7436732	367418176.00
2016/07/26	32.27	33.34	31.62	32.79	4512948	212938112.00
2016/07/27	32.84	33.00	29.39	29.39	4789337	214626560.00
2016/07/28	28.92	29.39	26.57	28.53	5633392	230861584.00
2016/07/29	28.29	29.13	27.82	28.53	2550515	106606120.00
2016/08/01	28.25	29.41	27.61	28.99	2201666	91620048.00
2016/08/02	28.95	30.43	28.95	30.24	2407356	104327744.00
2016/08/03	30.29	30.46	29.44	29.86	1867151	81498120.00
2016/08/04	29.55	31.29	29.55	31.26	3397393	152428624.00
2016/08/05	30.59	30.85	29.57	29.64	3004985	132185712.00
2016/08/08	29.00	29.84	28.57	29.82	1582219	67584032.00
2016/08/09	29.81	30.42	29.43	30.06	1627200	71088432.00
2016/08/10	30.06	31.11	29.58	30.65	2436605	108639672.00
2016/08/11	30.36	30.71	29.18	29.20	2544189	110310240.00
2016/08/12	29.18	29.43	28.76	29.31	1294022	55139388.00
2016/08/15	29.41	30.34	29.07	30.15	2840026	123708680.00
2016/08/16	30.17	32.64	30.17	31.39	6076774	279238688.00
2016/08/17	31.15	31.55	30.71	31.39	2764125	125250472.00
2016/08/18	31.14	31.41	30.00	30.14	3657105	163226544.00
2016/08/19	30.13	30.13	29.46	29.83	3104013	134513264.00
2016/08/22	29.74	30.46	29.07	29.31	2381113	103781344.00
2016/08/23	29.21	30.10	29.21	30.02	2498991	108447176.00
2016/08/24	30.06	30.06	29.36	29.83	2916112	126080496.00
2016/08/25	29.54	29.85	29.09	29.80	1959761	84328240.00
2016/08/26	29.92	30.68	29.86	29.93	2703330	119439104.00
2016/08/29	29.47	29.71	29.34	29.43	1723363	74212848.00
2016/08/30	29.41	30.04	29.15	29.74	1456261	62620736.00
2016/08/31	29.74	29.74	29.12	29.50	1864397	79964680.00
2016/09/01	29.47	29.53	29.01	29.21	2164535	92246456.00
2016/09/02	29.11	29.28	28.64	28.96	1489363	62988544.00
2016/09/05	28.98	29.36	28.95	29.03	764207	32503392.00
2016/09/06	29.24	29.41	28.72	29.39	1385445	59023372.00
2016/09/07	29.39	29.64	29.07	29.45	1591658	68555392.00
2016/09/08	29.57	29.57	29.16	29.53	1313070	56371520.00
2016/09/09	29.55	29.55	29.00	29.09	1328989	56858016.00
2016/09/12	26.57	28.44	26.57	28.36	1924630	78974192.00
2016/09/13	28.07	28.41	28.07	28.32	646284	26751984.00
2016/09/14	28.07	28.30	27.76	28.09	1146751	47152628.00
2016/09/19	28.21	28.36	27.95	28.33	870700	35945876.00
2016/09/20	28.22	28.64	28.22	28.38	561310	23332266.00
2016/09/21	28.15	28.46	28.15	28.42	643747	26746794.00
2016/09/22	28.61	29.36	28.51	28.89	2026133	85922648.00
2016/09/23	28.79	29.16	28.79	29.08	1088328	46071856.00
2016/09/26	29.08	29.31	28.61	28.84	1167819	49443724.00
2016/09/27	28.84	28.93	28.25	28.89	832506	34836348.00
2016/09/28	28.89	28.91	28.45	28.76	843810	35332144.00
2016/09/29	28.64	28.84	28.49	28.66	859684	36029428.00
2016/09/30	28.51	28.71	28.51	28.62	607282	25432222.00
2016/10/10	28.71	29.59	28.63	29.56	2124923	90941336.00
2016/10/11	29.54	29.64	29.36	29.55	1362184	58742012.00
2016/10/12	29.30	30.19	29.22	29.99	1958570	85384480.00
2016/10/13	30.00	30.05	29.68	29.80	1114935	48594988.00
2016/10/14	29.64	29.83	29.40	29.64	1093310	47230472.00
2016/10/17	29.63	29.67	29.21	29.32	1217833	52402260.00
2016/10/18	29.14	29.71	28.96	29.66	1302098	56221760.00
2016/10/19	29.79	30.10	29.57	29.99	1937879	84585592.00
2016/10/20	30.00	30.01	29.65	29.87	1160001	50498268.00
2016/10/21	30.00	30.64	29.56	29.89	2516741	110537368.00
2016/10/24	29.64	30.07	29.34	29.95	1558213	67781992.00
2016/10/25	29.86	30.61	29.86	30.51	2514384	111266448.00
2016/10/26	30.42	30.57	29.75	29.84	1763525	77268648.00
2016/10/27	29.84	29.99	29.64	29.89	1028852	44803772.00
2016/10/28	30.00	30.07	29.50	29.52	1019547	44262716.00
2016/10/31	29.41	29.59	29.07	29.54	1503720	64461140.00
2016/11/01	29.51	30.62	29.51	30.49	3662219	161959280.00
2016/11/02	30.50	31.01	30.18	30.33	3101986	138584192.00
2016/11/03	30.15	31.06	30.15	30.61	3131362	139931840.00
2016/11/04	30.68	31.37	30.54	30.92	3315889	149840080.00
2016/11/07	30.99	31.34	30.61	31.21	2327554	105027344.00
2016/11/08	31.27	31.32	30.86	31.14	1933327	87575704.00
2016/11/09	31.14	31.14	30.39	30.72	2325346	104281064.00
2016/11/10	31.04	32.99	30.79	32.55	5438676	252836912.00
2016/11/11	32.29	34.14	32.15	33.06	5913921	285273312.00
2016/11/14	32.82	33.71	32.54	32.70	2811860	134787872.00
2016/11/15	32.71	32.91	32.25	32.81	1870750	88846056.00
2016/11/16	32.74	33.31	32.59	32.68	2199878	105336072.00
2016/11/17	32.69	32.70	31.96	32.02	1714821	80289832.00
2016/11/18	32.38	33.21	32.14	32.99	3715228	177695744.00
2016/11/21	33.00	34.21	32.86	33.91	4893261	238684768.00
2016/11/22	33.91	34.39	33.16	33.84	4414399	216063840.00
2016/11/23	33.67	33.91	33.28	33.58	2214371	107735600.00
2016/11/24	33.50	33.90	33.09	33.21	2424495	118019152.00
2016/11/25	33.00	33.01	31.58	32.56	2444563	114981656.00
2016/11/28	32.56	32.79	32.01	32.04	1891360	89317480.00
2016/11/29	31.84	32.63	31.21	31.48	2067553	96514192.00
2016/11/30	31.36	31.81	31.14	31.41	1753524	80260392.00
2016/12/01	31.39	31.75	31.16	31.44	1248058	57114392.00
2016/12/02	31.48	31.49	30.36	30.46	1725315	77551960.00
2016/12/05	30.21	30.91	30.00	30.28	995115	44267628.00
2016/12/06	30.34	30.83	30.34	30.58	1022446	45640076.00
2016/12/07	30.50	31.16	30.29	31.05	1148963	51805864.00
2016/12/08	31.04	31.19	30.65	30.70	839130	37744764.00
2016/12/09	30.71	30.81	30.00	30.06	921308	40727588.00
2016/12/12	30.06	30.06	27.59	27.65	1912537	80076432.00
2016/12/13	27.68	28.25	27.44	27.94	873027	35735948.00
2016/12/14	28.06	28.21	27.58	27.86	588700	24050384.00
2016/12/15	27.77	28.40	27.77	28.08	881562	36338024.00
2016/12/16	28.09	28.68	28.07	28.64	874473	36380176.00
2016/12/19	28.09	29.07	28.09	28.66	562773	23510572.00
2016/12/20	28.68	29.41	28.38	29.19	1275157	54330728.00
2016/12/21	29.19	29.59	29.14	29.38	1065947	45854124.00
2016/12/22	29.64	29.64	29.19	29.24	745392	32035340.00
2016/12/23	29.21	29.29	28.22	28.27	744585	31260256.00
2016/12/26	28.11	28.95	28.00	28.90	556801	23247960.00
2016/12/27	28.86	29.25	28.57	29.06	890293	37913364.00
2016/12/28	28.81	29.28	28.74	28.81	435107	18457230.00
2016/12/29	28.85	29.43	28.71	28.91	563000	23868324.00
2016/12/30	28.71	29.14	28.71	29.13	664991	28127096.00
2017/01/03	29.07	29.44	28.94	29.39	694028	29709788.00
2017/01/04	29.27	29.36	28.79	29.33	1325189	56303044.00
2017/01/05	29.18	29.41	28.90	28.99	1100247	46923060.00
2017/01/06	28.99	29.06	28.29	28.29	864197	36142448.00
2017/01/09	28.21	28.57	28.03	28.27	1040131	43048224.00
2017/01/10	28.26	28.46	28.02	28.27	855258	35441732.00
2017/01/11	28.26	28.29	27.43	27.73	645800	26466558.00
2017/01/12	27.63	27.84	26.13	26.29	2024790	79610120.00
2017/01/13	26.34	26.64	25.08	25.31	1278702	48617372.00
2017/01/16	25.36	25.36	22.86	23.89	1681416	59880172.00
2017/01/17	23.66	24.64	23.21	24.49	1379764	48381380.00
2017/01/18	24.39	24.57	24.08	24.17	692549	24829484.00
2017/01/19	23.94	24.49	23.50	23.95	662320	23428474.00
2017/01/20	23.86	24.66	23.81	24.41	671940	24160418.00
2017/01/23	24.79	24.96	24.51	24.86	981041	35873432.00
2017/01/24	24.91	24.91	24.41	24.59	494561	17928062.00
2017/01/25	24.26	25.13	24.26	25.04	675754	24786414.00
2017/01/26	25.36	25.41	24.89	25.06	572672	21157246.00
2017/02/03	24.96	25.22	24.86	25.04	569954	20996268.00
2017/02/06	25.04	25.36	24.87	25.26	1077005	39781172.00
2017/02/07	25.15	25.56	25.14	25.38	1115070	41618992.00
2017/02/08	25.29	25.57	25.14	25.51	610409	22811464.00
2017/02/09	25.50	25.94	25.36	25.81	1070884	40518624.00
2017/02/10	25.81	25.85	25.38	25.42	868407	32656018.00
2017/02/13	25.41	25.98	25.31	25.79	699074	26449800.00
2017/02/14	25.79	25.94	25.58	25.81	483297	18320004.00
2017/02/15	25.94	25.96	25.41	25.55	1107762	41799748.00
2017/02/16	25.56	25.80	25.56	25.66	787407	29702800.00
2017/02/17	25.74	26.07	25.32	25.34	831443	31355590.00
2017/02/20	25.34	25.62	24.81	25.11	928383	34243892.00
2017/02/21	25.21	25.71	25.11	25.64	986341	36891836.00
2017/02/22	25.69	26.00	25.65	25.84	1253258	47599880.00
2017/02/23	25.86	26.05	25.68	25.88	841089	31932188.00
2017/02/24	25.84	26.21	25.80	26.19	795736	30457378.00
2017/02/27	26.14	26.49	26.01	26.09	743134	28591224.00
2017/02/28	26.05	26.20	25.98	26.12	581700	22284006.00
2017/03/01	26.16	26.71	26.01	26.39	1143604	44311348.00
2017/03/02	26.37	26.52	25.95	25.99	1016114	39063256.00
2017/03/03	26.07	26.69	25.92	26.63	1013231	39292208.00
2017/03/06	26.61	26.91	26.45	26.81	821437	32222612.00
2017/03/07	26.91	27.06	26.57	26.91	888086	34855748.00
2017/03/08	26.88	27.77	26.86	27.44	1442718	57948784.00
2017/03/09	27.43	27.43	27.00	27.23	849584	33813744.00
2017/03/10	27.08	27.44	26.80	26.89	932530	37002400.00
2017/03/13	26.79	27.53	26.79	27.48	853713	34121188.00
2017/03/14	27.57	28.74	27.57	28.13	2022280	83547696.00
2017/03/15	28.00	28.00	27.60	27.96	1092367	44492240.00
2017/03/16	27.71	28.23	27.71	28.09	976989	40111124.00
2017/03/17	27.96	28.41	27.91	27.94	881465	36309660.00
2017/03/20	27.91	27.96	27.30	27.61	1318473	53243524.00
2017/03/21	27.71	28.05	27.49	27.83	830354	33763880.00
2017/03/22	27.62	27.90	27.01	27.80	944888	38090148.00
2017/03/23	27.74	28.23	27.14	27.77	1177576	47865728.00
2017/03/24	27.77	28.27	27.77	28.24	1530851	62946012.00
2017/03/27	28.25	28.71	28.09	28.19	2186504	90911968.00
2017/03/28	28.04	28.39	27.69	27.69	925417	37965080.00
2017/03/29	27.69	28.11	27.37	27.41	935864	37993184.00
2017/03/30	27.29	27.55	25.72	25.89	2540159	98784440.00
2017/03/31	25.91	26.56	25.91	26.31	1390303	53771368.00
2017/04/05	26.30	27.00	25.86	26.87	1317591	51447704.00
2017/04/06	26.73	27.24	26.73	26.93	956541	37789460.00
2017/04/07	27.00	27.07	26.61	26.69	946645	37245076.00
2017/04/10	26.71	26.79	25.86	26.02	1437034	55239140.00
2017/04/11	26.10	26.47	25.90	26.39	938675	36135868.00
2017/04/12	26.32	26.54	25.94	25.99	837361	32242598.00
2017/04/13	25.99	26.27	25.94	26.01	891487	34167604.00
2017/04/14	25.96	26.13	24.99	25.01	1206826	45249000.00
2017/04/17	24.79	25.44	24.64	24.83	1029735	37682204.00
2017/04/18	24.94	25.14	24.79	24.82	588385	21611760.00
2017/04/19	24.82	24.97	24.51	24.87	768768	27971494.00
2017/04/20	24.87	25.37	24.65	25.10	1057880	38995396.00
2017/04/21	25.14	25.34	24.69	24.85	485841	17837482.00
2017/04/24	24.93	24.93	24.29	24.36	766886	27665892.00
2017/04/25	24.34	24.48	24.14	24.15	535901	19210796.00
2017/04/26	24.42	24.54	23.79	24.27	831237	29451196.00
2017/04/27	24.41	24.79	23.79	24.74	910489	32767220.00
2017/04/28	25.86	26.91	25.71	26.56	2474874	95824648.00
2017/05/02	26.86	27.13	26.57	27.04	1794652	70797840.00
2017/05/03	27.00	27.04	26.56	26.76	1271837	49938564.00
2017/05/04	26.86	26.91	26.36	26.41	1124100	43053092.00
2017/05/05	26.29	27.43	25.94	26.66	1704626	65480268.00
2017/05/08	26.57	27.22	26.21	26.63	1231569	47470792.00
2017/05/09	26.60	27.21	26.29	27.06	1125587	43510416.00
2017/05/10	27.00	28.00	26.94	27.37	2774470	110031968.00
2017/05/11	27.00	27.76	26.43	27.72	1824221	70776200.00
2017/05/12	27.73	27.84	27.21	27.39	1126520	44598756.00
2017/05/15	27.39	27.51	27.06	27.50	906992	35521640.00
2017/05/16	27.41	27.93	27.14	27.90	1426329	56781920.00
2017/05/17	28.01	28.18	27.55	27.63	1165592	46580392.00
2017/05/18	27.27	27.89	27.27	27.60	960156	38009400.00
2017/05/19	27.79	27.80	27.12	27.29	878517	34584324.00
2017/05/22	27.54	27.54	26.70	27.05	938795	36436300.00
2017/05/23	26.79	27.14	25.54	25.89	1384981	52349120.00
2017/05/24	25.68	26.36	25.29	26.21	731781	27300160.00
2017/05/25	26.19	26.34	25.44	26.30	558480	20914424.00
2017/05/26	26.30	26.57	25.86	26.19	390800	14790045.00
2017/05/31	26.71	27.06	26.16	26.19	657972	25154378.00
2017/06/01	26.00	26.22	25.49	25.72	545245	20204240.00
2017/06/02	25.71	26.29	25.22	26.11	470869	17459360.00
2017/06/05	26.13	27.44	26.13	27.17	2027134	78957968.00
2017/06/06	27.00	27.56	26.89	27.39	1228256	48229388.00
2017/06/07	27.39	27.93	27.14	27.57	1722359	68443056.00
2017/06/08	27.61	27.86	27.20	27.40	945706	37348564.00
2017/06/09	27.29	27.44	27.04	27.34	980458	38386484.00
2017/06/12	27.07	27.34	26.69	26.78	786003	30501546.00
2017/06/13	26.74	27.96	26.71	27.70	1696084	66913940.00
2017/06/14	27.69	28.15	27.62	28.01	1989797	79802704.00
2017/06/15	27.86	28.16	27.68	27.99	1102546	44201840.00
2017/06/16	28.00	28.25	27.66	28.11	1085762	43619928.00
2017/06/19	28.17	28.77	27.87	28.76	1965033	80359560.00
2017/06/20	28.79	29.11	28.29	28.31	1680308	69125960.00
2017/06/21	28.33	28.79	28.24	28.62	999151	40921532.00
2017/06/22	28.68	29.20	28.49	28.76	2058428	85426216.00
2017/06/23	28.57	29.46	28.44	29.44	1589623	66207624.00
2017/06/26	29.54	30.08	29.45	29.89	1810464	77575976.00
2017/06/27	29.89	30.10	29.36	29.92	1714629	73226376.00
2017/06/28	29.85	30.03	29.51	29.81	730998	31284840.00
2017/06/29	29.66	29.97	29.56	29.94	612451	26124224.00
2017/06/30	29.98	30.24	29.40	30.01	1025949	43921304.00
2017/07/03	30.02	30.58	29.61	30.35	1014218	44102676.00
2017/07/04	30.35	30.54	30.14	30.32	566924	24615600.00
2017/07/05	30.32	30.54	30.12	30.42	610764	26519870.00
2017/07/06	30.42	30.69	30.06	30.65	1410470	61535780.00
2017/07/07	30.64	30.84	30.29	30.42	880497	38494848.00
2017/07/10	30.43	30.43	29.07	29.52	1592135	68078568.00
2017/07/11	29.51	29.94	29.39	29.61	792704	33762896.00
2017/07/12	29.57	29.81	28.86	29.49	682763	28685704.00
2017/07/13	29.44	30.12	29.08	29.79	590142	25184414.00
2017/07/14	29.79	30.49	29.73	29.79	724236	31301928.00
2017/07/17	29.36	29.71	27.86	28.51	1132516	47191168.00
2017/07/18	28.22	30.70	28.15	30.63	1477939	62590140.00
2017/07/19	30.65	30.68	29.06	29.77	1933908	82262072.00
2017/07/20	29.50	30.84	29.50	29.86	1421708	61708604.00
2017/07/21	29.72	30.36	28.86	28.98	1391651	58641752.00
2017/07/24	28.96	29.75	28.69	29.34	909355	38303004.00
2017/07/25	29.61	30.09	29.21	29.75	916348	39113236.00
2017/07/26	29.75	29.82	29.06	29.28	668846	28129158.00
2017/07/27	29.14	30.26	29.14	30.09	1361569	58351192.00
2017/07/28	30.14	30.35	29.84	30.23	791890	34231276.00
2017/07/31	30.23	31.29	30.00	31.28	1966309	87187120.00
2017/08/01	31.29	31.35	30.09	30.51	1617831	70914616.00
2017/08/02	30.48	30.48	29.43	29.54	1201408	51227240.00
2017/08/03	29.75	32.57	29.28	30.00	1380209	59494164.00
2017/08/04	29.89	29.89	28.47	28.53	1477467	61615136.00
2017/08/07	28.50	28.84	27.98	28.28	1043850	42389052.00
2017/08/08	28.28	28.41	27.71	27.99	1131400	45362632.00
2017/08/09	28.01	28.51	28.01	28.25	669800	27146728.00
2017/08/10	28.08	28.25	27.84	27.93	559900	22500130.00
2017/08/11	27.75	28.21	27.75	27.86	524688	21066610.00
2017/08/14	27.86	28.34	27.72	28.28	486150	19642544.00
2017/08/15	28.42	28.47	28.08	28.37	648005	26263680.00
2017/08/16	28.59	29.55	28.30	29.27	1211492	50347540.00
2017/08/17	29.09	29.39	28.86	29.02	604436	25213148.00
2017/08/18	28.77	29.32	28.66	29.32	587247	24533818.00
2017/08/21	29.34	29.64	29.18	29.39	422829	17800322.00
2017/08/22	29.39	29.52	28.89	28.96	392289	16375138.00
2017/08/23	28.99	29.06	28.39	28.50	485009	19926824.00
2017/08/24	28.71	28.84	28.00	28.04	494118	20052512.00
2017/08/25	27.94	28.41	27.94	28.26	409829	16628763.00
2017/08/28	28.20	28.80	28.20	28.74	892949	36572156.00
2017/08/29	28.43	29.13	28.30	28.79	930834	38585096.00
2017/08/30	29.00	29.24	28.43	28.54	970500	39924748.00
2017/08/31	28.54	28.79	28.08	28.77	1374550	55780004.00
2017/09/01	28.76	28.97	28.50	28.87	943267	38923684.00
2017/09/04	28.86	29.06	28.59	29.04	951968	39348800.00
2017/09/05	28.96	29.49	28.89	28.96	812427	33961396.00
2017/09/06	28.92	28.92	28.44	28.66	648836	26675336.00
2017/09/07	28.66	28.84	28.43	28.45	772000	31639820.00
2017/09/08	28.59	28.64	28.29	28.37	870609	35551268.00
2017/09/11	28.29	28.85	28.29	28.46	1059818	43386572.00
2017/09/12	28.57	28.68	27.56	27.59	2100889	84895872.00
2017/09/13	27.51	27.81	26.79	27.08	2271230	88465472.00
2017/09/14	27.16	27.34	26.94	27.24	861428	33643388.00
2017/09/15	27.32	27.75	27.14	27.54	884400	34860184.00
2017/09/18	27.64	27.70	27.36	27.59	539352	21316326.00
2017/09/19	27.37	27.79	27.30	27.65	588600	23345978.00
2017/09/20	27.65	28.71	27.65	28.67	2067710	84141896.00
2017/09/21	28.67	28.89	28.56	28.71	1409200	58115632.00
2017/09/22	28.70	28.92	28.49	28.64	913221	37636024.00
2017/09/25	28.57	28.87	28.29	28.47	626904	25642614.00
2017/09/26	28.56	28.61	28.04	28.29	497300	20154790.00
2017/09/27	28.21	28.46	28.15	28.36	423476	17215572.00
2017/09/28	28.19	28.43	28.08	28.15	446516	18064768.00
2017/09/29	28.15	28.54	28.06	28.40	471411	19174512.00
2017/10/09	28.74	29.06	28.58	28.64	972400	40207136.00
2017/10/10	28.69	28.81	28.44	28.66	892938	36599444.00
2017/10/11	28.66	28.69	28.31	28.41	797501	32540274.00
2017/10/12	28.43	28.84	28.40	28.44	847809	34801924.00
2017/10/13	28.49	28.98	28.23	28.76	1361749	55773108.00
2017/10/16	28.86	29.11	28.37	28.49	1208732	49894276.00
2017/10/17	28.44	28.56	28.23	28.30	892399	36301704.00
2017/10/18	28.44	28.50	27.29	27.42	792621	31911896.00
2017/10/19	27.36	27.80	27.27	27.49	627831	24781760.00
2017/10/20	27.69	27.69	27.28	27.56	513219	20223324.00
2017/10/23	27.65	27.84	27.44	27.75	358700	14230789.00
2017/10/24	27.71	27.94	27.46	27.63	366478	14576046.00
2017/10/25	27.52	28.04	27.43	27.96	761767	30266384.00
2017/10/26	27.79	28.36	27.57	28.29	1060328	42706064.00
2017/10/27	28.30	28.64	28.19	28.54	893150	36501096.00
2017/10/30	28.58	28.61	27.04	27.14	1646989	65542972.00
2017/10/31	27.06	27.61	27.06	27.41	1128393	44232584.00
2017/11/01	27.36	27.51	27.13	27.20	1022295	40138272.00
2017/11/02	27.21	27.49	26.66	26.74	1244400	48411328.00
2017/11/03	26.67	26.90	25.61	25.81	1530235	57747204.00
2017/11/06	25.91	26.25	25.73	26.09	863915	32359776.00
2017/11/07	26.23	26.23	25.52	25.89	1235385	45822408.00
2017/11/08	25.87	27.20	25.79	26.56	1012200	38389740.00
2017/11/09	26.50	26.71	26.43	26.61	541600	20697324.00
2017/11/10	26.54	27.01	26.54	26.99	824232	31725196.00
2017/11/13	27.14	27.19	26.63	27.06	968297	37270904.00
2017/11/14	26.89	26.92	25.94	26.54	1089135	41547736.00
2017/11/15	26.29	26.41	26.00	26.28	643835	24228874.00
2017/11/16	26.11	26.26	25.94	25.98	495432	18579818.00
2017/11/17	26.18	26.18	24.65	24.76	1092991	39669340.00
2017/11/20	24.77	25.07	24.31	25.04	499700	17751868.00
2017/11/21	24.72	25.17	24.21	24.50	964461	34199612.00
2017/11/22	24.57	24.93	24.39	24.55	603564	21431808.00
2017/11/23	24.55	24.93	24.44	24.54	722200	25687706.00
2017/11/24	24.46	24.97	24.46	24.86	509967	18219060.00
2017/11/27	24.86	25.19	24.65	24.93	697000	25081212.00
2017/11/28	25.11	25.66	25.07	25.63	737767	27062194.00
2017/11/29	25.57	25.93	25.57	25.64	771997	28586954.00
2017/11/30	25.46	25.77	25.44	25.68	417065	15407152.00
2017/12/01	25.69	25.71	25.13	25.49	572086	20934636.00
2017/12/04	25.41	25.41	24.60	24.70	820640	29308484.00
2017/12/05	24.86	24.86	23.71	23.72	943200	32972250.00
2017/12/06	23.74	24.36	23.72	24.31	285712	9876499.00
2017/12/07	24.31	24.32	24.04	24.07	193400	6739456.00
2017/12/08	24.07	24.82	24.07	24.69	425325	15057145.00
2017/12/11	24.57	24.91	24.57	24.71	512709	18276496.00
2017/12/12	24.76	25.23	24.71	24.91	574700	20699712.00
2017/12/13	24.80	24.86	24.42	24.64	302900	10726286.00
2017/12/14	24.63	24.76	24.37	24.71	399200	14164925.00
2017/12/15	24.74	24.93	24.56	24.86	328989	11755570.00
2017/12/18	24.66	25.25	24.56	24.76	323389	11622058.00
2017/12/19	24.84	25.07	24.68	24.97	281009	10096090.00
2017/12/20	24.93	25.00	24.64	24.77	280652	10013456.00
2017/12/21	24.64	24.64	24.18	24.47	293798	10334648.00
2017/12/22	24.47	24.63	24.15	24.40	405926	14216215.00
2017/12/25	24.41	24.41	23.79	23.87	545412	18880550.00
2017/12/26	23.86	24.70	23.86	24.56	982524	34560528.00
2017/12/27	24.56	25.13	24.33	24.52	1044989	37372392.00
2017/12/28	24.54	25.09	24.46	24.49	1002775	35904484.00
2017/12/29	24.87	24.95	24.14	24.46	763101	26820882.00
2018/01/02	24.46	24.82	24.15	24.54	654970	23071462.00
2018/01/03	24.61	24.61	24.23	24.52	801800	28141864.00
2018/01/04	24.51	24.61	24.24	24.43	884123	31061692.00
2018/01/05	24.40	24.46	24.14	24.30	902833	31585400.00
2018/01/08	24.24	24.35	24.04	24.16	532100	18531748.00
2018/01/09	24.04	24.29	24.04	24.19	511000	17788944.00
2018/01/10	24.19	24.25	23.93	24.21	692323	24021462.00
2018/01/11	24.19	24.24	24.04	24.15	475400	16535829.00
2018/01/12	24.26	24.26	23.92	23.95	317065	10980006.00
2018/01/15	24.14	24.26	23.86	23.93	751500	26112744.00
2018/01/16	23.92	24.46	23.87	23.99	568500	19798708.00
2018/01/17	23.93	25.14	23.86	24.91	1502251	53141580.00
2018/01/18	24.87	25.18	24.66	25.09	825324	29669208.00
2018/01/19	25.00	25.39	24.95	25.09	742531	26929526.00
2018/01/22	25.00	26.41	25.00	26.24	1468800	54822624.00
2018/01/23	26.22	26.63	25.77	26.40	838400	31797076.00
2018/01/24	26.40	27.29	25.99	27.20	1560748	60048140.00
2018/01/25	27.20	27.49	26.94	27.21	831565	32364318.00
2018/01/26	27.06	27.27	26.99	27.09	505912	19723662.00
2018/01/29	26.91	27.36	26.82	26.89	695539	26992256.00
2018/01/30	27.01	27.27	26.79	26.80	510897	19836652.00
2018/01/31	26.79	27.06	26.45	26.84	642500	24698006.00
2018/02/01	26.84	27.39	25.79	26.21	749576	28519448.00
2018/02/02	26.19	26.57	25.73	26.36	272300	10300010.00
2018/02/05	26.36	26.36	25.75	25.95	505323	18900260.00
2018/02/06	25.01	25.54	24.44	24.69	628400	22495248.00
2018/02/07	25.00	25.63	24.14	24.43	605200	21639526.00
2018/02/08	24.55	25.21	24.38	24.65	477521	17079890.00
2018/02/09	22.29	24.41	22.29	23.79	1111173	38302632.00
2018/02/12	23.79	25.10	23.79	24.56	304684	10803045.00
2018/02/13	24.71	25.14	24.71	24.91	339200	12188120.00
2018/02/14	24.96	25.11	24.56	24.91	397421	14225571.00
2018/02/22	25.14	25.19	24.60	24.82	856430	30543210.00
2018/02/23	24.89	24.89	24.16	24.56	555284	19689366.00
2018/02/26	25.68	27.00	25.29	25.94	1467705	54646632.00
2018/02/27	25.72	26.64	25.43	26.26	1647890	61808024.00
2018/02/28	26.29	26.29	25.64	25.97	790138	29536192.00
2018/03/01	25.91	26.51	25.81	26.33	796300	30044868.00
2018/03/02	26.41	26.61	26.01	26.54	835115	31684712.00
2018/03/05	26.31	26.79	26.31	26.69	451459	17251690.00
2018/03/06	26.66	26.79	26.44	26.64	655628	25123058.00
2018/03/07	26.46	27.79	26.46	27.50	2108899	82766568.00
2018/03/08	27.54	27.91	27.16	27.42	633300	25068434.00
2018/03/09	27.22	28.06	27.22	28.00	910171	36334372.00
2018/03/12	28.00	28.91	28.00	28.32	1450265	59522404.00
2018/03/13	28.18	28.54	28.07	28.18	558608	22753366.00
2018/03/14	28.28	28.71	28.07	28.27	512530	20880524.00
2018/03/15	28.02	28.64	27.61	28.26	836753	33626892.00
2018/03/16	28.39	28.39	27.83	28.12	486700	19635086.00
2018/03/19	27.89	28.32	27.89	28.16	228200	9222771.00
2018/03/20	27.87	28.43	27.87	28.42	330861	13404364.00
2018/03/21	28.42	28.46	27.95	28.02	437400	17754260.00
2018/03/22	27.86	28.27	27.86	28.16	244000	9834948.00
2018/03/23	27.86	27.86	25.46	26.18	1514836	58128896.00
2018/03/26	26.14	26.93	25.65	26.64	657131	24898250.00
2018/03/27	26.99	28.25	26.86	27.88	880507	35034344.00
2018/03/28	27.82	28.77	27.61	28.04	1375893	55976128.00
2018/03/29	28.00	28.43	27.56	27.81	936387	37759504.00
2018/03/30	27.76	28.76	27.76	28.61	1040643	42281680.00
2018/04/02	28.34	28.89	27.70	27.74	1727420	70083360.00
2018/04/03	27.58	28.32	26.91	28.20	1072081	42953008.00
2018/04/04	28.38	28.47	27.66	27.90	651676	26357862.00
2018/04/09	27.82	29.28	27.82	29.25	1266424	51971408.00
2018/04/10	29.19	29.43	28.20	28.53	1576892	65197348.00
2018/04/11	28.57	29.85	28.57	29.44	1785675	75538304.00
2018/04/12	29.22	30.92	29.14	30.11	1942856	84639160.00
2018/04/13	30.41	30.95	29.64	29.79	1494140	65115540.00
2018/04/16	29.94	30.24	29.51	29.76	731800	31387868.00
2018/04/17	29.79	30.96	29.72	30.24	1844195	80302864.00
2018/04/18	30.63	30.96	28.29	30.00	2018532	84997368.00
2018/04/19	29.99	30.00	29.00	29.13	1099081	46480020.00
2018/04/20	29.56	29.56	28.07	28.10	1069677	43874272.00
2018/04/23	28.11	28.47	27.81	28.30	1484707	59900240.00
2018/04/24	28.39	29.22	28.11	29.00	972000	40285572.00
2018/04/25	28.84	29.26	28.59	28.84	807803	33439682.00
2018/04/26	28.84	29.49	28.83	29.11	986551	41366560.00
2018/04/27	29.11	29.25	27.71	27.85	1399192	56615464.00
2018/05/02	27.91	28.14	27.45	27.50	1428300	56863524.00
2018/05/03	27.46	28.30	27.32	28.24	1077026	42890184.00
2018/05/04	28.19	28.57	27.79	28.53	888700	36032928.00
2018/05/07	28.33	29.03	28.31	28.85	712951	29411692.00
2018/05/08	29.02	29.66	28.91	29.29	645100	27081028.00
2018/05/09	29.29	29.57	29.02	29.25	518155	21703436.00
2018/05/10	29.09	29.97	29.09	29.80	799968	34017268.00
2018/05/11	29.99	30.13	29.54	29.63	656571	28028022.00
2018/05/14	29.91	30.02	29.64	29.81	525768	22460468.00
2018/05/15	29.81	29.81	28.95	29.26	806930	33817560.00
2018/05/16	29.29	29.89	29.09	29.57	899726	38160664.00
2018/05/17	29.50	29.84	28.97	29.12	425500	17823488.00
2018/05/18	29.06	29.30	28.44	28.84	501519	20756406.00
2018/05/21	28.73	29.19	28.66	29.03	834600	34504640.00
2018/05/22	29.05	29.65	28.86	29.57	725230	30505850.00
2018/05/23	29.56	30.71	29.29	30.52	2303150	100175648.00
2018/05/24	30.57	30.62	30.24	30.33	1504603	65698704.00
2018/05/25	30.56	30.56	29.86	29.97	672701	28999286.00
2018/05/28	29.96	30.21	29.51	29.76	1015588	43369736.00
2018/05/29	29.79	29.96	29.34	29.55	600159	25488714.00
2018/05/30	28.94	29.23	27.50	27.84	1325626	53835628.00
2018/05/31	27.82	28.36	27.72	28.21	807978	32509922.00
2018/06/01	28.20	28.56	27.89	28.06	483300	19543778.00
2018/06/04	28.57	28.57	27.41	27.71	806100	32065176.00
2018/06/05	27.71	27.74	26.86	27.38	1272251	49637828.00
2018/06/06	27.36	27.93	27.14	27.76	1181201	46865468.00
2018/06/07	27.86	28.04	27.02	27.14	1099257	43293144.00
2018/06/08	26.81	27.45	26.81	27.26	604000	16383490.00
2018/06/11	26.81	26.91	25.80	26.68	1956545	51176096.00
2018/06/12	26.68	26.75	25.89	26.22	945405	24752390.00
2018/06/13	26.48	26.56	26.17	26.23	733711	19355006.00
2018/06/14	26.23	26.77	25.90	25.99	985763	25782536.00
2018/06/15	26.05	26.14	25.21	25.38	1097992	28020900.00
2018/06/19	25.15	25.15	23.32	23.66	2078580	50300304.00
2018/06/20	23.57	24.20	23.57	23.86	825960	19760012.00
2018/06/21	23.70	24.24	23.70	24.00	862225	20741428.00
2018/06/22	24.00	24.33	23.61	24.30	682520	16445739.00
2018/06/25	24.94	25.10	24.36	24.58	909030	22560364.00
2018/06/26	24.46	24.48	23.92	24.44	804681	19510154.00
2018/06/27	24.65	24.66	23.95	23.97	1187515	28656090.00
2018/06/28	23.97	24.60	23.90	24.22	687742	16741537.00
2018/06/29	24.06	24.89	24.00	24.64	702294	17277112.00
2018/07/02	24.79	25.13	24.45	24.78	737900	18391800.00
2018/07/03	25.00	25.65	24.83	25.43	1218057	30937330.00
2018/07/04	25.25	25.86	24.83	24.93	750199	19078816.00
2018/07/05	24.90	25.12	24.22	24.61	740396	18300636.00
2018/07/06	24.60	25.00	24.00	24.11	1065090	26061470.00
2018/07/09	24.40	24.56	23.83	24.31	1047421	25311310.00
2018/07/10	24.50	24.93	24.17	24.91	1204666	29417200.00
2018/07/11	24.75	24.75	23.88	24.50	1106215	26809680.00
2018/07/12	24.58	25.19	24.35	25.03	742724	18493196.00
2018/07/13	24.90	25.26	24.82	25.06	608320	15222121.00
2018/07/16	25.06	25.66	24.83	25.13	943240	23772082.00
2018/07/17	24.92	25.26	24.76	24.94	552285	13779342.00
2018/07/18	25.06	25.55	24.94	24.99	1029841	25990212.00
2018/07/19	24.99	25.48	24.72	25.03	629579	15808760.00
2018/07/20	24.81	25.16	24.47	24.91	995645	24640598.00
2018/07/23	24.91	25.08	24.71	24.96	815645	20281128.00
2018/07/24	24.66	25.37	24.66	25.29	955867	24049932.00
2018/07/25	25.49	26.25	25.35	25.92	1038758	26841876.00
2018/07/26	25.69	26.29	25.25	25.30	769081	19744436.00
2018/07/27	25.29	25.56	24.95	25.02	334028	8388123.00
2018/07/30	25.28	25.28	24.35	24.44	679766	16789194.00
2018/07/31	24.30	24.52	23.91	23.97	710720	17167844.00
2018/08/01	24.11	24.19	22.30	23.00	4902065	112606120.00
2018/08/02	22.97	22.97	21.06	21.78	2222028	48330304.00
2018/08/03	21.73	21.75	20.60	20.84	1286007	27048944.00
2018/08/06	20.83	21.17	20.07	20.31	778480	15911750.00
2018/08/07	20.49	20.77	20.04	20.59	443648	9090675.00
2018/08/08	20.59	20.59	19.86	20.00	655928	13158467.00
2018/08/09	20.01	20.71	19.71	20.42	1124881	22864392.00
2018/08/10	20.47	20.61	19.91	20.09	747862	15069090.00
2018/08/13	20.14	20.35	19.58	20.26	435551	8758908.00
2018/08/14	20.32	20.35	19.80	19.96	474020	9493854.00
2018/08/15	19.97	20.20	19.45	19.49	952339	18899976.00
2018/08/16	19.44	19.44	18.18	18.28	2097003	38938652.00
2018/08/17	18.28	18.64	17.25	17.36	1934602	34613800.00
2018/08/20	17.57	18.97	17.16	18.69	1832590	32797808.00
2018/08/21	18.66	19.38	18.28	18.86	1698111	32092888.00
2018/08/22	18.62	18.76	18.21	18.44	912440	16808956.00
2018/08/23	18.39	18.71	18.22	18.52	735040	13606137.00
2018/08/24	18.35	18.75	18.10	18.21	887503	16400524.00
2018/08/27	18.49	18.90	18.37	18.47	1189581	22179310.00
2018/08/28	18.54	18.70	18.36	18.61	1174180	21764258.00
2018/08/29	18.41	18.63	18.21	18.30	833975	15326881.00
2018/08/30	18.47	18.88	18.25	18.60	1243896	23058204.00
2018/08/31	18.74	18.74	17.85	17.94	1215741	22035598.00
2018/09/03	17.94	17.94	16.90	17.30	1509351	26109632.00
2018/09/04	17.31	18.34	17.22	18.29	1456022	25803308.00
2018/09/05	18.20	18.20	17.55	17.63	1210982	21537500.00
2018/09/06	17.69	17.79	17.31	17.42	1083261	19078166.00
2018/09/07	17.38	17.66	17.02	17.43	741701	12905763.00
2018/09/10	17.13	17.50	17.05	17.07	939916	16119647.00
2018/09/11	17.10	17.13	16.25	16.48	1977558	32745548.00
2018/09/12	16.48	16.97	16.19	16.42	1672105	27673152.00
2018/09/13	16.49	16.92	16.30	16.80	1625100	26904984.00
2018/09/14	16.99	17.15	16.70	16.80	1235324	20859372.00
2018/09/17	16.75	16.79	16.36	16.59	1097720	18162770.00
2018/09/18	16.40	16.65	16.31	16.59	903877	14902657.00
2018/09/19	16.58	17.00	16.37	16.75	877740	14679167.00
2018/09/20	16.74	16.97	16.70	16.82	629050	10580039.00
2018/09/21	16.84	18.50	16.53	18.50	4260877	76237888.00
2018/09/25	18.35	19.00	17.96	18.76	3147073	58095808.00
2018/09/26	18.31	18.99	18.31	18.49	1954699	36336456.00
2018/09/27	18.45	18.70	18.16	18.18	1299825	23870312.00
2018/09/28	18.33	19.19	18.30	18.96	1991486	37276392.00
2018/10/08	18.66	18.66	18.01	18.20	1147912	20949908.00
2018/10/09	18.01	18.35	18.00	18.10	782513	14167027.00
2018/10/10	18.02	18.12	17.51	17.85	1252606	22216312.00
2018/10/11	17.00	17.24	16.12	16.68	1448008	24311848.00
2018/10/12	16.67	16.93	16.05	16.80	1082812	17919398.00
2018/10/15	16.79	17.17	16.40	16.47	756106	12716502.00
2018/10/16	16.70	16.70	15.21	15.37	1108480	17621354.00
2018/10/17	15.59	15.90	14.92	15.44	1193576	18357540.00
2018/10/18	15.15	15.45	15.06	15.20	654610	9978322.00
2018/10/19	14.80	15.40	14.74	15.38	908817	13799535.00
2018/10/22	15.58	16.22	15.48	16.02	2079947	33219484.00
2018/10/23	16.38	16.38	15.88	15.98	1071467	17263204.00
2018/10/24	16.10	16.10	15.65	15.90	766320	12159401.00
2018/10/25	15.51	15.80	15.23	15.73	809677	12525205.00
2018/10/26	15.99	15.99	15.53	15.69	643667	10106765.00
2018/10/29	15.19	15.36	14.32	14.65	2092584	30815360.00
2018/10/30	14.65	14.89	14.41	14.66	1621347	23723302.00
2018/10/31	14.68	15.17	14.68	14.89	1989921	29605080.00
2018/11/01	14.82	15.30	14.82	15.05	2000146	30080300.00
2018/11/02	15.19	15.54	15.14	15.48	1941870	29747104.00
2018/11/05	15.48	15.95	15.37	15.68	2233692	34998424.00
2018/11/06	15.70	15.70	15.05	15.40	1483260	22716866.00
2018/11/07	15.49	15.84	15.17	15.62	2130748	33142168.00
2018/11/08	15.80	15.80	15.41	15.47	1370641	21316988.00
2018/11/09	15.25	15.85	15.25	15.76	1459661	22793728.00
2018/11/12	15.79	16.05	15.58	15.93	1347866	21287584.00
2018/11/13	15.72	16.37	15.68	16.30	1894946	30564586.00
2018/11/14	16.29	16.30	15.96	16.07	1306900	21025478.00
2018/11/15	16.05	16.40	15.98	16.39	1624583	26372340.00
2018/11/16	16.38	16.85	16.30	16.61	2039751	33769452.00
2018/11/19	16.60	16.72	16.21	16.70	1655252	27231708.00
2018/11/20	16.60	16.60	15.88	15.94	1870360	30310580.00
2018/11/21	15.83	15.95	15.59	15.80	1661980	26213334.00
2018/11/22	15.89	16.16	15.82	16.07	1348973	21541264.00
2018/11/23	16.07	16.07	15.27	15.27	1344377	20986248.00
2018/11/26	15.27	15.37	14.88	14.98	850490	12841708.00
2018/11/27	15.04	15.23	15.01	15.13	666837	10079232.00
2018/11/28	15.12	15.22	14.88	15.22	669563	10095078.00
2018/11/29	15.28	15.34	14.68	14.89	1556344	23578616.00
2018/11/30	14.90	15.00	14.61	14.99	1023233	15183559.00
2018/12/03	15.35	15.57	15.15	15.55	1910566	29415016.00
2018/12/04	15.58	15.64	15.35	15.58	923811	14326407.00
2018/12/05	15.29	15.42	15.17	15.36	1198624	18299608.00
2018/12/06	16.40	16.44	15.78	15.87	4999114	80678736.00
2018/12/07	15.53	15.75	15.32	15.47	2442910	37758056.00
2018/12/10	15.33	15.41	15.09	15.11	1276586	19377042.00
2018/12/11	15.12	15.22	15.11	15.20	744956	11286529.00
2018/12/12	15.21	15.50	15.21	15.38	1210763	18606692.00
2018/12/13	15.38	15.51	15.16	15.38	1242770	19108276.00
2018/12/14	15.38	15.38	14.92	14.94	1180220	17882276.00
2018/12/17	14.95	15.32	14.84	15.32	1146681	17274084.00
2018/12/18	15.18	15.30	14.82	15.00	1097540	16483856.00
2018/12/19	15.05	15.05	14.73	14.85	618678	9177702.00
2018/12/20	14.88	14.88	14.70	14.86	539212	7984424.00
2018/12/21	14.80	14.81	14.56	14.66	987505	14492043.00
2018/12/24	14.73	14.83	14.57	14.83	948608	13958359.00
2018/12/25	14.75	14.75	14.38	14.69	997607	14518814.00
2018/12/26	14.65	14.75	14.48	14.66	899686	13145297.00
2018/12/27	14.80	14.88	14.46	14.50	946066	13874323.00
2018/12/28	14.56	14.64	14.36	14.45	805600	11699963.00
2019/01/02	14.55	14.55	14.10	14.16	800240	11361640.00
2019/01/03	14.13	14.24	13.75	13.75	919840	12827913.00
数据来源:通达信
