601021 春秋航空 日线 前复权
      日期	    开盘	    最高	    最低	    收盘	    成交量	    成交额
2015/01/21	10.22	12.40	10.22	12.40	170100	4432855.00
2015/01/22	13.71	13.71	13.71	13.71	60400	1737708.00
2015/01/23	15.15	15.15	15.15	15.15	158500	5016525.00
2015/01/26	16.73	16.73	16.73	16.73	454100	15811762.00
2015/01/27	18.47	18.47	18.47	18.47	1351695	51769920.00
2015/01/28	20.39	20.39	20.39	20.39	2574097	108446704.00
2015/01/29	22.49	22.49	22.49	22.49	3191209	147880624.00
2015/01/30	24.81	24.81	24.81	24.81	15543010	792227200.00
2015/02/02	25.31	27.36	24.81	27.36	61903188	3323897856.00
2015/02/03	28.32	30.16	28.08	30.16	23072212	1374358912.00
2015/02/04	31.72	32.79	28.87	29.19	39018159	2447929088.00
2015/02/05	30.47	32.17	29.99	32.17	30368741	1943429632.00
2015/02/06	31.32	32.57	29.96	30.80	22612197	1449942016.00
2015/02/09	30.12	31.64	29.55	30.21	10748369	673599168.00
2015/02/10	30.07	31.12	28.72	30.90	10852451	666626176.00
2015/02/11	30.58	33.85	30.33	32.49	12596686	821715648.00
2015/02/12	32.27	35.80	31.72	35.80	13387631	931785472.00
2015/02/13	36.57	37.24	34.63	36.01	12740198	935944896.00
2015/02/16	35.62	36.92	35.32	36.22	4878541	358273600.00
2015/02/17	36.37	37.82	35.47	36.41	5605437	415780896.00
2015/02/25	35.72	36.26	33.47	35.81	6107790	434911744.00
2015/02/26	35.07	35.67	33.95	34.40	3930011	277179072.00
2015/02/27	34.57	35.07	33.82	34.33	4377954	306379232.00
2015/03/02	33.98	34.57	33.42	34.00	4313705	299180288.00
2015/03/03	34.11	34.11	32.84	33.02	5067200	345511840.00
2015/03/04	33.06	33.92	32.45	33.86	4629654	313398112.00
2015/03/05	33.93	36.42	33.61	35.15	5714666	409520608.00
2015/03/06	35.15	35.15	33.05	33.34	5980987	414803616.00
2015/03/09	33.40	36.65	32.59	35.25	5985472	430035328.00
2015/03/10	35.43	38.85	35.43	38.85	3831852	298227456.00
2015/03/11	40.23	42.80	39.82	42.47	7385898	625473024.00
2015/03/12	41.32	42.26	38.59	40.00	4513313	370848704.00
2015/03/13	40.81	42.67	40.38	41.46	3258103	276149824.00
2015/03/16	42.27	44.80	40.57	43.64	6257773	538015488.00
2015/03/17	43.31	47.26	42.32	44.88	6635657	607316096.00
2015/03/18	45.07	45.22	42.54	44.14	5745087	510590656.00
2015/03/19	43.22	43.26	42.10	42.51	4266809	368346464.00
2015/03/20	42.32	42.95	41.41	42.92	3016281	258444960.00
2015/03/23	42.92	47.28	42.32	47.28	5590771	514329920.00
2015/03/24	44.98	46.16	44.01	45.46	6741053	613876416.00
2015/03/25	44.32	44.42	43.32	44.00	5131203	456548352.00
2015/03/26	43.47	44.82	42.65	43.24	3237509	285684352.00
2015/03/27	43.35	43.92	42.22	42.41	2612500	227983088.00
2015/03/30	42.34	43.57	42.12	43.08	3689338	321446784.00
2015/03/31	42.82	43.57	42.44	42.84	1877305	164361152.00
2015/04/01	43.31	44.77	42.82	43.71	2893567	257647712.00
2015/04/02	43.34	43.36	42.32	42.63	3844065	333248320.00
2015/04/03	42.45	43.05	41.28	41.98	5011272	427002624.00
2015/04/07	41.90	44.10	41.01	43.20	9059572	780092160.00
2015/04/08	43.62	45.10	42.33	44.60	6869013	618626496.00
2015/04/09	43.92	49.13	43.26	49.13	7295240	690841280.00
2015/04/10	48.52	50.82	45.82	48.12	6090155	592160128.00
2015/04/13	48.12	49.79	46.89	48.81	2587647	254673408.00
2015/04/14	48.24	50.32	45.95	47.03	4528713	439443104.00
2015/04/15	46.32	46.32	43.47	44.89	4640665	420425728.00
2015/04/16	44.07	45.28	41.75	44.14	6358447	559451584.00
2015/04/17	44.82	48.62	42.62	48.62	6998133	637562048.00
2015/04/20	47.49	51.82	46.43	48.56	5381126	541726656.00
2015/04/21	48.49	51.50	48.32	51.20	5711967	580428544.00
2015/04/22	51.50	52.82	49.82	51.24	4197557	434297600.00
2015/04/23	51.45	52.57	49.58	51.32	3795611	392589600.00
2015/04/24	50.36	54.72	49.22	53.39	3750273	389137152.00
2015/04/27	52.82	58.79	52.35	55.90	3829091	436801024.00
2015/04/28	55.35	57.32	52.47	53.57	2863350	317782496.00
2015/04/29	52.57	56.54	52.32	55.25	1883996	207648352.00
2015/04/30	54.62	58.72	54.56	55.76	2209002	256315552.00
2015/05/04	54.82	57.96	53.70	56.64	1763391	201304720.00
2015/05/05	56.33	56.72	51.82	52.46	2198254	239465584.00
2015/05/06	52.60	55.22	51.32	53.23	1941102	208960112.00
2015/05/07	52.73	53.42	49.37	49.90	1876132	196144672.00
2015/05/08	50.82	52.76	50.77	51.54	2294450	239854704.00
2015/05/11	52.32	54.16	51.54	53.51	2307538	249358480.00
2015/05/12	53.52	58.57	52.62	57.25	4536102	512382464.00
2015/05/13	56.57	62.32	54.82	60.44	3868154	468968864.00
2015/05/14	60.65	66.42	60.65	63.99	3441243	446043744.00
2015/05/15	62.67	65.86	59.33	63.98	4727235	598305728.00
2015/05/18	64.83	70.44	64.67	69.78	4330550	599737920.00
2015/05/19	69.82	75.32	65.37	69.26	4391838	627119104.00
2015/05/20	69.42	71.62	65.46	65.90	4585066	631996864.00
2015/05/21	65.87	66.82	63.97	66.20	2849440	376034848.00
2015/05/22	67.11	67.22	62.32	64.33	5225546	681520448.00
2015/05/25	64.25	66.92	62.57	65.45	3257508	432326784.00
2015/05/26	65.32	69.82	63.82	69.50	4995371	680359744.00
2015/05/27	69.48	73.01	68.32	69.93	4619521	661455168.00
2015/05/28	70.06	71.82	66.35	66.79	5244536	732735616.00
2015/05/29	66.79	67.32	60.04	64.45	4849035	629400576.00
2015/06/01	64.07	65.07	59.35	63.33	6331948	794908544.00
2015/06/02	62.67	64.26	60.92	63.79	4691103	594982912.00
2015/06/03	64.35	64.51	59.82	62.28	4438868	555768960.00
2015/06/04	62.28	63.91	59.07	61.58	3244363	403185152.00
2015/06/05	61.62	63.07	59.38	62.70	5064311	633697280.00
2015/06/08	62.85	69.04	61.49	69.04	7088013	950947200.00
2015/06/09	69.02	70.82	65.89	67.31	5891410	811123072.00
2015/06/10	66.47	72.32	65.15	69.80	4404166	611172864.00
2015/06/11	69.30	71.15	67.20	68.02	3082705	428833856.00
2015/06/12	66.99	68.44	65.88	66.78	2217303	299759584.00
2015/06/15	66.84	68.37	63.89	64.31	2321605	310199712.00
2015/06/16	62.47	64.92	57.96	63.76	4287375	526868576.00
2015/06/17	63.04	65.05	61.02	63.18	3084905	390859520.00
2015/06/18	63.20	66.74	61.44	61.97	3292174	431722080.00
2015/06/19	59.44	62.69	58.22	59.01	2619139	316251616.00
2015/06/23	58.94	63.49	58.69	62.98	3451813	423427104.00
2015/06/24	62.94	68.93	62.35	65.63	4192189	557855232.00
2015/06/25	65.69	68.44	61.68	62.49	2431953	317172640.00
2015/07/21	56.18	67.44	56.18	64.51	9235558	1082486656.00
2015/07/22	60.94	66.14	58.19	60.01	10383181	1295708160.00
2015/07/23	59.44	64.44	59.44	62.31	6182331	775705024.00
2015/07/24	62.22	63.28	59.97	60.39	3734296	465841696.00
2015/07/27	59.00	60.44	54.29	54.29	5312460	615211776.00
2015/07/28	49.60	55.61	48.81	54.72	6588939	690382528.00
2015/07/29	54.95	56.94	51.24	54.50	4069158	437122368.00
2015/07/30	52.94	53.96	49.44	50.19	3288988	347814304.00
2015/07/31	49.18	51.27	49.18	50.98	4786816	488691200.00
2015/08/03	49.44	52.94	47.45	52.93	7489931	756414400.00
2015/08/04	53.38	56.71	52.94	56.57	3427029	379759008.00
2015/08/05	56.12	57.09	51.49	53.16	2147920	236545424.00
2015/08/06	52.44	53.44	51.44	51.87	1780887	189354736.00
2015/08/07	52.49	54.94	51.70	54.38	1684743	183280064.00
2015/08/10	55.44	57.94	54.94	57.68	3573636	407942816.00
2015/08/11	56.66	58.41	54.27	54.39	5733359	648130880.00
2015/08/12	51.88	56.89	50.94	56.57	7281265	777262208.00
2015/08/13	55.20	60.98	54.44	60.94	4729714	551415168.00
2015/08/14	60.14	61.44	58.44	60.14	2448742	296008608.00
2015/08/17	59.97	61.73	58.04	61.32	1744264	211149904.00
2015/08/18	61.34	61.34	55.34	56.08	2195694	258215504.00
2015/08/19	54.44	56.32	53.63	55.89	3029370	336357216.00
2015/08/20	55.34	55.34	51.44	51.84	2325596	251305392.00
2015/08/21	50.44	52.89	49.50	51.33	2870350	294739968.00
2015/08/24	50.44	50.44	46.14	46.23	3708313	356445440.00
2015/08/25	43.83	48.94	43.44	45.63	5486614	520917152.00
2015/08/26	46.91	48.94	44.95	47.13	2111517	201224928.00
2015/08/27	47.26	50.09	47.26	49.91	1749808	174042272.00
2015/08/28	50.94	51.50	48.94	51.15	2178905	221504192.00
2015/08/31	50.66	50.66	48.45	48.50	1232627	122927104.00
2015/09/01	48.44	48.44	44.94	46.48	1664444	157176336.00
2015/09/02	44.58	48.37	44.52	45.44	1212942	114600680.00
2015/09/07	45.44	48.19	45.44	46.36	1300926	123505736.00
2015/09/08	46.36	50.50	46.23	50.44	1759437	174754032.00
2015/09/09	50.44	55.54	50.44	54.58	2250758	247561968.00
2015/09/10	53.94	54.89	52.70	53.58	937553	101667744.00
2015/09/11	52.95	53.80	52.44	53.43	655833	70468144.00
2015/09/14	55.58	55.58	50.91	51.90	1657272	178789552.00
2015/09/15	50.44	53.44	50.44	52.43	1255688	132763672.00
2015/09/16	52.44	57.00	51.49	56.00	1239363	134805824.00
2015/09/17	55.44	56.68	53.89	55.07	1256344	140078816.00
2015/09/18	54.70	55.86	52.84	55.07	924005	101735920.00
2015/09/21	55.07	59.14	54.45	57.88	1207286	139884144.00
2015/09/22	57.95	58.74	56.74	57.43	729699	85070480.00
2015/09/23	56.94	56.94	54.96	55.64	748821	84530896.00
2015/09/24	55.49	57.89	55.12	55.81	880180	100180256.00
2015/09/25	55.03	56.03	53.69	53.71	467450	51553692.00
2015/09/28	53.11	55.44	52.44	54.68	900939	98272952.00
2015/09/29	53.89	55.19	53.45	54.70	658512	72172096.00
2015/09/30	55.23	56.17	53.73	55.54	606433	67545104.00
2015/10/08	56.47	57.45	54.68	54.81	2099260	237160480.00
2015/10/09	54.74	55.23	53.34	54.93	1849849	202553808.00
2015/10/12	54.44	57.79	53.95	54.93	3659046	410810304.00
2015/10/13	55.14	57.54	54.93	57.32	2518121	288872352.00
2015/10/14	57.09	57.09	56.19	56.43	1434876	164017568.00
2015/10/15	57.61	62.13	57.61	62.13	3307725	402497824.00
2015/10/16	63.38	66.55	62.49	64.87	3574125	468474880.00
2015/10/19	65.45	65.88	60.94	63.05	3243074	410032096.00
2015/10/20	62.44	64.99	61.49	64.73	1813458	231435744.00
2015/10/21	66.41	69.42	58.20	60.06	3947778	257886592.00
2015/10/22	58.44	64.44	58.44	63.64	5003258	310312672.00
2015/10/23	63.44	65.44	61.39	64.63	3858245	246381232.00
2015/10/26	64.72	65.38	61.99	63.34	2859911	181983840.00
2015/10/27	62.99	62.99	59.10	61.23	2938025	180265264.00
2015/10/28	61.59	62.74	60.07	60.33	2942511	182502128.00
2015/10/29	60.33	61.30	59.34	61.04	3620490	219696048.00
2015/10/30	60.58	61.62	59.54	61.19	3256545	200246528.00
2015/11/02	60.04	62.94	59.45	61.73	4328040	266829152.00
2015/11/03	61.62	62.98	60.95	61.86	2294401	143646512.00
2015/11/04	61.99	62.94	61.01	62.83	8477505	529439680.00
2015/11/05	62.44	67.23	61.41	63.94	7943946	511686880.00
2015/11/06	62.74	65.44	61.94	63.82	5419060	347157600.00
2015/11/09	62.92	64.30	61.34	62.84	6045608	382944320.00
2015/11/10	62.88	63.20	61.54	62.34	5772182	362662880.00
2015/11/11	62.35	62.35	60.94	61.96	4822965	299259456.00
2015/11/12	62.05	66.69	61.95	65.31	9515657	620909696.00
2015/11/13	64.29	65.29	61.64	62.24	7245338	460618432.00
2015/11/16	60.14	62.22	59.45	62.18	3084208	190744672.00
2015/11/17	62.19	64.62	61.44	61.63	4478825	283673536.00
2015/11/18	61.43	61.43	60.06	60.35	3093787	189681456.00
2015/11/19	60.35	61.04	60.04	60.77	3798069	231582832.00
2015/11/20	61.44	63.14	60.27	61.69	6138143	380390848.00
2015/11/23	61.22	62.72	61.00	61.60	4849623	301728608.00
2015/11/24	61.09	62.40	61.09	62.25	3703901	230325120.00
2015/11/25	61.88	63.34	61.52	61.79	5086529	319384640.00
2015/11/26	61.85	62.61	61.34	61.46	3782610	235125920.00
2015/11/27	61.21	61.93	58.22	58.72	4080919	248314032.00
2015/11/30	58.47	59.40	53.44	56.23	5384387	304789120.00
2015/12/01	55.34	56.24	54.34	55.48	2985618	166740480.00
2015/12/02	55.49	57.34	54.02	56.93	2739713	153621232.00
2015/12/03	58.87	60.34	58.44	59.72	3750986	224502416.00
2015/12/04	59.83	61.02	57.84	58.27	4240226	252657984.00
2015/12/07	58.24	58.89	57.01	57.69	3529476	206197856.00
2015/12/08	58.74	60.19	58.02	58.53	6354477	379551744.00
2015/12/09	58.53	58.79	57.42	57.67	3885209	228392096.00
2015/12/10	57.44	58.25	57.24	57.36	2698841	157164960.00
2015/12/11	57.32	57.32	55.42	55.74	2684737	151704768.00
2015/12/14	55.72	57.84	55.44	56.99	3762845	215863792.00
2015/12/15	56.93	57.79	56.63	57.64	2513349	145052512.00
2015/12/16	57.46	58.44	56.49	58.13	3252761	189835344.00
2015/12/17	58.13	63.42	58.04	61.46	6071011	372501152.00
2015/12/18	61.52	65.12	61.46	63.02	5762067	369276768.00
2015/12/21	62.25	63.64	61.94	62.31	3183905	201342080.00
2015/12/22	62.28	62.74	61.25	62.05	3665471	228053360.00
2015/12/23	62.29	63.24	61.54	61.71	3734542	235523280.00
2015/12/24	61.49	61.61	59.45	60.12	2479497	150572352.00
2015/12/25	60.33	60.89	59.58	59.79	2292078	139190896.00
2015/12/28	59.78	61.79	59.78	60.13	4145949	254322560.00
2015/12/29	59.90	62.19	59.90	62.11	6183944	384888960.00
2015/12/30	62.25	62.44	60.43	60.83	3954437	243322848.00
2015/12/31	61.14	61.24	59.45	60.44	3648582	221880848.00
2016/01/04	60.43	60.44	54.61	55.47	2809126	166898128.00
2016/01/05	55.43	57.44	52.54	56.86	5173884	288698944.00
2016/01/06	56.74	57.94	56.44	57.34	2522068	145761136.00
2016/01/07	57.29	57.32	51.89	53.08	892852	49139960.00
2016/01/08	54.69	57.44	53.08	56.31	5130670	286038112.00
2016/01/11	55.74	59.34	54.76	56.03	4591964	265979008.00
2016/01/12	56.69	59.12	56.69	57.34	3710319	216532784.00
2016/01/13	58.84	59.54	54.44	55.54	4368874	254025040.00
2016/01/14	53.94	57.18	53.26	56.74	2407032	134306560.00
2016/01/15	56.43	56.64	54.94	55.15	2246550	126089944.00
2016/01/18	54.44	56.94	54.19	56.14	2422478	136472464.00
2016/01/19	56.74	56.79	54.94	56.66	2909882	164623696.00
2016/01/20	56.44	59.64	55.66	58.00	4448860	260237616.00
2016/01/21	58.04	58.42	54.24	54.41	3283521	187730720.00
2016/01/22	54.69	55.58	52.44	53.71	3108475	168287840.00
2016/01/25	53.69	54.02	52.05	52.61	3056687	163492256.00
2016/01/26	52.70	53.70	48.46	50.45	3773983	199949216.00
2016/01/27	50.42	50.42	46.10	48.37	5169272	249884768.00
2016/01/28	47.44	49.04	46.10	46.34	2086597	100998016.00
2016/01/29	46.34	49.44	46.04	48.91	3676120	179687056.00
2016/02/01	48.74	49.44	47.14	48.11	2024929	98343704.00
2016/02/02	48.41	50.74	48.18	49.96	2790575	141053616.00
2016/02/03	49.59	50.89	48.94	50.43	1491117	75965304.00
2016/02/04	50.44	52.99	50.44	52.70	2998107	158647648.00
2016/02/05	52.32	52.81	51.44	51.61	1726912	90777752.00
2016/02/15	50.84	53.93	49.75	53.71	2323384	124327984.00
2016/02/16	53.97	54.70	53.29	53.94	2341901	127896200.00
2016/02/17	54.04	54.43	53.21	53.44	1648079	89441488.00
2016/02/18	53.39	53.72	51.34	51.86	3834297	201714992.00
2016/02/19	51.44	51.94	50.44	50.96	3234864	166908320.00
2016/02/22	51.44	51.91	50.86	51.44	3485671	180439056.00
2016/02/23	51.44	51.44	49.09	50.03	3892582	197313120.00
2016/02/24	50.13	50.99	49.79	50.78	2129235	108715832.00
2016/02/25	50.77	50.77	45.66	46.68	3777240	182836288.00
2016/02/26	47.19	47.66	45.44	46.64	2566508	121590672.00
2016/02/29	46.64	46.64	41.94	43.48	4665708	203993504.00
2016/03/01	43.24	43.93	42.45	43.84	2591431	114442504.00
2016/03/02	44.03	45.34	43.84	45.23	3515013	159511360.00
2016/03/03	45.27	45.44	44.25	44.74	3376395	153268944.00
2016/03/04	44.53	44.53	42.09	42.87	3113587	136436976.00
2016/03/07	42.92	43.82	42.54	42.97	2174204	95331296.00
2016/03/08	42.77	42.77	39.52	41.58	4160854	171694656.00
2016/03/09	41.24	43.94	40.44	43.57	4029040	171664224.00
2016/03/10	43.07	43.42	41.77	42.25	2475753	106967048.00
2016/03/11	41.82	42.64	41.15	41.83	1714717	72864552.00
2016/03/14	42.10	44.11	42.10	43.82	3008918	132766448.00
2016/03/15	44.26	44.26	43.35	44.14	1632733	72531640.00
2016/03/16	44.34	45.44	44.12	44.54	2444583	110702192.00
2016/03/17	44.57	45.19	43.84	44.73	2325145	105343856.00
2016/03/18	44.99	46.79	44.58	46.27	2797786	129938960.00
2016/03/21	46.46	47.89	46.46	46.95	3053649	145685568.00
2016/03/22	46.94	46.94	46.04	46.07	2888399	135258912.00
2016/03/23	46.13	46.24	44.24	45.49	2417791	110668920.00
2016/03/24	45.60	47.22	45.40	46.03	3097226	145601744.00
2016/03/25	45.45	46.53	45.45	46.49	1486675	69511984.00
2016/03/28	47.21	48.23	45.95	46.30	2701273	129009888.00
2016/03/29	46.04	46.43	44.94	45.45	1292042	59451052.00
2016/03/30	45.81	46.43	45.31	46.28	2084137	96582248.00
2016/03/31	46.59	46.59	45.74	45.86	1371563	63868372.00
2016/04/01	45.86	46.94	45.41	46.00	1969496	91597448.00
2016/04/05	45.97	49.10	45.97	49.09	4306850	208237440.00
2016/04/06	48.44	50.34	48.09	50.14	4062859	203260272.00
2016/04/07	49.58	50.02	47.84	48.06	3495610	170911936.00
2016/04/08	46.44	48.24	46.44	47.11	1596266	76709608.00
2016/04/11	46.94	48.29	46.94	47.88	2633320	127168816.00
2016/04/12	47.15	47.88	46.99	47.39	2238688	107378248.00
2016/04/13	47.64	48.85	47.44	48.23	2994824	146326912.00
2016/04/14	48.44	49.44	48.19	48.74	1783173	87827528.00
2016/04/15	49.24	49.24	48.34	48.73	1284654	63101028.00
2016/04/18	48.94	49.30	48.32	48.76	1993126	98467808.00
2016/04/19	48.64	48.92	47.57	47.95	1685094	82053952.00
2016/04/20	47.96	48.09	44.00	45.95	2369222	111810592.00
2016/04/21	45.48	45.94	45.21	45.37	1755428	80947792.00
2016/04/22	44.95	46.02	44.95	45.70	1666395	76687168.00
2016/04/25	45.66	46.18	43.40	44.40	2802215	125445328.00
2016/04/26	44.27	45.76	44.20	45.62	1890041	86186760.00
2016/04/27	45.32	46.60	44.94	46.39	1254256	58737232.00
2016/04/28	46.46	46.64	45.15	45.82	999299	46228608.00
2016/04/29	45.14	46.24	45.04	45.68	2356989	108831664.00
2016/05/03	46.32	47.56	45.04	46.20	4122639	194383344.00
2016/05/04	46.23	49.52	45.94	49.14	5594571	273829120.00
2016/05/05	49.24	54.11	48.65	52.81	9902828	524407296.00
2016/05/06	51.91	53.96	50.04	52.41	9881895	522148352.00
2016/05/09	52.05	52.74	48.89	49.03	4624712	236095040.00
2016/05/10	49.27	51.06	48.45	50.62	3994165	203119824.00
2016/05/11	50.44	54.31	50.24	52.94	5323439	284002048.00
2016/05/12	52.04	52.40	50.26	50.87	3385552	175386112.00
2016/05/13	50.74	51.98	50.32	50.90	2817853	145317440.00
2016/05/16	50.74	51.42	49.10	50.27	3954024	198943872.00
2016/05/17	49.84	50.05	47.82	49.00	5252965	258951536.00
2016/05/18	48.69	49.44	46.19	47.04	4085049	197529600.00
2016/05/19	47.04	48.17	46.19	46.97	3410235	162776688.00
2016/05/20	46.47	47.63	46.25	47.51	1674676	79928400.00
2016/05/23	47.52	49.64	47.52	49.43	4388945	218233568.00
2016/05/24	49.54	49.91	48.48	49.24	1713724	85611488.00
2016/05/25	48.86	49.73	46.44	46.81	3662916	176220112.00
2016/05/26	46.62	47.42	46.04	47.38	1865032	87985528.00
2016/05/27	47.34	47.79	47.04	47.10	1201325	57701868.00
2016/05/30	46.90	47.66	46.19	47.44	2036452	97193360.00
2016/05/31	47.24	50.14	46.59	49.51	3147800	157145856.00
2016/06/01	50.48	50.48	48.41	48.98	3607727	177340400.00
2016/06/02	48.75	49.75	48.40	49.43	2326556	115289768.00
2016/06/03	49.42	50.20	48.40	49.87	2672757	132502120.00
2016/06/06	50.65	52.17	49.84	50.07	3411533	174739488.00
2016/06/07	49.90	50.27	48.95	50.11	1853483	92335768.00
2016/06/08	49.70	49.71	49.03	49.50	2114926	104978936.00
2016/06/13	48.95	50.09	48.31	49.26	2314056	114951968.00
2016/06/14	48.73	49.43	48.45	49.38	1738802	85773424.00
2016/06/15	48.48	51.19	48.35	51.04	3485747	176122064.00
2016/06/16	51.00	52.13	50.65	50.96	2821707	146499472.00
2016/06/17	50.65	52.84	50.65	51.93	2099320	110368136.00
2016/06/20	51.62	52.00	50.55	50.97	1943778	99533576.00
2016/06/21	51.15	51.94	49.31	49.48	1974500	99729552.00
2016/06/22	49.54	49.75	48.59	49.52	1928483	95059568.00
2016/06/23	49.49	49.49	48.45	48.85	1789578	87910752.00
2016/06/24	49.14	49.18	48.31	49.03	983956	48387588.00
2016/06/27	48.65	49.69	48.55	49.41	2427278	120534664.00
2016/06/28	49.20	49.53	47.66	49.00	4112297	200330208.00
2016/06/29	48.85	49.00	48.03	48.36	2581369	125844160.00
2016/06/30	48.50	48.50	47.05	47.59	3451203	165157008.00
2016/07/01	47.53	47.92	47.15	47.58	3001492	143574192.00
2016/07/04	47.23	48.20	47.23	48.16	3532708	170592784.00
2016/07/05	48.34	49.33	47.67	48.41	4535608	222370464.00
2016/07/06	48.35	48.35	46.92	47.20	6144178	291761376.00
2016/07/07	46.98	47.30	46.31	46.64	4638507	218240016.00
2016/07/08	46.84	47.00	46.57	46.64	2931472	138067168.00
2016/07/11	46.65	47.21	46.35	46.88	3778189	178194624.00
2016/07/12	46.96	51.13	46.53	50.60	10034707	493200320.00
2016/07/13	50.28	50.28	48.17	48.88	7765906	382046240.00
2016/07/14	48.85	48.87	48.15	48.30	2648733	128906344.00
2016/07/15	48.43	48.43	47.45	47.80	3163856	152388864.00
2016/07/18	47.75	48.00	47.35	47.77	2837947	136198176.00
2016/07/19	47.86	47.86	47.16	47.54	1939003	92589760.00
2016/07/20	47.70	47.77	47.45	47.68	1955527	93784776.00
2016/07/21	47.75	47.82	47.28	47.69	2363604	113331528.00
2016/07/22	47.64	47.69	47.01	47.16	2310784	110019272.00
2016/07/25	47.13	47.33	46.82	47.14	2358962	111818824.00
2016/07/26	47.14	48.02	47.04	47.78	2866883	137740608.00
2016/07/27	47.84	48.71	46.76	48.03	6558302	316523680.00
2016/07/28	47.75	49.65	47.26	49.02	4997880	245597024.00
2016/07/29	48.70	49.15	48.00	48.66	2305419	112845168.00
2016/08/01	48.53	48.90	47.85	48.63	1917815	93354488.00
2016/08/02	48.49	48.93	48.27	48.56	1100962	53914328.00
2016/08/03	48.68	49.65	48.68	49.49	2761412	137363488.00
2016/08/04	49.44	49.44	48.02	48.64	2121898	103809952.00
2016/08/05	48.60	48.60	48.05	48.08	1283232	62334576.00
2016/08/08	48.05	48.15	47.21	47.66	1932952	92632952.00
2016/08/09	47.65	48.25	47.41	48.04	1303639	62886812.00
2016/08/10	47.68	49.65	47.68	48.80	2339118	114210272.00
2016/08/11	48.80	49.51	48.46	49.00	3093209	153513648.00
2016/08/12	48.60	49.85	48.50	49.59	2573261	128290976.00
2016/08/24	49.65	51.45	48.01	48.63	5180113	254653984.00
2016/08/25	47.65	48.16	47.16	47.64	2969822	142225232.00
2016/08/26	47.34	48.33	47.34	47.95	2150104	103987728.00
2016/08/29	47.95	47.95	47.55	47.67	1490971	71534856.00
2016/08/30	47.81	47.81	46.31	46.73	5963917	280499168.00
2016/08/31	46.73	46.80	46.35	46.55	1965578	92099472.00
2016/09/01	46.62	46.92	46.46	46.60	1804551	84752448.00
2016/09/02	46.51	46.90	46.50	46.76	1077835	50660628.00
2016/09/05	46.87	46.95	46.45	46.66	1162244	54758772.00
2016/09/06	46.68	47.26	46.67	47.18	1420823	67216168.00
2016/09/07	46.90	47.59	46.85	46.89	1480240	70437720.00
2016/09/08	46.98	47.00	46.40	46.64	3264157	152887664.00
2016/09/09	46.45	46.62	46.35	46.47	1438798	67326280.00
2016/09/12	46.25	46.30	45.48	45.61	1894995	87463840.00
2016/09/13	45.65	45.96	45.19	45.68	1229639	56354852.00
2016/09/14	45.61	45.68	45.16	45.66	1001804	45775340.00
2016/09/19	45.85	45.97	45.44	45.74	1438941	66170448.00
2016/09/20	45.64	45.81	45.31	45.57	1384206	63434180.00
2016/09/21	45.57	45.71	45.43	45.56	1242060	57102636.00
2016/09/22	45.83	45.83	45.56	45.61	1633875	75228176.00
2016/09/23	45.56	45.71	45.43	45.48	1294717	59433452.00
2016/09/26	45.28	45.69	45.05	45.08	952422	43660440.00
2016/09/27	44.70	45.15	44.46	44.81	1856370	83593464.00
2016/09/28	44.81	44.92	44.62	44.77	930681	41967700.00
2016/09/29	44.69	44.97	44.56	44.80	1405949	63478432.00
2016/09/30	44.80	44.84	44.63	44.82	856817	38630012.00
2016/10/10	44.96	45.32	44.75	45.19	1726484	78422240.00
2016/10/11	45.35	45.85	45.15	45.75	3027095	138942384.00
2016/10/12	45.36	45.75	44.75	45.24	926947	42389192.00
2016/10/13	45.30	45.30	44.87	45.09	932632	42314300.00
2016/10/14	44.83	45.20	44.76	45.15	1310551	59392948.00
2016/10/17	45.23	45.23	44.54	44.82	1487272	67195856.00
2016/10/18	44.65	45.15	44.45	44.91	1930600	87121632.00
2016/10/19	45.02	45.64	44.92	45.30	1797653	82212960.00
2016/10/20	45.13	45.13	44.79	45.06	922500	41789632.00
2016/10/21	44.87	45.08	44.78	45.00	683356	30920672.00
2016/10/24	45.06	45.29	44.85	45.15	1283510	58344348.00
2016/10/25	45.22	45.23	44.53	44.73	2738717	123680536.00
2016/10/26	44.85	44.85	44.34	44.40	2982342	133717576.00
2016/10/27	44.39	44.53	43.82	44.03	1675098	74475904.00
2016/10/28	44.05	44.11	43.55	43.64	1793325	79193288.00
2016/10/31	43.30	43.49	42.60	42.86	2643540	114312152.00
2016/11/01	42.95	43.05	42.65	43.04	2853848	123364648.00
2016/11/02	43.09	43.18	42.55	42.66	3113794	134006888.00
2016/11/03	42.58	42.99	42.55	42.72	2822437	121546592.00
2016/11/04	42.80	42.91	42.35	42.48	2107111	90476416.00
2016/11/07	42.61	42.61	41.51	41.65	3223973	135878976.00
2016/11/08	41.85	41.91	41.25	41.70	2942429	123451752.00
2016/11/09	41.70	41.97	41.00	41.74	3331260	139507312.00
2016/11/10	41.86	42.14	41.63	41.79	2920453	123209488.00
2016/11/11	41.79	41.83	41.30	41.75	2408676	100864176.00
2016/11/14	41.51	42.72	41.48	42.66	4492378	191249440.00
2016/11/15	42.75	43.52	42.70	42.91	5083943	220932752.00
2016/11/16	42.53	42.91	42.43	42.48	2887555	123839800.00
2016/11/17	42.68	42.82	42.26	42.47	2383873	102214368.00
2016/11/18	42.41	42.41	41.73	41.88	2404004	101978512.00
2016/11/21	42.01	42.13	41.55	41.79	2379907	100168640.00
2016/11/22	41.86	41.88	41.38	41.87	3066127	128700624.00
2016/11/23	41.72	41.88	41.56	41.66	2364816	99389424.00
2016/11/24	41.70	41.81	41.47	41.54	2918597	122588360.00
2016/11/25	41.43	42.05	41.13	41.92	3145457	132148152.00
2016/11/28	41.94	42.45	41.62	42.25	3788193	160438784.00
2016/11/29	42.35	42.63	42.07	42.21	3542380	151344144.00
2016/11/30	42.15	42.31	41.66	41.74	1749454	73801800.00
2016/12/01	41.65	41.65	40.05	40.78	8856189	364091616.00
2016/12/02	40.50	40.82	40.20	40.37	3525003	144007648.00
2016/12/05	40.05	40.79	39.65	40.62	2404573	97923400.00
2016/12/06	40.55	40.71	40.24	40.60	1666781	67992848.00
2016/12/07	40.60	40.73	40.36	40.55	1347006	55083428.00
2016/12/08	40.60	40.90	40.22	40.25	1361424	55649272.00
2016/12/09	40.30	40.55	39.60	39.81	3024095	121561216.00
2016/12/12	39.70	39.75	38.09	38.26	3639502	142672752.00
2016/12/13	38.26	38.26	37.46	37.73	2348593	89520240.00
2016/12/14	37.75	37.82	36.65	36.82	3755148	140178368.00
2016/12/15	36.63	37.05	36.43	37.04	2196281	81574736.00
2016/12/16	37.04	37.21	36.75	36.99	2168102	80820552.00
2016/12/19	36.92	37.34	36.71	37.32	2593753	97230320.00
2016/12/20	37.24	37.27	36.81	36.94	1444743	53912728.00
2016/12/21	36.96	38.61	36.95	37.63	4428477	169149536.00
2016/12/22	37.43	37.75	37.26	37.30	2468059	93124472.00
2016/12/23	37.28	37.30	36.61	36.63	2562788	95167600.00
2016/12/26	36.62	36.63	35.65	36.22	3423418	124060800.00
2016/12/27	36.15	36.22	35.87	36.15	2377461	86471224.00
2016/12/28	36.20	36.25	35.52	35.84	4252333	153358000.00
2016/12/29	36.05	36.61	35.86	36.18	3111209	114044360.00
2016/12/30	36.30	36.50	35.83	36.39	2833792	103399320.00
2017/01/03	36.43	36.80	36.43	36.50	1630527	60183532.00
2017/01/04	36.47	36.82	36.38	36.58	2751126	101637832.00
2017/01/05	36.97	36.97	36.65	36.70	2254661	83775168.00
2017/01/06	36.75	36.75	36.34	36.66	2450536	90354016.00
2017/01/09	36.41	36.65	36.23	36.35	2497423	91793256.00
2017/01/10	36.33	37.84	35.91	36.79	6251898	233203568.00
2017/01/11	36.55	36.55	35.65	35.78	3402147	123561464.00
2017/01/12	35.65	35.98	35.56	35.79	1264329	45709508.00
2017/01/13	35.75	36.40	34.68	36.05	3540654	126619552.00
2017/01/16	35.94	36.39	35.08	36.22	7987198	290438528.00
2017/01/17	36.05	36.37	35.75	36.28	1605045	58505688.00
2017/01/18	36.28	36.40	36.19	36.28	1878614	68908304.00
2017/01/19	36.28	36.35	35.68	36.00	1246569	45244432.00
2017/01/20	36.00	36.44	35.83	36.36	2574786	94398888.00
2017/01/23	36.35	37.00	36.30	36.86	1942400	72072336.00
2017/01/24	36.68	36.81	36.26	36.34	1845317	67859896.00
2017/01/25	36.17	36.84	36.16	36.62	1375484	50790760.00
2017/01/26	36.67	36.89	36.62	36.76	1166033	43240600.00
2017/02/03	36.67	36.86	36.46	36.75	971332	35896388.00
2017/02/06	36.82	37.41	36.54	37.21	1647183	61415384.00
2017/02/07	36.95	37.07	36.65	36.70	1863357	69163728.00
2017/02/08	36.66	36.83	36.37	36.65	2248755	83096200.00
2017/02/09	36.55	36.77	36.47	36.72	2358077	87307920.00
2017/02/10	36.69	37.02	36.58	36.75	3436038	127686360.00
2017/02/13	36.75	36.93	36.28	36.49	4218836	155144224.00
2017/02/14	36.70	36.70	36.16	36.27	3005891	110497736.00
2017/02/15	36.29	37.00	36.16	36.77	6533153	241668176.00
2017/02/16	36.68	37.13	36.51	37.02	3563203	132388112.00
2017/02/17	37.07	37.65	36.65	36.67	3726435	139627808.00
2017/02/20	36.71	36.90	36.46	36.82	3265613	120896288.00
2017/02/21	36.82	37.38	36.65	37.30	4763170	178365392.00
2017/02/22	37.35	37.59	37.18	37.49	4156479	157009328.00
2017/02/23	37.46	37.59	37.18	37.30	2042047	76939792.00
2017/02/24	37.44	39.63	37.11	38.60	9604275	370655424.00
2017/02/27	37.96	38.05	37.40	37.46	5494755	209041040.00
2017/02/28	37.36	37.60	37.31	37.47	2651464	100172640.00
2017/03/01	37.54	37.99	37.40	37.66	3815467	145375536.00
2017/03/02	37.76	37.80	37.23	37.25	2619312	98812064.00
2017/03/03	37.24	37.34	36.62	36.89	2672904	99682760.00
2017/03/06	36.95	37.30	36.81	37.22	2042597	76494744.00
2017/03/07	37.10	37.36	37.07	37.14	2555808	96006408.00
2017/03/08	37.13	37.13	36.65	36.73	3301823	122826664.00
2017/03/09	36.81	37.10	36.72	36.97	2734349	101940672.00
2017/03/10	37.14	37.65	37.00	37.54	4693078	177369568.00
2017/03/13	37.48	37.79	37.07	37.61	2670117	100811664.00
2017/03/14	37.65	37.69	37.16	37.25	2262451	85430032.00
2017/03/15	37.25	37.79	37.21	37.62	3151200	119501664.00
2017/03/16	37.63	37.90	37.48	37.62	2337793	88857888.00
2017/03/17	37.62	37.62	37.03	37.08	3551339	133602168.00
2017/03/20	37.10	37.18	36.53	36.71	3071782	114045584.00
2017/03/21	36.68	36.95	36.66	36.78	1262235	46870776.00
2017/03/22	36.65	36.69	36.20	36.32	2742367	100782072.00
2017/03/23	36.33	36.74	36.29	36.66	3193126	117817800.00
2017/03/24	36.60	36.79	36.47	36.70	2205608	81521656.00
2017/03/27	36.73	37.11	36.66	36.87	3049054	113425376.00
2017/03/28	36.86	37.04	36.51	37.02	3135918	116412976.00
2017/03/29	36.96	37.39	36.58	37.07	3357334	125648944.00
2017/03/30	37.05	37.05	35.98	36.14	3278029	120894344.00
2017/03/31	35.33	35.33	34.03	34.39	6542478	227685952.00
2017/04/05	34.32	34.91	33.40	34.43	4065942	141053872.00
2017/04/06	34.63	34.81	34.40	34.53	2650294	92595888.00
2017/04/07	34.55	35.43	34.39	34.43	3843254	134617456.00
2017/04/10	34.29	34.70	33.90	34.35	4360671	151146432.00
2017/04/11	34.07	34.34	33.40	33.83	3890103	132958816.00
2017/04/12	33.75	33.75	33.10	33.22	3329967	112140528.00
2017/04/13	33.15	33.40	33.10	33.22	2604273	87490208.00
2017/04/14	33.29	33.33	32.11	32.25	3840103	126355088.00
2017/04/17	32.17	32.17	31.46	31.82	2776391	88930896.00
2017/04/18	31.90	32.09	31.45	31.47	2860396	91826768.00
2017/04/19	31.55	32.12	31.14	31.76	4045614	129956176.00
2017/04/20	31.81	32.40	31.65	31.96	2865055	92571520.00
2017/04/21	32.00	33.23	31.95	32.84	4722376	156583488.00
2017/04/24	32.70	33.03	32.21	32.61	3059625	100523104.00
2017/04/25	32.60	32.84	32.31	32.70	1420438	46851296.00
2017/04/26	32.41	32.56	31.88	31.99	2068881	67431472.00
2017/04/27	32.13	32.13	31.16	32.02	2192809	70313688.00
2017/04/28	32.13	32.75	31.77	32.51	1921066	62954360.00
2017/05/02	32.41	32.71	32.16	32.59	1200747	39434748.00
2017/05/03	32.74	32.75	31.99	32.07	1924997	62801108.00
2017/05/04	32.30	33.10	32.10	32.98	3183007	105224712.00
2017/05/05	33.53	33.59	32.62	32.74	3160494	104796056.00
2017/05/08	32.51	32.66	31.26	31.31	3124741	100224904.00
2017/05/09	31.59	31.59	29.82	30.42	2910670	89480392.00
2017/05/10	30.43	30.98	30.33	30.40	2114415	65168144.00
2017/05/11	30.12	31.68	30.00	31.60	2865710	88685984.00
2017/05/12	31.61	32.59	31.34	32.11	2578912	83071832.00
2017/05/15	32.12	33.21	31.86	33.10	3139083	103906216.00
2017/05/16	32.97	33.57	32.62	33.26	2491381	83210584.00
2017/05/17	33.21	33.46	32.89	33.25	1675197	55994196.00
2017/05/18	33.16	33.46	32.59	33.31	2249472	75187664.00
2017/05/19	32.91	33.31	31.84	32.35	3683554	120286904.00
2017/05/22	32.35	34.03	32.14	33.77	3973858	133366264.00
2017/05/23	33.69	34.01	32.82	32.85	2730470	91864328.00
2017/05/24	33.11	34.05	32.82	34.01	2569472	86934648.00
2017/05/25	33.99	34.11	33.36	33.84	1904316	64611216.00
2017/05/26	33.85	35.05	33.69	33.73	3012008	104308176.00
2017/05/31	33.80	34.30	33.41	33.47	2624524	88886208.00
2017/06/01	33.75	34.60	33.31	34.45	3484952	119574072.00
2017/06/02	34.26	34.28	33.52	33.81	2162211	73469296.00
2017/06/05	33.80	34.00	33.31	33.34	2009846	67846416.00
2017/06/06	33.44	33.54	32.76	32.99	2243801	74432856.00
2017/06/07	32.94	33.31	32.84	33.30	3855668	128093568.00
2017/06/08	33.37	33.97	33.23	33.58	4772406	161496256.00
2017/06/09	33.51	33.54	32.39	32.42	4620730	152364656.00
2017/06/12	32.21	32.21	31.52	31.84	3492031	111762472.00
2017/06/13	31.89	32.10	31.44	32.05	3765853	120404672.00
2017/06/14	32.01	32.06	31.73	31.79	2520513	80721896.00
2017/06/15	31.77	32.08	31.74	32.06	3366535	107951456.00
2017/06/16	32.05	32.09	31.71	31.85	2578600	82605552.00
2017/06/19	31.88	32.21	31.86	32.19	2471865	79758768.00
2017/06/20	32.16	32.24	31.87	31.98	2128160	68509072.00
2017/06/21	32.30	33.00	32.24	32.95	4244768	139128432.00
2017/06/22	33.01	33.49	32.76	32.77	4533250	150797920.00
2017/06/23	32.48	32.79	31.81	32.55	3171642	102996256.00
2017/06/26	32.31	33.71	32.11	33.62	5144718	171274976.00
2017/06/27	33.61	33.79	33.20	33.63	3063183	103144008.00
2017/06/28	33.32	33.72	33.21	33.40	2529120	85213144.00
2017/06/29	33.41	33.76	33.31	33.61	2263416	76488072.00
2017/06/30	33.49	33.63	33.17	33.44	1683059	56535328.00
2017/07/03	33.43	33.87	33.32	33.85	2051000	69430568.00
2017/07/04	33.69	33.86	33.51	33.77	1544839	52272188.00
2017/07/05	33.68	33.92	33.58	33.84	1797411	61027084.00
2017/07/06	33.86	34.01	33.54	33.72	1789513	60668296.00
2017/07/07	33.57	33.60	33.07	33.37	1821582	60996536.00
2017/07/10	33.37	33.60	33.11	33.40	1805681	60468332.00
2017/07/11	33.25	33.38	32.92	33.25	2223376	74094248.00
2017/07/12	33.19	33.26	32.28	32.67	2152435	70766064.00
2017/07/13	32.61	33.16	32.51	32.89	1556400	51423948.00
2017/07/14	32.95	33.39	32.63	32.77	1584290	52627040.00
2017/07/17	32.71	32.91	31.32	31.75	2757205	89678592.00
2017/07/18	31.80	32.06	31.56	31.84	1355923	43397212.00
2017/07/19	31.74	32.03	31.62	31.87	1618076	51792072.00
2017/07/20	31.85	31.97	31.44	31.48	2143868	68389016.00
2017/07/21	31.52	31.56	31.12	31.18	1737325	54600240.00
2017/07/24	31.11	31.46	31.11	31.34	950565	29898404.00
2017/07/25	31.32	31.34	30.84	30.96	1577597	49245832.00
2017/07/26	30.94	30.98	30.52	30.61	2357812	72726304.00
2017/07/27	30.72	31.78	30.41	31.64	2772313	86982928.00
2017/07/28	31.64	31.64	30.86	31.07	2526420	79326024.00
2017/07/31	31.09	31.24	30.71	31.14	1391750	43464660.00
2017/08/01	31.13	31.49	30.84	31.41	1653138	51943536.00
2017/08/02	31.39	31.80	31.31	31.43	1896003	60096472.00
2017/08/03	31.48	31.75	31.28	31.44	1411900	44782000.00
2017/08/04	31.31	31.59	31.26	31.29	746700	23565788.00
2017/08/07	31.30	31.39	31.13	31.35	505040	15887905.00
2017/08/08	31.21	31.35	30.90	30.99	1303543	40681908.00
2017/08/09	31.07	31.67	30.82	31.66	1768894	55693424.00
2017/08/10	31.70	32.76	31.70	31.99	3966738	128669104.00
2017/08/11	31.85	31.91	30.88	30.92	2383340	74838088.00
2017/08/14	30.96	31.34	30.94	31.25	1094672	34311328.00
2017/08/15	31.30	31.77	31.16	31.62	1849882	58725308.00
2017/08/16	31.53	31.66	31.29	31.57	1034619	32776892.00
2017/08/17	31.61	32.57	31.61	31.91	3400271	109982656.00
2017/08/18	31.79	32.29	31.67	32.23	1933252	62495356.00
2017/08/21	32.24	32.76	32.24	32.48	2177884	71389232.00
2017/08/22	32.38	33.25	32.38	32.56	3007594	99602672.00
2017/08/23	32.71	33.07	32.41	32.64	1385824	45573176.00
2017/08/24	32.77	32.84	32.18	32.20	1328324	43458396.00
2017/08/25	32.20	33.19	32.16	32.89	2465622	81526320.00
2017/08/28	32.88	33.28	32.74	33.21	2179124	72386864.00
2017/08/29	33.57	33.89	33.42	33.46	3444557	116582040.00
2017/08/30	33.36	34.65	33.36	34.30	6446870	222549968.00
2017/08/31	34.09	34.61	33.99	34.33	3166056	109297848.00
2017/09/01	34.34	34.50	33.81	34.02	2099110	71737592.00
2017/09/04	34.04	34.83	34.04	34.71	3083716	107124120.00
2017/09/05	34.72	35.99	34.72	35.77	6357833	227907328.00
2017/09/06	35.31	36.45	35.21	36.02	4424044	159850048.00
2017/09/07	35.88	36.09	35.31	35.72	2354085	84530448.00
2017/09/08	35.96	36.56	35.32	36.00	3033748	109546576.00
2017/09/11	35.90	35.92	35.02	35.11	3555245	126774664.00
2017/09/12	35.38	35.41	34.01	34.35	4147072	144040480.00
2017/09/13	34.41	34.60	34.03	34.30	2828471	97531080.00
2017/09/14	34.26	34.81	34.20	34.48	2140905	74302928.00
2017/09/15	34.37	34.71	34.05	34.49	2829204	97873952.00
2017/09/18	34.49	34.77	34.07	34.23	1848566	63814900.00
2017/09/19	34.32	34.94	34.32	34.81	3187221	111092376.00
2017/09/20	34.78	34.81	34.21	34.45	2159646	74663360.00
2017/09/21	34.49	34.49	33.62	33.64	3014052	102809616.00
2017/09/22	33.63	33.99	33.39	33.77	1554944	52675816.00
2017/09/25	33.80	33.80	32.97	33.11	2470951	82547760.00
2017/09/26	32.97	33.28	32.91	33.22	1416099	47160948.00
2017/09/27	33.13	33.66	32.94	33.52	1582736	52988452.00
2017/09/28	33.52	33.73	33.10	33.26	1780089	59651624.00
2017/09/29	33.26	33.46	32.89	33.22	1530468	51089632.00
2017/10/09	33.37	33.91	33.37	33.79	1145556	38838960.00
2017/10/10	33.61	34.68	33.61	34.61	1712972	59019612.00
2017/10/11	34.51	34.82	34.33	34.45	1226218	42686524.00
2017/10/12	34.49	35.16	34.33	34.68	2255353	78925440.00
2017/10/13	34.81	35.25	34.61	35.19	1848287	65096340.00
2017/10/16	35.20	35.20	34.21	34.37	1373043	47824412.00
2017/10/17	34.29	34.63	34.21	34.41	1300105	44941632.00
2017/10/18	34.38	34.57	33.91	34.07	1374405	47081652.00
2017/10/19	34.23	34.31	33.92	34.09	1132918	38846700.00
2017/10/20	34.09	34.19	33.89	33.97	1253638	42828424.00
2017/10/23	33.97	34.39	33.90	34.37	1643911	56491404.00
2017/10/24	34.25	34.66	34.03	34.36	1567334	54126060.00
2017/10/25	34.19	34.41	33.91	34.08	1465261	50126584.00
2017/10/26	34.01	34.12	33.66	33.71	1944653	66140296.00
2017/10/27	33.68	33.92	33.51	33.65	1015182	34461980.00
2017/10/30	33.77	33.77	33.22	33.54	1167745	39231096.00
2017/10/31	34.18	36.44	33.93	36.26	6724511	238423232.00
2017/11/01	36.02	37.56	35.68	36.98	7930595	292179200.00
2017/11/02	36.71	37.55	36.22	36.46	4874906	179704336.00
2017/11/03	36.81	37.10	36.02	36.54	3931277	144600624.00
2017/11/06	36.26	36.50	35.40	35.88	4564877	164607248.00
2017/11/07	35.79	36.15	35.33	36.06	4563604	163759056.00
2017/11/08	35.88	36.54	35.69	35.89	3930892	142588240.00
2017/11/09	36.36	36.36	35.13	35.61	3347469	119466072.00
2017/11/10	35.80	38.31	35.66	38.30	9427087	353291136.00
2017/11/13	38.36	39.95	37.84	39.09	11999653	473146048.00
2017/11/14	39.69	40.11	38.98	39.47	8305241	330502592.00
2017/11/15	39.61	40.40	38.74	39.43	4539387	180823904.00
2017/11/16	39.71	39.80	38.30	39.28	3434481	134871232.00
2017/11/17	39.36	41.25	38.35	39.41	6363762	254913072.00
2017/11/20	39.14	40.11	38.04	39.54	3520286	138906352.00
2017/11/21	39.96	40.81	39.62	40.71	4793560	193702224.00
2017/11/22	40.36	41.60	40.22	40.49	5100645	210656144.00
2017/11/23	40.46	40.81	37.51	37.85	6438171	250349552.00
2017/11/24	37.82	41.65	37.56	41.52	8123062	325150880.00
2017/11/27	41.34	41.41	37.46	37.59	7723214	301964352.00
2017/11/28	36.92	38.08	36.39	37.80	3014977	113530240.00
2017/11/29	37.58	38.79	37.38	38.30	3476593	133399400.00
2017/11/30	38.06	38.96	37.41	38.23	3314871	128137368.00
2017/12/01	37.89	38.19	37.11	37.74	2263982	85447400.00
2017/12/04	37.62	38.36	37.23	37.55	2711139	102906488.00
2017/12/05	37.74	37.74	36.17	36.34	3622796	133643872.00
2017/12/06	36.56	36.73	35.61	36.51	3106692	113221496.00
2017/12/07	36.31	37.38	36.31	36.69	2299987	85429352.00
2017/12/08	36.81	37.60	36.51	37.47	1996530	74726136.00
2017/12/11	37.61	38.00	37.11	37.30	2242387	84203008.00
2017/12/12	37.36	37.56	36.18	36.34	2320355	85470504.00
2017/12/13	36.47	37.81	36.11	37.73	3872882	143772784.00
2017/12/14	37.80	37.80	37.03	37.13	3458112	129350840.00
2017/12/15	36.93	37.12	36.50	36.64	2199131	81361632.00
2017/12/18	36.23	36.71	36.13	36.35	1633568	59705104.00
2017/12/19	36.31	36.68	36.17	36.54	3228668	118152448.00
2017/12/20	36.40	37.81	35.82	36.90	4701515	175003152.00
2017/12/21	36.74	37.25	36.20	36.81	3382378	125438672.00
2017/12/22	36.90	37.77	36.90	37.54	2467708	93029160.00
2017/12/25	37.81	38.40	37.16	37.76	2979376	113242296.00
2017/12/26	37.81	38.75	37.38	38.41	3851052	147810768.00
2017/12/27	38.28	38.41	36.84	36.99	2974637	112433792.00
2017/12/28	36.97	37.36	36.41	36.66	4274288	157892256.00
2017/12/29	36.80	37.44	36.67	37.08	2573712	95950488.00
2018/01/02	37.06	38.03	36.91	38.00	3282504	124153096.00
2018/01/03	38.00	39.60	37.97	39.04	4897649	191209072.00
2018/01/04	39.00	39.38	38.41	38.91	3057862	119537776.00
2018/01/05	38.90	39.79	38.29	38.60	2388336	93197760.00
2018/01/08	39.53	39.81	38.43	38.88	4812076	188811488.00
2018/01/09	38.41	38.70	36.77	37.49	8671168	325897664.00
2018/01/10	37.31	37.31	35.96	36.20	7590532	278907904.00
2018/01/11	36.21	36.21	35.31	35.83	4814990	172975744.00
2018/01/12	35.81	36.44	35.75	36.13	2691612	97979048.00
2018/01/15	36.43	36.43	34.96	35.55	2890882	103263720.00
2018/01/16	35.55	35.65	33.24	33.74	7341794	250445072.00
2018/01/17	33.73	34.16	33.36	33.92	4267103	145131184.00
2018/01/18	34.13	34.69	33.86	34.42	3193295	110239312.00
2018/01/19	34.43	34.55	33.97	34.30	1774601	61046260.00
2018/01/22	34.32	35.21	33.95	35.03	2699258	94274112.00
2018/01/23	35.09	35.77	34.96	35.12	1985720	70395400.00
2018/01/24	35.61	35.61	34.71	35.09	1619680	56904364.00
2018/01/25	35.49	36.26	35.18	36.12	4118503	148435792.00
2018/01/26	36.09	36.99	35.81	35.87	4267238	156408656.00
2018/01/29	35.81	35.81	35.02	35.24	1876302	66660632.00
2018/01/30	35.26	35.91	35.21	35.29	1480624	52773496.00
2018/01/31	35.07	35.48	34.34	34.75	1970208	68984984.00
2018/02/01	34.80	35.77	34.49	35.03	3236387	114933768.00
2018/02/02	34.76	35.73	33.91	35.44	2969151	105202408.00
2018/02/05	35.42	36.31	35.02	36.19	3790458	136817904.00
2018/02/06	35.51	35.81	34.42	34.50	2810878	99074232.00
2018/02/07	34.91	35.19	33.28	34.11	3010803	104326480.00
2018/02/08	34.01	34.80	33.01	33.30	2005480	68015824.00
2018/02/09	31.80	32.81	31.21	31.50	3296642	105557024.00
2018/02/12	31.77	32.47	31.52	32.32	2199480	70767304.00
2018/02/13	32.61	33.51	32.43	33.07	2284774	75852272.00
2018/02/14	33.07	34.54	32.51	34.13	2368165	80623064.00
2018/02/22	34.57	36.29	34.24	35.01	2815381	99024416.00
2018/02/23	34.82	35.21	34.21	34.24	1545150	53809008.00
2018/02/26	33.81	34.24	33.26	34.11	2781566	94138952.00
2018/02/27	34.10	34.10	32.82	33.28	2896245	96824184.00
2018/02/28	33.08	33.30	32.76	33.12	1455785	48384432.00
2018/03/01	32.88	33.51	32.83	33.39	1268332	42390740.00
2018/03/02	33.36	34.30	33.03	33.82	1550266	52899660.00
2018/03/05	33.63	34.30	33.37	33.57	1146429	38800548.00
2018/03/06	33.70	34.14	33.41	33.91	1283046	43693448.00
2018/03/07	33.81	34.11	33.38	33.51	1673752	56827260.00
2018/03/08	33.51	33.87	33.30	33.71	964934	32560448.00
2018/03/09	33.69	33.95	33.46	33.78	1136390	38506912.00
2018/03/12	33.81	34.19	33.70	34.07	1610708	55079904.00
2018/03/13	34.11	34.25	33.54	33.67	1374640	46862884.00
2018/03/14	33.61	34.07	33.22	33.85	1201749	40749360.00
2018/03/15	33.85	33.97	33.45	33.59	1335628	45226324.00
2018/03/16	33.33	33.70	33.32	33.37	1484623	50050312.00
2018/03/19	33.31	33.37	32.44	32.59	1993344	65551360.00
2018/03/20	32.46	32.46	31.84	32.32	2054377	66376472.00
2018/03/21	32.44	32.44	31.71	31.80	2614054	84193176.00
2018/03/22	31.84	32.08	31.67	32.01	2930126	93726936.00
2018/03/23	31.43	31.43	29.64	30.12	3113129	95834992.00
2018/03/26	30.13	30.46	29.69	30.44	2942030	89097816.00
2018/03/27	30.67	30.67	29.82	30.41	6138564	186669328.00
2018/03/28	30.02	30.06	29.70	29.78	3675039	110545248.00
2018/03/29	29.91	30.50	29.84	30.17	2850294	86702232.00
2018/03/30	30.22	30.53	30.13	30.32	2802157	85544896.00
2018/04/02	30.32	30.37	29.91	29.99	2301578	69791856.00
2018/04/03	29.81	29.96	29.43	29.60	2439275	72848384.00
2018/04/04	29.60	30.78	29.58	30.56	3799958	116314888.00
2018/04/09	30.61	31.08	30.17	30.73	3128673	96647608.00
2018/04/10	30.81	31.49	30.81	31.29	3192241	100380096.00
2018/04/11	31.02	32.03	31.02	31.84	2884730	92059752.00
2018/04/12	31.88	32.16	31.54	31.68	1800597	57530060.00
2018/04/13	31.75	32.66	31.69	32.51	2853372	92810384.00
2018/04/16	32.51	33.10	32.22	32.65	2809232	92725816.00
2018/04/17	32.68	33.21	32.36	32.67	3244721	107434848.00
2018/04/18	32.67	33.26	31.37	31.98	2497804	80461936.00
2018/04/19	32.04	32.58	32.04	32.56	1431563	46565772.00
2018/04/20	32.77	32.77	31.84	32.14	1744894	56458532.00
2018/04/23	32.41	32.58	31.96	32.39	1528544	49679100.00
2018/04/24	32.09	33.19	32.07	33.12	1637948	54092000.00
2018/04/25	33.11	33.11	32.46	32.77	1508924	49702828.00
2018/04/26	32.71	33.11	32.17	32.24	1476050	48235660.00
2018/04/27	32.34	33.01	32.34	33.00	2431138	80012384.00
2018/05/02	32.96	32.98	32.43	32.69	2934381	96671544.00
2018/05/03	32.42	35.29	32.42	35.24	5370284	184326384.00
2018/05/04	35.61	35.61	34.32	34.42	2915028	101819120.00
2018/05/07	34.51	35.59	34.25	35.11	2836571	99798616.00
2018/05/08	35.11	35.31	34.71	35.29	1855573	65576088.00
2018/05/09	34.91	36.29	34.91	35.70	2293382	82670648.00
2018/05/10	35.56	35.69	34.48	34.74	2569806	89903592.00
2018/05/11	34.69	35.66	34.69	35.48	2170314	76836136.00
2018/05/14	35.32	36.01	35.11	35.74	1980875	70919960.00
2018/05/15	35.76	35.91	35.11	35.78	1241286	44339560.00
2018/05/16	36.11	36.11	35.16	35.61	1298374	46698364.00
2018/05/17	35.52	35.78	34.74	34.81	1282730	45196632.00
2018/05/18	34.71	35.47	34.38	35.30	2455052	86686408.00
2018/05/21	35.49	35.85	35.14	35.35	1833677	65256692.00
2018/05/22	35.33	36.97	35.16	36.52	3641577	133098872.00
2018/05/23	36.61	36.80	35.70	35.98	1979586	72168064.00
2018/05/24	35.71	36.91	35.71	36.58	2073687	76119312.00
2018/05/25	36.37	37.36	36.12	36.91	2498249	92385120.00
2018/05/28	36.86	38.03	36.17	36.69	2754211	102982568.00
2018/05/29	37.11	37.58	36.42	37.31	2397874	89565008.00
2018/05/30	36.79	37.00	35.80	36.85	2478738	91051880.00
2018/05/31	36.91	37.95	36.71	37.80	2463512	92832896.00
2018/06/01	37.71	38.19	37.11	37.48	1805547	67974704.00
2018/06/04	37.55	38.49	36.92	37.54	3028482	114394016.00
2018/06/05	38.01	38.39	37.07	37.27	3597413	135488640.00
2018/06/06	37.05	39.47	37.00	38.95	4140631	158858960.00
2018/06/07	38.95	38.95	37.58	37.98	2949132	112194080.00
2018/06/08	37.88	38.80	37.51	38.48	3170600	121787008.00
2018/06/11	38.50	38.89	37.82	38.69	1457153	55872424.00
2018/06/12	38.72	39.72	38.63	39.70	3001485	117966512.00
2018/06/13	39.65	39.65	39.01	39.30	2044663	80158496.00
2018/06/14	39.00	40.38	39.00	40.22	3377384	135176688.00
2018/06/15	39.99	40.74	38.95	39.72	2963633	117499400.00
2018/06/19	39.01	39.49	36.92	38.02	4786601	184069808.00
2018/06/20	38.02	38.45	36.16	37.40	2706501	100748672.00
2018/06/21	37.00	38.30	36.77	36.83	1651231	61996236.00
2018/06/22	37.03	38.47	36.30	38.40	2333925	87850792.00
2018/06/25	38.50	38.57	35.82	36.30	3379537	124868952.00
2018/06/26	36.00	36.60	34.81	36.53	2714324	96711760.00
2018/06/27	36.00	36.19	34.50	34.55	2953404	103675752.00
2018/06/28	34.26	35.16	33.71	34.33	2416426	83137808.00
2018/06/29	34.10	35.24	34.10	35.03	1972676	68615616.00
2018/07/02	34.90	35.49	34.58	34.99	1645278	57751060.00
2018/07/03	34.41	34.99	32.70	33.59	2399113	80394992.00
2018/07/04	34.20	34.97	32.80	33.45	3393656	114593128.00
2018/07/05	33.38	33.68	32.06	32.81	2362144	77181560.00
2018/07/06	32.80	33.50	32.00	32.87	2936116	96029256.00
2018/07/09	33.28	34.10	32.60	33.81	2350015	78932744.00
2018/07/10	34.00	35.00	33.89	34.96	2674667	92841376.00
2018/07/11	34.32	34.32	33.07	33.66	1396577	46870036.00
2018/07/12	33.39	35.19	33.39	34.79	1863879	64259976.00
2018/07/13	34.45	35.01	34.06	34.86	2040896	70228152.00
2018/07/16	34.86	35.42	34.13	34.66	2238723	77887128.00
2018/07/17	34.80	35.14	34.53	34.88	696530	24245412.00
2018/07/18	35.16	35.16	34.25	34.48	1066929	36855504.00
2018/07/19	34.47	34.60	32.30	32.81	2084700	69148368.00
2018/07/20	32.97	35.66	32.51	35.50	3853139	131443088.00
2018/07/23	35.03	36.30	34.04	35.60	4080328	142365376.00
2018/07/24	35.45	35.78	34.80	35.23	1909224	67478432.00
2018/07/25	34.95	35.25	34.45	34.73	1390858	48330628.00
2018/07/26	34.99	35.65	34.00	34.27	1297502	45059432.00
2018/07/27	33.90	34.26	33.07	33.57	1922723	64280852.00
2018/07/30	33.52	33.60	32.32	32.88	2218148	72804376.00
2018/07/31	32.57	33.87	32.57	33.81	1656272	55404816.00
2018/08/01	33.80	33.90	33.00	33.08	2294479	76713848.00
2018/08/02	33.43	33.43	31.51	32.54	1851934	59695496.00
2018/08/03	32.54	32.90	32.20	32.60	1196919	38940044.00
2018/08/06	32.89	32.89	30.37	30.64	2202591	69028992.00
2018/08/07	30.68	31.76	30.68	31.68	1459467	45761440.00
2018/08/08	31.70	32.18	30.75	30.91	1568100	49131240.00
2018/08/09	31.19	32.07	30.50	31.80	2306300	72764840.00
2018/08/10	31.77	31.97	31.11	31.41	2456047	77330912.00
2018/08/13	31.10	31.49	30.21	30.81	2787000	85560720.00
2018/08/14	30.86	31.38	30.63	30.97	2595259	80762120.00
2018/08/15	31.10	31.82	30.51	30.64	2021080	62745068.00
2018/08/16	30.79	31.70	30.10	30.86	1996750	61469816.00
2018/08/17	31.14	31.34	30.21	30.38	1771211	53987480.00
2018/08/20	30.38	30.52	29.51	30.00	1622249	48470456.00
2018/08/21	30.07	32.61	29.88	32.25	3819054	120322776.00
2018/08/22	31.99	32.19	31.45	31.99	1863280	59445000.00
2018/08/23	32.00	32.00	31.13	31.50	1745236	55097544.00
2018/08/24	31.31	32.38	31.31	32.30	1793451	57510824.00
2018/08/27	33.13	33.78	32.46	32.99	1991199	65634392.00
2018/08/28	33.47	33.49	32.50	32.78	1957905	64390816.00
2018/08/29	32.61	32.85	32.41	32.68	941215	30707314.00
2018/08/30	32.50	32.94	32.30	32.53	809925	26351588.00
2018/08/31	32.90	33.32	32.45	33.31	2020687	66649552.00
2018/09/03	33.17	33.65	32.73	33.39	1571370	52172352.00
2018/09/04	33.11	33.45	32.49	33.07	1367509	45054540.00
2018/09/05	32.91	33.08	32.05	32.08	1160408	37752936.00
2018/09/06	32.13	32.65	31.15	31.49	1862496	59356160.00
2018/09/07	31.78	32.78	31.51	32.18	1780138	57495448.00
2018/09/10	32.24	32.77	31.56	31.75	1362174	43881648.00
2018/09/11	31.70	32.30	31.27	32.20	1111691	35369736.00
2018/09/12	32.03	32.13	31.26	31.49	1615059	50918968.00
2018/09/13	31.75	32.01	31.45	32.00	1156198	36710000.00
2018/09/14	31.95	33.02	31.88	32.57	1567993	51198624.00
2018/09/17	32.25	32.94	31.93	32.50	788714	25494886.00
2018/09/18	32.22	33.19	32.22	33.16	1481360	48518840.00
2018/09/19	32.99	34.15	32.84	33.95	1782186	60009256.00
2018/09/20	33.99	34.00	33.46	33.82	697999	23544204.00
2018/09/21	33.99	34.95	33.90	34.80	2084265	72205584.00
2018/09/25	34.00	34.58	33.92	34.17	779390	26636736.00
2018/09/26	34.25	34.90	33.80	34.81	1669564	57591740.00
2018/09/27	34.80	34.80	34.28	34.64	1085356	37382608.00
2018/09/28	34.53	36.19	34.39	35.92	2433508	86591880.00
2018/10/08	34.77	35.40	34.11	34.60	1447886	50333616.00
2018/10/09	34.81	35.38	33.65	33.85	1530347	52388472.00
2018/10/10	34.38	34.50	33.91	34.30	1151538	39399288.00
2018/10/11	33.50	33.84	32.82	33.30	2242997	74864096.00
2018/10/12	33.60	34.30	32.63	33.50	1302960	43504696.00
2018/10/15	33.28	34.06	33.18	33.30	1201139	40246976.00
2018/10/16	33.55	33.79	29.98	30.99	3577700	112238176.00
2018/10/17	31.00	32.50	31.00	31.85	2121374	67160016.00
2018/10/18	31.77	32.30	31.27	31.50	1656408	52595476.00
2018/10/19	31.48	32.80	31.13	32.34	1464830	47116780.00
2018/10/22	32.53	34.32	32.53	33.85	1977710	66652696.00
2018/10/23	34.49	34.49	33.05	33.45	1238086	41510908.00
2018/10/24	33.64	34.36	32.85	33.28	1872564	62525052.00
2018/10/25	32.49	32.70	31.88	32.61	1710481	55211708.00
2018/10/26	32.62	32.94	31.70	32.09	1651542	53202348.00
2018/10/29	32.10	32.50	31.31	31.77	1142189	36255160.00
2018/10/30	31.46	32.17	30.61	31.83	1608207	50643132.00
2018/10/31	31.89	34.00	31.89	34.00	3283530	108308584.00
2018/11/01	33.49	34.12	33.14	33.65	2516876	84486112.00
2018/11/02	36.00	36.00	34.54	35.70	5049067	178592000.00
2018/11/05	35.50	35.50	34.68	34.91	1838315	64334708.00
2018/11/06	34.88	35.27	34.50	35.15	2216438	77175640.00
2018/11/07	35.15	35.79	34.49	34.50	2782102	97865872.00
2018/11/08	35.03	35.08	34.43	34.75	1586617	55114008.00
2018/11/09	34.54	34.90	34.32	34.40	1391105	48045408.00
2018/11/12	34.40	35.36	34.40	35.17	1352000	47365076.00
2018/11/13	34.89	36.15	34.60	35.84	2589723	92663824.00
2018/11/14	37.52	37.80	35.85	36.15	3933696	144617552.00
2018/11/15	35.79	36.15	35.58	36.07	2324853	83257600.00
2018/11/16	35.87	36.10	35.24	35.38	2860548	101636888.00
2018/11/19	35.40	35.59	34.85	35.26	1713872	60125708.00
2018/11/20	35.26	35.29	34.34	34.64	2633279	91750952.00
2018/11/21	35.00	35.45	34.57	34.83	2613453	91258832.00
2018/11/22	34.77	35.60	34.24	35.38	2460736	86182176.00
2018/11/23	35.37	35.38	34.10	34.22	2374056	82018592.00
2018/11/26	34.70	34.98	34.04	34.12	2153742	74358488.00
2018/11/27	34.05	34.57	33.71	34.32	1536302	52454364.00
2018/11/28	34.00	34.60	33.90	34.38	1366673	46872684.00
2018/11/29	34.82	35.19	33.72	33.93	1890602	65044832.00
2018/11/30	33.25	34.55	33.25	34.54	2003849	68408816.00
2018/12/03	35.27	35.92	34.89	35.62	4192721	148125776.00
2018/12/04	35.41	36.19	35.12	36.07	3272437	116632968.00
2018/12/05	35.70	35.87	35.25	35.25	2184905	77875264.00
2018/12/06	34.94	35.00	34.19	34.20	2122357	73270144.00
2018/12/07	34.27	34.50	33.93	34.19	1349692	46098572.00
2018/12/10	33.81	34.29	33.50	33.88	2140095	72552920.00
2018/12/11	33.89	34.22	33.81	34.08	776669	26390016.00
2018/12/12	33.97	34.10	33.13	33.32	2842853	95075240.00
2018/12/13	33.43	33.97	33.36	33.91	2787075	93887600.00
2018/12/14	33.72	33.72	32.32	32.46	3440926	113165544.00
2018/12/17	32.50	32.68	32.05	32.28	1793711	57882376.00
2018/12/18	32.30	32.50	31.20	31.59	3065474	97053784.00
2018/12/19	32.00	32.35	31.48	31.73	2518282	80302552.00
2018/12/20	31.30	31.64	30.89	31.10	2532942	79113440.00
2018/12/21	31.30	31.55	30.63	31.24	2357845	73247904.00
2018/12/24	31.19	31.89	30.91	31.89	2408300	76077232.00
2018/12/25	32.08	32.35	31.63	32.26	2964302	95050192.00
2018/12/26	32.10	32.36	31.88	32.03	1904392	61223760.00
2018/12/27	32.30	32.34	31.18	31.23	2583460	81313600.00
2018/12/28	31.31	32.02	31.24	31.81	2570730	81636160.00
2019/01/02	32.05	32.10	31.22	31.80	2298370	72823544.00
2019/01/03	31.59	32.14	31.22	31.33	1993579	62954252.00
数据来源:通达信
