601997 贵阳银行 日线 前复权
      日期	    开盘	    最高	    最低	    收盘	    成交量	    成交额
2016/08/16	9.60	11.64	9.60	11.64	286995	3498524.75
2016/08/17	12.86	12.86	12.86	12.86	162858	2190440.00
2016/08/18	14.21	14.21	14.21	14.21	291602	4315709.50
2016/08/19	15.69	15.69	15.69	15.69	1376923	22416306.00
2016/08/22	17.32	17.32	17.32	17.32	4954477	88734680.00
2016/08/23	18.91	19.11	18.50	19.11	116978204	2288453888.00
2016/08/24	19.96	20.61	19.79	19.97	259073828	5363313664.00
2016/08/25	19.61	20.21	19.15	20.18	172531082	3504082688.00
2016/08/26	20.06	20.07	18.96	18.99	142817653	2863292672.00
2016/08/29	18.61	18.72	17.99	18.08	103836558	1969536000.00
2016/08/30	18.22	18.33	17.94	18.03	60252081	1127119872.00
2016/08/31	18.06	19.51	17.95	18.80	124722055	2406548224.00
2016/09/01	18.65	18.73	18.00	18.03	82600466	1560641664.00
2016/09/02	17.82	18.30	17.69	17.97	53172136	989840448.00
2016/09/05	18.09	18.13	17.23	17.31	69588740	1269127552.00
2016/09/06	17.19	17.57	17.06	17.43	47469532	849307136.00
2016/09/07	17.34	17.49	17.09	17.12	44255358	790159936.00
2016/09/08	17.08	17.35	17.01	17.16	32477334	576781312.00
2016/09/09	17.16	17.28	16.93	16.94	26812659	473962016.00
2016/09/12	16.61	16.85	16.34	16.39	41505872	712970240.00
2016/09/13	16.51	16.98	16.45	16.71	40528528	702704000.00
2016/09/14	16.59	16.74	16.43	16.53	21726502	372294816.00
2016/09/19	16.50	16.78	16.49	16.69	21162685	365179200.00
2016/09/20	16.62	16.88	16.38	16.42	31826609	545990080.00
2016/09/21	16.40	16.48	16.25	16.31	23434428	397035264.00
2016/09/22	16.43	16.59	16.29	16.33	20685980	351154912.00
2016/09/23	16.32	16.34	15.77	15.79	31926806	530708960.00
2016/09/26	15.72	15.77	14.98	15.02	34732848	552923456.00
2016/09/27	14.99	15.04	14.64	14.96	29795700	459571584.00
2016/09/28	14.94	14.97	14.68	14.71	18372713	283108640.00
2016/09/29	14.78	14.90	14.69	14.70	16160252	248425696.00
2016/09/30	14.66	14.69	14.43	14.46	20494627	309894272.00
2016/10/10	14.53	14.84	14.43	14.83	25064673	382384736.00
2016/10/11	14.82	14.98	14.75	14.87	20941872	322954848.00
2016/10/12	14.77	14.89	14.67	14.73	17700699	272206208.00
2016/10/13	14.79	14.83	14.64	14.66	15209990	232584848.00
2016/10/14	14.65	14.87	14.59	14.75	20753635	318290688.00
2016/10/17	14.68	14.73	14.26	14.28	27863800	420160736.00
2016/10/18	14.29	14.59	14.16	14.55	26084625	390499552.00
2016/10/19	14.55	14.55	14.33	14.40	17038876	255594160.00
2016/10/20	14.39	14.58	14.31	14.45	17437933	262097680.00
2016/10/21	14.42	14.57	14.27	14.56	21574264	324358880.00
2016/10/24	14.57	15.38	14.50	14.97	71855104	1120663296.00
2016/10/25	14.90	15.08	14.85	14.98	32462912	504947808.00
2016/10/26	14.98	15.00	14.61	14.69	31097474	477331680.00
2016/10/27	14.67	14.75	14.65	14.72	15321261	234234160.00
2016/10/28	14.84	15.74	14.84	15.13	69987678	1113201152.00
2016/10/31	15.16	15.58	15.01	15.48	57707930	921684800.00
2016/11/01	15.32	15.48	15.23	15.38	31196511	497695200.00
2016/11/02	15.34	15.50	15.14	15.20	30392917	482592096.00
2016/11/03	15.14	15.38	14.96	15.31	31592386	498432448.00
2016/11/04	15.28	15.36	15.04	15.09	22581235	356157312.00
2016/11/07	15.08	15.19	15.02	15.08	15429415	242155504.00
2016/11/08	15.16	15.36	15.09	15.28	30268616	479397536.00
2016/11/09	15.23	15.25	14.84	14.93	29416079	459119456.00
2016/11/10	15.09	15.66	15.03	15.45	51303109	821201920.00
2016/11/11	15.46	15.85	15.35	15.75	59022742	956014784.00
2016/11/14	15.62	16.39	15.56	16.00	55923694	927970944.00
2016/11/15	15.92	15.95	15.64	15.75	26381414	431906656.00
2016/11/16	15.81	15.88	15.62	15.67	18095344	294732224.00
2016/11/17	15.62	15.93	15.52	15.80	23064853	375562464.00
2016/11/18	15.81	15.81	15.57	15.59	17724878	288169920.00
2016/11/21	15.53	15.89	15.52	15.67	23285019	380032736.00
2016/11/22	15.74	15.82	15.61	15.76	18743372	305914272.00
2016/11/23	15.77	16.19	15.70	15.81	44347169	734189760.00
2016/11/24	15.74	16.16	15.72	16.13	45208626	749871488.00
2016/11/25	16.19	16.35	15.91	16.19	35515947	593527296.00
2016/11/28	16.27	16.94	16.27	16.77	63981213	1101603840.00
2016/11/29	16.61	16.76	16.51	16.55	31086002	534586560.00
2016/11/30	16.57	16.57	15.92	16.00	27942690	468098688.00
2016/12/01	15.96	16.29	15.96	16.28	20303760	340308736.00
2016/12/02	16.25	16.34	15.99	16.05	18527380	310301600.00
2016/12/05	15.73	15.98	15.63	15.76	14914966	244353536.00
2016/12/06	15.75	15.97	15.71	15.73	12028204	197133024.00
2016/12/07	15.71	16.08	15.70	16.07	16056795	264865488.00
2016/12/08	16.08	16.52	15.94	16.30	27843248	469924192.00
2016/12/09	16.26	17.39	16.26	16.83	63203427	1106859136.00
2016/12/12	17.07	17.56	16.59	16.76	55614135	984953984.00
2016/12/13	16.66	16.85	16.17	16.66	37343939	637223872.00
2016/12/14	16.56	17.38	16.40	17.32	40538943	716241152.00
2016/12/15	17.16	17.51	16.51	16.66	37246754	650033472.00
2016/12/16	16.56	17.18	16.56	16.63	25774059	448684896.00
2016/12/19	16.45	16.50	16.09	16.19	21874315	369026784.00
2016/12/20	16.19	16.19	15.35	15.48	42336202	686083584.00
2016/12/21	15.51	15.69	15.45	15.68	17811438	288166208.00
2016/12/22	15.65	15.85	15.49	15.81	12620819	204958448.00
2016/12/23	15.74	15.79	15.19	15.20	19790738	317235648.00
2016/12/26	15.12	15.58	14.97	15.54	18958869	300832736.00
2016/12/27	15.46	15.63	15.36	15.44	10566381	170097008.00
2016/12/28	15.44	15.50	15.03	15.17	13833295	218962848.00
2016/12/29	15.08	15.31	14.99	15.14	9420141	148353888.00
2016/12/30	15.14	15.29	15.06	15.19	11520538	181262032.00
2017/01/03	15.28	15.78	15.27	15.68	22003720	355416992.00
2017/01/04	15.65	15.78	15.59	15.73	15437840	251513168.00
2017/01/05	15.70	15.79	15.65	15.71	8222387	134089496.00
2017/01/06	15.68	15.68	15.24	15.29	17127196	274066912.00
2017/01/09	15.25	15.47	15.25	15.38	9359181	149237760.00
2017/01/10	15.33	15.33	15.11	15.25	13781126	217462224.00
2017/01/11	15.19	15.25	15.08	15.09	6252291	98501328.00
2017/01/12	15.09	15.14	14.49	14.59	19609128	301264992.00
2017/01/13	14.57	14.68	14.29	14.61	17233279	259489920.00
2017/01/16	14.45	14.83	14.11	14.68	36142853	544867776.00
2017/01/17	14.48	14.76	14.44	14.67	9622600	146097984.00
2017/01/18	14.60	14.84	14.55	14.73	11167253	171340208.00
2017/01/19	14.71	14.95	14.56	14.71	10815731	166508720.00
2017/01/20	14.69	14.99	14.65	14.94	10132092	156959536.00
2017/01/23	14.90	15.10	14.83	14.89	8919613	138649296.00
2017/01/24	14.87	14.97	14.78	14.91	6415837	99175984.00
2017/01/25	14.87	14.97	14.80	14.92	5041513	78113800.00
2017/01/26	15.05	15.53	15.01	15.40	19421994	309218368.00
2017/02/03	15.37	15.39	15.17	15.17	6613845	104826496.00
2017/02/06	15.19	15.41	15.16	15.38	9080330	144355760.00
2017/02/07	15.31	15.51	15.23	15.30	6144293	97755064.00
2017/02/08	15.27	15.53	15.21	15.50	12355493	197172576.00
2017/02/09	15.41	15.77	15.38	15.59	18907266	306390816.00
2017/02/10	15.59	15.98	15.54	15.75	24431199	401293952.00
2017/02/13	15.78	17.15	15.78	16.37	47690789	812141568.00
2017/02/14	16.42	16.57	16.09	16.23	29015791	489108384.00
2017/02/15	16.22	16.98	16.12	16.45	41190597	708581888.00
2017/02/16	16.41	16.91	16.29	16.80	36636307	631818880.00
2017/02/17	16.79	16.96	16.11	16.15	30979386	529328832.00
2017/02/20	16.17	17.50	16.11	17.29	61563862	1081634048.00
2017/02/21	17.26	17.55	16.91	17.05	44375837	783770880.00
2017/02/22	17.01	17.09	16.71	16.96	30588587	534574080.00
2017/02/23	17.03	17.56	16.97	17.21	46613197	834011584.00
2017/02/24	17.29	17.31	16.84	17.10	32878396	578494464.00
2017/02/27	17.00	17.00	16.64	16.79	23777705	414063456.00
2017/02/28	16.71	17.68	16.70	17.47	46661421	838057472.00
2017/03/01	17.32	17.77	17.07	17.09	34280291	616830080.00
2017/03/02	17.14	17.49	17.11	17.27	31722806	567915328.00
2017/03/03	17.10	17.21	16.76	16.78	24581272	431258752.00
2017/03/06	16.78	17.09	16.72	16.98	15896394	278546464.00
2017/03/07	16.92	17.47	16.91	17.41	26518511	472080256.00
2017/03/08	17.39	17.75	17.13	17.35	32978388	595365312.00
2017/03/09	17.17	17.44	17.03	17.19	17798688	316284608.00
2017/03/10	17.17	17.28	16.80	16.82	17529009	307121888.00
2017/03/13	16.76	16.94	16.53	16.87	12322278	213488656.00
2017/03/14	16.84	16.98	16.66	16.74	12130939	211017040.00
2017/03/15	16.69	16.86	16.68	16.75	7446778	129179792.00
2017/03/16	16.81	17.51	16.79	17.31	33212014	593049728.00
2017/03/17	17.22	17.25	16.81	16.83	20446591	361241440.00
2017/03/20	16.76	17.06	16.67	16.97	15667987	272763712.00
2017/03/21	16.94	17.13	16.80	16.92	10374856	182052384.00
2017/03/22	16.82	16.83	16.48	16.52	17904656	308578432.00
2017/03/23	16.54	16.77	16.31	16.58	15376976	263753744.00
2017/03/24	16.59	16.62	16.22	16.44	12823065	217953056.00
2017/03/27	16.44	16.71	16.40	16.56	14597043	251061888.00
2017/03/28	16.55	16.70	16.52	16.67	7603003	130937344.00
2017/03/29	16.68	16.73	16.31	16.37	9456917	161386816.00
2017/03/30	16.33	16.40	15.97	16.06	11165429	187046128.00
2017/03/31	16.14	17.11	16.11	16.90	37750105	656873984.00
2017/04/05	16.53	16.57	16.09	16.52	28581054	486126688.00
2017/04/06	16.42	16.51	16.34	16.48	11559732	196734800.00
2017/04/07	16.45	16.66	16.40	16.41	11835731	202344608.00
2017/04/10	16.32	16.41	16.19	16.24	13033636	219847904.00
2017/04/11	16.24	16.57	16.14	16.53	15493509	263009680.00
2017/04/12	16.45	16.46	16.16	16.31	12066971	204268224.00
2017/04/13	16.23	16.38	16.19	16.25	8782090	147947008.00
2017/04/14	16.20	16.20	15.69	15.75	18022151	297072032.00
2017/04/17	15.68	15.68	15.11	15.31	15738978	250618864.00
2017/04/18	15.31	15.35	15.05	15.08	8957056	141600528.00
2017/04/19	15.05	15.45	15.04	15.28	11912735	188401824.00
2017/04/20	15.21	15.26	14.83	14.94	15093901	234938640.00
2017/04/21	14.94	15.20	14.89	15.10	10633536	166857904.00
2017/04/24	15.05	15.25	14.76	15.09	8861021	138229072.00
2017/04/25	15.14	15.64	15.14	15.38	13933388	222826144.00
2017/04/26	15.39	15.56	15.26	15.32	9537562	152509952.00
2017/04/27	15.32	15.40	14.91	15.39	8847630	139186160.00
2017/04/28	15.31	15.33	14.98	15.12	13602730	213519568.00
2017/05/02	15.11	15.20	14.94	15.08	10925965	170962608.00
2017/05/03	15.08	15.21	14.99	15.12	11688295	183434560.00
2017/05/04	15.09	15.17	14.83	15.02	15697719	245218912.00
2017/05/05	14.97	15.08	14.59	14.61	15302449	236507712.00
2017/05/08	14.46	14.61	14.21	14.24	14624454	219612048.00
2017/05/09	14.25	14.89	14.25	14.78	24439160	371603872.00
2017/05/10	14.67	15.79	14.67	15.19	42728321	677628928.00
2017/05/11	15.02	15.50	14.90	15.27	23735460	374570176.00
2017/05/12	15.21	15.73	15.16	15.58	26595018	428858784.00
2017/05/15	15.55	15.64	15.35	15.40	16862708	270808096.00
2017/05/16	15.29	15.35	15.02	15.34	15550061	245534672.00
2017/05/17	15.24	15.47	15.13	15.33	14234266	226116688.00
2017/05/18	15.17	15.28	14.73	14.79	18558121	288985600.00
2017/05/19	14.81	14.88	14.58	14.73	9710667	148783616.00
2017/05/22	14.67	14.80	14.41	14.46	13892237	210634800.00
2017/05/23	14.46	14.97	14.34	14.82	23868721	367133952.00
2017/05/24	14.71	14.76	14.32	14.56	15083365	227364288.00
2017/05/25	14.54	15.18	14.45	15.06	29138065	451755168.00
2017/05/26	15.07	15.10	14.82	14.89	15284807	237252672.00
2017/05/31	15.13	15.28	14.59	14.76	19138495	299070784.00
2017/06/01	14.62	15.19	14.59	14.98	21655677	336991008.00
2017/06/02	14.91	15.30	14.87	15.29	26480360	416787104.00
2017/06/05	15.30	15.30	15.01	15.14	14771129	231917936.00
2017/06/06	15.09	15.26	14.95	15.20	10585180	166052240.00
2017/06/07	15.20	15.49	15.13	15.42	19922202	318129024.00
2017/06/08	15.39	15.39	15.14	15.25	21839044	345653056.00
2017/06/09	15.25	15.38	15.15	15.19	18008787	285021184.00
2017/06/12	15.12	15.34	15.08	15.16	12391628	196042144.00
2017/06/13	15.13	15.26	15.09	15.24	10249759	161692032.00
2017/06/14	15.27	15.27	14.89	14.93	12767985	195996992.00
2017/06/15	14.93	15.10	14.90	15.01	8158606	125116224.00
2017/06/16	14.97	15.03	14.80	14.82	10735317	163348880.00
2017/06/19	14.87	14.98	14.82	14.95	6935633	105688664.00
2017/06/20	14.99	15.00	14.89	14.92	6120211	93447008.00
2017/06/21	14.99	15.04	14.87	15.03	8232858	125834376.00
2017/06/22	15.00	16.11	15.00	15.59	46683951	743101056.00
2017/06/23	15.40	15.59	15.28	15.56	20410579	322076000.00
2017/06/26	15.48	15.73	15.48	15.56	18071397	288047904.00
2017/06/27	15.57	15.73	15.49	15.72	16749553	267443776.00
2017/06/28	15.70	15.80	15.47	15.60	23407659	373631232.00
2017/06/29	15.61	15.63	15.46	15.59	13454842	213534256.00
2017/06/30	15.52	15.58	15.45	15.48	9853683	155997920.00
2017/07/03	15.49	15.54	15.37	15.53	10384393	163956368.00
2017/07/04	15.53	15.53	15.24	15.27	13794952	216336944.00
2017/07/05	15.27	15.42	15.22	15.42	10446554	163720192.00
2017/07/06	15.39	15.40	15.16	15.26	13665720	213129808.00
2017/07/07	15.26	15.41	15.21	15.31	10070181	157316064.00
2017/07/10	15.28	15.33	15.16	15.24	9102223	141678592.00
2017/07/11	15.19	15.61	15.19	15.48	23246147	367431168.00
2017/07/12	15.48	15.74	15.22	15.34	29296331	463433568.00
2017/07/13	15.32	15.67	15.29	15.65	22786556	359958624.00
2017/07/14	15.71	15.85	15.50	15.69	23165193	370181696.00
2017/07/17	15.66	16.40	15.46	15.92	61697569	1004231104.00
2017/07/18	15.68	15.85	15.53	15.83	26913037	431444064.00
2017/07/19	15.81	16.25	15.76	16.09	39476871	647319552.00
2017/07/20	16.02	16.19	15.87	15.99	20902889	340906816.00
2017/07/21	15.95	15.95	15.70	15.74	18922648	305090272.00
2017/07/24	15.67	15.87	15.63	15.84	17052310	274477504.00
2017/07/25	15.81	15.86	15.48	15.55	23116512	369651904.00
2017/07/26	15.49	15.73	15.23	15.38	24390121	383873504.00
2017/07/27	15.37	15.43	15.22	15.43	15446484	242015952.00
2017/07/28	15.39	15.50	15.32	15.38	12252314	192797552.00
2017/07/31	15.36	15.36	15.04	15.11	27657270	427685536.00
2017/08/01	15.07	15.52	15.03	15.31	26001173	407457440.00
2017/08/02	15.20	15.40	15.17	15.29	15820474	247024704.00
2017/08/03	15.26	15.27	15.03	15.08	17119222	264222624.00
2017/08/04	15.08	15.14	15.00	15.01	9687260	149022304.00
2017/08/07	14.98	15.14	14.96	15.11	7012724	108076976.00
2017/08/08	14.98	15.10	14.98	15.05	7284574	111872904.00
2017/08/09	15.05	15.05	14.85	14.87	12015261	183187888.00
2017/08/10	14.84	15.03	14.82	14.94	9828713	149915024.00
2017/08/11	14.82	14.90	14.57	14.61	16455515	247877472.00
2017/08/14	14.58	14.71	14.53	14.66	6916998	103489336.00
2017/08/15	14.68	14.89	14.62	14.70	12398365	187028576.00
2017/08/16	14.57	14.87	14.44	14.75	18465418	277552800.00
2017/08/17	14.70	14.83	14.64	14.76	15802293	237841568.00
2017/08/18	14.70	14.89	14.66	14.82	15195556	229953648.00
2017/08/21	14.79	14.89	14.70	14.88	13474529	203664864.00
2017/08/22	14.86	14.92	14.77	14.80	14003339	212656080.00
2017/08/23	14.82	15.09	14.79	15.01	19714591	301482816.00
2017/08/24	14.97	15.07	14.89	14.90	10379360	158819232.00
2017/08/25	14.89	15.32	14.88	15.23	24426501	377874560.00
2017/08/28	15.28	15.64	15.22	15.50	26584526	420020320.00
2017/08/29	15.74	15.82	15.50	15.55	34247200	547059392.00
2017/08/30	15.50	15.68	15.36	15.39	24357077	384845952.00
2017/08/31	15.38	15.49	15.30	15.43	12299616	193335040.00
2017/09/01	15.43	15.46	15.22	15.29	18897403	296156480.00
2017/09/04	15.27	15.39	15.24	15.37	12532773	196053744.00
2017/09/05	15.35	15.76	15.34	15.57	24761069	394445792.00
2017/09/06	15.52	15.56	15.31	15.37	16577977	260542128.00
2017/09/07	15.32	15.37	15.14	15.14	17360802	269970304.00
2017/09/08	15.15	15.27	15.12	15.20	8013048	124318088.00
2017/09/11	15.22	15.30	15.13	15.20	11138217	173239968.00
2017/09/12	15.20	15.23	14.93	15.15	22639366	348691712.00
2017/09/13	15.07	15.13	14.93	15.00	11851520	181858768.00
2017/09/14	15.00	15.02	14.93	14.96	11064410	169315520.00
2017/09/15	14.95	15.07	14.93	15.03	11603119	178026464.00
2017/09/18	15.02	15.05	14.96	15.02	7138663	109482944.00
2017/09/19	14.99	15.11	14.99	15.02	7887744	121256176.00
2017/09/20	15.02	15.06	14.94	15.05	7037558	108003496.00
2017/09/21	15.00	15.08	14.99	15.01	7417321	113968224.00
2017/09/22	14.99	15.06	14.78	14.81	10719231	163148176.00
2017/09/25	14.76	14.82	14.55	14.56	17581161	263377776.00
2017/09/26	14.56	14.64	14.46	14.55	15256676	226678720.00
2017/09/27	14.55	14.56	14.40	14.46	16481219	244159376.00
2017/09/28	14.47	14.50	14.35	14.37	11282759	166550032.00
2017/09/29	14.42	14.50	14.32	14.38	12520839	184552608.00
2017/10/09	14.76	14.82	14.54	14.59	16480528	247008304.00
2017/10/10	14.51	14.67	14.51	14.66	9165791	137002640.00
2017/10/11	14.65	14.68	14.59	14.64	7154072	107082720.00
2017/10/12	14.62	14.67	14.55	14.58	6537799	97579888.00
2017/10/13	14.57	14.57	14.48	14.53	6999278	104042128.00
2017/10/16	14.55	14.61	14.49	14.50	8957121	133223376.00
2017/10/17	14.51	14.63	14.48	14.53	8109177	120572688.00
2017/10/18	14.52	14.57	14.38	14.46	8338887	123483760.00
2017/10/19	14.40	14.41	14.20	14.25	10434010	152753472.00
2017/10/20	14.25	14.31	14.19	14.29	7433864	108311952.00
2017/10/23	14.29	14.41	14.22	14.33	6809953	99703000.00
2017/10/24	14.35	14.39	14.25	14.30	5329597	78105336.00
2017/10/25	14.33	14.43	14.29	14.40	6562672	96461136.00
2017/10/26	14.40	14.50	14.34	14.42	10060418	148541264.00
2017/10/27	14.43	14.66	14.41	14.54	14373124	213899248.00
2017/10/30	14.55	14.60	14.33	14.36	13273606	196468144.00
2017/10/31	14.46	14.54	14.35	14.47	11793258	174395920.00
2017/11/01	14.50	14.71	14.43	14.54	17454764	260722000.00
2017/11/02	14.52	14.56	14.38	14.44	11910380	176049440.00
2017/11/03	14.42	14.49	14.14	14.21	14454092	210905856.00
2017/11/06	14.22	14.26	14.07	14.10	12579099	181774096.00
2017/11/07	14.11	14.35	14.11	14.32	13255127	192984864.00
2017/11/08	14.27	14.48	14.27	14.37	13603249	200169568.00
2017/11/09	14.32	14.46	14.32	14.38	7052796	103690168.00
2017/11/10	14.36	14.37	14.20	14.23	12839342	187389168.00
2017/11/13	14.26	14.82	14.24	14.73	37056230	554659904.00
2017/11/14	14.67	14.69	14.52	14.56	19444841	290208832.00
2017/11/15	14.55	14.74	14.52	14.62	16776130	251410864.00
2017/11/16	14.59	14.59	14.26	14.27	20402338	299576000.00
2017/11/17	14.25	14.55	14.25	14.31	19341125	284531520.00
2017/11/20	14.24	14.50	14.12	14.48	19409790	284573152.00
2017/11/21	14.43	14.72	14.43	14.67	26625860	398796736.00
2017/11/22	14.71	14.84	14.59	14.69	30539640	459620224.00
2017/11/23	14.66	14.81	14.29	14.36	24659630	368403072.00
2017/11/24	14.32	14.42	14.20	14.36	13471643	197112416.00
2017/11/27	14.36	14.37	14.15	14.16	12829163	186572768.00
2017/11/28	14.15	14.20	14.07	14.20	11669624	168761248.00
2017/11/29	14.20	14.21	13.69	14.06	23177756	331523552.00
2017/11/30	13.97	14.21	13.93	14.06	13315884	191257504.00
2017/12/01	14.04	14.15	13.96	14.02	11097843	159574016.00
2017/12/04	14.01	14.05	13.84	13.84	11128842	158785872.00
2017/12/05	13.84	13.91	13.79	13.83	11472646	162628048.00
2017/12/06	13.81	13.87	13.68	13.82	10095993	142000624.00
2017/12/07	13.75	13.91	13.75	13.80	7706865	109116408.00
2017/12/08	13.79	13.99	13.75	13.93	10320328	146896112.00
2017/12/11	13.90	14.14	13.89	14.07	12252691	176144576.00
2017/12/12	14.04	14.06	13.76	13.78	7908003	112762920.00
2017/12/13	13.74	13.83	13.73	13.81	5102049	71984016.00
2017/12/14	13.82	13.83	13.69	13.70	7362775	103535880.00
2017/12/15	13.71	13.71	13.33	13.36	17875572	246898560.00
2017/12/18	13.36	13.43	13.22	13.25	10126093	138373280.00
2017/12/19	13.25	13.44	13.25	13.43	9874515	135240784.00
2017/12/20	13.40	13.41	13.20	13.22	9866805	134680240.00
2017/12/21	13.21	13.37	13.14	13.24	12472555	169284672.00
2017/12/22	13.24	13.33	13.18	13.22	8655250	117707056.00
2017/12/25	13.22	13.30	13.13	13.16	6350520	86009336.00
2017/12/26	13.14	13.42	13.07	13.25	12940591	175725616.00
2017/12/27	13.18	13.32	13.03	13.09	14434309	194931680.00
2017/12/28	13.04	13.22	12.94	13.01	13275831	177740240.00
2017/12/29	13.00	13.10	12.97	13.03	9972290	133224832.00
2018/01/02	13.07	13.37	13.03	13.31	17122418	232795152.00
2018/01/03	13.31	13.45	13.25	13.38	14620120	200420096.00
2018/01/04	13.36	13.70	13.32	13.62	22961423	318951456.00
2018/01/05	13.56	13.75	13.51	13.61	13299115	185333184.00
2018/01/08	13.61	13.76	13.58	13.72	14275381	200091152.00
2018/01/09	13.72	13.76	13.62	13.72	11051249	155042096.00
2018/01/10	13.71	13.99	13.65	13.82	14849387	210253104.00
2018/01/11	13.78	13.93	13.70	13.72	9583078	135163744.00
2018/01/12	13.75	13.89	13.69	13.74	9303371	131209544.00
2018/01/15	13.77	14.12	13.70	13.99	20592305	294503008.00
2018/01/16	13.99	14.44	13.95	14.32	23268901	339133088.00
2018/01/17	14.37	14.70	14.35	14.38	33673510	501371136.00
2018/01/18	14.45	14.63	14.43	14.50	18314553	271794048.00
2018/01/19	14.67	15.30	14.61	14.96	53327707	813711616.00
2018/01/22	14.82	15.02	14.52	14.66	33692868	507094592.00
2018/01/23	14.56	15.14	14.54	14.96	36256646	552453824.00
2018/01/24	14.87	15.25	14.81	15.05	40549882	622731968.00
2018/01/25	14.96	15.67	14.89	15.35	46588057	730476928.00
2018/01/26	15.29	15.57	15.24	15.36	32557941	511979968.00
2018/01/29	16.12	16.93	16.05	16.63	119944265	2035072000.00
2018/01/30	16.55	16.91	16.49	16.68	60614361	1031089536.00
2018/01/31	16.59	17.11	16.54	17.01	60972274	1045948672.00
2018/02/01	16.94	17.25	16.15	16.29	79818844	1358741248.00
2018/02/02	16.21	16.55	16.03	16.45	46914723	781987200.00
2018/02/05	16.21	17.27	16.20	17.17	75572727	1303993088.00
2018/02/06	16.88	17.05	16.28	16.42	63119306	1074679424.00
2018/02/07	16.77	17.00	15.87	15.95	71216712	1200782592.00
2018/02/08	16.03	16.15	15.68	15.82	41720466	676827648.00
2018/02/09	15.46	15.57	14.54	14.83	55564762	852617024.00
2018/02/12	14.85	14.86	14.51	14.73	45961078	690856512.00
2018/02/13	14.85	15.24	14.78	14.84	38240933	586020352.00
2018/02/14	14.80	14.87	14.49	14.69	28689674	429372160.00
2018/02/22	15.02	15.08	14.87	15.00	39032399	596905728.00
2018/02/23	14.97	15.13	14.85	15.10	29640301	454317952.00
2018/02/26	15.20	15.37	15.01	15.29	34789935	540820800.00
2018/02/27	15.31	15.34	14.98	14.99	28920101	446487744.00
2018/02/28	14.89	14.96	14.71	14.91	20245386	307004672.00
2018/03/01	14.77	15.03	14.76	14.95	17854051	272427136.00
2018/03/02	14.79	14.92	14.62	14.78	19896274	300440704.00
2018/03/05	14.74	14.83	14.65	14.69	12510096	188205120.00
2018/03/06	14.77	14.97	14.60	14.95	24370132	368176160.00
2018/03/07	15.16	15.24	14.86	14.88	35499710	546548608.00
2018/03/08	14.87	14.90	14.75	14.88	13977619	211777072.00
2018/03/09	14.91	14.95	14.75	14.92	15395806	233680448.00
2018/03/12	14.96	15.00	14.79	14.91	18063877	275129056.00
2018/03/13	14.90	15.04	14.79	14.81	16377249	249433664.00
2018/03/14	14.74	14.74	14.52	14.59	20755409	310372736.00
2018/03/15	14.53	14.63	14.32	14.42	20813509	307762496.00
2018/03/16	14.43	14.45	14.24	14.26	13793331	202518048.00
2018/03/19	14.23	14.35	14.17	14.34	9012216	131778856.00
2018/03/20	14.32	14.45	14.26	14.43	12074300	177683456.00
2018/03/21	14.43	14.58	14.39	14.43	13480606	199845904.00
2018/03/22	14.39	14.47	14.23	14.42	15809776	232212688.00
2018/03/23	14.07	14.19	13.79	14.13	30972915	444750016.00
2018/03/26	14.01	14.06	13.83	14.00	13403052	191376064.00
2018/03/27	14.13	14.14	13.92	14.07	16050741	230474576.00
2018/03/28	13.97	14.36	13.93	14.07	21927668	317608928.00
2018/03/29	14.00	14.34	13.91	14.19	21628399	313008608.00
2018/03/30	14.20	14.25	14.02	14.04	15793172	227953984.00
2018/04/02	14.05	14.31	14.02	14.23	18260116	265598880.00
2018/04/03	14.17	14.36	14.13	14.31	15089748	220086848.00
2018/04/04	14.33	14.51	14.21	14.23	12624958	185420224.00
2018/04/09	14.19	14.31	14.09	14.16	9417303	136569920.00
2018/04/10	14.19	14.54	14.15	14.53	18125139	266029840.00
2018/04/11	14.63	14.74	14.48	14.62	20993985	314170688.00
2018/04/12	14.59	14.61	14.43	14.48	10830196	160749264.00
2018/04/13	14.55	14.60	14.37	14.40	7181782	106387448.00
2018/04/16	14.42	14.42	13.97	14.05	14537415	210487872.00
2018/04/17	14.03	14.14	13.93	13.94	7892604	113314496.00
2018/04/18	14.12	14.16	13.94	14.04	9756918	140105392.00
2018/04/19	14.05	14.13	14.01	14.09	7915157	114051072.00
2018/04/20	14.08	14.08	13.66	13.93	13809144	195801792.00
2018/04/23	13.88	13.98	13.78	13.93	7242831	103009664.00
2018/04/24	13.93	14.28	13.93	14.13	16462835	238418656.00
2018/04/25	14.08	14.13	13.89	13.95	12485529	178895984.00
2018/04/26	14.03	14.03	13.82	13.95	8860291	126136640.00
2018/04/27	13.99	14.12	13.79	14.10	14605199	209114368.00
2018/05/02	13.95	13.96	13.29	13.34	43853107	611418880.00
2018/05/03	13.33	13.40	13.21	13.32	18560975	252995984.00
2018/05/04	13.33	13.39	13.27	13.31	13934229	190336544.00
2018/05/07	13.28	13.40	13.25	13.39	26094426	356316576.00
2018/05/08	13.37	13.56	13.30	13.44	19306054	265955840.00
2018/05/09	13.44	13.44	13.31	13.35	10200689	139592816.00
2018/05/10	13.39	13.43	13.22	13.30	14382684	196075728.00
2018/05/11	13.31	13.38	13.24	13.27	11535557	157388384.00
2018/05/14	13.29	13.54	13.28	13.43	19693063	270701376.00
2018/05/15	13.46	13.49	13.39	13.47	12217938	168214016.00
2018/05/16	13.42	13.50	13.40	13.41	10015996	138038336.00
2018/05/17	13.46	13.54	13.38	13.42	9083299	125236184.00
2018/05/18	13.41	13.52	13.37	13.51	10113903	139391280.00
2018/05/21	13.56	13.63	13.49	13.51	18922334	262213088.00
2018/05/22	13.51	13.53	13.35	13.45	11908078	163715568.00
2018/05/23	13.41	13.42	13.18	13.21	12277800	167613792.00
2018/05/24	13.20	13.29	13.18	13.19	7939179	107569648.00
2018/05/25	13.20	13.23	13.05	13.20	11187171	150595344.00
2018/05/28	13.15	13.18	13.08	13.11	6224418	83753288.00
2018/05/29	13.09	13.18	12.92	13.17	15444825	206592192.00
2018/05/30	13.05	13.06	12.84	12.87	12380289	164606384.00
2018/05/31	12.94	13.05	12.89	13.00	9144000	121602752.00
2018/06/01	12.93	13.04	12.88	12.92	9388372	124765848.00
2018/06/04	12.99	13.09	12.94	13.05	8946431	119427944.00
2018/06/05	13.04	13.10	12.97	13.09	8564752	114492680.00
2018/06/06	13.06	13.07	12.98	13.00	6571199	87680576.00
2018/06/07	13.05	13.16	13.01	13.05	9839422	131936744.00
2018/06/08	13.02	13.03	12.70	12.78	11192884	147362912.00
2018/06/11	12.75	12.78	12.63	12.75	6902847	89997016.00
2018/06/12	12.74	12.81	12.64	12.78	6992193	91423696.00
2018/06/13	12.76	12.77	12.53	12.67	8771482	113935976.00
2018/06/14	12.62	12.74	12.58	12.65	5860791	76099128.00
2018/06/15	12.65	12.83	12.64	12.71	11747567	153277840.00
2018/06/19	12.57	12.79	12.46	12.70	45301755	588603776.00
2018/06/20	12.59	12.66	12.52	12.61	8650378	111831096.00
2018/06/21	12.63	13.13	12.57	12.76	19043351	251259392.00
2018/06/22	12.68	12.96	12.65	12.95	13931249	182893888.00
2018/06/25	13.03	13.08	12.56	12.58	13917379	183100240.00
2018/06/26	12.48	12.51	12.21	12.32	13567463	172128288.00
2018/06/27	12.35	12.53	11.67	12.13	13374720	167508096.00
2018/06/28	12.04	12.15	11.79	11.82	10530517	129586272.00
2018/06/29	11.87	12.04	11.80	12.03	8579252	105325280.00
2018/07/02	12.02	12.02	11.55	11.61	10718110	129895752.00
2018/07/03	11.63	11.75	11.47	11.73	10083823	120680992.00
2018/07/04	11.69	11.78	11.60	11.65	6767526	81451440.00
2018/07/05	11.63	11.83	11.53	11.82	10886877	130984000.00
2018/07/06	11.75	11.88	11.55	11.76	7455499	90077312.00
2018/07/09	11.78	12.11	11.73	12.07	9074464	111623296.00
2018/07/10	12.07	12.09	11.90	11.98	8372484	100422296.00
2018/07/11	11.87	11.87	11.63	11.68	7144094	84021880.00
2018/07/12	11.67	11.97	11.67	11.92	8553026	101702928.00
2018/07/13	11.95	11.98	11.88	11.92	3699997	44133084.00
2018/07/16	11.89	11.94	11.78	11.82	4814376	56956176.00
2018/07/17	11.84	11.90	11.76	11.89	3506191	41552460.00
2018/07/18	11.90	11.94	11.82	11.82	4203860	49943088.00
2018/07/19	11.81	11.89	11.74	11.76	3647591	43042256.00
2018/07/20	11.74	12.55	11.69	12.38	22234363	272873568.00
2018/07/23	12.25	12.61	12.11	12.49	18167486	225566224.00
2018/07/24	12.47	12.66	12.21	12.45	21289346	266663056.00
2018/07/25	12.45	12.48	12.34	12.39	7455749	92409360.00
2018/07/26	12.43	12.54	12.29	12.31	7611045	94437888.00
2018/07/27	12.36	12.48	12.25	12.36	6899340	85369352.00
2018/07/30	12.37	12.55	12.34	12.43	7405174	92085200.00
2018/07/31	12.44	12.55	12.23	12.40	9965643	123322672.00
2018/08/01	12.40	12.51	12.11	12.17	8964810	110572568.00
2018/08/02	12.10	12.18	11.78	11.92	9622715	114798784.00
2018/08/03	11.89	11.97	11.79	11.80	5553300	65993164.00
2018/08/06	11.75	11.97	11.63	11.71	7132985	84244336.00
2018/08/07	11.73	12.00	11.71	11.99	7899864	93832624.00
2018/08/08	11.95	12.01	11.83	11.85	5748783	68590984.00
2018/08/09	11.82	12.17	11.79	12.09	6766088	81599376.00
2018/08/10	12.06	12.14	11.93	12.01	5449387	65523816.00
2018/08/13	11.96	11.96	11.76	11.88	5429823	64290684.00
2018/08/14	11.86	11.93	11.82	11.90	3916469	46487192.00
2018/08/15	11.89	11.92	11.67	11.72	4803077	56632432.00
2018/08/16	11.66	11.83	11.58	11.72	4708401	55080704.00
2018/08/17	11.81	11.83	11.64	11.65	4539605	53142992.00
2018/08/20	11.65	11.81	11.61	11.80	5271411	61793872.00
2018/08/21	11.78	11.95	11.75	11.86	5046523	59880192.00
2018/08/22	11.83	11.86	11.77	11.80	3636063	42933944.00
2018/08/23	11.79	11.93	11.76	11.91	4876921	57834896.00
2018/08/24	11.90	12.40	11.87	12.19	15823519	192478048.00
2018/08/27	12.15	12.24	12.04	12.22	12367749	150334560.00
2018/08/28	12.18	12.27	12.05	12.10	12175636	147740032.00
2018/08/29	12.11	12.12	11.96	12.02	10196394	122670240.00
2018/08/30	12.03	12.12	11.84	11.85	12306708	147290080.00
2018/08/31	11.85	11.97	11.82	11.90	10917389	129868928.00
2018/09/03	11.85	11.89	11.69	11.76	10676618	125666912.00
2018/09/04	11.78	12.07	11.73	11.98	12537895	149351424.00
2018/09/05	11.94	12.02	11.77	11.80	10257567	122163952.00
2018/09/06	11.76	11.87	11.75	11.77	6322995	74642824.00
2018/09/07	11.77	11.92	11.75	11.80	6653385	78707464.00
2018/09/10	11.80	11.82	11.68	11.68	6238691	73155824.00
2018/09/11	11.69	11.79	11.66	11.73	5934091	69500512.00
2018/09/12	11.70	11.77	11.67	11.71	5575478	65313624.00
2018/09/13	11.80	11.83	11.72	11.82	6433588	75743000.00
2018/09/14	11.81	11.82	11.72	11.73	6332279	74454088.00
2018/09/17	11.72	11.72	11.50	11.51	6830885	79221048.00
2018/09/18	11.50	11.69	11.46	11.67	7640556	88425480.00
2018/09/19	11.62	11.82	11.61	11.77	10496045	123358568.00
2018/09/20	11.77	11.86	11.70	11.76	6634684	78160536.00
2018/09/21	11.76	12.16	11.76	12.12	17988877	215788080.00
2018/09/25	12.03	12.16	11.98	12.11	13009941	156937280.00
2018/09/26	12.10	12.32	12.06	12.11	21858894	265957648.00
2018/09/27	12.12	12.20	12.08	12.09	10905248	132307744.00
2018/09/28	12.14	12.34	12.10	12.23	13938386	170585696.00
2018/10/08	12.06	12.08	11.85	11.91	13066871	156390880.00
2018/10/09	11.95	11.96	11.80	11.86	7282635	86542392.00
2018/10/10	11.88	11.94	11.80	11.87	6682491	79327032.00
2018/10/11	11.60	11.67	10.93	11.00	23439462	265220848.00
2018/10/12	10.96	11.21	10.96	11.10	18761508	208039040.00
2018/10/15	11.10	11.15	10.94	11.00	9494575	104866672.00
2018/10/16	10.99	11.11	10.92	10.93	9547872	105247336.00
2018/10/17	11.04	11.07	10.92	11.03	6966757	76724992.00
2018/10/18	11.00	11.02	10.81	10.85	7060421	76893096.00
2018/10/19	10.74	11.17	10.71	11.11	9797435	107427952.00
2018/10/22	11.20	11.70	11.15	11.56	20591028	236247184.00
2018/10/23	11.51	11.59	11.23	11.27	11035572	125796424.00
2018/10/24	11.25	12.07	11.24	11.68	27001311	315883104.00
2018/10/25	11.38	11.87	11.35	11.80	18778368	217785328.00
2018/10/26	11.79	12.09	11.70	11.82	15270711	181284928.00
2018/10/29	11.84	11.97	11.56	11.60	12515145	146168496.00
2018/10/30	11.57	11.95	11.55	11.85	18781443	221086176.00
2018/10/31	11.86	12.06	11.75	11.93	17885878	213037648.00
2018/11/01	11.91	12.14	11.85	11.85	16347468	195782288.00
2018/11/02	12.05	12.21	11.85	12.09	21210426	255496704.00
2018/11/05	12.04	12.04	11.83	11.91	12669391	151286816.00
2018/11/06	11.88	11.92	11.74	11.87	7624526	90215056.00
2018/11/07	11.87	11.93	11.77	11.79	6396568	75827256.00
2018/11/08	11.83	11.92	11.76	11.77	7091260	83891936.00
2018/11/09	11.70	11.71	11.41	11.42	15863384	182667728.00
2018/11/12	11.42	11.54	11.40	11.52	8026885	92166432.00
2018/11/13	11.40	11.73	11.37	11.67	13733381	158759200.00
2018/11/14	11.65	11.74	11.60	11.62	9599249	111954256.00
2018/11/15	11.60	11.76	11.60	11.76	8605349	100674904.00
2018/11/16	11.75	12.00	11.69	11.89	15030856	178040544.00
2018/11/19	11.84	12.06	11.84	12.04	17597482	210583280.00
2018/11/20	11.91	11.98	11.66	11.70	12541178	148255392.00
2018/11/21	11.63	11.74	11.61	11.69	7553976	88222912.00
2018/11/22	11.70	11.74	11.56	11.57	8022420	93157120.00
2018/11/23	11.60	11.60	11.26	11.28	11438637	130511744.00
2018/11/26	11.27	11.38	11.15	11.19	8020930	90429952.00
2018/11/27	11.25	11.26	11.03	11.08	13883209	154436864.00
2018/11/28	11.05	11.18	11.05	11.18	7825921	87073936.00
2018/11/29	11.23	11.24	11.01	11.02	6601341	73493312.00
2018/11/30	11.00	11.10	10.99	11.10	5831576	64386352.00
2018/12/03	11.27	11.36	11.24	11.29	11413679	129008352.00
2018/12/04	11.29	11.32	11.24	11.31	6786389	76569024.00
2018/12/05	11.21	11.23	11.16	11.19	6739954	75459752.00
2018/12/06	11.16	11.16	11.05	11.10	7582208	84038984.00
2018/12/07	11.09	11.12	11.07	11.12	2854727	31698416.00
2018/12/10	11.04	11.07	10.96	10.99	5233081	57644712.00
2018/12/11	11.01	11.13	11.00	11.08	4063488	44960816.00
2018/12/12	11.09	11.14	11.04	11.10	4631395	51384700.00
2018/12/13	11.10	11.27	11.08	11.19	8083266	90558560.00
2018/12/14	11.15	11.18	11.00	11.00	8118062	89909880.00
2018/12/17	10.95	11.01	10.81	10.95	10009696	109107480.00
2018/12/18	10.86	10.93	10.83	10.87	5350368	58189904.00
2018/12/19	10.88	10.91	10.82	10.82	4096173	44524248.00
2018/12/20	10.82	10.85	10.73	10.77	5774366	62177772.00
2018/12/21	10.73	10.76	10.66	10.70	5522643	59108232.00
2018/12/24	10.68	10.74	10.67	10.73	5709889	61107268.00
2018/12/25	10.64	10.70	10.55	10.69	8661488	92002800.00
2018/12/26	10.68	10.70	10.61	10.66	3370330	35917040.00
2018/12/27	10.76	10.79	10.58	10.58	6539604	69833352.00
2018/12/28	10.59	10.72	10.59	10.68	6065702	64598632.00
2019/01/02	10.70	10.70	10.51	10.57	5351472	56542928.00
2019/01/03	10.57	10.70	10.56	10.61	4936857	52443180.00
数据来源:通达信
