601952 苏垦农发 日线 前复权
      日期	    开盘	    最高	    最低	    收盘	    成交量	    成交额
2017/05/15	8.45	10.17	8.45	10.17	100074	1337841.13
2017/05/16	11.20	11.20	11.20	11.20	58989	870677.63
2017/05/17	12.34	12.34	12.34	12.34	58430	948903.19
2017/05/18	13.58	13.58	13.58	13.58	233200	4164952.00
2017/05/19	14.96	14.96	14.00	14.02	111511896	2108598016.00
2017/05/22	12.85	13.30	12.61	12.61	65131659	1099175296.00
2017/05/23	12.19	12.60	11.87	12.08	46839275	752417536.00
2017/05/24	12.19	12.60	12.08	12.38	36620455	594178368.00
2017/05/25	12.26	12.29	11.50	11.77	45425145	705719808.00
2017/05/26	11.70	12.52	11.56	12.08	47316138	747653184.00
2017/05/31	12.61	13.18	12.21	12.22	48685724	809093184.00
2017/06/01	11.85	11.96	11.28	11.32	37473904	572748416.00
2017/06/02	11.21	11.59	11.03	11.48	22549203	337218528.00
2017/06/05	11.65	11.69	11.38	11.42	22693889	344640832.00
2017/06/06	11.18	11.35	11.18	11.30	16095414	238659856.00
2017/06/07	11.33	11.67	11.26	11.65	27577217	419626784.00
2017/06/08	11.60	11.65	11.32	11.37	26445021	399587104.00
2017/06/09	11.38	11.43	11.20	11.30	15280310	227249200.00
2017/06/12	11.15	11.19	10.81	10.82	19529596	283608256.00
2017/06/13	10.86	11.08	10.83	11.00	12032731	173767200.00
2017/06/14	10.94	10.98	10.77	10.78	13064012	186691152.00
2017/06/15	10.77	11.03	10.76	10.96	16191021	233625344.00
2017/06/16	10.98	10.98	10.82	10.85	10298516	147595472.00
2017/06/19	10.88	10.91	10.83	10.90	7969019	114176040.00
2017/06/20	10.92	11.18	10.87	11.01	17873962	259834880.00
2017/06/21	11.03	11.08	10.90	10.95	10517316	152173264.00
2017/06/22	10.97	10.98	10.68	10.70	13801059	197107840.00
2017/06/23	10.64	10.70	10.32	10.50	13967918	193487856.00
2017/06/26	10.46	10.59	10.36	10.53	9348057	129131184.00
2017/06/27	10.52	10.65	10.46	10.52	7642225	106378408.00
2017/06/28	10.49	10.49	10.38	10.38	7501786	103090288.00
2017/06/29	10.48	10.58	10.45	10.48	7650780	105916824.00
2017/06/30	10.42	10.58	10.36	10.52	10046363	138917488.00
2017/07/03	10.53	10.73	10.52	10.70	12424335	174907888.00
2017/07/04	10.72	10.72	10.59	10.63	7966868	111840264.00
2017/07/05	10.61	10.82	10.61	10.80	14985570	212672576.00
2017/07/06	10.85	10.88	10.69	10.73	12731525	180836624.00
2017/07/07	10.74	10.88	10.72	10.82	13740640	196101136.00
2017/07/10	10.76	10.76	10.58	10.60	14527217	204054288.00
2017/07/11	10.60	10.68	10.42	10.43	10104006	140200304.00
2017/07/12	10.42	10.49	10.20	10.36	10104410	137603280.00
2017/07/13	10.34	10.42	10.32	10.36	5832902	79750280.00
2017/07/14	10.36	10.38	10.28	10.29	4849344	66026744.00
2017/07/17	10.25	10.28	9.37	9.42	16332791	208151664.00
2017/07/18	9.54	9.58	9.42	9.53	8104278	101827328.00
2017/07/19	9.53	9.65	9.47	9.62	8630026	109202304.00
2017/07/20	9.64	9.82	9.62	9.67	9540123	122731472.00
2017/07/21	9.64	9.71	9.59	9.62	6748723	85874896.00
2017/07/24	9.65	9.72	9.58	9.68	6509829	82941920.00
2017/07/25	9.69	9.72	9.58	9.62	5013594	63818380.00
2017/07/26	9.62	9.75	9.60	9.68	8342730	106673024.00
2017/07/27	9.70	9.85	9.55	9.84	13050854	167812112.00
2017/07/28	9.81	9.83	9.71	9.73	8049678	103653200.00
2017/07/31	9.75	9.76	9.68	9.72	6056674	77732912.00
2017/08/01	9.71	9.73	9.64	9.73	7393829	94572480.00
2017/08/02	9.74	9.75	9.63	9.63	6699423	85564120.00
2017/08/03	9.62	9.73	9.60	9.65	5878060	74930880.00
2017/08/04	9.68	9.78	9.64	9.65	8773472	112480240.00
2017/08/07	9.67	9.72	9.56	9.64	6021046	76495648.00
2017/08/08	9.62	10.21	9.58	10.08	28230332	370766496.00
2017/08/09	10.01	10.07	9.85	9.87	14149882	185110816.00
2017/08/10	9.83	9.95	9.78	9.84	10008497	130451696.00
2017/08/11	9.77	9.82	9.65	9.65	7831636	100612280.00
2017/08/14	9.67	9.81	9.63	9.76	5157771	66385868.00
2017/08/15	9.78	9.82	9.71	9.77	6032025	77760664.00
2017/08/16	9.79	10.02	9.75	9.93	12774131	167191760.00
2017/08/17	9.90	9.97	9.86	9.95	7238374	94714616.00
2017/08/18	9.94	9.94	9.85	9.87	5646927	73680048.00
2017/08/21	9.87	10.04	9.87	9.99	8335166	109885816.00
2017/08/22	9.99	10.05	9.95	10.01	8279971	109362920.00
2017/08/23	10.03	10.03	9.88	9.94	6626917	87050760.00
2017/08/24	9.94	10.01	9.83	9.85	8103385	106110776.00
2017/08/25	9.85	10.15	9.79	10.05	13932356	184409024.00
2017/08/28	10.09	10.35	10.05	10.25	21309773	286983456.00
2017/08/29	10.30	10.79	10.27	10.52	35100125	485934624.00
2017/08/30	10.52	10.52	10.30	10.32	16316428	223635872.00
2017/08/31	10.27	10.56	10.27	10.52	16715929	230420512.00
2017/09/01	10.55	10.59	10.41	10.44	12376017	170889456.00
2017/09/04	10.45	10.52	10.31	10.34	10603750	145385744.00
2017/09/05	10.32	10.41	10.25	10.27	9872274	134314112.00
2017/09/06	10.28	10.45	10.23	10.42	13236324	180428208.00
2017/09/07	10.46	10.53	10.32	10.33	11199784	154173920.00
2017/09/08	10.34	10.34	10.18	10.22	7387738	99948608.00
2017/09/11	10.35	10.77	10.35	10.68	28048005	392376096.00
2017/09/12	10.57	10.78	10.44	10.64	23901889	333604096.00
2017/09/13	10.62	11.21	10.56	11.08	40276006	585445760.00
2017/09/14	10.92	11.20	10.85	10.96	21996078	319472608.00
2017/09/15	10.97	11.53	10.92	11.33	33311779	494880672.00
2017/09/18	11.58	11.76	11.20	11.35	26710865	400539136.00
2017/09/19	11.28	11.46	11.05	11.08	18422559	271166528.00
2017/09/20	11.08	11.25	10.98	11.15	10308680	151085664.00
2017/09/21	11.10	11.52	11.00	11.38	26499283	396357248.00
2017/09/22	11.30	11.62	11.26	11.38	17389061	262605824.00
2017/09/25	11.50	11.59	10.85	10.87	16610036	244843744.00
2017/09/26	10.85	11.09	10.79	11.04	10869589	157053296.00
2017/09/27	11.05	11.17	10.95	11.04	7915915	115491552.00
2017/09/28	11.17	11.34	11.04	11.22	11045903	163239760.00
2017/09/29	11.20	11.32	11.09	11.18	7124758	104938128.00
2017/10/09	11.32	11.60	11.18	11.45	16084696	242118368.00
2017/10/10	11.46	12.21	11.37	11.98	27454825	427923776.00
2017/10/11	11.86	12.35	11.86	12.15	26163047	417290880.00
2017/10/12	11.99	12.19	11.78	11.92	15126701	238417184.00
2017/10/13	11.85	12.22	11.82	12.18	13731861	218198864.00
2017/10/16	12.45	13.42	12.12	12.13	38876059	648771520.00
2017/10/17	11.82	11.98	11.41	11.68	25673298	394332416.00
2017/10/18	11.62	12.54	11.43	11.73	26618449	418880992.00
2017/10/19	11.72	11.99	11.41	11.55	18132941	278358368.00
2017/10/20	11.42	11.65	11.24	11.58	13936484	209640880.00
2017/10/23	11.52	11.68	11.37	11.45	10879124	164647600.00
2017/10/24	11.42	11.50	11.02	11.28	17157932	253958752.00
2017/10/25	11.18	11.35	11.12	11.23	10104912	149588512.00
2017/10/26	11.21	11.42	11.10	11.34	10393013	154739952.00
2017/10/27	11.32	11.55	11.32	11.43	10779884	162631296.00
2017/10/30	11.43	11.50	10.75	10.83	13543686	196004032.00
2017/10/31	10.84	10.96	10.78	10.95	6659964	95423848.00
2017/11/01	10.92	11.06	10.85	10.88	5404566	77915064.00
2017/11/02	10.87	10.89	10.76	10.80	5249541	74827344.00
2017/11/03	10.73	10.81	10.27	10.32	12209498	168831584.00
2017/11/06	10.34	10.43	10.12	10.42	7601005	103051144.00
2017/11/07	10.36	10.54	10.35	10.47	5584934	77105368.00
2017/11/08	10.51	10.74	10.46	10.60	6861061	96040840.00
2017/11/09	10.58	10.58	10.33	10.45	5909527	81452720.00
2017/11/10	10.43	10.50	10.31	10.45	5370627	73888360.00
2017/11/13	10.46	10.60	10.38	10.54	4682010	64909124.00
2017/11/14	10.55	10.55	10.15	10.21	8000525	109000256.00
2017/11/15	10.22	10.27	9.87	9.92	8977776	118861656.00
2017/11/16	9.94	10.10	9.88	9.94	6356589	83658888.00
2017/11/17	10.00	10.23	9.77	9.85	10273837	136049344.00
2017/11/20	9.85	10.25	9.79	10.23	8624153	114261912.00
2017/11/21	10.23	10.43	10.12	10.42	10429462	142493472.00
2017/11/22	10.32	10.44	10.18	10.29	6426616	87246016.00
2017/11/23	10.28	10.28	10.00	10.01	5600276	75079072.00
2017/11/24	9.97	10.07	9.61	9.72	8858844	114566440.00
2017/11/27	9.74	9.97	9.61	9.75	5410933	69947344.00
2017/11/28	9.82	10.22	9.81	10.18	8217338	109083888.00
2017/11/29	10.15	10.32	10.01	10.22	7291663	97789320.00
2017/11/30	10.35	10.54	10.25	10.32	12344308	169361568.00
2017/12/01	10.27	10.62	10.23	10.55	10577531	145998992.00
2017/12/04	10.60	10.60	10.27	10.36	9464492	129996360.00
2017/12/05	10.40	10.47	9.95	10.10	8833335	119214232.00
2017/12/06	10.05	10.77	9.98	10.70	17909372	248406336.00
2017/12/07	10.61	10.82	10.54	10.81	13040741	184141728.00
2017/12/08	10.77	11.03	10.68	10.73	17260325	247360688.00
2017/12/11	10.81	11.07	10.65	11.05	17081897	243679152.00
2017/12/12	11.00	11.28	10.95	10.99	19997796	292997216.00
2017/12/13	10.78	10.99	10.77	10.90	10625139	152171968.00
2017/12/14	10.89	11.19	10.83	11.15	14831388	216513552.00
2017/12/15	11.07	11.28	10.96	11.26	15096356	221624848.00
2017/12/18	11.31	11.35	10.88	10.92	14894720	218766528.00
2017/12/19	10.92	11.03	10.66	11.02	12923987	184840368.00
2017/12/20	10.98	11.28	10.94	11.18	17084117	251116048.00
2017/12/21	11.08	11.09	10.74	10.95	14822397	213159216.00
2017/12/22	10.90	11.02	10.78	10.94	9503458	136387488.00
2017/12/25	10.97	11.30	10.95	11.29	23814948	350086464.00
2017/12/26	11.21	11.55	11.15	11.44	26010096	388865440.00
2017/12/27	11.42	11.42	11.12	11.16	19089337	282514944.00
2017/12/28	11.17	11.27	11.01	11.22	13449268	197668960.00
2017/12/29	11.22	11.22	10.65	10.72	20013357	286674528.00
2018/01/02	10.72	10.77	10.17	10.28	22351520	304363072.00
2018/01/03	10.25	10.38	10.11	10.36	15448136	208750576.00
2018/01/04	10.31	10.34	10.19	10.22	11150687	150804832.00
2018/01/05	10.22	10.32	10.17	10.25	10075909	136507744.00
2018/01/08	10.25	10.25	9.92	10.06	14617468	193470192.00
2018/01/09	10.03	10.14	9.99	10.01	8106450	107565864.00
2018/01/10	9.98	10.05	9.85	10.04	9398034	123696104.00
2018/01/11	9.99	10.12	9.93	10.10	8432610	111873128.00
2018/01/12	10.12	10.17	9.90	9.94	10528999	139214608.00
2018/01/15	9.95	9.96	9.51	9.54	12039067	153909072.00
2018/01/16	9.64	10.35	9.60	10.13	22320680	294055968.00
2018/01/17	10.09	11.00	9.98	10.16	38129365	523672928.00
2018/01/18	10.03	10.05	9.75	9.88	21709538	283862400.00
2018/01/19	9.87	9.98	9.78	9.85	11826382	154141184.00
2018/01/22	9.81	9.91	9.70	9.86	9091001	118148608.00
2018/01/23	10.08	10.30	9.98	10.21	26550447	355816768.00
2018/01/24	10.04	10.21	10.00	10.16	14941145	198815744.00
2018/01/25	10.12	10.38	10.04	10.22	17226045	232282208.00
2018/01/26	10.36	10.69	10.25	10.42	25688208	354849632.00
2018/01/29	10.42	10.65	10.25	10.59	23454301	324287488.00
2018/01/30	10.58	10.72	10.46	10.65	22542181	314595456.00
2018/01/31	10.58	10.58	10.24	10.42	17873952	245044800.00
2018/02/01	10.47	10.82	10.18	10.25	28016825	388493632.00
2018/02/02	9.98	10.00	9.22	9.84	25477263	323996704.00
2018/02/05	10.04	10.75	9.98	10.06	36886436	498845760.00
2018/02/06	9.46	9.69	9.08	9.15	26065642	324760672.00
2018/02/07	9.38	9.68	9.12	9.32	17428550	216674288.00
2018/02/08	9.35	9.59	9.32	9.47	13230225	164671520.00
2018/02/09	9.17	9.23	8.70	8.88	16436240	195385504.00
2018/02/12	8.99	9.20	8.92	9.09	9497875	113835368.00
2018/02/13	9.17	9.23	8.94	8.95	10444758	124784352.00
2018/02/14	8.94	9.00	8.79	8.89	6030892	70718592.00
2018/02/22	9.04	9.21	9.00	9.16	9495549	114584640.00
2018/02/23	9.08	9.52	9.07	9.45	18201185	223854960.00
2018/02/26	9.50	9.64	9.32	9.58	17854470	224548016.00
2018/02/27	9.53	9.69	9.46	9.65	17003754	214774736.00
2018/02/28	9.53	9.60	9.48	9.56	9717243	122494824.00
2018/03/01	9.48	9.63	9.42	9.56	11308392	142290064.00
2018/03/02	9.50	9.91	9.43	9.72	16382203	209074496.00
2018/03/05	9.67	9.73	9.51	9.63	10702847	135673024.00
2018/03/06	9.66	9.80	9.55	9.78	14997949	191750944.00
2018/03/07	9.76	9.83	9.58	9.59	12390946	158743920.00
2018/03/08	9.54	9.59	9.39	9.49	11582501	144950944.00
2018/03/09	9.49	9.62	9.47	9.58	13698621	172516272.00
2018/03/12	9.56	9.72	9.52	9.71	15869053	201763920.00
2018/03/13	9.67	9.91	9.58	9.59	17695108	227258528.00
2018/03/14	9.50	9.55	9.42	9.43	12098094	151161168.00
2018/03/15	9.39	9.40	9.14	9.26	11089631	136213600.00
2018/03/16	9.22	9.29	9.16	9.18	6655573	81196480.00
2018/03/19	9.17	9.25	9.15	9.19	5299730	64495940.00
2018/03/20	9.13	9.15	9.03	9.11	6377174	76624128.00
2018/03/21	9.11	9.22	9.05	9.13	7204628	87269256.00
2018/03/22	9.13	9.45	9.10	9.39	16319406	200358464.00
2018/03/23	9.38	10.22	9.35	9.68	62951663	809218112.00
2018/03/26	9.70	9.70	8.70	9.08	34694580	411560288.00
2018/03/27	8.88	9.28	8.85	9.25	28608550	343852896.00
2018/03/28	9.08	9.10	8.86	8.89	21576929	256142352.00
2018/03/29	8.92	8.95	8.81	8.93	13838516	162680656.00
2018/03/30	8.97	8.98	8.86	8.93	13012949	153237456.00
2018/04/02	9.02	9.12	8.93	9.11	19739133	235503856.00
2018/04/03	9.00	9.11	8.92	8.93	14567153	173184128.00
2018/04/04	8.99	9.58	8.93	9.38	37662435	459834816.00
2018/04/09	9.31	9.74	9.24	9.35	30857115	384733312.00
2018/04/10	9.23	9.26	9.02	9.14	18050772	217767424.00
2018/04/11	9.13	9.29	9.05	9.28	13951874	169248448.00
2018/04/12	9.20	9.22	9.09	9.11	10308293	124613960.00
2018/04/13	9.13	9.14	8.96	8.98	9949986	118971240.00
2018/04/16	8.93	9.05	8.82	8.85	8799028	103702424.00
2018/04/17	8.87	9.12	8.79	9.01	13979528	165750912.00
2018/04/18	8.96	8.96	8.73	8.89	11389174	133108216.00
2018/04/19	8.85	8.90	8.78	8.86	10093266	117890784.00
2018/04/20	8.94	9.02	8.77	8.79	11278966	132926840.00
2018/04/23	8.77	8.77	8.38	8.53	11604748	131721568.00
2018/04/24	8.47	8.63	8.46	8.62	8374748	95191096.00
2018/04/25	8.55	8.60	8.51	8.55	6217000	70360336.00
2018/04/26	8.55	8.58	8.38	8.38	8167200	91496192.00
2018/04/27	8.42	8.45	8.32	8.38	5663204	62751280.00
2018/05/02	8.38	8.46	8.35	8.44	4386426	48820168.00
2018/05/03	8.42	8.47	8.32	8.45	5788445	64437464.00
2018/05/04	8.46	8.60	8.45	8.56	8600873	97150000.00
2018/05/07	8.54	8.61	8.49	8.59	7596551	86060496.00
2018/05/08	8.56	8.63	8.54	8.62	6903451	78529440.00
2018/05/09	8.58	8.58	8.46	8.48	6826629	76849560.00
2018/05/10	8.47	8.51	8.42	8.45	5723733	64109920.00
2018/05/11	8.45	8.52	8.44	8.47	5081022	56966832.00
2018/05/14	8.45	8.45	8.37	8.38	4861483	54102680.00
2018/05/15	8.40	8.48	8.38	8.47	5260846	58696496.00
2018/05/16	8.45	8.78	8.40	8.72	17028422	194655536.00
2018/05/17	8.68	8.68	8.55	8.59	7561683	86025312.00
2018/05/18	8.55	8.60	8.48	8.57	7114542	80382808.00
2018/05/21	8.50	8.55	8.44	8.55	11191903	125803048.00
2018/05/22	8.57	8.71	8.57	8.65	11153320	127384176.00
2018/05/23	8.62	8.65	8.52	8.54	6627776	75309912.00
2018/05/24	8.55	8.62	8.52	8.60	6476260	73504152.00
2018/05/25	8.63	8.65	8.45	8.49	7130599	80403352.00
2018/05/28	8.50	8.53	8.19	8.23	6757805	56335228.00
2018/05/29	8.22	8.22	8.03	8.07	10888908	88422552.00
2018/05/30	8.11	8.49	8.04	8.11	22356633	184957472.00
2018/05/31	8.02	8.03	7.78	7.94	15921870	125842224.00
2018/06/01	7.96	8.19	7.94	8.01	11485850	92621920.00
2018/06/04	7.86	8.00	7.86	7.91	6898440	54623680.00
2018/06/05	7.87	7.97	7.87	7.96	5923948	46920156.00
2018/06/06	7.98	7.99	7.87	7.91	5927750	46889552.00
2018/06/07	7.92	8.18	7.87	8.01	10751190	86141264.00
2018/06/08	7.95	7.95	7.71	7.75	8421420	65826764.00
2018/06/11	7.76	7.79	7.62	7.67	5944560	45643728.00
2018/06/12	7.67	7.74	7.64	7.73	4317971	33234528.00
2018/06/13	7.70	7.93	7.67	7.72	7910286	61651972.00
2018/06/14	7.66	7.76	7.66	7.71	4228150	32600812.00
2018/06/15	7.72	7.78	7.33	7.51	8900720	67085496.00
2018/06/19	7.63	7.83	6.82	7.03	16295612	121077000.00
2018/06/20	6.87	7.04	6.76	6.96	10190836	70206656.00
2018/06/21	6.93	6.95	6.63	6.65	8829150	60126664.00
2018/06/22	6.60	6.73	6.45	6.65	8136399	54040560.00
2018/06/25	6.72	6.75	6.61	6.68	5618941	37539500.00
2018/06/26	6.56	6.70	6.50	6.69	5099535	33777772.00
2018/06/27	6.70	6.76	6.65	6.69	5349834	35828156.00
2018/06/28	6.73	6.78	6.64	6.67	5777782	38858936.00
2018/06/29	6.64	6.82	6.63	6.79	7164576	48274664.00
2018/07/02	6.74	6.86	6.66	6.68	7456146	50514144.00
2018/07/03	6.67	6.76	6.58	6.75	6757708	45107648.00
2018/07/04	6.71	6.99	6.69	6.92	14286050	98206384.00
2018/07/05	6.85	6.91	6.69	6.70	10228955	69368192.00
2018/07/06	6.80	7.37	6.71	7.26	32496991	229972976.00
2018/07/09	7.10	7.22	6.95	7.20	26575491	188524288.00
2018/07/10	7.13	7.17	7.05	7.13	13453610	95583616.00
2018/07/11	7.03	7.27	7.03	7.10	18773824	134053400.00
2018/07/12	7.03	7.42	6.96	7.27	23821630	171107440.00
2018/07/13	7.21	7.30	7.15	7.17	11746400	84635400.00
2018/07/16	7.14	7.24	7.10	7.17	7581620	54279120.00
2018/07/17	7.16	7.25	7.08	7.24	10072990	72476768.00
2018/07/18	7.23	7.34	7.17	7.29	12741711	92710528.00
2018/07/19	7.22	7.28	7.06	7.10	9511149	68147792.00
2018/07/20	7.08	7.27	7.05	7.24	10621169	76323264.00
2018/07/23	7.18	7.30	7.18	7.27	9319900	67541344.00
2018/07/24	7.28	7.43	7.27	7.39	12899551	95060008.00
2018/07/25	7.36	7.43	7.32	7.37	7778057	57290544.00
2018/07/26	7.37	7.43	7.31	7.42	8097803	59718432.00
2018/07/27	7.39	7.43	7.22	7.27	7863110	57623064.00
2018/07/30	7.23	7.27	7.08	7.13	7013151	50301200.00
2018/07/31	7.15	7.23	7.09	7.22	4971061	35630020.00
2018/08/01	7.21	7.29	7.08	7.10	5835280	41836356.00
2018/08/02	7.12	7.13	6.78	6.92	9175983	63992512.00
2018/08/03	6.87	7.03	6.85	6.87	6176690	42924488.00
2018/08/06	6.86	7.52	6.85	7.08	16024860	115262600.00
2018/08/07	7.03	7.65	7.03	7.58	33716921	251404528.00
2018/08/08	7.50	7.75	7.39	7.70	28174762	213373664.00
2018/08/09	7.69	7.93	7.59	7.91	32504853	252045808.00
2018/08/10	7.95	8.43	7.86	8.08	36774796	300360032.00
2018/08/13	7.92	8.06	7.78	8.02	21250686	168422736.00
2018/08/14	7.93	8.41	7.86	8.36	30132365	247440176.00
2018/08/15	8.28	8.38	8.13	8.14	17597655	144954560.00
2018/08/16	8.01	8.31	7.82	7.93	18594011	149300032.00
2018/08/17	8.14	8.23	7.86	7.94	16663415	133184784.00
2018/08/20	7.91	7.96	7.70	7.88	15658873	122928320.00
2018/08/21	7.87	8.04	7.80	7.91	13758305	109027704.00
2018/08/22	7.90	8.26	7.85	8.24	20097171	162036960.00
2018/08/23	8.11	8.29	8.06	8.25	19751280	161361264.00
2018/08/24	8.14	8.23	8.03	8.08	8451500	68527352.00
2018/08/27	8.20	8.70	8.20	8.40	23756592	200230992.00
2018/08/28	8.30	8.63	8.26	8.48	20472034	173862768.00
2018/08/29	8.42	8.81	8.35	8.73	20764765	179991264.00
2018/08/30	8.75	8.75	8.32	8.39	14321363	121907592.00
2018/08/31	8.39	8.56	8.26	8.39	10720804	90302352.00
2018/09/03	8.37	8.74	8.35	8.57	15944025	136587136.00
2018/09/04	8.58	8.86	8.42	8.82	20091677	174418016.00
2018/09/05	8.77	8.77	8.56	8.64	11871126	102774736.00
2018/09/06	8.62	8.68	8.39	8.43	10665581	90810072.00
2018/09/07	8.38	8.55	7.98	8.11	16984255	139705072.00
2018/09/10	8.03	8.29	8.01	8.05	11145173	90507416.00
2018/09/11	8.11	8.11	7.73	7.94	11783157	92894104.00
2018/09/12	7.91	7.98	7.69	7.72	10451768	81545864.00
2018/09/13	7.76	7.89	7.69	7.82	9138163	71147712.00
2018/09/14	7.83	7.93	7.69	7.71	6773020	52877552.00
2018/09/17	7.71	7.73	7.52	7.62	6118905	46715312.00
2018/09/18	7.65	7.93	7.65	7.85	12999806	101403296.00
2018/09/19	7.82	7.90	7.77	7.85	11892315	93399112.00
2018/09/20	7.85	7.85	7.65	7.75	9878974	76433424.00
2018/09/21	7.76	7.83	7.61	7.83	14716968	113883352.00
2018/09/25	7.77	8.05	7.77	8.02	16463425	130697872.00
2018/09/26	8.05	8.05	7.89	7.94	16435406	130916000.00
2018/09/27	8.05	8.10	7.83	7.85	10453090	83438112.00
2018/09/28	7.77	7.99	7.72	7.97	7426054	58243872.00
2018/10/08	7.79	7.91	7.70	7.72	5545141	43288272.00
2018/10/09	7.73	7.98	7.65	7.95	10009586	78352152.00
2018/10/10	7.95	8.26	7.92	8.19	13942341	113634208.00
2018/10/11	7.96	8.31	7.81	7.96	18784920	152256816.00
2018/10/12	7.90	8.27	7.85	8.23	15693964	127243040.00
2018/10/15	8.23	8.35	8.11	8.20	12312128	101242256.00
2018/10/16	8.15	8.25	8.02	8.06	8732223	70840816.00
2018/10/17	8.19	8.21	7.25	7.25	21213622	156453696.00
2018/10/18	6.94	6.98	6.53	6.53	19836304	132661296.00
2018/10/19	6.35	6.63	6.21	6.58	12940696	83398920.00
2018/10/22	6.61	6.94	6.53	6.85	23164883	157487600.00
2018/10/23	6.79	6.79	6.58	6.59	16860890	112941768.00
2018/10/24	6.56	6.68	6.55	6.58	7986053	52822500.00
2018/10/25	6.45	6.68	6.30	6.64	9279881	60352480.00
2018/10/26	6.63	6.71	6.55	6.61	7263927	48201248.00
2018/10/29	6.58	6.68	6.48	6.58	7376012	48706768.00
2018/10/30	6.57	6.75	6.51	6.75	9455052	63085108.00
2018/10/31	6.73	6.89	6.69	6.84	8779042	59756976.00
2018/11/01	6.87	6.92	6.78	6.78	9086693	62286232.00
2018/11/02	6.84	6.92	6.77	6.90	14794715	101132584.00
2018/11/05	6.86	6.95	6.73	6.84	11012311	75506496.00
2018/11/06	6.80	6.99	6.76	6.93	12120988	83684880.00
2018/11/07	6.93	7.05	6.85	6.88	10118742	70390616.00
2018/11/08	6.91	6.99	6.85	6.87	7912225	54747656.00
2018/11/09	6.85	6.88	6.75	6.77	7602778	51696084.00
2018/11/12	6.73	6.96	6.72	6.96	8826192	60759564.00
2018/11/13	6.96	7.09	6.88	7.02	14264930	99750336.00
2018/11/14	7.00	7.05	6.87	6.90	15632992	108797032.00
2018/11/15	6.89	6.96	6.84	6.95	17966389	123881152.00
2018/11/16	6.96	7.03	6.91	7.02	16137037	112638056.00
2018/11/19	7.02	7.07	6.96	7.05	11107225	77865376.00
2018/11/20	7.00	7.03	6.86	6.88	10543482	73232248.00
2018/11/21	6.80	6.87	6.75	6.84	10323042	70236448.00
2018/11/22	6.84	6.86	6.77	6.81	7803525	53219036.00
2018/11/23	6.80	6.82	6.43	6.45	15094011	99224616.00
2018/11/26	6.42	6.50	6.40	6.42	5480704	35344492.00
2018/11/27	6.46	6.50	6.41	6.44	4454958	28760570.00
2018/11/28	6.42	6.71	6.33	6.64	12920027	84590432.00
2018/11/29	6.67	6.75	6.56	6.56	13559598	90149344.00
2018/11/30	6.53	6.65	6.44	6.59	11066393	72382800.00
2018/12/03	6.60	6.76	6.59	6.72	15364314	102782768.00
2018/12/04	6.68	6.71	6.64	6.70	8816742	58908004.00
2018/12/05	6.60	6.70	6.56	6.65	7864418	52142296.00
2018/12/06	6.64	6.80	6.57	6.59	12140586	81205288.00
2018/12/07	6.61	6.75	6.55	6.71	7967223	52916332.00
2018/12/10	6.66	6.94	6.62	6.85	17725995	120654160.00
2018/12/11	6.84	6.88	6.75	6.82	11911969	81023632.00
2018/12/12	6.82	6.85	6.78	6.82	7075458	48257448.00
2018/12/13	6.85	6.91	6.79	6.85	11797586	80797928.00
2018/12/14	6.84	6.97	6.76	6.78	14230212	97975432.00
2018/12/17	6.74	6.90	6.71	6.85	10064645	68688704.00
2018/12/18	6.80	6.90	6.57	6.64	13409470	89816064.00
2018/12/19	6.65	6.73	6.57	6.64	8554803	56987760.00
2018/12/20	6.61	6.72	6.59	6.68	6286978	41797060.00
2018/12/21	6.65	6.77	6.62	6.77	6795128	45450488.00
2018/12/24	6.98	7.12	6.86	6.89	24805790	173253744.00
2018/12/25	6.72	6.81	6.55	6.68	14636688	97654496.00
2018/12/26	6.66	6.72	6.54	6.54	10038747	66413208.00
2018/12/27	6.62	6.64	6.46	6.55	10838708	71197856.00
2018/12/28	6.52	6.69	6.50	6.63	8033700	52948580.00
2019/01/02	6.67	6.70	6.52	6.54	7160611	47162152.00
2019/01/03	6.56	6.57	6.43	6.46	5858367	38163592.00
数据来源:通达信
