603393 新天然气 日线 前复权
      日期	    开盘	    最高	    最低	    收盘	    成交量	    成交额
2016/09/12	30.29	36.69	30.29	36.69	19510	736188.88
2016/09/13	40.53	40.53	40.53	40.53	5800	244934.00
2016/09/14	44.75	44.75	44.75	44.75	15300	710685.00
2016/09/19	49.40	49.40	49.40	49.40	16600	848260.00
2016/09/20	54.51	54.51	54.51	54.51	43367	2437659.00
2016/09/21	60.13	60.13	60.13	60.13	106288	6571787.00
2016/09/22	66.31	66.31	66.31	66.31	268345	18250144.00
2016/09/23	65.73	72.30	61.60	65.12	20533889	1373588608.00
2016/09/26	62.79	62.95	58.44	58.44	11097660	687265792.00
2016/09/27	56.00	57.20	53.85	56.31	10372806	593368448.00
2016/09/28	55.85	55.88	53.96	54.22	6062704	343057248.00
2016/09/29	54.15	56.84	54.10	54.78	6711260	384251904.00
2016/09/30	54.50	54.54	53.11	53.24	5376658	297165632.00
2016/10/10	53.90	55.80	53.52	55.45	5913412	336151264.00
2016/10/11	55.43	57.88	54.85	57.22	7383827	427113536.00
2016/10/12	56.25	57.79	55.91	56.32	5884266	343686080.00
2016/10/13	56.40	57.08	55.38	55.57	4009333	231230976.00
2016/10/14	55.30	55.56	54.42	54.77	3664422	206970432.00
2016/10/17	54.96	55.73	54.10	54.30	3466089	196188016.00
2016/10/18	54.09	55.30	54.00	55.30	3810819	215503936.00
2016/10/19	55.31	57.10	54.85	56.57	6752419	389034656.00
2016/10/20	56.26	56.57	55.12	55.19	4352058	249447776.00
2016/10/21	55.19	55.60	53.56	54.45	4259718	239167744.00
2016/10/24	54.18	55.16	53.80	54.96	3331199	187562480.00
2016/10/25	54.96	57.23	54.83	56.08	6620290	383370304.00
2016/10/26	56.08	56.08	54.99	55.31	3686656	210216672.00
2016/10/27	55.59	59.50	55.11	58.08	9088603	540017600.00
2016/10/28	58.19	62.29	58.09	60.77	11844638	735699392.00
2016/10/31	59.88	60.30	58.32	59.31	6245206	380559744.00
2016/11/01	59.30	63.25	58.96	61.78	7861981	499446720.00
2016/11/02	61.10	67.88	60.51	64.61	11038464	723914112.00
2016/11/03	63.78	67.50	62.34	63.17	10530151	702645184.00
2016/11/04	62.35	66.70	62.10	65.30	8562634	571045056.00
2016/11/07	65.60	67.80	64.32	66.69	6777130	458200032.00
2016/11/08	66.10	67.00	64.92	66.30	6072316	410299168.00
2016/11/09	65.80	66.88	62.60	65.17	7531477	504716032.00
2016/11/10	65.86	71.69	65.40	70.96	11949212	841225984.00
2016/11/11	70.10	73.48	69.01	69.40	9913731	721674240.00
2016/11/14	68.37	69.75	66.34	68.04	6704325	465231072.00
2016/11/15	67.80	70.40	67.30	67.94	5569056	392536416.00
2016/11/16	67.80	68.30	64.20	64.39	7024294	474038592.00
2016/11/17	63.80	64.99	63.41	64.12	3545501	233917152.00
2016/11/18	64.89	67.95	64.60	66.27	6766120	461260960.00
2016/11/21	65.83	68.65	65.38	67.86	6546012	450383712.00
2016/11/22	68.27	69.80	67.36	68.29	6267718	439270496.00
2016/11/23	67.30	67.99	65.90	66.31	4208174	289090560.00
2016/11/24	66.18	66.98	64.30	65.13	3933628	264800800.00
2016/11/25	64.81	65.13	62.32	64.72	3864039	252741776.00
2016/11/28	64.60	65.24	62.80	62.93	2929937	191618400.00
2016/11/29	62.98	63.95	60.80	61.09	3913613	249800032.00
2016/11/30	60.58	61.00	59.60	60.54	2437629	151237008.00
2016/12/01	61.20	62.10	61.05	61.82	3062629	193980800.00
2016/12/02	61.80	61.80	58.70	58.79	3586305	221019520.00
2016/12/05	57.89	59.65	56.86	58.78	1830027	110482000.00
2016/12/06	59.48	60.59	59.48	59.64	2543266	157132512.00
2016/12/07	60.00	60.09	58.75	59.98	1768143	108085216.00
2016/12/08	60.00	60.13	58.71	58.78	1761841	107402784.00
2016/12/09	58.80	59.17	57.30	57.58	2061236	122981416.00
2016/12/12	57.78	57.78	53.18	53.52	3179035	180535792.00
2016/12/13	53.40	55.10	53.30	54.84	2230958	124899264.00
2016/12/14	54.50	54.91	53.70	53.96	1763916	98777512.00
2016/12/15	53.70	55.52	53.70	54.99	2086431	117926824.00
2016/12/16	54.92	55.58	54.57	55.44	2008564	114201472.00
2016/12/19	55.18	55.49	54.30	54.59	1407443	79471520.00
2016/12/20	54.62	55.03	54.22	54.79	1156824	65108368.00
2016/12/21	54.98	55.62	54.64	55.59	1809781	102817264.00
2016/12/22	55.75	55.75	54.91	55.48	1630250	93029944.00
2016/12/23	55.42	55.42	53.40	53.51	1870632	104636704.00
2016/12/26	53.30	53.62	51.60	53.38	1740507	94360096.00
2016/12/27	53.32	53.70	53.15	53.21	1066973	58737432.00
2016/12/28	53.24	53.40	52.33	52.36	903062	49201876.00
2016/12/29	52.36	52.74	52.10	52.11	847598	45873232.00
2016/12/30	52.28	52.40	51.16	51.30	1296098	69137784.00
2017/01/03	51.44	52.30	51.44	52.20	917802	49232668.00
2017/01/04	52.19	52.64	51.70	52.63	1351273	72979976.00
2017/01/05	52.62	52.84	52.00	52.09	1096143	59319004.00
2017/01/06	52.08	52.08	49.70	49.88	2058383	107887016.00
2017/01/09	49.69	49.69	48.50	49.21	1530126	77709064.00
2017/01/10	49.10	49.73	48.85	48.94	990908	50544272.00
2017/01/11	49.01	49.30	47.19	47.24	1653013	82559960.00
2017/01/12	47.26	47.80	45.70	46.31	1753834	84948136.00
2017/01/13	46.12	46.50	44.31	44.55	1989814	93302064.00
2017/01/16	44.75	44.75	40.50	41.97	2159792	95729376.00
2017/01/17	41.88	44.27	40.90	43.79	2255660	100233672.00
2017/01/18	43.60	43.60	42.37	42.42	1217930	54408696.00
2017/01/19	42.42	43.71	41.35	43.07	1668753	74466760.00
2017/01/20	42.88	44.55	42.36	44.18	1917454	87501232.00
2017/01/23	44.18	44.58	44.00	44.16	1420876	65309480.00
2017/01/24	44.03	44.14	43.06	43.18	1137849	51358204.00
2017/01/25	43.17	43.84	42.83	43.81	988179	44722700.00
2017/01/26	43.81	44.08	43.53	43.93	896474	40808108.00
2017/02/03	43.97	44.26	43.60	44.00	722508	32930234.00
2017/02/06	44.02	45.55	44.02	45.43	1563836	72837280.00
2017/02/07	45.03	45.27	44.42	44.70	1183521	55076136.00
2017/02/08	44.59	45.38	44.46	45.28	1226946	57367844.00
2017/02/09	45.05	46.38	45.01	45.78	1857695	88442168.00
2017/02/10	45.95	50.53	45.41	50.53	7331607	377250208.00
2017/02/13	50.41	50.78	48.80	50.06	5738849	294472096.00
2017/02/14	49.76	51.05	49.10	50.50	3911328	202989600.00
2017/02/15	50.08	52.60	49.60	49.69	4752359	250920048.00
2017/02/16	49.13	49.57	48.53	49.01	2582253	130790768.00
2017/02/17	48.66	49.69	48.10	48.14	2200700	111298336.00
2017/02/20	47.80	48.39	46.65	47.69	2038053	99662936.00
2017/02/21	47.56	48.66	47.40	48.45	1470325	73447824.00
2017/02/22	48.51	49.70	48.32	48.47	1850500	93765160.00
2017/02/23	48.47	49.00	47.42	48.84	1954533	97632480.00
2017/02/24	49.70	49.85	48.76	49.32	1908733	97210888.00
2017/02/27	48.90	49.47	48.20	48.36	1658883	83754480.00
2017/02/28	48.37	48.80	48.18	48.56	1254663	62869684.00
2017/03/01	48.34	49.00	48.28	48.43	1613763	81159432.00
2017/03/02	48.45	48.63	47.94	48.37	1442583	72068432.00
2017/03/03	48.26	48.26	47.36	47.77	1424822	70317392.00
2017/03/06	47.71	48.89	47.55	48.77	1529200	76615152.00
2017/03/07	48.82	52.05	48.82	50.46	3952543	207678416.00
2017/03/08	49.83	51.80	49.82	51.34	3541550	186479584.00
2017/03/09	51.00	51.26	49.81	50.10	2377775	124033896.00
2017/03/10	49.95	50.25	49.20	49.74	1975603	101366392.00
2017/03/13	49.66	50.13	48.61	50.08	1800044	92132160.00
2017/03/14	49.91	50.80	49.80	49.98	1875429	97486304.00
2017/03/15	49.95	49.95	49.06	49.23	1608785	82007992.00
2017/03/16	49.26	50.63	49.25	50.58	2592413	134479904.00
2017/03/17	50.68	51.10	49.65	49.70	2786383	144789472.00
2017/03/20	49.50	50.75	49.35	50.71	1900678	98604656.00
2017/03/21	50.68	51.20	50.41	51.06	2265721	119000400.00
2017/03/22	50.90	51.06	50.16	50.98	2270778	118878056.00
2017/03/23	50.93	53.18	50.80	52.28	5947115	320700768.00
2017/03/24	51.70	53.30	51.70	52.88	3924337	213695488.00
2017/03/27	53.30	53.85	52.00	52.20	2631046	142896320.00
2017/03/28	51.87	54.27	51.17	52.60	3642345	197984240.00
2017/03/29	51.77	52.21	49.30	49.34	3494563	182266112.00
2017/03/30	48.42	49.17	47.15	47.58	2575190	127764456.00
2017/03/31	47.66	48.28	46.81	47.60	1331333	65614556.00
2017/04/05	46.66	47.96	45.47	47.62	2027732	98155344.00
2017/04/06	47.32	47.98	46.80	47.32	1643857	80851504.00
2017/04/07	47.32	47.32	46.00	46.11	1809563	87110144.00
2017/04/10	46.12	46.12	43.20	43.26	2591007	119405528.00
2017/04/11	43.30	44.25	43.18	44.19	1554501	70689544.00
2017/04/12	43.70	44.10	43.30	43.45	1451890	65777928.00
2017/04/13	43.53	44.20	43.53	43.79	912372	41619808.00
2017/04/14	43.98	43.98	43.32	43.49	733289	33229366.00
2017/04/17	43.28	43.28	41.86	42.24	1101215	48310948.00
2017/04/18	42.24	42.78	42.10	42.24	679391	30034446.00
2017/04/19	42.24	43.75	41.65	43.59	1361402	60475644.00
2017/04/20	43.52	43.97	42.83	43.32	1137749	51249836.00
2017/04/21	43.35	43.91	43.20	43.56	815260	36881276.00
2017/04/24	43.65	43.80	42.35	42.71	732516	32672016.00
2017/04/25	42.82	43.79	42.82	43.44	953182	43052912.00
2017/04/26	43.51	43.81	43.19	43.65	1028655	46565512.00
2017/04/27	43.65	44.50	42.42	44.39	1774867	80491384.00
2017/04/28	44.19	44.72	44.05	44.55	1222775	56369360.00
2017/05/02	44.56	44.59	43.95	44.08	817978	37531800.00
2017/05/03	44.00	45.04	43.90	45.01	1456253	67396416.00
2017/05/04	44.79	44.79	43.98	44.29	1097180	50679364.00
2017/05/05	43.74	44.28	42.60	42.70	1246147	56261424.00
2017/05/08	42.35	42.57	40.96	40.99	1130650	49167520.00
2017/05/09	41.02	41.95	41.00	41.66	633398	27373798.00
2017/05/10	41.67	42.10	41.09	41.10	737600	31914716.00
2017/05/11	41.10	42.03	39.98	41.99	949379	40499032.00
2017/05/12	41.56	42.05	41.20	41.87	735463	31893564.00
2017/05/15	41.97	41.98	41.17	41.26	656300	27776204.00
2017/05/16	41.28	41.98	40.30	41.95	1110810	46734196.00
2017/05/17	41.83	42.46	41.77	42.05	973057	41926508.00
2017/05/18	41.54	43.10	41.35	42.33	1486191	64322384.00
2017/05/19	42.33	45.46	41.92	44.53	3601168	162786528.00
2017/05/22	44.00	44.28	42.01	42.08	2323505	102881712.00
2017/05/23	41.50	41.50	39.01	39.08	2106957	86782968.00
2017/05/24	39.35	39.36	38.00	39.10	1016612	40453716.00
2017/05/25	38.99	39.25	38.01	39.08	1012889	40320012.00
2017/05/26	39.09	39.60	38.59	39.25	1006706	40418476.00
2017/05/31	40.05	40.48	38.50	38.78	1142400	46593072.00
2017/06/01	38.39	38.68	37.00	37.05	1381700	53575232.00
2017/06/02	36.90	38.58	36.72	37.99	999200	38532576.00
2017/06/05	38.15	38.87	38.07	38.38	825985	32592514.00
2017/06/06	38.12	38.70	38.12	38.51	537154	21177336.00
2017/06/07	38.53	39.66	38.30	39.40	1369388	55013576.00
2017/06/08	39.39	39.59	38.90	39.07	963480	38691348.00
2017/06/09	38.99	39.19	38.51	38.77	858788	34139388.00
2017/06/12	38.49	38.49	37.40	37.51	952288	37002896.00
2017/06/13	37.54	38.49	37.54	38.18	758518	29691868.00
2017/06/14	38.18	38.64	37.85	38.63	1067267	41901756.00
2017/06/15	38.48	39.35	38.42	39.26	1389006	55648716.00
2017/06/16	39.10	39.27	38.71	38.88	798632	31836160.00
2017/06/19	38.97	39.20	38.76	39.08	699200	27927144.00
2017/06/20	39.15	39.25	38.89	38.95	807300	32358068.00
2017/06/21	39.01	39.77	38.70	39.30	1585787	63857632.00
2017/06/22	39.08	39.18	37.89	37.94	1262100	50061504.00
2017/06/23	38.00	38.28	37.47	38.02	790083	30658278.00
2017/06/26	37.88	38.41	37.76	38.37	668800	26219580.00
2017/06/27	38.40	38.65	38.18	38.38	678300	26746660.00
2017/06/28	38.40	38.40	37.77	37.84	692300	26941128.00
2017/06/29	37.84	38.46	37.84	38.22	534846	20955556.00
2017/06/30	38.22	38.47	37.89	38.42	654407	25700692.00
2017/07/03	38.43	39.12	38.31	39.01	1052807	41923160.00
2017/07/04	38.97	39.15	38.72	38.98	756770	30172086.00
2017/07/05	39.18	39.76	39.18	39.40	1226500	49580112.00
2017/07/06	39.40	39.46	38.71	39.03	988523	39663288.00
2017/07/07	39.20	39.94	39.09	39.78	1645414	66842844.00
2017/07/10	39.49	39.54	38.85	38.92	1169123	46869040.00
2017/07/11	38.91	39.03	38.20	38.21	809792	32099820.00
2017/07/12	38.21	38.45	37.60	38.25	734101	28584692.00
2017/07/13	38.30	38.52	37.91	38.03	658076	25815628.00
2017/07/14	38.27	38.27	37.72	37.90	506300	19726844.00
2017/07/17	37.91	37.92	35.04	35.12	1334200	49219300.00
2017/07/18	34.22	35.55	34.22	35.40	701572	25346806.00
2017/07/19	35.47	35.66	35.15	35.61	577500	21024472.00
2017/07/20	35.61	35.99	35.39	35.46	644992	23657492.00
2017/07/21	35.46	37.80	35.10	36.99	1576632	59018908.00
2017/07/24	36.25	36.90	36.03	36.56	861232	32231620.00
2017/07/25	36.57	36.87	36.28	36.53	613445	23040832.00
2017/07/26	36.40	36.71	35.81	35.99	592326	22057454.00
2017/07/27	35.98	37.00	35.82	36.82	910977	34243716.00
2017/07/28	36.59	36.81	36.27	36.30	675300	25311236.00
2017/07/31	36.26	36.56	36.10	36.27	662483	24752382.00
2017/08/01	36.45	36.45	36.19	36.34	638692	23801852.00
2017/08/02	36.35	36.35	35.60	35.61	718704	26541550.00
2017/08/03	35.60	36.34	35.41	35.79	535797	19756442.00
2017/08/04	35.98	36.39	35.80	35.94	558301	20676198.00
2017/08/07	35.68	36.19	35.68	36.16	537818	19902248.00
2017/08/08	35.97	36.10	35.73	35.88	492200	18151536.00
2017/08/09	35.99	36.17	35.70	35.99	428500	15858055.00
2017/08/10	35.93	36.69	35.93	36.65	1471772	55069584.00
2017/08/11	36.48	36.48	35.70	35.72	987600	36589304.00
2017/08/14	35.56	36.08	35.56	35.96	572255	21119552.00
2017/08/15	36.00	36.49	35.92	36.22	659208	24490982.00
2017/08/16	36.29	36.64	36.15	36.58	1066924	39979284.00
2017/08/17	36.58	36.61	36.22	36.58	862916	32284126.00
2017/08/18	36.40	36.72	36.25	36.51	777909	29137722.00
2017/08/21	36.42	37.05	36.42	36.91	1117984	42308032.00
2017/08/22	36.92	37.05	36.72	37.04	760412	28795868.00
2017/08/23	36.92	38.88	36.92	37.94	2550842	99920128.00
2017/08/24	37.55	37.92	37.11	37.36	1348592	51719852.00
2017/08/25	37.12	37.58	36.83	37.29	1424042	54325828.00
2017/08/28	37.25	38.20	37.25	37.93	1368105	53060820.00
2017/08/29	37.94	39.58	37.65	39.01	3216384	128010072.00
2017/08/30	38.51	38.95	38.22	38.30	1614292	63698812.00
2017/08/31	38.30	38.78	38.20	38.74	1289092	50977408.00
2017/09/01	38.73	38.73	38.20	38.26	1268500	49942496.00
2017/09/04	38.26	38.38	37.50	37.65	1383728	53661440.00
2017/09/05	37.74	38.27	37.62	38.09	878603	34202040.00
2017/09/06	38.00	38.00	37.40	37.77	864192	33386466.00
2017/09/07	37.53	38.01	37.52	37.60	1039301	40372560.00
2017/09/08	37.61	37.85	37.41	37.54	870392	33591700.00
2017/09/11	37.25	37.81	37.25	37.79	994176	38417296.00
2017/09/12	37.75	38.17	37.53	37.86	1215627	47210116.00
2017/09/13	37.86	37.94	37.35	37.85	704291	27213124.00
2017/09/14	37.99	38.24	37.60	37.90	922705	35976476.00
2017/09/15	37.68	37.81	37.41	37.47	671700	25920518.00
2017/09/18	37.47	37.70	37.40	37.55	484844	18696136.00
2017/09/19	37.58	37.85	37.50	37.60	616251	23847406.00
2017/09/20	36.80	36.80	35.16	36.05	3193332	117514264.00
2017/09/21	35.80	35.92	35.63	35.71	1386469	50967844.00
2017/09/22	35.72	35.79	35.38	35.70	733089	26838590.00
2017/09/25	35.69	35.90	35.54	35.69	779550	28658650.00
2017/09/26	35.59	35.75	35.23	35.43	672475	24556920.00
2017/09/27	35.43	36.12	35.30	35.81	773080	28427538.00
2017/09/28	35.75	37.00	35.68	35.98	1506500	56319404.00
2017/09/29	36.02	36.32	35.83	36.09	779078	28813382.00
2017/10/09	36.83	36.83	36.21	36.30	605295	22630998.00
2017/10/10	36.28	36.83	36.05	36.78	740875	27811236.00
2017/10/11	36.79	36.85	36.40	36.51	670750	25215312.00
2017/10/12	36.51	36.98	36.42	36.72	562475	21205304.00
2017/10/13	37.00	37.09	36.71	36.96	826676	31337506.00
2017/10/16	36.96	36.98	36.08	36.11	899400	33656408.00
2017/10/17	36.15	38.50	36.10	36.95	1722034	66059044.00
2017/10/18	36.58	37.58	36.58	36.69	1127075	42842504.00
2017/10/19	36.70	36.93	35.60	35.73	1372255	50783080.00
2017/10/20	35.66	35.88	35.46	35.77	1444200	52888400.00
2017/10/23	35.77	36.14	35.70	36.00	866200	32011350.00
2017/10/24	36.10	36.10	35.58	35.77	622700	22864008.00
2017/10/25	35.77	36.17	35.70	36.13	897894	33245932.00
2017/10/26	36.10	36.50	36.01	36.46	1079298	40255736.00
2017/10/27	36.51	36.63	36.18	36.41	1031057	38551572.00
2017/10/30	36.50	36.55	35.21	35.49	1101263	40296240.00
2017/10/31	35.50	36.45	35.35	36.02	1121701	41459240.00
2017/11/01	36.03	36.18	35.83	36.03	908280	33617600.00
2017/11/02	36.14	36.97	36.14	36.81	2669909	100592816.00
2017/11/03	36.70	37.09	36.28	36.56	1641854	61672324.00
2017/11/06	36.65	37.20	36.65	37.02	1564915	59373688.00
2017/11/07	36.90	37.31	36.65	37.30	1708846	64963644.00
2017/11/08	37.27	37.92	37.10	37.22	2288854	88098248.00
2017/11/09	37.02	37.30	36.71	37.22	1447814	54976444.00
2017/11/10	37.30	37.40	36.85	36.99	1163600	44204464.00
2017/11/13	37.05	37.14	36.53	36.89	1163240	43880040.00
2017/11/14	36.89	36.93	36.21	36.35	964055	36115840.00
2017/11/15	36.10	36.40	35.68	35.81	992120	36660304.00
2017/11/16	35.78	36.12	35.60	35.69	698054	25713262.00
2017/11/17	35.69	35.79	34.32	34.49	1431983	51365160.00
2017/11/20	34.46	34.70	33.65	34.56	855667	30045808.00
2017/11/21	34.40	34.68	33.99	34.33	614302	21749502.00
2017/11/22	34.31	34.58	34.16	34.36	496692	17579134.00
2017/11/23	34.25	34.41	34.00	34.04	592100	20800980.00
2017/11/24	34.04	34.31	33.68	34.17	515797	18081128.00
2017/11/27	33.98	34.55	33.91	33.99	473676	16642982.00
2017/11/28	34.08	34.75	34.08	34.74	728042	25810172.00
2017/11/29	34.91	35.46	34.91	35.15	1272820	46043792.00
2017/11/30	35.00	37.20	34.61	36.51	2471437	91211024.00
2017/12/01	36.09	36.30	35.67	35.88	1638372	60508860.00
2017/12/04	35.96	37.16	35.95	36.04	2220465	83262960.00
2017/12/05	36.06	36.19	34.08	34.21	1687600	60922992.00
2017/12/06	34.19	34.66	33.86	34.63	1098168	38669524.00
2017/12/07	34.53	34.70	34.10	34.27	699003	24706168.00
2017/12/08	34.27	35.28	34.27	34.98	1173700	42140808.00
2017/12/11	35.04	35.86	34.99	35.39	1207383	44046404.00
2017/12/12	35.21	35.42	34.34	34.44	971475	34792120.00
2017/12/13	34.31	35.08	34.31	35.05	810150	29056240.00
2017/12/14	35.09	38.50	35.07	38.14	7731140	297659968.00
2017/12/15	37.80	37.97	37.05	37.49	5084079	195696944.00
2017/12/18	37.30	38.80	36.65	38.30	4474021	173233936.00
2017/12/19	37.89	38.89	37.71	38.35	3914949	154128080.00
2017/12/20	38.55	40.52	38.38	38.55	7308244	295761440.00
2017/12/21	38.19	39.80	37.10	38.99	6280000	250087776.00
2017/12/22	38.99	42.31	38.26	41.29	11370571	473537248.00
2017/12/25	40.58	42.14	39.72	40.14	8059090	337253216.00
2017/12/26	39.57	41.87	38.51	40.58	7851795	322884320.00
2017/12/27	39.99	40.55	38.01	38.35	6070822	245558896.00
2017/12/28	37.80	37.80	36.45	36.73	5016681	190481392.00
2017/12/29	36.35	37.11	36.32	36.62	2398862	90624080.00
2018/01/02	36.62	37.75	36.42	37.25	2783901	106546080.00
2018/01/03	37.10	37.65	36.80	37.31	3059810	116759312.00
2018/01/04	37.01	37.29	36.59	36.78	2589700	98112784.00
2018/01/05	36.80	37.37	36.80	36.98	2090989	79565512.00
2018/01/08	36.84	36.88	35.76	36.04	2918999	108491352.00
2018/01/09	35.90	36.67	35.76	36.42	2220924	82888256.00
2018/01/10	36.21	37.95	36.07	37.82	6187053	237079920.00
2018/01/11	37.39	37.79	36.99	37.04	3788694	144965904.00
2018/01/12	37.00	37.12	36.01	36.09	2568055	95987712.00
2018/01/15	35.98	37.78	35.80	36.70	4254000	161952832.00
2018/01/16	36.10	37.59	36.10	37.54	4192033	160281648.00
2018/01/17	37.38	37.38	35.87	36.07	3769672	140443376.00
2018/01/18	36.07	36.28	35.10	35.13	3447700	125569472.00
2018/01/19	35.08	35.45	34.95	35.09	1854600	67004240.00
2018/01/22	35.40	35.50	34.81	35.18	1235285	44573876.00
2018/01/23	35.05	35.22	34.95	35.08	1044800	37648012.00
2018/01/24	35.15	36.37	35.15	35.73	2721501	100148664.00
2018/01/25	35.50	35.66	35.21	35.32	1750561	63657020.00
2018/01/26	35.32	35.53	35.23	35.27	1148604	41762852.00
2018/01/29	35.29	35.79	35.13	35.45	1367734	49843744.00
2018/01/30	35.25	35.40	34.71	34.93	1492701	53629644.00
2018/01/31	34.93	34.93	33.65	33.91	1363054	47973124.00
2018/02/01	34.00	34.19	32.51	32.54	1260885	43279360.00
2018/02/02	32.04	33.49	32.04	33.14	973500	33135360.00
2018/02/05	32.41	33.49	32.40	32.67	664300	22496170.00
2018/02/06	32.42	32.60	29.80	29.96	1424100	46537196.00
2018/02/07	31.10	31.40	29.40	30.19	1001900	31434726.00
2018/02/08	31.00	31.00	29.90	30.75	574000	18162250.00
2018/02/09	29.91	30.19	29.00	29.52	937536	28677792.00
2018/02/12	29.80	30.52	29.65	30.35	673015	21023930.00
2018/02/13	30.40	30.79	30.23	30.36	444289	13986604.00
2018/02/14	30.38	30.70	30.10	30.31	329177	10287506.00
2018/02/22	31.00	31.00	30.45	30.60	505600	15995587.00
2018/02/23	30.60	31.87	30.35	31.39	1188555	38514148.00
2018/05/29	34.63	34.63	34.63	34.63	319300	11376659.00
2018/05/30	37.00	38.19	36.21	37.82	11514450	445297440.00
2018/05/31	36.00	37.80	35.57	36.77	6721663	252429328.00
2018/06/01	36.00	39.25	35.50	37.59	7194550	279669344.00
2018/06/04	37.44	37.74	35.90	36.01	4193129	158085424.00
2018/06/05	36.10	36.78	35.70	36.75	3432268	127832120.00
2018/06/06	36.40	38.18	35.91	37.18	4873800	185728512.00
2018/06/07	36.95	38.55	36.85	37.48	4757026	183957936.00
2018/06/08	37.60	37.66	36.39	37.23	2795361	106316504.00
2018/06/11	37.33	37.38	36.50	36.72	1785861	67595976.00
2018/06/12	36.60	39.77	35.92	38.57	4984200	193124512.00
2018/06/13	38.00	38.25	36.81	36.85	2842651	109239736.00
2018/06/14	36.60	37.46	36.57	37.08	1810221	68976616.00
2018/06/15	37.76	37.76	36.34	36.81	1839336	69841488.00
2018/06/19	36.03	36.68	33.03	33.05	3293165	118176008.00
2018/06/20	33.13	35.55	33.09	35.45	2700920	95167832.00
2018/06/21	35.15	35.38	33.89	34.41	2145462	76248536.00
2018/06/22	34.11	34.11	32.10	33.33	1718284	57293772.00
2018/06/25	33.59	34.40	33.35	33.54	1278600	43184180.00
2018/06/26	33.00	33.98	31.50	33.47	1492000	49783808.00
2018/06/27	33.82	34.80	33.10	33.33	1610558	54605028.00
2018/06/28	33.60	34.15	30.79	31.18	3299758	105907768.00
2018/06/29	32.20	34.18	32.00	33.88	3531600	116767776.00
2018/07/02	33.87	35.00	33.18	33.80	3178000	108656616.00
2018/07/03	34.32	34.50	33.10	33.98	2476700	83527040.00
2018/07/04	33.87	34.46	32.89	33.08	1973236	66437440.00
2018/07/05	33.29	33.47	32.12	32.34	1501200	49257232.00
2018/07/06	31.86	33.06	31.40	32.54	1734072	56006736.00
2018/07/09	32.55	33.49	32.10	33.41	1800508	59653960.00
2018/07/10	33.75	34.20	33.21	33.72	1884500	63502592.00
2018/07/11	33.34	33.35	31.59	32.37	2564736	82875312.00
2018/07/12	32.40	33.30	31.85	33.05	2022200	66216644.00
2018/07/13	32.90	33.29	32.50	32.94	1261436	41348120.00
2018/07/16	32.95	33.20	32.51	32.94	979600	32210274.00
2018/07/17	32.82	32.92	32.41	32.74	1088700	35451936.00
2018/07/18	32.60	32.97	32.56	32.60	940794	30822824.00
2018/07/19	32.01	32.64	31.98	32.18	814300	26252864.00
2018/07/20	32.66	33.98	32.49	33.97	3140094	105354368.00
2018/07/23	33.68	34.13	33.37	33.88	1857058	62574456.00
2018/07/24	33.74	34.34	33.58	34.18	1984616	67485232.00
2018/07/25	34.55	35.24	34.37	34.46	2309458	80491280.00
2018/07/26	34.30	35.31	33.30	34.80	2393129	81736712.00
2018/07/27	34.44	35.03	33.50	34.92	2358885	81044544.00
2018/07/30	34.50	34.68	33.30	33.91	2240751	75690672.00
2018/07/31	33.31	33.93	30.68	33.68	2768300	90799656.00
2018/08/01	33.16	34.75	32.90	33.13	1823958	61848984.00
2018/08/02	32.82	34.19	31.82	34.00	2363658	77793600.00
2018/08/03	34.25	35.37	34.25	35.06	4559003	159598032.00
2018/08/06	34.58	35.35	33.89	34.03	2264069	78185696.00
2018/08/07	34.30	37.43	34.11	37.43	6141433	221874048.00
2018/08/08	37.49	39.87	36.60	36.72	8463998	319616416.00
2018/08/09	36.00	37.43	35.80	36.77	5113845	187064432.00
2018/08/10	36.60	38.48	36.33	37.01	4493405	167756592.00
2018/08/13	37.00	37.88	36.16	37.71	3211490	120113464.00
2018/08/14	37.30	39.08	37.28	38.57	3794394	145839216.00
2018/08/15	38.19	38.38	37.70	38.11	2494001	94816312.00
2018/08/16	37.45	37.50	36.33	36.43	2403000	88809384.00
2018/08/17	37.00	37.39	35.56	35.75	2751500	99822744.00
2018/08/20	35.65	36.58	34.92	35.73	2120611	75482104.00
2018/08/21	35.78	36.78	35.55	36.65	2427926	87826752.00
2018/08/22	36.60	37.29	35.95	36.99	2807711	103002592.00
2018/08/23	36.80	38.50	36.77	38.17	3859892	146468448.00
2018/08/24	36.39	37.16	35.00	35.59	5215329	187971648.00
2018/08/27	35.63	36.33	35.00	36.00	2968451	106588712.00
2018/08/28	35.81	36.27	35.65	36.00	1403753	50535208.00
2018/08/29	36.06	36.10	35.10	35.15	1941800	69271208.00
2018/08/30	35.40	35.98	35.34	35.57	2214678	79156856.00
2018/08/31	35.96	35.98	35.05	35.50	1459900	51936312.00
2018/09/03	35.40	35.65	34.20	34.62	2034110	70817184.00
2018/09/04	34.60	34.87	33.76	34.36	1909107	65411120.00
2018/09/05	34.25	34.25	33.58	33.58	1731848	58538312.00
2018/09/06	33.88	35.61	33.88	34.91	2847573	99413664.00
2018/09/07	35.06	36.08	34.71	36.08	4041785	143999680.00
2018/09/10	37.01	38.16	36.70	36.93	4587282	171978480.00
2018/09/11	37.10	37.76	36.00	37.17	3139800	115830552.00
2018/09/12	37.19	38.26	36.58	37.09	2580286	96662720.00
2018/09/13	37.09	38.33	36.78	38.00	3784107	143164208.00
2018/09/14	37.76	38.77	36.89	36.99	3615276	137056720.00
2018/09/17	37.04	38.94	37.01	38.49	5296621	203232432.00
2018/09/18	38.34	38.70	37.30	38.11	3034856	115294680.00
2018/09/19	37.44	39.01	37.39	38.66	3321399	127923312.00
2018/09/20	37.92	38.36	37.56	38.25	2419100	91888960.00
2018/09/21	37.91	39.36	37.43	39.05	3986046	153232720.00
2018/09/25	39.06	39.87	38.57	39.15	3213382	126542952.00
2018/09/26	39.05	41.60	38.37	40.60	4486270	181450352.00
2018/09/27	40.49	41.02	39.92	40.76	3040232	123297664.00
2018/09/28	40.87	41.20	40.22	40.77	2119128	86282960.00
2018/10/08	40.02	41.90	39.40	39.89	3265957	132016584.00
2018/10/09	39.69	42.24	39.62	42.11	3983309	162480208.00
2018/10/10	41.94	44.30	41.02	41.79	4894142	207865696.00
2018/10/11	40.25	42.02	39.51	40.32	4470981	180297776.00
2018/10/12	40.19	40.88	38.27	40.09	3049668	121153712.00
2018/10/15	39.89	40.07	38.33	38.80	2655786	103848016.00
2018/10/16	38.88	40.16	38.56	39.39	2719412	107462808.00
2018/10/17	39.74	39.89	37.45	38.15	3342506	128805376.00
2018/10/18	37.55	38.18	36.60	36.70	2030010	75531024.00
2018/10/19	36.30	37.69	36.08	37.40	1519651	56066144.00
2018/10/22	37.95	39.88	37.04	39.12	3161148	122352784.00
2018/10/23	39.10	39.74	38.21	38.46	1798098	69701360.00
2018/10/24	38.33	38.56	37.38	38.06	1797288	68278560.00
2018/10/25	36.20	37.50	35.92	37.25	2052515	75413608.00
2018/10/26	37.30	38.15	37.30	37.60	1092767	41153008.00
2018/10/29	37.65	37.76	36.40	36.65	978385	35998812.00
2018/10/30	36.63	36.77	35.22	35.70	1646510	58912072.00
2018/10/31	35.89	37.30	35.74	37.08	1635129	59900648.00
2018/11/01	37.09	37.78	36.87	36.99	1498780	55890384.00
2018/11/02	37.20	37.50	36.22	37.29	2471400	91394848.00
2018/11/05	37.60	40.23	37.32	39.91	4063952	156702944.00
2018/11/06	39.22	40.39	38.76	39.18	3747400	147620752.00
2018/11/07	38.70	39.50	38.31	38.88	2431311	94069176.00
2018/11/08	38.80	39.15	38.32	38.52	1765380	68394624.00
2018/11/09	38.60	38.79	38.21	38.21	1175595	45268240.00
2018/11/12	38.52	39.49	38.18	39.37	2648090	103781024.00
2018/11/13	39.18	39.98	38.60	39.80	2734888	107797416.00
2018/11/14	39.85	40.32	38.30	38.62	4237986	164891984.00
2018/11/15	39.56	39.79	38.85	39.33	3454008	136196144.00
2018/11/16	38.78	38.78	37.67	38.21	4077061	155715968.00
2018/11/19	38.25	38.36	37.81	38.10	1874282	71290632.00
2018/11/20	37.95	37.95	37.08	37.16	1898284	71147968.00
2018/11/21	36.72	37.08	36.56	36.78	2363510	86974016.00
2018/11/22	36.96	37.89	36.93	37.49	2286991	85739456.00
2018/11/23	37.50	37.50	36.24	36.30	1702218	62573328.00
2018/11/26	36.59	36.77	32.67	35.20	4027874	138215104.00
2018/11/27	34.67	35.12	34.01	34.19	1318655	45352452.00
2018/11/28	34.15	34.38	33.55	34.27	1329258	45158032.00
2018/11/29	34.50	34.60	32.98	33.59	2237940	75325664.00
2018/11/30	33.13	33.58	32.80	33.01	1919159	63430520.00
2018/12/03	33.52	34.10	33.11	33.91	2350591	79197728.00
2018/12/04	33.80	35.80	33.77	35.15	2702248	93701544.00
2018/12/05	34.52	34.86	34.31	34.55	1529838	52845416.00
2018/12/06	34.70	34.95	34.28	34.44	1623349	56316928.00
2018/12/07	34.30	34.84	34.02	34.80	1240129	42930536.00
2018/12/10	34.60	35.56	34.51	34.67	1578422	55388056.00
2018/12/11	34.60	34.75	33.91	34.19	1259527	43138580.00
2018/12/12	34.19	34.45	33.95	34.22	814478	27840918.00
2018/12/13	34.49	35.35	34.42	34.87	2595986	91084888.00
2018/12/14	34.61	35.23	34.60	34.85	1599103	55927104.00
2018/12/17	34.47	34.49	33.36	33.79	1396540	47203488.00
2018/12/18	33.45	34.09	33.45	33.86	1029513	34747948.00
2018/12/19	33.76	33.93	32.61	32.81	1469945	48742368.00
2018/12/20	32.79	33.17	32.53	32.68	1115370	36521200.00
2018/12/21	32.70	32.99	32.11	32.86	1136543	37064772.00
2018/12/24	32.68	33.08	32.59	32.92	891779	29326376.00
2018/12/25	32.40	32.58	30.90	31.78	1640979	51898696.00
2018/12/26	31.78	31.91	31.51	31.52	679643	21545880.00
2018/12/27	32.02	32.30	31.35	31.35	939966	29953924.00
2018/12/28	31.60	31.85	30.31	30.50	1072200	32889500.00
2019/01/02	30.47	30.74	30.11	30.55	593700	18043920.00
2019/01/03	30.70	30.70	30.00	30.19	902542	27338522.00
数据来源:通达信
