603258 电魂网络 日线 前复权
      日期	    开盘	    最高	    最低	    收盘	    成交量	    成交额
2016/10/26	21.87	21.87	21.87	21.87	32416	729035.81
2016/10/27	24.12	24.12	24.12	24.12	4900	121226.00
2016/10/28	26.59	26.59	26.59	26.59	8824	240101.05
2016/10/31	29.31	29.31	29.31	29.31	8711	260720.23
2016/11/01	32.30	32.30	32.30	32.30	14700	483924.00
2016/11/02	35.59	35.59	35.59	35.59	18750	678937.50
2016/11/03	39.21	39.21	39.21	39.21	18700	744821.00
2016/11/04	43.19	43.19	43.19	43.19	32266	1413573.50
2016/11/07	47.57	47.57	47.57	47.57	46772	2253942.75
2016/11/08	52.39	52.39	52.39	52.39	61200	3244212.00
2016/11/09	57.69	57.69	57.69	57.69	115948	6760928.00
2016/11/10	63.52	63.52	63.52	63.52	88500	5676390.00
2016/11/11	69.93	69.93	69.93	69.93	379076	26743812.00
2016/11/14	76.99	76.99	76.99	76.99	302183	23452422.00
2016/11/15	81.98	84.75	77.49	84.75	32134535	2660290816.00
2016/11/16	83.33	84.26	79.39	80.13	23657706	1945725952.00
2016/11/17	78.41	88.21	78.08	86.91	29562179	2565878272.00
2016/11/18	84.38	86.67	82.97	83.33	18276142	1548534784.00
2016/11/21	82.03	82.36	78.26	80.36	13983271	1128870656.00
2016/11/22	80.58	83.88	80.26	81.46	12924425	1066916544.00
2016/11/23	80.78	88.26	79.95	84.29	17338558	1479490432.00
2016/11/24	82.88	84.48	80.96	83.37	12267641	1017036800.00
2016/11/25	82.59	88.12	81.04	85.91	15474484	1321901056.00
2016/11/28	85.38	86.18	80.89	81.28	12377836	1033938496.00
2016/11/29	80.37	80.85	77.18	77.21	11628458	923062976.00
2016/11/30	76.37	77.03	74.74	76.43	5776451	442884416.00
2016/12/01	76.86	78.39	76.49	77.30	5371510	419137792.00
2016/12/02	77.08	77.08	72.75	72.82	7091201	534997792.00
2016/12/05	70.89	73.36	70.54	70.83	4178348	302269088.00
2016/12/06	71.88	73.07	70.99	71.37	3581277	259591488.00
2016/12/07	70.89	72.33	69.65	72.07	4450145	318437696.00
2016/12/08	71.58	74.13	71.58	71.97	4922449	361617216.00
2016/12/09	71.66	72.04	69.27	69.37	5100236	360640608.00
2016/12/12	69.01	69.66	62.67	63.66	6492950	431888896.00
2016/12/13	62.93	64.61	61.88	63.47	3986462	255390400.00
2016/12/14	63.28	63.94	61.91	62.26	3304524	209833680.00
2016/12/15	62.37	63.96	62.37	63.01	3638257	232463120.00
2016/12/16	62.74	63.75	62.39	63.69	3307764	211194336.00
2016/12/19	63.83	63.83	62.66	62.94	2211650	140991936.00
2016/12/20	63.13	63.58	62.44	63.23	2011120	128138248.00
2016/12/21	63.24	63.63	62.26	63.48	2957114	188312400.00
2016/12/22	63.48	63.54	62.53	62.77	2063722	131141448.00
2016/12/23	62.63	63.16	59.13	59.19	4271467	263776976.00
2016/12/26	58.69	59.58	57.09	59.44	2775454	163414768.00
2016/12/27	59.38	62.04	58.98	60.97	3819062	235249376.00
2016/12/28	60.69	61.26	59.76	60.03	2119764	129289544.00
2016/12/29	59.39	60.22	58.73	58.79	1900815	114066096.00
2016/12/30	59.33	59.74	58.51	59.08	1554431	92998176.00
2017/01/03	58.99	60.35	58.99	60.28	2148920	129905936.00
2017/01/04	60.28	60.94	59.49	60.70	2244767	136614528.00
2017/01/05	60.99	60.99	59.08	59.11	2613322	157985648.00
2017/01/06	59.10	59.28	55.68	55.97	4226500	244861024.00
2017/01/09	55.28	58.08	54.10	56.39	4643497	262411920.00
2017/01/10	56.18	57.73	55.66	56.09	2784650	159570704.00
2017/01/11	55.88	56.17	54.18	54.22	2657927	147562592.00
2017/01/12	54.23	55.19	53.08	53.20	2369146	129359560.00
2017/01/13	53.21	53.56	50.31	50.79	3765202	197004144.00
2017/01/16	50.33	50.33	45.65	46.90	4390008	213659968.00
2017/01/17	46.38	50.16	45.74	49.31	5019197	243960464.00
2017/01/18	48.38	48.68	47.29	47.34	2823491	137524912.00
2017/01/19	46.84	51.90	45.84	49.23	5782896	289815360.00
2017/01/20	48.38	51.11	48.13	50.43	4761554	240984752.00
2017/01/23	50.18	51.57	50.00	50.55	2879933	148181216.00
2017/01/24	50.38	50.38	48.75	48.88	2932315	146670640.00
2017/01/25	48.58	53.78	48.58	52.71	5920126	311378816.00
2017/01/26	52.18	53.86	51.73	53.62	4306256	229349760.00
2017/02/03	53.18	54.67	52.38	53.46	3897333	211805648.00
2017/02/06	53.26	54.66	52.98	54.64	3508054	191396480.00
2017/02/07	54.29	54.39	53.08	53.49	3122664	169633440.00
2017/02/08	53.29	54.37	52.58	54.17	2916999	158753296.00
2017/02/09	53.90	54.48	53.89	54.18	2689584	147345248.00
2017/02/10	54.08	54.18	52.33	52.45	3283538	176525248.00
2017/02/13	52.36	53.98	51.98	53.38	3061873	165116112.00
2017/02/14	53.37	54.25	52.68	53.57	2492912	135292912.00
2017/02/15	53.18	54.35	52.99	53.66	4240914	231047952.00
2017/02/16	53.36	53.53	52.50	52.98	2889313	154710192.00
2017/02/17	52.97	54.58	52.73	53.51	4058266	220761024.00
2017/02/20	53.28	53.33	51.16	51.83	3556781	187234064.00
2017/02/21	51.69	53.34	51.68	52.81	2508949	133763320.00
2017/02/22	52.83	53.82	52.28	52.90	2854566	153197152.00
2017/02/23	52.80	55.66	52.41	55.28	7075968	389255040.00
2017/02/24	55.00	57.92	54.86	57.02	7345401	422531456.00
2017/02/27	56.60	56.66	55.38	55.68	3908908	221299824.00
2017/02/28	55.56	57.83	55.56	57.74	5272101	303988832.00
2017/03/01	57.87	57.88	56.55	56.66	3942147	227197424.00
2017/03/02	56.68	56.93	55.40	55.47	3848432	218353904.00
2017/03/03	55.41	56.13	55.08	55.76	2492617	140303856.00
2017/03/06	55.60	57.13	55.60	56.88	3126181	178702784.00
2017/03/07	56.88	57.96	56.45	57.80	4668541	270566784.00
2017/03/08	57.82	58.37	56.58	56.92	3927234	227513760.00
2017/03/09	56.63	56.85	55.52	56.02	2637759	149366544.00
2017/03/10	56.03	56.93	55.98	56.83	2766532	158302816.00
2017/03/13	56.88	59.98	55.84	59.67	7336036	432961056.00
2017/03/14	59.65	59.70	58.21	58.56	5749967	342010272.00
2017/03/15	58.43	59.71	58.14	58.67	4022306	239357424.00
2017/03/16	58.69	59.98	58.68	59.88	5308269	319476160.00
2017/03/17	59.70	60.23	58.09	58.19	5742770	342807584.00
2017/03/20	57.86	59.06	57.25	59.02	2970948	174441120.00
2017/03/21	59.02	59.46	58.48	59.38	2732493	162860704.00
2017/03/22	58.86	59.68	57.95	59.23	3639323	216300880.00
2017/03/23	59.18	62.25	59.17	60.97	9438478	579466880.00
2017/03/24	60.27	60.86	59.88	60.70	4010116	244884096.00
2017/03/27	60.81	61.37	59.86	60.70	3110801	190076384.00
2017/03/28	59.10	59.10	55.38	55.64	7140921	413892512.00
2017/03/29	55.75	56.17	52.85	53.15	4582385	250095616.00
2017/03/30	52.78	53.86	52.49	53.10	2746897	147793200.00
2017/03/31	53.11	53.88	51.89	52.71	2344468	125798904.00
2017/04/05	52.38	53.26	51.66	53.10	2131893	113457544.00
2017/04/06	52.75	54.26	52.75	53.45	2024205	109742448.00
2017/04/07	53.30	53.57	52.78	52.92	1559979	83683448.00
2017/04/10	52.88	52.88	47.98	48.91	4359472	220929200.00
2017/04/11	48.94	50.24	48.28	49.86	2003418	99672464.00
2017/04/12	49.68	49.68	48.39	48.46	1424484	70582392.00
2017/04/13	48.85	49.60	48.50	48.91	1328369	66102440.00
2017/04/14	48.77	49.08	48.40	48.51	908210	44771376.00
2017/04/17	47.72	47.72	45.66	46.49	1877450	88222048.00
2017/04/18	46.38	47.13	46.26	46.31	1139882	53904708.00
2017/04/19	46.38	47.07	45.89	47.02	1343162	63410756.00
2017/04/20	46.88	47.64	45.99	46.62	1249365	59160140.00
2017/04/21	46.60	46.93	46.18	46.30	883199	41676644.00
2017/04/24	45.80	46.07	44.20	44.69	1519697	69104824.00
2017/04/25	44.80	45.58	44.80	45.05	992804	45511980.00
2017/04/26	44.28	45.36	43.79	44.81	1589767	71769040.00
2017/04/27	44.38	45.87	43.11	45.71	2517989	113615040.00
2017/04/28	45.36	45.76	45.09	45.24	1356036	62355012.00
2017/05/02	45.18	45.18	44.34	44.44	1375651	62185116.00
2017/05/03	44.48	45.20	44.18	45.10	1501052	68216888.00
2017/05/04	45.13	45.78	44.41	44.86	1478224	67570312.00
2017/05/05	44.56	44.97	43.86	43.92	1066919	48118848.00
2017/05/08	43.54	44.86	43.19	43.40	1059369	47250036.00
2017/05/09	43.58	44.24	42.92	43.91	1237855	54795012.00
2017/05/10	44.03	44.54	42.89	43.09	1245124	55634156.00
2017/05/11	42.75	42.78	39.80	41.90	2641406	110930656.00
2017/05/12	41.67	42.18	40.41	40.63	1746288	72683744.00
2017/05/15	40.90	41.18	40.29	40.34	961275	39762580.00
2017/05/16	40.18	41.18	39.56	41.16	1826070	74774816.00
2017/05/17	41.08	42.36	40.89	41.68	2299583	97475632.00
2017/05/18	41.47	41.87	41.15	41.25	1196183	49862592.00
2017/05/19	41.29	41.79	41.12	41.76	1267290	52923100.00
2017/05/22	41.55	41.79	39.36	39.50	1554735	63505892.00
2017/05/23	39.59	39.77	36.99	37.21	1694004	65190608.00
2017/05/24	37.20	37.99	36.31	37.81	1163189	43888820.00
2017/05/25	37.64	38.25	36.80	37.98	1360087	51527304.00
2017/05/26	37.98	38.78	37.89	38.18	1215788	46909816.00
2017/05/31	39.34	39.71	38.00	38.17	1443485	56588924.00
2017/06/01	37.81	37.96	35.78	35.90	1569887	58296000.00
2017/06/02	35.75	37.28	35.60	37.04	1302024	47785140.00
2017/06/05	37.27	40.59	37.21	39.72	3423975	135309872.00
2017/06/06	38.99	39.67	38.99	39.38	1344134	53036988.00
2017/06/07	39.58	41.36	39.35	41.16	3424188	139031392.00
2017/06/08	40.99	41.25	40.29	40.46	2053824	84111456.00
2017/06/09	40.55	40.97	39.84	40.52	1504000	61183184.00
2017/06/12	39.91	40.24	38.97	39.04	1231100	49030236.00
2017/06/13	38.39	40.51	38.39	40.08	1513700	60639200.00
2017/06/14	39.98	41.09	39.81	40.18	1685416	68552520.00
2017/06/15	40.09	42.26	40.06	41.62	2842641	118430560.00
2017/06/16	42.19	43.19	41.29	41.58	2390578	100934616.00
2017/06/19	41.35	45.23	40.99	43.30	3389100	146106144.00
2017/06/20	42.79	43.14	42.12	42.43	2292261	97920112.00
2017/06/21	42.49	42.59	41.41	41.90	1493700	62981612.00
2017/06/22	41.77	42.04	41.09	41.19	1382600	57837672.00
2017/06/23	40.69	41.54	40.02	40.84	1357451	55518768.00
2017/06/26	40.84	41.26	40.55	41.24	987900	40634432.00
2017/06/27	41.29	41.74	40.92	41.20	977150	40618164.00
2017/06/28	40.99	41.24	40.51	40.60	1271304	51984796.00
2017/06/29	40.52	41.15	40.52	40.64	774136	31718848.00
2017/06/30	40.55	41.08	40.19	40.83	857366	35057656.00
2017/07/03	40.82	41.72	40.60	41.71	2042917	84772752.00
2017/07/04	41.65	42.00	41.41	41.53	1239400	51858592.00
2017/07/05	41.47	41.51	40.53	41.34	1518980	62619812.00
2017/07/06	41.34	41.47	40.67	41.07	1146953	47277448.00
2017/07/07	41.04	41.97	40.83	41.79	1633606	68427840.00
2017/07/10	41.59	41.64	40.14	40.42	1604313	65860404.00
2017/07/11	40.39	40.53	39.39	39.44	1151800	46207936.00
2017/07/12	39.43	39.67	38.50	39.22	1263100	49450008.00
2017/07/13	39.22	39.32	38.49	38.93	1223779	47933260.00
2017/07/14	39.11	39.11	38.24	38.34	853800	33083592.00
2017/07/17	37.90	38.23	34.49	34.49	2232628	80117184.00
2017/07/18	32.91	34.37	31.68	34.16	2915188	96726192.00
2017/07/19	33.75	34.07	32.79	33.47	1758600	59035544.00
2017/07/20	33.52	34.37	33.39	33.52	1400611	47851840.00
2017/07/21	33.52	33.79	32.77	32.92	828449	27723326.00
2017/07/24	32.69	33.78	32.03	33.37	1480911	48965092.00
2017/07/25	33.24	34.27	33.19	33.83	1182755	40265184.00
2017/07/26	33.83	35.56	33.83	35.23	2484324	87485744.00
2017/07/27	35.05	36.67	34.99	36.13	2578860	93299320.00
2017/07/28	36.21	36.21	35.49	35.49	1411300	50569380.00
2017/07/31	35.29	36.32	35.06	35.77	1126235	40382600.00
2017/08/01	35.58	35.98	35.54	35.75	1086876	38942064.00
2017/08/02	35.63	36.17	34.98	35.07	960453	34306104.00
2017/08/03	35.11	36.09	34.90	35.32	946200	33829496.00
2017/08/04	35.47	35.66	34.47	34.50	954932	33495690.00
2017/08/07	34.45	35.29	34.45	34.83	636524	22342586.00
2017/08/08	34.89	35.28	34.24	35.13	810124	28379596.00
2017/08/09	35.12	35.57	34.83	35.10	712024	25252444.00
2017/08/10	35.04	35.31	34.29	34.35	762235	26593468.00
2017/08/11	34.17	34.57	33.61	34.26	791616	27192916.00
2017/08/14	33.88	34.97	33.88	34.83	679525	23755132.00
2017/08/15	34.87	35.28	34.82	35.23	705625	24917066.00
2017/08/16	35.30	35.96	34.75	35.71	1438675	51371768.00
2017/08/17	35.49	35.86	35.36	35.65	837153	29990914.00
2017/08/18	35.39	35.47	34.82	34.89	890900	31544000.00
2017/08/21	34.90	35.53	34.85	35.46	993800	35131760.00
2017/08/22	35.39	35.58	35.10	35.46	799905	28423592.00
2017/08/23	35.60	36.37	34.99	36.19	2037770	73565752.00
2017/08/24	35.99	36.19	35.39	35.50	1124952	40403776.00
2017/08/25	35.39	36.06	35.37	35.91	1013300	36516096.00
2017/08/28	35.95	37.15	35.95	36.83	1961925	72317232.00
2017/08/29	36.83	37.47	36.59	36.99	1582849	58789728.00
2017/08/30	36.98	36.98	36.36	36.40	1014279	37276600.00
2017/08/31	36.38	36.95	36.25	36.82	1058253	38992452.00
2017/09/01	36.78	36.85	36.22	36.56	1087400	39915352.00
2017/09/04	36.47	37.24	36.35	37.08	1498503	55600024.00
2017/09/05	37.04	37.47	36.79	36.93	955200	35605716.00
2017/09/06	36.93	36.93	36.35	36.62	862718	31714310.00
2017/09/07	36.78	40.30	36.77	40.30	7931959	316080032.00
2017/09/08	40.40	42.16	39.89	41.36	11149479	459272000.00
2017/09/11	40.44	40.78	39.85	40.54	4316251	175019664.00
2017/09/12	40.48	40.68	39.29	39.44	3760867	150403168.00
2017/09/13	39.56	39.75	38.91	39.72	1912844	75746896.00
2017/09/14	39.58	40.79	39.09	40.13	3064677	123547736.00
2017/09/15	39.78	39.91	39.38	39.39	1811803	72061072.00
2017/09/18	39.19	39.47	38.55	38.97	1750664	68353584.00
2017/09/19	38.97	40.31	38.94	39.85	2786961	111543328.00
2017/09/20	39.42	39.80	39.22	39.65	1387100	55071952.00
2017/09/21	39.66	41.24	39.29	39.98	3426643	139009680.00
2017/09/22	39.65	40.95	39.50	40.72	2801255	113836584.00
2017/09/25	40.34	41.84	39.30	39.53	2702451	110611248.00
2017/09/26	39.24	39.29	37.79	37.97	2706400	104520048.00
2017/09/27	37.97	38.67	37.97	38.24	1048499	40458296.00
2017/09/28	38.31	38.64	38.00	38.45	1212151	46676736.00
2017/09/29	38.45	38.90	38.21	38.50	1182000	45780532.00
2017/10/09	38.87	39.27	38.49	38.56	1261600	49089424.00
2017/10/10	38.63	40.59	38.51	40.35	2791773	111507640.00
2017/10/11	40.69	41.30	39.89	41.05	4093803	168010384.00
2017/10/12	40.57	40.84	40.04	40.58	1927336	78152120.00
2017/10/13	40.19	41.29	40.19	40.38	2879436	118146256.00
2017/10/16	39.99	40.09	38.00	38.04	2717091	106309184.00
2017/10/17	37.97	38.56	37.83	38.08	1166700	44850080.00
2017/10/18	38.08	39.04	38.02	38.07	1252149	48481224.00
2017/10/19	37.96	37.97	35.93	36.31	2136934	79803232.00
2017/10/20	36.31	36.94	36.10	36.78	907300	33248300.00
2017/10/23	36.59	37.05	36.46	36.92	568428	21038236.00
2017/10/24	36.92	37.04	35.46	36.16	1176807	42812776.00
2017/10/25	36.11	36.46	35.51	36.26	1003883	36414208.00
2017/10/26	36.26	37.24	36.10	37.01	1234001	45852996.00
2017/10/27	36.68	37.55	36.67	37.37	1045729	39149156.00
2017/10/30	36.99	37.28	35.59	35.97	1170425	42650532.00
2017/10/31	35.79	36.52	35.60	36.29	659600	24063658.00
2017/11/01	36.25	37.59	36.14	37.34	1509100	56428736.00
2017/11/02	37.16	37.72	36.67	37.10	1040721	38909076.00
2017/11/03	37.14	37.57	36.80	37.52	1184483	44375032.00
2017/11/06	37.52	38.99	37.51	38.92	2137300	82752056.00
2017/11/07	38.79	38.94	38.26	38.79	1401663	54267684.00
2017/11/08	38.82	39.47	38.21	38.31	1823160	71163256.00
2017/11/09	38.22	38.97	38.19	38.74	1143960	44342892.00
2017/11/10	38.74	38.88	37.89	37.97	1386581	53232104.00
2017/11/13	38.22	38.58	37.72	38.11	985024	37703180.00
2017/11/14	38.19	38.34	36.49	36.71	1601460	59724612.00
2017/11/15	36.56	36.79	35.79	35.91	1246000	45240136.00
2017/11/16	36.12	36.12	35.61	35.63	771624	27872782.00
2017/11/17	35.64	35.98	33.65	33.82	1567543	54577500.00
2017/11/20	33.77	34.47	33.10	34.19	959108	32409676.00
2017/11/21	34.19	34.43	33.31	33.57	810170	27480312.00
2017/11/22	33.49	34.09	33.38	33.53	664730	22519408.00
2017/11/23	33.96	35.29	33.53	33.58	1405500	48517428.00
2017/11/24	33.61	33.84	32.90	33.26	695900	23269464.00
2017/11/27	33.16	33.40	32.92	32.96	485850	16211439.00
2017/11/28	33.34	33.64	33.01	33.55	636310	21398070.00
2017/11/29	33.73	34.53	33.14	34.05	1105473	37535996.00
2017/11/30	33.89	34.24	33.25	33.41	586400	19839892.00
2017/12/01	33.39	34.58	33.24	34.38	1191162	40969736.00
2017/12/04	33.79	34.24	32.79	32.83	1141349	38418320.00
2017/12/05	32.89	33.09	31.40	31.54	1076261	34601252.00
2017/12/06	31.52	32.27	31.34	32.19	846706	27123862.00
2017/12/07	31.90	33.55	31.89	33.29	1571333	52101184.00
2017/12/08	33.27	34.23	33.07	33.36	1991643	67763840.00
2017/12/11	33.09	33.64	33.01	33.51	654600	21969284.00
2017/12/12	33.35	33.49	32.31	32.34	681542	22572438.00
2017/12/13	32.47	33.14	32.39	33.08	732800	24236400.00
2017/12/14	33.29	33.37	32.50	32.94	509298	16844746.00
2017/12/15	32.98	33.05	32.50	32.78	403598	13316365.00
2017/12/18	32.94	32.97	32.39	32.82	503033	16530478.00
2017/12/19	32.69	33.64	32.69	33.38	741523	24786250.00
2017/12/20	33.11	33.59	32.69	32.79	525535	17472348.00
2017/12/21	32.54	32.75	31.91	32.42	539728	17589652.00
2017/12/22	32.42	32.54	32.01	32.04	360000	11702168.00
2017/12/25	32.06	32.20	31.10	31.30	732859	23155898.00
2017/12/26	31.30	32.76	31.20	32.38	1084100	34803860.00
2017/12/27	32.24	32.29	31.47	31.67	695600	22319644.00
2017/12/28	31.71	33.37	31.59	32.53	1625425	53318184.00
2017/12/29	32.40	32.47	32.05	32.28	542200	17589904.00
2018/01/02	32.29	32.48	32.14	32.36	479528	15601872.00
2018/01/03	32.54	32.54	31.93	32.37	705172	22917702.00
2018/01/04	32.37	32.97	32.14	32.77	932200	30568592.00
2018/01/05	32.72	33.04	32.39	32.84	924413	30444922.00
2018/01/08	32.72	32.95	32.11	32.35	804943	26257694.00
2018/01/09	32.33	32.93	32.17	32.70	954643	31320888.00
2018/01/10	32.59	32.59	31.94	32.02	918200	29717522.00
2018/01/11	32.02	32.86	31.85	32.59	909793	29746096.00
2018/01/12	33.33	34.02	32.72	33.09	3066134	102994256.00
2018/01/15	32.99	33.07	30.79	30.95	2207781	70117280.00
2018/01/16	30.92	31.12	30.73	30.86	1084113	33698608.00
2018/01/17	30.99	30.99	29.99	30.53	1178638	36114028.00
2018/01/18	30.50	30.69	29.89	29.98	888500	27084918.00
2018/01/19	29.86	30.32	29.79	30.06	721757	21875472.00
2018/01/22	30.05	30.17	29.17	29.88	1080682	32288998.00
2018/01/23	29.98	30.51	29.66	30.26	1124016	34021428.00
2018/01/24	29.89	30.81	29.89	30.68	1135416	34881616.00
2018/01/25	30.24	30.52	29.67	29.73	1595403	48251828.00
2018/01/26	29.34	29.73	29.25	29.30	1035900	30720664.00
2018/01/29	29.31	29.49	28.46	28.53	1026320	29864864.00
2018/01/30	28.54	28.67	28.32	28.48	503086	14420312.00
2018/01/31	28.33	28.35	26.83	26.84	1174252	32569618.00
2018/02/01	26.94	27.04	24.80	24.99	1561918	40809284.00
2018/02/02	25.29	25.38	24.69	25.10	959883	24311454.00
2018/02/05	24.74	25.29	24.26	24.95	496900	12521726.00
2018/02/06	24.69	24.79	23.32	23.41	1080600	26317536.00
2018/02/07	24.18	24.29	22.91	23.74	768200	18409386.00
2018/02/08	23.67	24.50	23.64	24.23	596600	14542907.00
2018/02/09	23.69	23.84	22.99	23.30	830899	19649240.00
2018/02/12	23.36	24.01	23.36	23.91	599500	14392471.00
2018/02/13	24.03	24.04	23.61	23.79	688900	16562987.00
2018/02/14	23.97	23.97	23.59	23.61	528100	12626930.00
2018/02/22	23.72	24.18	23.63	24.06	588313	14212900.00
2018/02/23	24.04	24.56	23.96	24.21	676700	16553750.00
2018/02/26	24.28	25.24	24.10	25.21	1254266	31414352.00
2018/02/27	25.04	25.32	24.84	25.14	875166	22148146.00
2018/02/28	25.02	26.28	24.52	25.61	1517157	39210136.00
2018/03/01	25.30	26.03	25.27	25.93	1065419	27639230.00
2018/03/02	25.89	25.98	25.55	25.63	980500	25415984.00
2018/03/05	25.64	25.83	25.42	25.79	644700	16663867.00
2018/03/06	25.77	26.26	25.70	25.90	1140399	29901776.00
2018/03/07	25.79	25.89	25.49	25.60	881800	22832528.00
2018/03/08	25.44	26.27	25.44	26.24	1220963	31949970.00
2018/03/09	26.26	28.89	26.19	28.89	2554766	71653896.00
2018/03/12	29.94	30.28	29.14	29.76	5526612	165362528.00
2018/03/13	29.69	29.69	28.40	28.50	3098347	90222144.00
2018/03/14	28.19	28.73	27.84	27.87	1517130	43080592.00
2018/03/15	27.69	27.84	26.60	27.19	1724794	47321948.00
2018/03/16	27.40	28.04	27.29	27.98	1375535	38234640.00
2018/03/19	28.31	30.76	28.29	29.72	4324312	128622120.00
2018/03/20	28.79	29.18	28.35	29.05	2497666	72287824.00
2018/03/21	28.99	29.24	28.51	28.53	1999935	58243256.00
2018/03/22	28.64	29.67	28.54	29.38	2070447	60900340.00
2018/03/23	28.25	28.46	26.43	26.65	2370194	65824636.00
2018/03/26	25.79	27.23	25.31	27.04	1399593	37059808.00
2018/03/27	27.35	28.50	27.22	27.85	1661493	46697064.00
2018/03/28	27.12	27.65	26.82	27.24	1356592	37400384.00
2018/03/29	27.30	28.21	27.30	28.19	1584400	44600808.00
2018/03/30	28.54	28.92	28.07	28.71	2130316	61019012.00
2018/04/02	28.49	29.28	28.42	29.07	2096907	60994300.00
2018/04/03	28.39	28.55	27.85	28.16	1340616	38121656.00
2018/04/04	28.23	28.87	28.10	28.16	1469905	42227300.00
2018/04/09	27.79	28.17	27.10	27.51	1271300	35361080.00
2018/04/10	27.52	27.86	26.61	27.19	1345546	36947468.00
2018/04/11	27.25	28.92	27.16	28.49	2563348	72913696.00
2018/04/12	27.59	27.94	27.27	27.49	2544748	70684256.00
2018/04/13	27.91	28.29	27.70	27.78	1864869	52528644.00
2018/04/16	27.62	27.70	26.09	26.70	2020299	54768884.00
2018/04/17	26.64	27.17	25.81	25.87	1235200	32900596.00
2018/04/18	25.89	26.48	25.24	26.02	1150000	29923036.00
2018/04/19	25.87	26.27	25.80	25.88	671521	17633618.00
2018/04/20	25.80	25.97	24.48	24.55	1208100	30605388.00
2018/04/23	24.55	24.97	24.23	24.48	830835	20593386.00
2018/04/24	24.48	25.18	24.48	25.13	787900	19868804.00
2018/04/25	25.03	25.74	25.03	25.56	967800	24847482.00
2018/04/26	25.46	25.56	24.54	24.59	1093935	27552904.00
2018/04/27	24.57	24.98	24.06	24.33	748709	18455908.00
2018/05/02	24.31	24.42	23.57	23.64	1088319	26174480.00
2018/05/03	23.72	24.35	23.27	24.32	908600	21887516.00
2018/05/04	24.33	25.98	24.02	24.92	1575600	40102868.00
2018/05/07	24.79	25.66	24.76	25.49	1433300	36587136.00
2018/05/08	25.51	25.78	25.20	25.54	1159800	29755468.00
2018/05/09	25.57	25.60	25.27	25.36	962500	24441772.00
2018/05/10	25.37	25.84	25.25	25.80	1311507	33558244.00
2018/05/11	25.70	25.70	24.91	24.99	1211219	30550358.00
2018/05/14	25.13	25.57	25.03	25.29	919700	23262712.00
2018/05/15	25.28	25.86	25.08	25.83	1403900	35928728.00
2018/05/16	25.79	26.00	25.30	25.52	1230700	31553188.00
2018/05/17	25.60	26.35	25.53	25.90	1598200	41553176.00
2018/05/18	25.78	25.85	25.15	25.62	1239709	31519622.00
2018/05/21	25.60	26.11	25.54	26.05	1303500	33743020.00
2018/05/22	26.00	26.29	25.68	26.13	1381709	35875732.00
2018/05/23	25.98	26.25	25.63	25.67	1115509	28950378.00
2018/05/24	25.70	25.95	25.57	25.90	891109	22985642.00
2018/05/25	25.98	26.09	25.31	25.38	1028400	26355236.00
2018/05/28	25.76	25.79	25.05	25.41	896200	22792734.00
2018/05/29	26.31	27.00	25.42	25.75	2931809	77196688.00
2018/05/30	25.00	25.00	23.20	23.83	2028900	48698976.00
2018/05/31	23.73	24.37	23.73	24.10	854133	20541926.00
2018/06/01	23.92	24.10	23.48	23.58	805628	19134274.00
2018/06/04	23.63	23.88	22.90	23.11	843500	19625334.00
2018/06/05	23.11	23.75	23.10	23.72	718218	16808396.00
2018/06/06	23.73	23.97	23.45	23.85	590780	14055415.00
2018/06/07	23.80	24.05	23.41	23.54	606300	14344982.00
2018/06/08	23.55	23.55	23.05	23.29	569366	13222017.00
2018/06/11	23.25	23.58	23.08	23.54	498800	11652152.00
2018/06/12	23.54	23.70	23.09	23.66	556500	13052820.00
2018/06/13	23.58	23.59	23.05	23.19	527880	12300240.00
2018/06/14	23.03	23.35	22.90	23.13	491400	11345861.00
2018/06/15	22.98	23.19	21.55	21.84	1080300	23850314.00
2018/06/19	21.60	21.60	19.66	19.66	1392965	28305986.00
2018/06/20	19.66	20.09	19.30	19.88	672683	13315466.00
2018/06/21	19.77	19.89	18.72	18.77	1021200	19624660.00
2018/06/22	18.65	19.41	18.52	19.26	748800	14330918.00
2018/06/25	19.40	19.78	19.13	19.14	450500	8781470.00
2018/06/26	19.01	19.65	18.90	19.53	655200	12721068.00
2018/06/27	19.60	19.73	19.26	19.34	424600	8268743.00
2018/06/28	19.53	19.63	19.29	19.31	702900	13692169.00
2018/06/29	19.32	20.03	19.18	19.95	1047036	20671194.00
2018/07/02	19.82	20.04	19.10	19.26	805300	15801288.00
2018/07/03	19.42	20.00	19.27	19.99	921525	18181680.00
2018/07/04	19.87	19.98	19.13	19.35	764464	14907028.00
2018/07/05	19.50	19.50	18.75	18.76	499664	9594740.00
2018/07/06	18.93	19.28	18.41	19.10	877700	16605655.00
2018/07/09	19.06	19.44	19.06	19.41	484500	9365382.00
2018/07/10	19.46	19.59	19.24	19.56	539359	10467897.00
2018/07/11	19.43	19.50	18.03	18.39	1133000	21052604.00
2018/07/12	18.30	19.00	18.30	18.96	1063500	20054010.00
2018/07/13	19.26	19.31	18.85	19.05	744200	14219005.00
2018/07/16	18.94	19.11	18.80	18.99	677341	12845801.00
2018/07/17	18.99	19.32	18.75	19.29	712579	13596107.00
2018/07/18	19.15	19.47	18.97	19.08	706059	13613334.00
2018/07/19	19.12	19.16	18.38	18.49	1061200	19797948.00
2018/07/20	18.34	19.50	18.34	19.38	1355400	25770400.00
2018/07/23	19.38	19.38	18.91	19.07	1103604	21057188.00
2018/07/24	19.12	19.62	18.80	19.45	1267279	24461580.00
2018/07/25	19.41	20.80	19.37	20.03	2492266	49742236.00
2018/07/26	19.82	19.90	19.55	19.68	1412216	27801610.00
2018/07/27	19.60	19.70	19.38	19.46	692783	13545990.00
2018/07/30	19.49	19.55	18.80	18.92	713024	13643177.00
2018/07/31	19.09	19.09	18.80	19.01	400900	7608885.00
2018/08/01	18.96	19.18	18.56	18.72	557683	10544508.00
2018/08/02	18.71	18.72	17.70	18.30	940149	17082134.00
2018/08/03	18.20	18.39	18.03	18.06	339992	6189716.00
2018/08/06	18.06	18.40	17.65	17.77	416200	7433201.00
2018/08/07	17.87	18.23	17.74	18.21	421273	7596235.00
2018/08/08	18.18	18.39	17.87	17.88	461000	8370974.00
2018/08/09	17.88	18.43	17.72	18.28	709292	12942124.00
2018/08/10	18.35	18.49	18.14	18.39	507100	9310770.00
2018/08/13	18.29	18.54	18.01	18.53	597497	10921168.00
2018/08/14	18.49	18.62	18.21	18.34	433600	7960329.00
2018/08/15	18.32	18.32	18.01	18.12	488800	8858923.00
2018/08/16	18.01	18.50	17.72	17.88	943000	17103086.00
2018/08/17	17.80	18.15	17.52	17.53	606400	10770322.00
2018/08/20	17.66	17.78	17.41	17.72	289598	5093934.00
2018/08/21	17.68	17.94	17.59	17.85	346371	6174084.00
2018/08/22	17.68	17.82	17.35	17.40	326782	5732070.00
2018/08/23	17.37	17.66	17.35	17.50	292200	5117015.00
2018/08/24	17.52	17.68	17.36	17.64	397059	6966978.00
2018/08/27	17.66	18.24	17.55	18.19	981467	17675532.00
2018/08/28	18.18	18.18	17.90	18.00	575500	10357134.00
2018/08/29	17.90	18.40	17.82	18.05	582682	10568392.00
2018/08/30	17.98	18.12	17.79	17.79	555912	9932268.00
2018/08/31	17.71	17.71	17.25	17.25	601254	10462650.00
2018/09/03	17.20	17.38	16.60	17.00	671973	11374062.00
2018/09/04	16.90	17.30	16.66	17.20	607322	10392496.00
2018/09/05	17.21	17.45	17.03	17.07	408500	7033128.00
2018/09/06	17.07	17.25	16.86	16.92	339600	5791000.00
2018/09/07	17.10	17.20	16.82	16.90	325955	5547770.00
2018/09/10	16.80	16.86	16.35	16.37	453853	7510931.00
2018/09/11	16.52	16.54	16.30	16.39	393000	6445691.00
2018/09/12	16.40	16.59	16.20	16.45	375000	6164486.00
2018/09/13	16.46	16.60	16.37	16.58	333171	5500547.00
2018/09/14	16.58	16.65	16.29	16.29	299900	4931201.00
2018/09/17	16.25	16.25	15.75	15.80	440703	6995674.00
2018/09/18	15.86	16.13	15.71	16.12	354400	5650701.00
2018/09/19	16.15	16.51	15.97	16.33	449788	7308219.00
2018/09/20	16.20	16.37	16.13	16.19	296258	4807083.00
2018/09/21	16.21	16.54	16.20	16.46	398088	6510608.00
2018/09/25	16.40	16.54	16.21	16.47	277700	4549539.00
2018/09/26	16.58	16.58	16.40	16.42	337038	5555896.00
2018/09/27	16.42	16.50	15.95	15.95	523600	8461262.00
2018/09/28	15.99	16.20	15.98	16.13	317700	5114690.00
2018/10/08	16.10	16.10	15.20	15.26	626972	9762280.00
2018/10/09	15.45	15.49	15.06	15.19	450633	6874618.00
2018/10/10	15.15	15.40	15.08	15.35	312455	4764865.00
2018/10/11	15.02	15.03	13.82	13.88	1051789	15120251.00
2018/10/12	13.87	13.87	12.93	13.31	967830	12908766.00
2018/10/15	13.45	13.58	13.14	13.16	405700	5424004.00
2018/10/16	13.05	13.48	12.91	12.96	418800	5505711.00
2018/10/17	13.06	13.38	12.90	13.30	605259	8012752.00
2018/10/18	13.13	13.24	12.89	12.91	562129	7320599.00
2018/10/19	12.75	13.30	12.55	13.26	623400	8152777.00
2018/10/22	13.39	13.98	13.23	13.82	1271166	17483680.00
2018/10/23	13.83	13.96	13.45	13.55	547066	7495688.00
2018/10/24	13.69	13.75	13.43	13.55	405200	5497349.00
2018/10/25	13.11	13.60	12.98	13.58	743400	9866310.00
2018/10/26	13.72	14.36	13.62	14.05	1783700	25127428.00
2018/10/29	14.01	14.01	13.13	13.16	1376300	18635592.00
2018/10/30	13.22	13.57	13.00	13.44	803138	10646224.00
2018/10/31	13.53	13.90	13.50	13.75	873881	11998859.00
2018/11/01	13.78	14.88	13.78	14.27	2227019	31904148.00
2018/11/02	14.37	14.80	14.15	14.68	1992766	28741408.00
2018/11/05	15.05	15.24	14.41	14.77	2185236	32364684.00
2018/11/06	14.57	15.10	14.33	15.00	2313050	34133944.00
2018/11/07	14.90	15.00	14.28	14.61	1810762	26656712.00
2018/11/08	14.64	14.89	14.33	14.40	1127900	16442681.00
2018/11/09	14.43	14.66	14.32	14.51	955001	13883129.00
2018/11/12	14.46	15.04	14.46	14.99	1477185	21867100.00
2018/11/13	14.88	15.62	14.76	15.44	2035206	31110408.00
2018/11/14	15.40	16.46	15.24	15.59	2366800	37268528.00
2018/11/15	15.38	17.00	15.38	16.70	4162230	67939560.00
2018/11/16	16.60	16.66	16.14	16.41	2723948	44553416.00
2018/11/19	16.30	16.42	16.09	16.25	1480900	24021554.00
2018/11/20	16.25	16.46	15.72	15.79	1153300	18528660.00
2018/11/21	15.60	16.01	15.58	15.93	952748	15079245.00
2018/11/22	15.96	16.16	15.81	16.00	736871	11768269.00
2018/11/23	16.00	16.00	14.90	14.90	1152653	17636088.00
2018/11/26	14.92	15.39	14.91	15.04	870000	13123581.00
2018/11/27	15.19	15.57	15.19	15.47	913300	14076088.00
2018/11/28	15.47	16.53	15.30	16.14	2502655	40356424.00
2018/11/29	16.02	16.12	15.35	15.35	1628072	25790552.00
2018/11/30	15.34	15.66	15.07	15.51	864972	13319126.00
2018/12/03	16.00	16.12	15.59	15.88	1151345	18350986.00
2018/12/04	15.83	16.07	15.78	16.05	834923	13326701.00
2018/12/05	15.80	15.96	15.71	15.81	655600	10367658.00
2018/12/06	15.83	15.92	15.50	15.56	669300	10499099.00
2018/12/07	15.61	15.94	15.61	15.75	528900	8342335.00
2018/12/10	15.60	15.75	15.18	15.42	526700	8114302.00
2018/12/11	15.60	15.75	15.44	15.73	550800	8626022.00
2018/12/12	15.82	15.97	15.39	15.39	629100	9795258.00
2018/12/13	15.41	16.26	15.41	16.03	1660760	26437560.00
2018/12/14	15.99	15.99	15.48	15.65	1095620	17202484.00
2018/12/17	15.50	15.65	15.11	15.30	671123	10244567.00
2018/12/18	15.21	15.38	15.03	15.14	603030	9157560.00
2018/12/19	15.18	15.24	15.01	15.01	554403	8380090.00
2018/12/20	15.00	15.19	14.82	15.03	447100	6727391.00
2018/12/21	14.98	16.48	14.97	15.90	3491597	55415152.00
2018/12/24	15.86	16.26	15.45	16.06	2538560	40294616.00
2018/12/25	15.76	15.79	15.03	15.48	1897407	29225228.00
2018/12/26	15.40	16.80	15.33	16.46	4076126	66396852.00
2018/12/27	16.55	16.93	16.06	16.71	4409017	73351520.00
2018/12/28	16.65	17.30	16.37	17.01	3943837	66811364.00
2019/01/02	17.03	17.10	16.51	16.68	2378000	39676328.00
2019/01/03	16.67	16.67	15.88	16.02	2864800	46224568.00
数据来源:通达信
