603655 朗博科技 日线 前复权
      日期	    开盘	    最高	    最低	    收盘	    成交量	    成交额
2017/12/29	7.65	9.20	7.65	9.20	10078	92175.40
2018/01/02	10.13	10.13	10.13	10.13	1534	15692.82
2018/01/03	11.15	11.15	11.15	11.15	9635	108393.75
2018/01/04	12.28	12.28	12.28	12.28	3167	39207.46
2018/01/05	13.52	13.52	13.52	13.52	16000	217920.00
2018/01/08	14.88	14.88	14.88	14.88	34523	517154.53
2018/01/09	16.38	16.38	16.38	16.38	67778	1116981.50
2018/01/10	18.03	18.03	18.03	18.03	124715	2261083.00
2018/01/11	19.84	19.84	19.84	19.84	116967	2332322.00
2018/01/12	21.83	21.83	21.83	21.83	126349	2770833.50
2018/01/15	24.02	24.02	24.02	24.02	237884	5737762.00
2018/01/16	26.43	26.43	26.43	26.43	304703	8083770.50
2018/01/17	29.08	29.08	29.08	29.08	154416	4505859.00
2018/01/18	32.00	32.00	28.58	29.89	19686715	602081792.00
2018/01/19	28.05	28.40	26.89	26.91	15607720	429166656.00
2018/01/22	25.42	25.80	24.25	24.43	11136718	278060928.00
2018/01/23	24.46	25.23	24.46	25.07	8417738	210066336.00
2018/01/24	25.00	26.29	24.55	25.84	10071150	258444912.00
2018/01/25	25.32	26.35	25.15	25.29	8601378	221204000.00
2018/01/26	24.51	25.08	24.41	24.79	5054690	125442584.00
2018/01/29	24.70	27.28	24.61	27.28	7206644	189183376.00
2018/01/30	27.70	28.90	26.89	26.98	14687493	411027488.00
2018/01/31	25.98	27.77	24.40	27.54	11378271	296475328.00
2018/02/01	27.28	30.30	26.92	29.06	18489441	549438912.00
2018/02/02	27.13	30.30	26.14	28.05	14922723	416843616.00
2018/02/05	26.09	26.82	25.24	25.24	6585817	170269712.00
2018/02/06	22.71	22.71	22.71	22.71	554400	12645864.00
2018/02/07	20.65	22.71	20.43	21.08	11700283	250412240.00
2018/02/08	20.73	21.46	20.11	20.83	7176286	150070400.00
2018/02/09	19.00	20.35	18.74	18.74	7189392	140202480.00
2018/02/12	19.60	19.87	19.08	19.33	5894091	115382392.00
2018/02/13	19.65	19.65	18.48	18.51	5632119	107862120.00
2018/02/14	18.35	19.40	18.26	18.52	4730554	89288784.00
2018/02/22	18.87	19.41	18.45	19.15	4271500	81740768.00
2018/02/23	19.15	19.58	18.91	19.43	5020784	97354552.00
2018/02/26	20.05	20.80	19.99	20.27	6103764	124347752.00
2018/02/27	20.08	21.68	19.97	21.54	7960980	166382976.00
2018/02/28	20.96	21.10	20.21	20.35	5898220	122571608.00
2018/03/01	19.92	20.70	19.78	20.60	4264124	87516832.00
2018/03/02	20.41	20.56	19.80	19.82	4330296	87250688.00
2018/03/05	19.95	20.73	19.75	20.49	3948306	80484536.00
2018/03/06	20.73	21.10	20.24	20.86	5791998	120856720.00
2018/03/07	20.87	22.89	20.87	21.73	9717753	213120384.00
2018/03/08	21.45	23.90	21.22	23.35	11021558	250589200.00
2018/03/09	22.93	23.80	22.50	23.11	9034736	209278624.00
2018/03/12	23.20	24.14	23.20	23.65	7040301	167641600.00
2018/03/13	23.72	23.85	22.62	23.10	5706071	132833904.00
2018/03/14	23.21	24.71	23.00	23.09	8742197	209809792.00
2018/03/15	21.65	22.06	20.77	21.19	8324571	177489296.00
2018/03/16	20.88	21.70	20.88	21.19	4337723	92949304.00
2018/03/19	21.34	22.87	21.34	22.42	6415477	142559408.00
2018/03/20	22.06	24.67	21.70	24.67	9079087	212031008.00
2018/03/21	25.26	25.66	23.46	23.66	10847597	265159632.00
2018/03/22	23.59	24.14	23.14	23.90	6007332	143385072.00
2018/03/23	22.00	22.70	21.50	21.50	6003969	132397264.00
2018/03/26	20.39	21.66	19.34	21.60	5055698	103851280.00
2018/03/27	21.63	22.67	21.61	22.25	5697280	126829656.00
2018/03/28	21.68	23.75	21.40	23.11	8143595	185766176.00
2018/03/29	23.00	24.50	22.82	23.38	7719543	182843664.00
2018/03/30	23.14	23.80	23.14	23.34	5770873	135814352.00
2018/04/02	23.15	24.90	23.10	24.71	9993999	242322496.00
2018/04/03	23.80	24.29	23.61	24.21	5885891	141951568.00
2018/04/04	24.22	25.61	24.08	24.38	8761231	217935728.00
2018/04/09	24.22	26.83	23.70	26.83	11966715	309888512.00
2018/04/10	27.13	27.45	24.40	25.98	12375340	322390944.00
2018/04/11	25.72	26.20	25.03	25.77	7795307	200911088.00
2018/04/12	25.32	25.54	24.32	24.88	6286379	157684848.00
2018/04/13	24.85	25.35	24.58	25.17	4728472	118916216.00
2018/04/16	24.89	24.89	24.00	24.58	3804366	93402456.00
2018/04/17	24.70	24.88	24.30	24.79	3532541	87326800.00
2018/04/18	24.90	25.18	22.31	24.03	4816058	114762248.00
2018/04/19	23.72	24.40	23.20	23.41	3548618	85191080.00
2018/04/20	22.90	23.19	21.19	21.29	4690307	104217040.00
2018/04/23	21.35	21.75	21.03	21.70	2408297	51908080.00
2018/04/24	21.70	22.65	21.61	22.61	2847020	63888928.00
2018/04/25	22.48	22.84	22.21	22.46	2288903	51690040.00
2018/04/26	22.78	22.78	21.37	21.44	2396580	53159852.00
2018/04/27	21.64	21.84	21.31	21.69	1798959	39060636.00
2018/05/02	21.76	22.25	21.36	21.65	1704068	37280840.00
2018/05/03	21.67	22.33	20.96	22.28	2518188	55063340.00
2018/05/04	22.24	22.55	21.93	22.05	2134515	47695380.00
2018/05/07	22.08	23.43	22.07	23.16	3622906	83696328.00
2018/05/08	23.27	23.68	22.74	23.41	2795929	64994032.00
2018/05/09	23.50	23.89	23.15	23.56	2949726	69546520.00
2018/05/10	23.59	23.88	23.20	23.75	2605291	61775180.00
2018/05/11	23.65	24.65	23.30	23.39	4069577	97989240.00
2018/05/14	23.04	23.55	22.43	23.10	2669412	61777760.00
2018/05/15	23.17	24.33	23.17	24.06	4339031	104076200.00
2018/05/16	23.77	24.06	23.49	23.53	2847695	67907536.00
2018/05/17	23.90	24.55	23.78	24.32	5205882	126483576.00
2018/05/18	24.10	24.38	23.58	24.08	3598671	86816200.00
2018/05/21	24.40	25.58	24.10	24.97	5447855	135608784.00
2018/05/22	24.87	25.98	24.48	25.71	6852664	174235968.00
2018/05/23	26.31	28.29	25.81	28.29	13763179	382508384.00
2018/05/24	27.01	29.78	26.63	28.33	16185478	449032768.00
2018/05/25	27.70	31.10	27.43	29.28	15683082	466487456.00
2018/05/28	29.70	29.70	26.34	26.35	11927785	326903680.00
2018/05/29	25.60	27.40	25.60	26.04	7193842	190557104.00
2018/05/30	25.70	25.82	23.43	23.43	6627842	162067776.00
2018/05/31	23.55	24.17	23.20	23.94	5601493	133834328.00
2018/06/01	23.56	24.44	22.60	23.10	4851311	115110328.00
2018/06/04	23.44	23.93	22.90	23.88	3283711	77718648.00
2018/06/05	23.90	24.77	23.70	24.62	5171005	126129704.00
2018/06/06	24.72	25.19	24.40	25.18	5136798	127798328.00
2018/06/07	25.10	25.32	24.41	24.48	3965696	98529672.00
2018/06/08	24.30	25.09	24.03	24.60	3776981	93177848.00
2018/06/11	24.40	25.78	24.40	25.69	6387174	161688768.00
2018/06/12	25.80	25.80	23.90	25.20	5762449	144671360.00
2018/06/13	24.83	24.90	23.92	24.00	3696947	90758736.00
2018/06/14	23.85	24.80	23.48	24.58	3343182	81749368.00
2018/06/15	24.82	25.48	23.98	24.05	4706302	116930024.00
2018/06/19	22.24	22.67	21.64	21.64	3330880	73804264.00
2018/06/20	20.95	22.30	20.72	21.99	3355066	72734936.00
2018/06/21	21.91	22.18	19.82	20.16	3766144	78743256.00
2018/06/22	19.90	20.95	19.78	20.49	2300127	47193680.00
2018/06/25	20.79	21.49	20.54	21.06	3022882	63952428.00
2018/06/26	20.71	21.57	20.56	21.41	2651090	56536164.00
2018/06/27	21.42	22.05	21.20	21.32	2722281	58942128.00
2018/06/28	21.26	21.68	21.10	21.16	1719217	36993772.00
2018/06/29	21.10	21.90	20.80	21.88	2940009	63288532.00
2018/07/02	22.00	22.50	21.15	21.44	2752747	60293728.00
2018/07/03	21.57	22.06	21.21	22.05	2592669	56623944.00
2018/07/04	21.92	22.20	20.48	20.81	2734367	58380000.00
2018/07/05	20.58	21.10	20.10	20.21	1988080	41299604.00
2018/07/06	20.19	21.00	19.78	20.58	2298234	47275680.00
2018/07/09	20.78	21.45	20.60	21.44	2040134	43275528.00
2018/07/10	21.44	21.79	21.15	21.69	2342799	50375712.00
2018/07/11	21.69	23.44	21.22	22.48	5891333	131419128.00
2018/07/12	22.59	23.50	22.00	23.13	5711606	129856072.00
2018/07/13	22.87	23.18	22.37	22.56	3001735	68011112.00
2018/07/16	22.34	22.70	22.00	22.33	1992289	44217512.00
2018/07/17	22.35	22.37	21.69	22.23	1987401	43778032.00
2018/07/18	22.39	22.47	21.67	21.77	2011334	44642900.00
2018/07/19	21.70	22.15	20.88	21.28	2418206	51759420.00
2018/07/20	21.18	21.70	21.00	21.59	1633381	34991852.00
2018/07/23	21.69	21.69	21.11	21.59	1629748	34895800.00
2018/07/24	21.79	22.53	21.66	22.38	2952030	65446852.00
2018/07/25	22.37	22.42	21.82	21.89	1952367	43124084.00
2018/07/26	21.75	22.04	21.12	21.19	2301267	49334536.00
2018/07/27	21.02	21.48	21.02	21.12	1272800	27091472.00
2018/07/30	21.19	21.24	20.10	20.44	1618667	33439434.00
2018/07/31	20.30	20.80	20.30	20.45	1158969	23848970.00
2018/08/01	20.66	20.77	19.70	19.84	1642834	33208032.00
2018/08/02	19.94	19.94	18.22	18.95	2320515	43935516.00
2018/08/03	18.99	19.07	18.50	18.62	1189700	22320380.00
2018/08/06	18.50	18.65	17.70	17.96	1442067	26112982.00
2018/08/07	18.10	18.63	17.70	18.60	1810200	33105244.00
2018/08/08	18.59	18.76	18.01	18.15	1339003	24595500.00
2018/08/09	18.10	18.81	17.88	18.64	1577179	29292980.00
2018/08/10	18.57	18.95	18.41	18.77	1275918	23832816.00
2018/08/13	18.30	18.84	18.10	18.79	1470077	27200376.00
2018/08/14	18.79	19.09	18.66	18.96	1507199	28433780.00
2018/08/15	18.93	18.93	18.11	18.17	1499729	27691456.00
2018/08/16	17.91	18.28	17.34	17.95	1157848	20779468.00
2018/08/17	18.11	18.28	17.50	17.52	1455886	26024376.00
2018/08/20	17.54	17.88	17.22	17.86	1179086	20713094.00
2018/08/21	17.95	18.07	17.43	17.95	1275767	22732880.00
2018/08/22	17.84	17.93	17.43	17.48	918875	16240736.00
2018/08/23	17.50	17.89	17.35	17.82	1150427	20432020.00
2018/08/24	17.82	18.05	17.50	17.63	996400	17780728.00
2018/08/27	17.66	18.19	17.66	18.16	1473201	26635604.00
2018/08/28	18.23	18.50	18.06	18.35	1385357	25292912.00
2018/08/29	18.13	18.18	17.90	18.05	1021100	18417398.00
2018/08/30	18.05	18.17	17.46	17.48	1203548	21301152.00
2018/08/31	17.42	17.67	17.12	17.16	1305258	22545334.00
2018/09/03	17.12	17.21	16.63	17.05	953753	16137240.00
2018/09/04	17.12	17.28	16.87	17.16	821162	14070979.00
2018/09/05	17.15	17.37	16.99	17.00	1146186	19650312.00
2018/09/06	16.86	17.27	16.61	17.09	1114962	18952052.00
2018/09/07	17.11	17.40	16.91	17.21	1197700	20591600.00
2018/09/10	17.22	17.22	16.65	16.68	1131401	19072824.00
2018/09/11	16.75	16.97	16.50	16.88	843326	14130527.00
2018/09/12	16.91	17.16	16.75	17.04	961541	16344768.00
2018/09/13	17.29	17.38	17.00	17.20	948686	16294837.00
2018/09/14	17.28	17.37	16.89	16.90	974126	16703563.00
2018/09/17	16.85	16.85	16.26	16.31	859600	14161982.00
2018/09/18	16.40	16.57	16.13	16.51	1035662	16983250.00
2018/09/19	16.51	16.77	16.38	16.58	1000795	16586703.00
2018/09/20	16.57	16.64	16.40	16.47	854180	14099840.00
2018/09/21	16.54	17.17	16.42	16.81	1368634	23000440.00
2018/09/25	16.73	17.48	16.59	17.31	2181341	37612564.00
2018/09/26	17.19	17.60	17.01	17.48	2205906	38266560.00
2018/09/27	17.41	18.09	16.70	16.73	2480981	43208536.00
2018/09/28	16.66	17.35	16.66	17.27	1387600	23724988.00
2018/10/08	16.92	17.09	16.50	16.79	1253261	21092164.00
2018/10/09	16.70	17.70	16.70	17.60	2836132	49120264.00
2018/10/10	17.47	18.21	17.38	17.87	3549782	63430944.00
2018/10/11	17.00	17.28	16.08	16.23	2786704	46306808.00
2018/10/12	16.01	16.28	15.03	16.10	2110817	33243180.00
2018/10/15	16.11	16.36	15.80	15.80	1185594	19051854.00
2018/10/16	15.85	16.17	15.39	15.55	1008194	15856648.00
2018/10/17	15.77	16.30	15.50	16.03	1611515	25615568.00
2018/10/18	16.03	17.63	15.80	17.63	3176370	54881612.00
2018/10/19	17.50	17.87	16.71	17.43	5246886	90281104.00
2018/10/22	17.25	18.49	17.11	18.30	5495960	98136840.00
2018/10/23	18.12	18.22	17.54	17.70	3246101	57998064.00
2018/10/24	17.55	17.81	17.10	17.26	2138900	37202264.00
2018/10/25	16.46	16.77	16.26	16.67	2020262	33368566.00
2018/10/26	17.00	17.11	16.49	16.52	1553259	25957684.00
2018/10/29	16.53	16.75	16.10	16.63	1123000	18576656.00
2018/10/30	16.90	17.74	16.81	17.56	3609930	62570356.00
2018/10/31	17.29	19.30	17.15	18.33	4931926	88380264.00
2018/11/01	17.90	18.47	17.65	17.77	4200818	75354688.00
2018/11/02	17.85	18.03	17.71	18.01	2822065	50511796.00
2018/11/05	18.40	18.40	17.65	17.82	2598862	46792000.00
2018/11/06	17.66	17.66	16.80	17.17	2378138	40820508.00
2018/11/07	17.11	17.39	16.91	16.97	1911934	32819172.00
2018/11/08	17.25	17.25	17.00	17.10	1534743	26299080.00
2018/11/09	17.00	17.31	16.90	17.31	1470439	25224004.00
2018/11/12	17.40	17.99	17.36	17.83	2375871	42021420.00
2018/11/13	17.54	17.95	17.42	17.87	2388610	42396352.00
2018/11/14	18.01	18.28	17.66	17.71	2300900	41318916.00
2018/11/15	17.80	18.55	17.78	18.39	3627643	65984488.00
2018/11/16	18.35	18.49	18.05	18.36	2909914	53140656.00
2018/11/19	18.41	18.92	18.20	18.76	3600344	67055732.00
2018/11/20	18.70	18.70	17.80	17.83	2380034	43353384.00
2018/11/21	17.34	18.17	17.31	18.15	1547519	27618858.00
2018/11/22	18.26	18.35	17.74	17.87	1379655	24739856.00
2018/11/23	18.08	18.08	16.55	16.58	2034900	34921056.00
2018/11/26	16.45	16.81	16.02	16.35	1134276	18573444.00
2018/11/27	16.55	16.68	16.27	16.52	696167	11485237.00
2018/11/28	16.52	16.74	16.25	16.72	1009734	16729001.00
2018/11/29	16.90	16.91	16.10	16.13	987267	16295717.00
2018/11/30	16.13	16.39	15.82	16.37	873864	14094645.00
2018/12/03	16.72	17.15	16.58	16.87	1202600	20246972.00
2018/12/04	16.90	17.37	16.80	17.19	1552968	26679794.00
2018/12/05	16.80	17.15	16.53	16.80	1175401	19761600.00
2018/12/06	16.90	16.96	16.35	16.36	841500	13989457.00
2018/12/07	16.43	16.58	16.31	16.48	586600	9641295.00
2018/12/10	16.40	16.40	16.03	16.07	644480	10412761.00
2018/12/11	16.15	16.29	16.11	16.21	446900	7229396.00
2018/12/12	16.35	16.81	16.34	16.53	1131601	18767672.00
2018/12/13	16.62	16.65	16.33	16.57	899695	14863946.00
2018/12/14	16.60	16.60	15.95	16.07	937548	15219941.00
2018/12/17	16.02	16.29	15.91	16.25	612534	9893984.00
2018/12/18	16.24	16.28	15.98	16.20	607700	9792387.00
2018/12/19	16.06	16.19	15.74	15.78	726400	11573400.00
2018/12/20	15.77	15.97	15.77	15.89	548800	8715972.00
2018/12/21	15.92	16.40	15.80	16.34	1455478	23584198.00
2018/12/24	16.22	16.85	16.21	16.73	2015513	33514548.00
2018/12/25	16.41	16.58	15.80	16.37	1836905	29678652.00
2018/12/26	16.42	16.68	16.22	16.41	1766248	29074908.00
2018/12/27	16.54	16.66	15.80	15.88	1252667	20417400.00
2018/12/28	15.88	15.96	15.40	15.60	1375467	21560500.00
2019/01/02	15.60	15.69	15.22	15.35	797367	12246970.00
2019/01/03	15.30	15.30	14.70	14.86	1278000	19205620.00
数据来源:通达信
