603611 诺力股份 日线 前复权
      日期	    开盘	    最高	    最低	    收盘	    成交量	    成交额
2015/01/28	6.75	8.33	6.75	8.33	27000	705330.00
2015/01/29	9.27	9.27	9.27	9.27	9700	282270.00
2015/01/30	10.31	10.31	10.31	10.31	12700	406527.00
2015/02/02	11.45	11.45	11.45	11.45	33800	1190098.00
2015/02/03	12.71	12.71	12.71	12.71	61400	2378022.00
2015/02/04	14.09	14.09	14.09	14.09	88499	3770057.50
2015/02/05	15.61	15.61	15.61	15.61	371200	17394432.00
2015/02/06	17.09	17.09	13.94	13.94	4618756	210670672.00
2015/02/09	12.43	12.56	12.43	12.43	2039400	77400120.00
2015/02/10	11.38	11.73	11.15	11.57	6382515	223585664.00
2015/02/11	11.57	11.89	11.48	11.63	3873906	138640000.00
2015/02/12	11.56	11.70	11.27	11.49	3111652	109775752.00
2015/02/13	11.58	11.86	11.56	11.71	3073191	110179880.00
2015/02/16	11.71	11.73	11.48	11.69	2020750	72105088.00
2015/02/17	11.70	11.74	11.62	11.70	1615639	57910628.00
2015/02/25	11.73	11.73	11.43	11.48	1661816	58782496.00
2015/02/26	11.48	11.66	11.48	11.64	1286235	45655792.00
2015/02/27	11.66	11.86	11.63	11.82	1829943	65830144.00
2015/03/02	11.84	12.31	11.74	12.27	3075324	113340648.00
2015/03/03	12.19	12.19	11.70	11.73	3136621	114657064.00
2015/03/04	11.65	11.82	11.63	11.78	1729027	62203056.00
2015/03/05	11.74	11.90	11.71	11.89	1443939	52302700.00
2015/03/06	11.88	11.95	11.58	11.61	1596882	57458100.00
2015/03/09	11.47	11.54	11.25	11.48	1380649	48345176.00
2015/03/10	11.45	11.71	11.43	11.57	991275	35349056.00
2015/03/11	11.61	11.71	11.53	11.58	1258534	44867784.00
2015/03/12	11.62	11.63	11.37	11.48	1489600	52550688.00
2015/03/13	11.54	11.90	11.53	11.83	1799504	64676664.00
2015/03/16	11.99	13.08	11.99	12.66	4488223	172053376.00
2015/03/17	12.74	12.76	12.40	12.66	3178903	122084520.00
2015/03/18	12.66	13.29	12.54	13.20	2873276	113974264.00
2015/03/19	13.23	13.28	12.83	13.04	2212416	87369384.00
2015/03/20	13.05	13.12	12.93	13.03	1614577	63837220.00
2015/03/23	13.03	13.14	12.95	13.09	1910173	75707392.00
2015/03/24	14.51	14.51	14.51	14.51	837366	36659884.00
2015/03/25	15.22	16.08	14.91	16.08	6314493	295826400.00
2015/03/26	16.91	16.91	15.15	15.45	5808874	280452480.00
2015/03/27	14.95	15.66	14.95	15.19	1984989	90614152.00
2015/03/30	15.06	15.18	14.32	14.67	3271840	145031760.00
2015/03/31	14.59	14.88	14.59	14.73	1505176	66947200.00
2015/04/01	14.76	15.11	14.65	15.06	1617251	72757512.00
2015/04/02	15.17	15.27	14.97	15.26	2150348	97941824.00
2015/04/03	15.24	16.60	15.13	16.05	2993238	143145712.00
2015/04/07	16.31	17.10	16.09	16.98	3007131	150017184.00
2015/04/08	17.15	18.52	16.98	17.68	3506375	184564576.00
2015/04/09	17.45	17.65	16.03	17.04	3023259	151524960.00
2015/04/10	16.99	17.66	16.74	17.48	2220452	115180104.00
2015/04/13	17.77	18.80	17.57	18.60	2616573	142298256.00
2015/04/14	18.57	18.57	17.79	17.94	2414466	129740872.00
2015/04/15	17.63	17.66	16.35	16.47	2112508	106613800.00
2015/04/16	16.26	16.89	15.85	16.66	1350798	66860640.00
2015/04/17	16.95	17.22	16.56	16.82	1495566	75411864.00
2015/04/20	16.74	16.74	15.68	15.70	2497857	120230384.00
2015/04/21	15.52	16.43	15.52	16.42	1154640	55896284.00
2015/04/22	16.52	17.09	16.43	16.73	1448708	72726992.00
2015/04/23	17.05	17.05	16.45	16.55	1547320	76632960.00
2015/04/24	16.38	16.43	15.81	16.27	1558677	75448080.00
2015/04/27	16.29	16.73	16.29	16.47	1330605	65572108.00
2015/04/28	16.48	16.66	15.90	15.98	1317085	63577704.00
2015/04/29	15.85	16.69	15.85	16.59	1335328	65682456.00
2015/04/30	16.70	17.30	16.69	16.94	1906110	97088288.00
2015/05/04	16.89	17.16	16.50	16.60	1224771	60891836.00
2015/05/05	16.60	17.43	16.22	17.23	2534849	127714912.00
2015/05/06	17.24	18.87	17.03	17.87	3481572	186402976.00
2015/05/07	17.56	19.06	17.33	18.66	3257312	178659680.00
2015/05/08	18.76	19.91	18.17	19.85	3468566	196063392.00
2015/05/11	20.05	20.84	19.63	20.68	3191633	192212416.00
2015/05/12	20.83	22.38	20.21	20.78	4049605	249942464.00
2015/05/13	20.31	21.13	19.83	20.82	2565732	155040960.00
2015/05/14	20.87	22.63	20.32	22.12	2628497	167206224.00
2015/05/15	21.74	22.56	20.94	22.25	2385875	152672480.00
2015/05/18	22.03	23.86	21.84	23.44	2050975	139860416.00
2015/05/19	23.45	25.90	22.91	25.90	2776564	197313392.00
2015/05/20	25.66	28.59	25.43	26.20	2550948	204412096.00
2015/05/21	26.20	27.81	26.03	26.99	2150121	168049360.00
2015/05/22	26.91	29.80	26.55	29.61	2829962	231728928.00
2015/05/25	29.24	32.41	28.01	30.17	4137450	361783520.00
2015/05/26	31.06	33.30	30.32	33.30	3493621	320867808.00
2015/05/27	33.99	36.74	33.27	36.74	3856842	396517248.00
2015/05/28	38.52	40.53	33.88	35.08	6038444	687855360.00
2015/05/29	35.56	38.68	32.24	38.68	6358494	341126304.00
2015/06/01	38.10	39.77	34.78	35.66	12113549	632479488.00
2015/06/02	34.41	34.77	32.92	33.88	9303507	449526784.00
2015/06/03	33.79	35.56	33.06	35.46	7039037	352420096.00
2015/06/04	35.48	38.91	34.77	37.91	9359358	497234432.00
2015/06/05	37.91	38.74	35.97	36.26	7413192	392706208.00
2015/06/08	35.63	35.63	32.63	32.71	7042026	340014496.00
2015/06/09	32.28	33.76	30.49	32.87	3573355	166757984.00
2015/06/10	32.49	33.81	31.66	33.24	3447771	164700512.00
2015/06/11	33.20	33.49	32.66	33.47	3517098	167608640.00
2015/06/12	33.68	34.19	33.05	33.89	4434611	214111616.00
2015/06/15	33.91	33.91	30.97	31.65	3906352	182604000.00
2015/06/16	31.16	31.16	28.39	28.39	3950656	166501888.00
2015/06/17	28.06	28.77	26.09	28.74	3718976	148751376.00
2015/06/18	28.56	28.56	25.77	25.77	2920911	115413416.00
2015/06/19	25.26	25.26	23.10	23.10	3261258	113857376.00
2015/06/23	22.78	24.76	21.56	24.56	3647439	123615648.00
2015/06/24	24.56	25.51	24.06	25.14	3729853	135460912.00
2015/06/25	25.18	25.20	22.63	23.24	2529708	89300512.00
2015/06/26	22.60	22.60	20.82	20.82	2335168	72818296.00
2015/06/29	21.53	21.55	18.64	18.64	3523013	100110536.00
2015/06/30	17.99	19.92	16.69	19.91	4662102	125253272.00
2015/07/01	19.77	20.97	18.27	18.34	4315796	125924472.00
2015/07/02	18.11	18.81	16.44	16.79	2990890	78173408.00
2015/07/03	16.20	17.64	15.27	16.31	3644798	88992024.00
2015/07/06	18.04	18.04	15.13	17.02	4602101	115728240.00
2015/07/07	16.69	17.02	15.23	15.23	2821839	66231320.00
2015/07/13	16.84	16.84	16.84	16.84	184335	4589941.50
2015/07/14	18.62	18.62	18.62	18.62	172042	4712230.50
2015/07/15	20.58	20.58	18.20	19.49	8575676	241887120.00
2015/07/16	17.64	20.26	17.64	19.23	5189065	147227136.00
2015/07/17	19.23	20.91	18.91	20.61	5221522	153402208.00
2015/07/20	20.55	22.25	20.13	21.39	4476781	137992768.00
2015/07/21	20.88	21.67	20.72	21.19	3447098	106646232.00
2015/07/22	21.21	23.41	21.04	23.41	6408979	209737696.00
2015/07/23	24.04	25.14	22.83	24.91	6166539	215693456.00
2015/07/24	24.43	26.18	23.70	24.81	5225976	190949536.00
2015/07/27	24.06	25.91	22.24	22.24	4106627	144076864.00
2015/07/28	20.61	22.29	19.92	20.29	5259700	157671776.00
2015/07/29	20.84	22.41	19.70	22.17	3458910	105592408.00
2015/07/30	22.06	22.76	20.79	22.15	3393583	109599416.00
2015/07/31	21.21	22.64	21.21	22.24	2574171	82326200.00
2015/08/03	21.91	22.12	19.98	20.02	2316538	71024752.00
2015/08/04	20.02	21.77	20.02	21.59	2139432	65149124.00
2015/08/05	21.59	21.86	20.61	20.74	3058133	95187760.00
2015/08/06	20.34	20.59	20.00	20.03	1903993	56423684.00
2015/08/07	20.09	20.83	20.09	20.66	2545336	76327680.00
2015/08/10	20.84	22.10	20.84	21.91	4960625	155846448.00
2015/08/11	22.17	22.63	21.67	22.15	4658846	151291392.00
2015/08/12	21.91	22.11	21.24	21.36	3399270	107188640.00
2015/08/13	20.97	21.91	20.70	21.82	2516037	78535272.00
2015/08/14	21.84	22.14	21.70	21.79	2704554	86438176.00
2015/08/17	21.74	21.76	21.01	21.26	1731209	53871508.00
2015/08/18	21.40	21.54	19.04	19.04	3437162	102335112.00
2015/08/19	17.99	19.41	17.41	19.16	2471750	67660712.00
2015/08/20	18.82	19.06	17.99	18.13	1566799	42894692.00
2015/08/21	18.14	18.70	17.27	17.37	2048452	54002924.00
2015/08/24	16.86	16.86	15.54	15.54	1495200	34721460.00
2015/08/25	13.94	14.49	13.89	13.89	1577747	32906440.00
2015/08/26	14.06	14.49	12.41	12.43	3822850	77133240.00
2015/08/27	12.77	13.25	12.43	13.16	2434297	46997408.00
2015/08/28	13.34	14.58	13.27	14.58	3217687	66695484.00
2015/08/31	14.41	14.94	14.01	14.28	3554179	76609688.00
2015/09/01	14.19	14.19	12.76	12.76	1769123	34807744.00
2015/09/02	12.26	13.20	11.87	12.12	1745115	32407336.00
2015/09/07	12.63	13.02	12.27	12.86	1649430	31649732.00
2015/09/08	12.78	14.24	12.78	14.24	3052846	62631216.00
2015/09/09	14.77	15.76	14.56	15.76	3897225	88005320.00
2015/09/10	15.49	16.69	15.20	16.39	4621461	110604440.00
2015/09/11	15.96	18.12	15.96	18.11	7621282	192052192.00
2015/09/14	18.13	19.04	16.20	16.79	11111961	299109600.00
2015/09/15	15.77	16.69	15.01	15.01	4517048	104315680.00
2015/09/16	14.74	16.56	13.64	16.11	8388204	186636688.00
2015/09/17	15.59	16.13	14.71	14.75	6149511	141220368.00
2015/09/18	14.79	15.13	14.03	14.36	3541538	76326776.00
2015/09/21	14.19	15.34	13.84	15.19	3753378	83021240.00
2015/09/22	15.20	15.60	14.79	15.15	3753056	84867096.00
2015/09/23	14.57	15.01	14.48	14.63	2649883	57999264.00
2015/09/24	14.77	15.11	14.56	14.98	4312583	95207656.00
2015/09/25	14.95	15.70	14.69	15.43	6967535	158396768.00
2015/09/28	15.49	16.89	15.49	16.81	6373682	152994832.00
2015/09/29	16.06	16.34	15.35	15.58	4895669	114702960.00
2015/09/30	15.49	15.90	15.06	15.22	3012195	68858904.00
2015/10/08	15.70	16.06	15.45	16.03	4117669	96493512.00
2015/10/09	16.04	16.11	15.63	15.98	3598148	84741896.00
2015/10/12	16.04	17.26	15.95	17.01	5132533	126783616.00
2015/10/13	16.84	17.55	16.51	17.42	5457208	137499664.00
2015/10/14	17.15	18.34	16.64	17.90	5573661	142222048.00
2015/10/15	17.51	18.52	17.18	18.36	6120827	161730176.00
2015/10/16	18.42	19.13	18.20	18.92	6909519	189544544.00
2015/10/19	19.09	19.71	18.10	18.28	6416933	178446000.00
2015/10/20	18.29	18.85	18.10	18.49	3518334	95062048.00
2015/10/21	18.34	18.41	16.55	16.55	5208871	133956784.00
2015/10/22	16.49	17.16	16.49	17.13	3290401	81864912.00
2015/10/23	17.20	18.13	17.14	18.11	3851473	100301000.00
2015/10/26	18.34	18.69	18.07	18.41	3688718	100166144.00
2015/10/27	18.13	18.46	17.27	18.31	3325778	87693752.00
2015/10/28	18.36	18.77	17.90	17.95	3046975	82679848.00
2015/10/29	18.29	18.41	17.63	17.89	2186979	58010496.00
2015/10/30	17.70	18.19	17.32	17.83	1994832	52316032.00
2015/11/02	17.31	18.66	17.06	18.34	3451040	92101344.00
2015/11/03	18.69	19.99	18.15	19.98	7584577	214674432.00
2015/11/04	19.84	20.91	19.42	20.81	7917343	233326928.00
2015/11/05	20.61	21.02	19.71	20.40	6160413	183439584.00
2015/11/06	20.35	21.91	20.13	21.16	5634696	173643600.00
2015/11/09	20.96	21.99	20.49	21.54	6049048	188453584.00
2015/11/10	21.20	21.49	20.61	20.87	4605278	141671072.00
2015/11/11	20.54	21.98	20.54	21.88	5297115	166404304.00
2015/11/12	22.16	24.16	22.13	24.16	8226438	279523040.00
2015/11/13	23.77	25.99	22.84	24.16	11511531	413070400.00
2015/11/16	23.35	25.12	22.03	25.04	5447875	187665712.00
2015/11/17	25.49	25.75	24.13	24.66	6158949	223269216.00
2015/11/18	24.66	24.75	22.94	23.11	3878714	134152880.00
2015/11/19	23.14	25.49	23.14	24.94	3886516	135396688.00
2015/11/20	24.99	25.16	23.81	24.58	4666779	166908336.00
2015/11/23	24.58	24.59	23.55	23.61	3118761	108723128.00
2015/11/24	23.34	24.41	23.14	24.30	3257632	113244448.00
2015/11/25	24.04	24.50	23.71	24.28	3379737	118594728.00
2015/11/26	24.11	25.11	24.06	24.92	5193100	186619904.00
2015/11/27	24.70	25.49	22.54	22.87	4991587	176857968.00
2015/11/30	22.64	22.95	20.63	22.54	4773222	153022432.00
2015/12/01	22.54	23.19	21.64	22.07	2955049	96738576.00
2015/12/02	22.06	22.47	20.54	21.31	2562934	79511224.00
2015/12/03	21.60	22.06	21.42	21.98	2155244	68662816.00
2015/12/04	22.11	22.56	21.94	22.38	2675858	86877672.00
2015/12/07	22.21	23.06	22.21	22.81	2435733	80657632.00
2015/12/08	22.94	24.95	22.34	24.04	6157350	214264368.00
2015/12/09	24.04	24.17	23.16	23.41	3078458	105806544.00
2015/12/10	22.63	24.04	22.63	22.90	2450575	83425448.00
2015/12/11	23.19	23.19	21.91	21.91	2064551	67147472.00
2015/12/14	21.34	22.49	21.21	22.36	1337820	42712132.00
2015/12/15	22.45	24.23	22.14	23.94	3466324	117070344.00
2015/12/16	24.01	24.31	23.39	23.65	3344769	115956632.00
2015/12/17	23.70	24.45	23.70	24.13	4008260	140245744.00
2015/12/18	24.17	24.31	23.41	24.09	3584021	124736888.00
2015/12/21	24.09	24.75	23.71	24.51	3487965	123782728.00
2015/12/22	24.44	24.47	23.94	24.33	2501362	87905168.00
2015/12/23	24.42	25.13	23.97	23.99	3662186	130753400.00
2015/12/24	23.66	23.95	22.74	23.41	2625221	89175560.00
2015/12/25	23.52	25.41	23.21	25.15	7132767	256521776.00
2015/12/28	25.69	27.76	25.69	27.39	12897946	512725632.00
2015/12/29	26.90	27.34	25.51	26.73	7399873	283676064.00
2015/12/30	26.34	29.33	25.99	27.54	8812325	350600768.00
2015/12/31	27.09	29.19	26.70	26.87	5752904	232951632.00
2016/01/04	26.20	26.87	24.09	24.09	2919024	108186536.00
2016/01/05	21.60	23.94	21.60	23.14	4034365	134767376.00
2016/01/06	23.06	25.55	23.06	25.55	4473843	158782432.00
2016/01/07	25.13	25.13	22.90	22.90	965600	33253072.00
2016/01/08	23.34	24.94	21.63	24.21	4214799	145806448.00
2016/01/11	23.49	25.51	22.27	23.57	5300576	187442816.00
2016/01/12	23.63	26.02	23.63	26.02	7714173	283797696.00
2016/01/13	25.99	27.63	24.99	26.41	9294046	353810496.00
2016/01/14	25.03	27.98	23.67	27.54	7952111	298720704.00
2016/01/15	27.21	28.34	25.56	25.72	7060961	277561760.00
2016/01/18	23.91	25.72	23.09	23.56	7066021	248059776.00
2016/01/19	22.95	24.08	21.63	23.82	7074596	234456064.00
2016/01/20	23.20	23.31	21.97	22.16	5817727	191803904.00
2016/01/21	21.19	21.91	19.86	19.86	5041399	154112384.00
2016/01/22	19.27	20.11	18.34	18.90	4946130	138146768.00
2016/01/25	19.26	19.76	18.85	19.27	3308525	93563656.00
2016/01/26	19.21	19.21	17.25	17.25	2729304	72893048.00
2016/01/27	17.02	17.47	15.48	16.85	3857418	92859432.00
2016/01/28	16.60	16.60	15.07	15.07	2916040	68970712.00
2016/01/29	15.07	15.81	14.74	15.61	3227950	73409208.00
2016/02/01	15.35	15.97	15.17	15.37	2145485	49493396.00
2016/02/02	15.55	16.20	15.49	16.07	2475790	58538804.00
2016/02/03	15.84	16.15	15.52	16.04	1848553	43475388.00
2016/02/04	16.19	17.41	16.08	16.93	3103799	77059752.00
2016/02/05	17.14	17.49	16.91	17.09	2625218	66644684.00
2016/02/15	16.56	17.49	16.28	17.14	1921404	47903432.00
2016/02/16	17.16	18.16	17.16	17.94	2644635	69725888.00
2016/02/17	18.00	18.41	17.56	17.92	2522288	66869304.00
2016/02/18	17.99	18.24	17.34	17.36	2630952	68571272.00
2016/02/19	17.44	17.66	17.27	17.58	2023796	52189356.00
2016/02/22	17.68	18.59	17.68	18.36	2858093	77140296.00
2016/02/23	18.25	18.45	17.89	18.11	1995278	53222556.00
2016/02/24	17.88	18.26	17.18	17.84	1703341	44524524.00
2016/02/25	17.63	18.31	15.96	16.16	3201325	82398920.00
2016/02/26	16.06	16.83	15.49	16.26	1582395	38166840.00
2016/02/29	16.29	16.34	14.56	14.90	1834735	40779884.00
2016/03/01	14.91	15.31	14.45	15.10	1499608	33352032.00
2016/03/02	15.16	15.86	14.91	15.81	2238020	51155792.00
2016/03/03	15.83	16.36	15.80	15.99	2215618	52797884.00
2016/03/04	15.99	15.99	14.81	14.99	1824432	41564408.00
2016/03/07	15.74	15.74	15.00	15.35	1227311	28141884.00
2016/03/08	15.37	15.59	14.61	15.56	1839619	41475320.00
2016/03/09	15.16	15.46	14.95	15.14	1031110	23330856.00
2016/03/10	15.14	15.40	14.99	15.33	1206460	27388658.00
2016/03/11	15.27	15.59	14.93	15.44	1270718	28882378.00
2016/03/14	15.53	16.42	15.53	16.19	4124546	97960744.00
2016/03/15	16.01	16.07	15.56	15.66	2827900	66221856.00
2016/03/16	15.96	15.96	15.21	15.26	1760328	40502856.00
2016/03/17	15.40	15.90	15.29	15.71	2626450	60997184.00
2016/03/18	15.85	16.91	15.74	16.80	4824113	117637184.00
2016/03/21	17.06	17.54	16.95	17.52	6048635	153286096.00
2016/03/22	17.33	17.41	16.84	17.08	3535346	89518944.00
2016/03/23	17.06	17.98	16.94	17.84	4620377	119640400.00
2016/03/24	17.56	17.66	17.12	17.14	4580466	117873384.00
2016/03/25	17.11	17.56	16.89	17.31	3014146	76337984.00
2016/03/28	17.34	17.77	17.04	17.13	3239088	83573936.00
2016/03/29	17.19	17.46	16.71	17.36	3674361	93338552.00
2016/07/19	19.17	19.17	19.17	19.17	54006	1507307.50
2016/07/20	21.16	21.16	21.16	21.16	190901	5860660.50
2016/07/21	23.36	23.36	23.36	23.36	873227	29488876.00
2016/07/22	24.95	24.95	21.88	22.16	13286073	443677856.00
2016/07/25	21.99	23.16	21.24	22.98	11580258	374557792.00
2016/07/26	22.49	23.36	22.49	22.76	5763857	190891904.00
2016/07/27	22.69	22.69	20.59	20.86	6678440	208443456.00
2016/07/28	20.66	20.93	19.69	20.22	3927863	115629248.00
2016/07/29	20.26	21.34	20.09	21.05	3936187	118098184.00
2016/08/01	20.76	21.83	20.36	21.42	4952850	152565888.00
2016/08/02	21.51	21.77	21.09	21.60	2911673	90663424.00
2016/08/03	21.37	21.59	20.85	21.16	3329364	102258344.00
2016/08/04	21.05	22.08	20.91	21.96	4511619	140784704.00
2016/08/05	21.77	21.98	21.23	21.24	3680121	115002448.00
2016/08/08	21.02	21.02	20.38	20.99	2290648	68949632.00
2016/08/09	20.95	21.79	20.74	21.42	2636286	81231848.00
2016/08/10	21.43	21.51	20.90	21.01	2168633	66397684.00
2016/08/11	20.90	20.95	20.15	20.18	2454853	73168280.00
2016/08/12	20.17	20.36	20.01	20.16	1792957	52398376.00
2016/08/15	20.28	20.74	19.95	20.57	2573960	76254368.00
2016/08/16	20.66	20.80	20.46	20.60	2029897	60787548.00
2016/08/17	20.59	21.63	20.46	21.60	4356916	133963344.00
2016/08/18	21.39	21.81	21.02	21.28	3253655	100642240.00
2016/08/19	21.16	21.81	20.81	21.80	3801844	117774048.00
2016/08/22	21.84	21.95	21.06	21.06	2330452	72535840.00
2016/08/23	20.81	21.35	20.74	20.87	1807642	55013496.00
2016/08/24	20.84	21.27	20.84	20.95	1195555	36464936.00
2016/08/25	20.81	20.81	20.10	20.27	2411120	71327984.00
2016/08/26	20.35	20.76	20.33	20.50	1438420	42919984.00
2016/08/29	20.56	20.99	20.53	20.98	1683618	50950908.00
2016/08/30	21.16	22.66	21.16	21.71	5283055	168549040.00
2016/08/31	21.57	22.21	21.46	21.82	3288610	104240336.00
2016/09/01	21.81	22.68	21.74	22.07	4970297	160899616.00
2016/09/02	22.07	22.49	21.38	21.70	3478019	110307160.00
2016/09/05	21.61	22.74	21.61	22.71	5014828	162770304.00
2016/09/06	22.50	22.51	22.09	22.45	5328850	172383072.00
2016/09/07	22.38	22.38	21.84	22.06	3705924	118439376.00
2016/09/08	21.89	22.45	21.89	22.44	2706815	87130064.00
2016/09/09	22.52	22.59	21.77	21.83	2817791	90470832.00
2016/09/12	20.94	21.56	20.74	21.01	2651916	81496568.00
2016/09/13	21.16	21.36	20.88	21.16	1512250	46336868.00
2016/09/14	21.01	21.13	20.33	20.54	1984231	59595056.00
2016/09/19	20.56	21.02	20.56	20.99	1198011	36268076.00
2016/09/20	20.99	21.49	20.99	21.44	1785028	55194592.00
2016/09/21	21.38	21.98	21.22	21.76	1718915	54143492.00
2016/09/22	21.81	22.03	21.64	21.96	1893518	60024924.00
2016/09/23	21.88	22.07	21.56	21.57	1326860	41840724.00
2016/09/26	21.52	21.72	20.80	20.82	1513836	46606908.00
2016/09/27	20.83	21.19	20.69	21.16	971176	29517170.00
2016/09/28	21.22	21.28	20.94	20.96	900050	27512572.00
2016/09/29	20.96	21.52	20.89	21.40	1379563	42562132.00
2016/09/30	21.34	21.59	21.28	21.45	955811	29668098.00
2016/10/10	21.59	22.38	21.58	22.26	2251142	72185152.00
2016/10/11	22.09	22.59	22.09	22.57	2915490	94660168.00
2016/10/12	22.44	22.57	22.18	22.39	2005597	64914464.00
2016/10/13	22.45	22.64	22.19	22.56	2405226	78160520.00
2016/10/14	22.45	22.50	21.79	22.07	2249010	71893144.00
2016/10/17	21.96	23.06	21.96	22.71	4400443	144044880.00
2016/10/18	22.59	23.67	22.50	23.56	5819028	196109856.00
2016/10/19	23.81	23.87	23.16	23.49	3965206	134309904.00
2016/10/20	23.51	23.76	23.21	23.41	2123873	72051512.00
2016/10/21	23.51	23.59	22.75	23.11	2274332	75959320.00
2016/10/24	23.19	24.81	23.19	24.70	5860712	203640928.00
2016/10/25	24.45	25.24	24.31	25.01	5492437	196695936.00
2016/10/26	24.83	25.09	24.41	24.72	3232229	115294600.00
2016/11/03	26.85	27.27	26.03	27.27	10023112	387933920.00
2016/11/04	28.16	28.84	26.25	26.49	13710381	545470272.00
2016/11/07	25.96	26.84	25.56	25.99	6561872	247219520.00
2016/11/08	26.08	27.28	25.91	26.84	5860515	225700608.00
2016/11/09	26.65	27.44	26.13	27.16	5185802	201005248.00
2016/11/10	27.45	28.19	27.01	27.52	4759643	188304032.00
2016/11/11	27.64	27.64	26.41	26.74	4020384	155583296.00
2016/11/14	27.02	27.11	26.49	26.71	3109539	119829824.00
2016/11/15	27.01	27.01	25.97	26.26	2939696	111125000.00
2016/11/16	26.36	26.45	25.99	26.34	2079053	78602168.00
2016/11/17	26.21	26.59	26.10	26.31	1619201	61468668.00
2016/11/18	26.29	27.21	26.20	26.75	3645210	140405824.00
2016/11/21	26.75	28.12	26.75	27.94	5087221	202118480.00
2016/11/22	27.66	27.95	27.27	27.63	3652986	144573328.00
2016/11/23	27.79	27.93	27.21	27.43	2331170	92449016.00
2016/11/24	27.44	27.56	26.51	26.64	2237854	86715752.00
2016/11/25	26.49	26.76	25.74	26.66	1915922	72753336.00
2016/11/28	26.79	26.79	26.09	26.11	1592452	60203128.00
2016/11/29	26.11	26.45	25.44	25.49	1775000	66487396.00
2016/11/30	25.52	25.92	25.06	25.64	2443921	89850816.00
2016/12/01	25.60	25.92	25.59	25.83	1426813	52995948.00
2016/12/02	25.81	26.11	24.38	24.69	2531186	91953192.00
2016/12/05	24.27	24.96	24.27	24.84	1162314	41477172.00
2016/12/06	24.95	26.24	24.81	25.65	2486843	92365520.00
2016/12/07	25.62	26.02	25.53	25.64	1070696	39695908.00
2016/12/08	25.57	26.18	25.46	25.83	1419690	52803220.00
2016/12/09	25.83	26.16	25.67	25.79	804400	29983768.00
2016/12/12	25.74	25.78	23.55	23.75	2667948	94963536.00
2016/12/13	23.53	24.09	23.52	23.76	1528582	52587508.00
2016/12/14	23.76	23.93	23.17	23.39	1318274	44829104.00
2016/12/15	23.31	23.94	23.17	23.62	2243762	76300800.00
2016/12/16	23.66	24.47	23.54	24.34	1809034	63153988.00
2016/12/19	24.51	24.59	24.13	24.48	962846	33894284.00
2016/12/20	24.24	24.63	24.17	24.56	990418	34837816.00
2016/12/21	25.06	26.72	25.06	25.64	3866368	144192912.00
2016/12/22	25.39	26.74	25.39	26.49	4370070	165374368.00
2016/12/23	26.40	26.41	25.79	26.00	2135570	80235592.00
2016/12/26	26.02	26.42	25.31	26.32	1667963	62412756.00
2016/12/27	26.35	27.01	26.11	26.61	2358448	90632888.00
2016/12/28	26.61	26.88	26.17	26.43	1627545	61971772.00
2016/12/29	26.24	27.08	26.17	26.94	1792928	69137112.00
2016/12/30	26.88	27.13	26.36	26.51	1449497	55739748.00
2017/01/03	26.59	26.70	26.27	26.34	1223700	46598344.00
2017/01/04	26.24	27.28	26.23	26.96	2183792	84503096.00
2017/01/05	27.06	27.21	26.63	26.78	1257400	48526220.00
2017/01/06	26.93	26.93	25.58	25.66	2627337	98441416.00
2017/01/09	25.59	26.37	25.37	26.31	1255540	46763016.00
2017/01/10	26.24	26.81	26.16	26.61	1343655	51307720.00
2017/01/11	26.29	26.70	25.59	25.91	1701326	63788752.00
2017/01/12	25.91	26.05	25.24	25.24	1069716	39538772.00
2017/01/13	25.19	25.35	23.88	24.09	1689823	59926188.00
2017/01/16	24.23	24.45	21.96	23.31	1936031	65979520.00
2017/01/17	23.33	23.85	22.85	23.84	1765644	59883724.00
2017/01/18	23.74	23.83	23.02	23.14	959527	32417354.00
2017/01/19	22.45	22.45	21.16	21.67	3995929	125761704.00
2017/01/20	22.03	22.91	21.81	22.51	3635636	117402464.00
2017/01/23	22.59	23.24	22.55	22.77	1931446	63969320.00
2017/01/24	22.77	23.01	22.17	22.24	1314169	42619156.00
2017/01/25	22.16	22.52	22.06	22.34	1051683	33983404.00
2017/01/26	22.45	23.44	22.36	23.39	1529734	50972128.00
2017/02/03	23.39	23.39	22.70	22.88	1437641	47652088.00
2017/02/06	22.84	23.14	22.77	23.02	1038112	34462068.00
2017/02/07	23.08	23.16	22.58	22.80	1212621	40049956.00
2017/02/08	22.80	23.45	22.54	23.26	1283548	42910772.00
2017/02/09	23.13	23.41	23.11	23.26	1537000	51589260.00
2017/02/10	23.39	23.50	22.95	22.99	1127295	37714736.00
2017/02/13	22.99	23.34	22.71	23.20	921367	30723106.00
2017/02/14	23.34	23.34	22.91	23.08	1029791	34364128.00
2017/02/15	23.08	23.09	22.52	22.61	1454426	48069204.00
2017/02/16	22.71	23.20	22.58	23.09	1366342	45509612.00
2017/02/17	23.11	23.29	22.38	22.61	1857485	61146332.00
2017/02/20	22.26	22.58	21.67	22.17	2731596	87078616.00
2017/02/21	22.26	22.41	22.06	22.38	1819443	58503988.00
2017/02/22	22.81	22.83	22.38	22.58	1458233	47623420.00
2017/02/23	22.50	22.69	22.39	22.59	1181214	38502904.00
2017/02/24	22.62	23.16	22.50	23.04	1662156	55253024.00
2017/02/27	23.11	23.48	23.08	23.15	2338338	78750960.00
2017/02/28	23.15	23.30	22.89	23.16	1425900	47577236.00
2017/03/01	23.09	23.23	22.90	23.18	1347328	45030748.00
2017/03/02	23.17	23.87	23.01	23.59	3142550	107216168.00
2017/03/03	23.43	23.79	23.31	23.69	1678960	57185428.00
2017/03/06	23.68	24.13	23.52	24.12	2135753	73983136.00
2017/03/07	24.12	24.64	23.99	24.41	1833735	64515056.00
2017/03/08	24.49	24.50	23.74	23.89	1624667	56384420.00
2017/03/09	23.79	23.91	23.15	23.38	1915015	64680684.00
2017/03/10	23.51	23.85	23.39	23.66	1258187	43086180.00
2017/03/13	23.67	23.84	23.45	23.80	1217089	41678008.00
2017/03/14	23.74	23.84	23.39	23.54	1532432	52402272.00
2017/03/15	23.54	24.20	23.44	24.17	1830293	63317352.00
2017/03/16	24.19	24.31	23.91	24.16	2457196	85427488.00
2017/03/17	23.96	24.55	23.96	24.04	1959110	68757968.00
2017/03/20	24.01	24.56	23.96	24.56	1575936	55393504.00
2017/03/21	24.56	24.77	24.14	24.28	1610977	56634488.00
2017/03/22	24.09	24.49	24.03	24.39	1182574	41428896.00
2017/03/23	24.41	24.56	24.10	24.35	1419483	49934404.00
2017/03/24	24.36	24.92	24.36	24.63	1818589	64770492.00
2017/03/27	24.60	24.86	24.18	24.32	1372011	48513360.00
2017/03/28	24.34	24.41	24.09	24.14	893332	31261082.00
2017/03/29	24.20	24.36	23.21	23.22	2183065	75025712.00
2017/03/30	23.24	23.44	22.66	23.10	1863795	62086964.00
2017/03/31	23.16	23.34	22.91	23.12	1124360	37595996.00
2017/04/05	23.12	23.40	22.89	23.31	1452587	48634612.00
2017/04/06	23.31	23.40	23.06	23.27	1583546	53133512.00
2017/04/07	23.27	23.28	22.89	22.96	1725416	57515772.00
2017/04/10	22.82	23.00	22.10	22.22	2193988	71215968.00
2017/04/11	22.25	22.65	22.03	22.33	1510072	48662472.00
2017/04/12	22.32	22.59	22.16	22.34	899835	29156036.00
2017/04/13	22.29	22.50	22.16	22.44	815437	26409198.00
2017/04/14	22.49	22.50	21.84	21.91	1480087	47426200.00
2017/04/17	21.87	22.63	21.56	22.59	1838295	59591992.00
2017/04/18	21.52	21.66	20.25	20.73	7993306	239555440.00
2017/04/19	20.57	20.57	20.13	20.34	2310895	68245152.00
2017/04/20	20.49	20.91	20.16	20.31	1480261	44075676.00
2017/04/21	20.41	21.46	20.35	21.06	3968847	120485224.00
2017/04/24	20.95	21.16	20.38	20.91	1440405	43533892.00
2017/04/25	20.66	21.26	20.61	20.97	1383005	42072864.00
2017/04/26	20.96	20.96	20.23	20.49	2034326	60586316.00
2017/04/27	20.51	20.64	19.96	20.56	1489251	43952608.00
2017/04/28	20.56	21.13	20.56	20.91	1452833	44024028.00
2017/05/02	20.68	21.26	20.68	21.07	1210177	36953900.00
2017/05/03	21.18	21.19	20.74	21.01	1107095	33667788.00
2017/05/04	20.99	21.46	20.85	21.13	1441744	44419916.00
2017/05/05	21.04	21.29	20.69	20.74	1152882	35028972.00
2017/05/08	20.69	20.75	20.39	20.51	801722	23984868.00
2017/05/09	20.55	20.65	20.09	20.42	910313	26903520.00
2017/05/10	20.38	20.64	20.12	20.38	1112200	32915398.00
2017/05/11	20.16	20.26	18.89	19.68	1984284	56278076.00
2017/05/12	19.56	19.62	18.74	18.86	1615624	44733736.00
2017/05/15	19.09	19.13	18.36	18.55	2686301	72915800.00
2017/05/16	18.63	19.09	18.45	19.09	1638483	44682120.00
2017/05/17	18.88	19.42	18.88	19.27	1192427	33331008.00
2017/05/18	19.16	19.45	19.06	19.16	937327	26250528.00
2017/05/19	19.26	19.26	19.02	19.15	648272	18044940.00
2017/05/22	19.08	19.22	18.44	18.59	1035405	28292392.00
2017/05/23	18.53	18.70	17.66	17.69	1669758	43792520.00
2017/05/24	17.67	17.71	16.80	17.41	1770769	44041284.00
2017/05/25	17.39	17.39	16.73	17.38	1467469	35837536.00
2017/05/26	17.29	18.13	17.26	17.82	1524257	38720564.00
2017/05/31	18.14	18.32	17.37	17.40	1100800	28118542.00
2017/06/01	17.41	17.44	16.56	16.58	1093128	26437248.00
2017/06/02	16.54	17.04	16.08	17.01	1060804	25105730.00
2017/06/05	17.14	17.31	16.80	17.20	786471	19268292.00
2017/06/06	17.20	17.20	16.99	17.12	748178	18279468.00
2017/06/07	17.21	18.11	17.12	18.07	1745027	44441004.00
2017/06/08	18.06	18.21	17.69	17.86	1114100	28585482.00
2017/06/09	17.86	17.99	17.60	17.91	854515	21675058.00
2017/06/12	17.71	17.83	17.08	17.20	1137969	28343162.00
2017/06/13	17.24	18.00	17.21	17.88	1114445	28174576.00
2017/06/14	17.78	18.48	17.78	18.06	1236751	32040018.00
2017/06/15	18.20	18.49	18.06	18.36	1029304	26964006.00
2017/06/16	18.23	18.38	18.02	18.27	1207883	31330370.00
2017/06/19	18.29	18.46	18.14	18.39	990114	25944692.00
2017/06/20	18.49	18.54	18.04	18.33	1783295	46506720.00
2017/06/21	18.32	18.45	18.23	18.31	1136801	29726354.00
2017/06/22	18.36	18.47	18.06	18.26	1636674	42720260.00
2017/06/23	18.27	18.33	17.96	18.27	788222	20437912.00
2017/06/26	18.46	19.53	18.43	19.43	2492729	67470736.00
2017/06/27	19.42	19.64	19.02	19.04	1629708	44543632.00
2017/06/28	18.93	19.16	18.68	18.69	1281271	34369056.00
2017/06/29	18.49	18.77	18.24	18.68	1382771	36505980.00
2017/06/30	18.50	18.68	18.21	18.46	881910	23217852.00
2017/07/03	18.49	19.05	18.24	18.86	1173161	31084854.00
2017/07/04	18.93	18.93	18.64	18.69	616869	16472912.00
2017/07/05	18.61	19.29	18.60	19.18	1370573	37199044.00
2017/07/06	19.11	19.35	18.82	18.95	1057864	28707292.00
2017/07/07	18.95	19.46	18.80	18.95	1205614	32657290.00
2017/07/10	18.91	19.50	18.43	19.49	2946460	80203440.00
2017/07/11	19.25	19.49	19.11	19.12	1758111	48363248.00
2017/07/12	19.08	19.08	18.26	18.63	1834574	48585132.00
2017/07/13	18.80	18.89	18.21	18.21	1765616	46341728.00
2017/07/14	18.22	18.22	17.65	17.78	1541210	39249020.00
2017/07/17	17.71	17.71	16.21	16.37	2592652	61966636.00
2017/07/18	16.13	16.57	16.06	16.49	1196405	27940030.00
2017/07/19	16.50	16.66	16.27	16.66	839977	19819444.00
2017/07/20	16.68	16.93	16.57	16.72	890424	21366270.00
2017/07/21	16.72	16.72	16.23	16.35	1324018	31176150.00
2017/07/24	16.34	16.34	16.04	16.18	1381868	31909404.00
2017/07/25	16.17	16.47	16.14	16.32	744681	17376630.00
2017/07/26	16.41	16.41	16.14	16.29	501648	11641056.00
2017/07/27	16.16	17.07	16.15	16.81	1663210	39736656.00
2017/07/28	16.69	16.99	16.69	16.86	1021700	24552916.00
2017/07/31	16.89	16.99	16.72	16.75	726616	17434912.00
2017/08/01	16.75	16.75	16.47	16.59	906205	21498252.00
2017/08/02	16.76	18.03	16.76	17.36	3891791	97507544.00
2017/08/03	17.05	17.64	17.05	17.41	1702896	42158716.00
2017/08/04	17.17	17.54	17.17	17.21	886785	21961536.00
2017/08/07	17.21	17.36	16.96	17.07	1136100	27695666.00
2017/08/08	16.94	17.14	16.87	17.04	909900	22073516.00
2017/08/09	17.01	17.20	16.90	17.09	993870	24253694.00
2017/08/10	17.14	17.20	16.63	16.68	1218455	29329866.00
2017/08/11	16.43	16.74	16.43	16.62	773660	18355674.00
2017/08/14	16.64	17.04	16.59	16.89	920200	22120644.00
2017/08/15	16.83	17.08	16.83	16.94	756574	18330298.00
2017/08/16	16.93	17.46	16.89	17.24	1098797	26962232.00
2017/08/17	17.26	17.28	17.01	17.20	1007169	24673458.00
2017/08/18	17.06	17.19	16.94	16.97	739188	17968768.00
2017/08/21	16.97	17.11	16.83	17.09	649043	15765129.00
2017/08/22	17.09	17.09	16.95	17.00	558424	13567670.00
2017/08/23	17.04	17.16	16.86	17.02	544500	13251621.00
2017/08/24	17.02	17.14	16.94	16.98	607336	14792149.00
2017/08/25	17.01	17.34	17.01	17.33	1231211	30332656.00
2017/08/28	17.21	17.60	17.21	17.54	1597143	39730040.00
2017/08/29	17.14	17.25	16.57	16.64	4620181	111528952.00
2017/08/30	16.61	16.74	16.54	16.64	2315015	55030284.00
2017/08/31	16.58	16.75	16.58	16.68	1100411	26254168.00
2017/09/01	16.75	16.88	16.61	16.86	1389261	33227570.00
2017/09/04	16.81	16.86	16.57	16.79	1446449	34624008.00
2017/09/05	16.79	17.10	16.78	16.91	1190458	28828676.00
2017/09/06	16.91	17.22	16.83	17.21	1680061	40996932.00
2017/09/07	17.19	17.21	17.00	17.01	1241101	30318298.00
2017/09/08	17.01	17.13	16.98	17.12	1100843	26802304.00
2017/09/11	17.23	18.21	17.23	17.89	3147853	80204808.00
2017/09/12	17.74	17.83	17.53	17.65	2045272	51603456.00
2017/09/13	17.64	17.65	17.42	17.57	1131511	28326708.00
2017/09/14	17.45	17.76	17.45	17.64	1023440	25760004.00
2017/09/15	17.64	17.77	17.26	17.37	934000	23275844.00
2017/09/18	17.49	17.64	17.25	17.63	1130428	28336912.00
2017/09/19	17.86	17.89	17.59	17.69	978770	24814670.00
2017/09/20	17.85	17.86	17.59	17.79	907422	22987892.00
2017/09/21	18.20	18.56	18.00	18.01	2775559	72301304.00
2017/09/22	17.80	18.36	17.80	18.19	2195241	56988592.00
2017/09/25	18.14	18.34	17.90	17.92	1143154	29483906.00
2017/09/26	17.86	17.89	17.43	17.59	1278414	32101702.00
2017/09/27	17.63	17.84	17.19	17.69	900416	22720068.00
2017/09/28	17.63	17.79	17.51	17.54	726833	18279048.00
2017/09/29	17.55	17.96	17.55	17.86	782627	19841924.00
2017/10/09	18.14	18.19	17.86	18.12	922154	23790834.00
2017/10/10	18.07	18.39	18.00	18.27	1180119	30648056.00
2017/10/11	18.20	19.29	18.07	18.76	2868752	76470200.00
2017/10/12	18.61	19.20	18.27	18.38	2584357	68912680.00
2017/10/13	18.39	18.40	18.08	18.21	1117884	29005672.00
2017/10/16	18.21	18.37	17.54	17.69	1105800	28268308.00
2017/10/17	17.69	18.43	17.58	18.32	1733421	44598680.00
2017/10/18	18.34	18.48	18.14	18.32	1498911	39080888.00
2017/10/19	18.31	18.83	18.20	18.49	2077815	55051612.00
2017/10/20	18.48	18.93	18.34	18.84	1742405	46416004.00
2017/10/23	18.86	19.07	18.59	18.81	1456415	39128500.00
2017/10/24	18.75	18.81	18.19	18.41	1375067	36178656.00
2017/10/25	18.37	18.68	18.36	18.53	791594	20909446.00
2017/10/26	18.51	18.51	18.24	18.40	840184	21995006.00
2017/10/27	18.36	18.41	17.93	18.09	1220400	31559852.00
2017/10/30	18.13	18.27	17.50	17.71	1287465	32735442.00
2017/10/31	17.51	18.19	17.51	18.14	681307	17531852.00
2017/11/01	18.21	18.25	18.02	18.10	786691	20362966.00
2017/11/02	18.16	18.16	17.50	17.80	979260	24899904.00
2017/11/03	17.77	17.85	17.56	17.64	533500	13461423.00
2017/11/06	17.64	17.84	17.21	17.65	1266427	31598876.00
2017/11/07	17.64	17.64	17.42	17.59	626201	15662956.00
2017/11/08	17.64	18.11	17.54	17.86	1034300	26408884.00
2017/11/09	17.72	17.91	17.61	17.70	658640	16684039.00
2017/11/10	17.70	17.70	17.22	17.31	1284347	31842698.00
2017/11/13	17.35	17.78	17.18	17.32	983769	24496284.00
2017/11/14	17.36	17.38	16.72	16.84	1295486	31443424.00
2017/11/15	16.92	16.99	16.64	16.73	602812	14436563.00
2017/11/16	16.73	16.79	16.51	16.66	652612	15569252.00
2017/11/17	16.71	16.71	15.45	15.65	1813600	41390512.00
2017/11/20	15.59	15.64	15.24	15.56	673994	14875363.00
2017/11/21	15.57	15.64	15.33	15.58	587014	12995095.00
2017/11/22	15.56	15.61	15.36	15.54	447200	9928859.00
2017/11/23	15.43	15.56	15.31	15.41	523114	11536465.00
2017/11/24	15.31	15.42	15.06	15.11	403761	8797737.00
2017/11/27	15.57	16.06	15.40	15.51	948565	21335910.00
2017/11/28	15.24	15.89	15.24	15.85	786357	17619328.00
2017/11/29	15.85	15.85	15.57	15.69	407280	9142686.00
2017/11/30	15.61	15.74	15.52	15.62	389300	8719747.00
2017/12/01	15.62	15.81	15.44	15.77	383100	8588796.00
2017/12/04	15.70	15.70	15.39	15.46	367500	8180041.00
2017/12/05	15.36	15.64	15.36	15.49	756400	16802868.00
2017/12/06	15.49	15.57	15.10	15.21	1586700	34792264.00
2017/12/07	15.21	15.35	14.66	14.74	1258100	26788572.00
2017/12/08	14.75	14.92	14.65	14.78	1247300	26411358.00
2017/12/11	14.86	14.89	14.74	14.84	769900	16360869.00
2017/12/12	14.92	14.92	14.60	14.63	629300	13263278.00
2017/12/13	14.66	14.73	14.50	14.71	402153	8445513.00
2017/12/14	14.85	15.33	14.79	15.14	1468018	31645594.00
2017/12/15	15.15	15.21	14.88	15.09	532300	11478070.00
2017/12/18	15.10	15.23	14.88	14.88	349700	7491480.00
2017/12/19	14.85	15.07	14.85	14.92	355673	7614700.50
2017/12/20	14.99	14.99	14.68	14.76	412500	8734733.00
2017/12/21	14.76	14.79	14.58	14.68	391300	8239854.00
2017/12/22	14.68	14.84	14.64	14.74	243100	5148346.00
2017/12/25	14.81	14.81	14.43	14.43	340600	7101897.00
2017/12/26	14.43	14.66	14.40	14.59	273944	5707063.50
2017/12/27	14.59	15.09	14.47	14.74	473400	10043200.00
2017/12/28	14.76	14.89	14.57	14.62	440052	9269160.00
2017/12/29	14.64	14.74	14.51	14.67	394800	8291409.00
2018/01/02	14.66	14.82	14.66	14.81	498105	10537679.00
2018/01/03	14.84	15.09	14.73	14.93	574377	12323860.00
2018/01/04	14.93	14.98	14.74	14.82	507579	10804851.00
2018/01/05	14.73	14.84	14.69	14.75	564358	11921639.00
2018/01/08	14.75	14.83	14.61	14.70	553979	11682816.00
2018/01/09	14.71	14.73	14.54	14.56	499320	10487850.00
2018/01/10	14.48	14.63	14.09	14.16	835600	17177648.00
2018/01/11	14.16	14.31	13.94	14.30	555295	11280699.00
2018/01/12	14.10	14.34	14.10	14.15	371400	7568410.50
2018/01/15	14.12	14.15	13.79	13.92	547400	10948537.00
2018/01/16	13.92	13.99	13.69	13.75	521649	10356607.00
2018/01/17	13.99	15.16	13.99	14.64	2606284	55209912.00
2018/01/18	14.46	14.50	13.99	14.29	1411933	28812590.00
2018/01/19	14.19	14.32	14.09	14.19	769254	15653069.00
2018/01/22	14.21	14.36	14.09	14.27	674600	13781300.00
2018/01/23	14.27	14.56	14.24	14.46	598200	12346585.00
2018/01/24	14.41	14.81	14.21	14.54	865850	18086184.00
2018/01/25	14.51	14.75	14.37	14.45	683401	14278501.00
2018/01/26	14.42	14.54	14.21	14.30	497832	10210383.00
2018/01/29	14.31	14.43	14.00	14.04	350300	7131268.00
2018/01/30	14.25	15.36	14.18	15.01	2972140	63726724.00
2018/01/31	15.01	15.04	14.51	14.67	1501933	31835232.00
2018/02/01	14.25	14.56	14.09	14.16	971700	19912230.00
2018/02/02	14.09	14.32	13.80	13.98	637200	12883753.00
2018/02/05	13.86	14.29	13.70	13.94	391300	7883592.00
2018/02/06	13.93	14.00	13.57	13.64	836189	16618729.00
2018/02/07	13.64	13.93	12.29	13.13	1470000	27541256.00
2018/02/08	13.06	13.25	12.79	13.15	326387	6145811.50
2018/02/09	12.86	13.01	12.41	12.53	477278	8714129.00
2018/02/12	12.53	13.05	12.53	12.97	321100	5947836.00
2018/02/13	12.95	13.16	12.92	13.04	239000	4475939.00
2018/02/14	12.95	13.57	12.72	13.36	330400	6302733.00
2018/02/22	13.36	13.49	13.28	13.48	227444	4377443.50
2018/02/23	13.48	13.52	13.35	13.47	309634	5969342.50
2018/02/26	13.55	13.84	13.37	13.66	663881	12994507.00
2018/02/27	13.66	13.70	13.50	13.61	274600	5361672.00
2018/02/28	13.59	13.71	13.36	13.70	522200	10217935.00
2018/03/01	13.51	14.11	13.51	14.01	700078	14028119.00
2018/03/02	14.02	14.26	13.95	14.00	555000	11229704.00
2018/03/05	14.01	14.11	13.86	13.90	271900	5432997.00
2018/03/06	14.14	14.14	13.86	14.04	293000	5886819.00
2018/03/07	13.94	14.05	13.91	13.93	238600	4784433.00
2018/03/08	13.83	13.97	13.79	13.91	262800	5249059.00
2018/03/09	13.86	14.54	13.86	14.48	1416562	29171358.00
2018/03/12	14.39	14.77	14.39	14.64	1096394	23033050.00
2018/03/13	14.91	15.29	14.88	15.22	2113278	45732308.00
2018/03/14	15.61	15.61	14.86	14.86	1542362	33603484.00
2018/03/15	14.71	14.76	14.36	14.67	810100	16946412.00
2018/03/16	14.70	14.71	14.43	14.47	447059	9327263.00
2018/03/19	14.40	14.81	14.36	14.59	492000	10355922.00
2018/03/20	14.37	14.59	14.29	14.37	510291	10530647.00
2018/03/21	14.38	14.79	14.38	14.52	590800	12384076.00
2018/03/22	14.71	14.88	14.64	14.65	592867	12519381.00
2018/03/23	14.34	14.34	13.23	13.43	1111344	22122132.00
2018/03/26	13.17	13.62	12.95	13.61	634998	12106994.00
2018/03/27	13.72	14.02	13.72	13.89	558400	11123500.00
2018/03/28	13.66	13.94	13.66	13.79	391700	7785866.00
2018/03/29	13.90	14.17	13.84	14.06	513100	10327409.00
2018/03/30	14.09	14.71	13.99	14.64	861661	17770948.00
2018/04/02	14.69	14.69	14.48	14.55	459200	9585144.00
2018/04/03	14.50	14.50	13.93	14.03	836902	16939196.00
2018/04/04	14.12	14.99	14.07	14.64	1241312	26065832.00
2018/04/09	14.39	14.83	14.38	14.68	820128	17216802.00
2018/04/10	14.54	14.88	14.29	14.58	626417	13106755.00
2018/04/11	14.54	14.83	14.40	14.81	801409	16807252.00
2018/04/12	14.73	14.80	14.50	14.60	662600	13914539.00
2018/04/13	14.74	14.98	14.64	14.79	717600	15271839.00
2018/04/16	14.79	14.91	14.39	14.63	539800	11347490.00
2018/04/17	14.71	14.71	14.16	14.44	426000	8811022.00
2018/04/18	14.29	14.59	13.96	14.24	646500	13143728.00
2018/04/19	14.24	14.29	13.93	13.93	949999	19130352.00
2018/04/20	13.93	14.06	13.82	13.83	410639	8220533.00
2018/04/23	13.84	13.96	13.63	13.76	419400	8257576.00
2018/04/24	13.63	14.50	13.63	14.44	878656	17867554.00
2018/04/25	14.40	14.57	14.33	14.49	520893	10800044.00
2018/04/26	14.64	14.71	14.13	14.65	959017	19937294.00
2018/04/27	14.71	15.14	14.68	14.77	1818213	38829648.00
2018/05/02	14.77	14.77	14.16	14.50	970093	20092938.00
2018/05/03	14.43	14.50	14.08	14.37	923543	18994932.00
2018/05/04	14.20	15.59	14.20	15.11	2915055	63388888.00
2018/05/07	15.14	15.52	14.80	15.48	2488900	54530252.00
2018/05/08	15.48	15.86	15.26	15.49	1999572	44558636.00
2018/05/09	15.47	17.07	15.33	16.56	4008054	94626976.00
2018/05/10	16.51	17.71	16.51	16.99	4249581	103841528.00
2018/05/11	16.86	17.02	16.54	16.56	2007008	48052264.00
2018/05/14	16.55	17.07	16.43	16.99	1759063	42098748.00
2018/05/15	17.00	17.07	16.67	16.91	1560054	37634376.00
2018/05/16	16.94	17.56	16.86	16.91	2384000	58971228.00
2018/05/17	17.00	17.41	16.63	17.13	1968384	47681792.00
2018/05/18	17.14	17.39	16.70	16.72	1783000	43062412.00
2018/05/21	16.82	17.14	16.71	16.91	1648400	39667352.00
2018/05/22	16.80	17.02	16.57	16.76	1336000	31975376.00
2018/05/23	16.78	16.80	16.43	16.46	1013900	24019408.00
2018/05/24	16.46	16.70	16.21	16.25	869800	20444616.00
2018/05/25	16.35	16.66	16.30	16.46	1255700	29701576.00
2018/05/28	16.74	16.99	16.50	16.55	1396500	33325244.00
2018/05/29	16.43	16.49	15.16	15.49	2875055	63961400.00
2018/05/30	15.07	15.36	15.04	15.26	1122756	24457702.00
2018/05/31	15.36	16.21	15.24	16.14	2325486	52577708.00
2018/06/01	16.50	17.22	16.33	16.42	3794157	63422952.00
2018/06/04	16.10	16.95	15.76	16.54	3584909	58419736.00
2018/06/05	16.40	16.77	16.21	16.60	2720962	45054676.00
2018/06/06	16.73	17.12	16.54	16.98	3494377	59049368.00
2018/06/07	17.49	17.88	16.79	16.98	5373164	92863168.00
2018/06/08	16.64	16.65	15.88	16.22	2360212	38364060.00
2018/06/11	16.05	16.40	15.72	15.75	1580238	25300344.00
2018/06/12	15.80	15.99	15.53	15.78	1405890	22123224.00
2018/06/13	15.69	15.95	15.59	15.60	1156816	18242048.00
2018/06/14	15.51	15.96	15.36	15.71	1052712	16588442.00
2018/06/15	15.76	15.92	14.52	14.89	1748840	26322048.00
2018/06/19	14.50	14.74	13.40	13.74	2039760	28452894.00
2018/06/20	13.62	14.12	13.33	13.83	1293842	17856186.00
2018/06/21	13.83	14.10	13.27	13.29	1152010	15765972.00
2018/06/22	13.20	13.55	12.88	13.49	945672	12548083.00
2018/06/25	13.58	13.88	13.22	13.29	928412	12593764.00
2018/06/26	13.10	13.72	13.01	13.69	1096504	14755517.00
2018/06/27	13.69	13.83	13.46	13.55	726112	9891512.00
2018/06/28	13.55	14.40	13.37	13.99	1817654	25492852.00
2018/06/29	13.99	14.36	13.81	14.33	1132840	16044169.00
2018/07/02	14.20	14.48	13.83	13.94	1577638	22184160.00
2018/07/03	13.94	13.97	13.30	13.96	2203981	30095980.00
2018/07/04	13.75	13.91	13.31	13.39	1237500	16755700.00
2018/07/05	13.52	13.69	13.26	13.26	753240	10140693.00
2018/07/06	13.48	13.56	12.94	13.26	1082136	14321684.00
2018/07/09	13.38	13.59	13.27	13.53	973940	13106297.00
2018/07/10	13.55	13.91	13.33	13.81	1897422	25655480.00
2018/07/11	13.58	13.58	13.12	13.31	1164262	15584184.00
2018/07/12	13.43	14.19	13.35	13.91	1850698	25479936.00
2018/07/13	13.90	14.27	13.81	14.22	1715424	24163386.00
2018/07/16	14.16	14.25	13.82	14.09	1337002	18792298.00
2018/07/17	14.28	14.28	13.92	14.02	801386	11254060.00
2018/07/18	13.88	14.19	13.83	13.87	930980	13015919.00
2018/07/19	13.80	13.97	13.35	13.58	895540	12285023.00
2018/07/20	13.63	13.78	13.44	13.70	760050	10383082.00
2018/07/23	13.74	13.95	13.60	13.93	1080083	14901445.00
2018/07/24	13.84	14.30	13.84	14.18	1214566	17189068.00
2018/07/25	14.18	14.50	14.11	14.38	1541404	22120108.00
2018/07/26	14.49	14.64	13.99	14.32	1572520	22456880.00
2018/07/27	14.96	15.15	14.61	14.71	2237920	33157776.00
2018/07/30	14.60	14.80	14.11	14.33	1297140	18672116.00
2018/07/31	14.21	14.56	14.21	14.54	818020	11827336.00
2018/08/01	14.69	14.69	14.23	14.24	869561	12507132.00
2018/08/02	14.21	14.21	13.50	13.78	896060	12390211.00
2018/08/03	13.78	13.94	13.51	13.52	700840	9594972.00
2018/08/06	13.52	13.77	13.13	13.21	693660	9308609.00
2018/08/07	13.21	13.58	13.11	13.51	618720	8287098.00
2018/08/08	13.51	13.53	13.21	13.23	735320	9819205.00
2018/08/09	13.00	13.69	12.95	13.51	785683	10560706.00
2018/08/10	13.45	13.83	13.36	13.70	729840	9922735.00
2018/08/13	13.69	13.78	13.38	13.70	772940	10501975.00
2018/08/14	13.76	13.79	13.60	13.72	477340	6540633.00
2018/08/15	13.75	13.80	13.42	13.45	425720	5792722.00
2018/08/16	13.21	13.61	13.21	13.42	324680	4381226.00
2018/08/17	13.45	13.65	13.13	13.17	558983	7465513.00
2018/08/20	13.15	13.29	12.89	13.20	636558	8275495.00
2018/08/21	13.26	13.42	13.12	13.33	404220	5380920.00
2018/08/22	13.31	13.41	13.22	13.26	280811	3736758.00
2018/08/23	13.25	13.48	13.21	13.39	486691	6503531.00
2018/08/24	13.35	13.52	13.30	13.40	384531	5153481.00
2018/08/27	13.52	14.15	13.36	14.10	1356940	18749322.00
2018/08/28	14.01	14.02	13.71	13.85	1018764	14094968.00
2018/08/29	13.91	13.91	13.60	13.61	794302	10879227.00
2018/08/30	13.63	13.88	13.61	13.73	876440	12059989.00
2018/08/31	13.73	13.86	13.52	13.53	625446	8531400.00
2018/09/03	13.50	13.70	13.28	13.42	566800	7649590.00
2018/09/04	13.30	13.66	13.30	13.60	448461	6069579.00
2018/09/05	13.55	13.62	13.20	13.24	628480	8418699.00
2018/09/06	13.24	13.46	13.20	13.26	443493	5902697.00
2018/09/07	13.24	13.51	13.22	13.34	440781	5900411.00
2018/09/10	13.33	13.51	13.00	13.26	491880	6524655.00
2018/09/11	13.34	13.49	13.25	13.32	351340	4695987.00
2018/09/12	13.29	13.46	13.29	13.32	442300	5909297.00
2018/09/13	13.35	13.60	13.18	13.52	480859	6461745.00
2018/09/14	13.55	13.55	13.37	13.40	240080	3223147.00
2018/09/17	13.28	13.49	13.00	13.12	421340	5557957.00
2018/09/18	13.18	13.40	13.10	13.37	389822	5175337.00
2018/09/19	13.38	13.64	13.31	13.50	584422	7886228.00
2018/09/20	13.39	13.54	13.37	13.45	339436	4564201.00
2018/09/21	13.38	13.71	13.38	13.70	766340	10426764.00
2018/09/25	13.61	13.79	13.54	13.73	428440	5854538.00
2018/09/26	13.74	13.85	13.63	13.80	602960	8305004.00
2018/09/27	13.96	13.96	13.45	13.47	929500	12694816.00
2018/09/28	13.45	13.60	13.37	13.50	613160	8254391.00
2018/10/08	13.30	13.47	12.82	12.83	932820	12215374.00
2018/10/09	12.86	13.01	12.72	12.93	494206	6383102.00
2018/10/10	12.90	13.17	12.78	12.98	387260	4989692.00
2018/10/11	12.65	12.65	11.72	11.88	1058099	12871500.00
2018/10/12	11.85	11.88	11.02	11.42	1141078	13026546.00
2018/10/15	11.56	11.56	11.11	11.22	511960	5820986.00
2018/10/16	11.20	11.42	10.95	10.95	498600	5560542.00
2018/10/17	11.02	11.28	10.48	10.80	678980	7364202.00
2018/10/18	10.90	10.90	10.25	10.30	725577	7639624.00
2018/10/19	10.19	10.68	10.06	10.62	836736	8740458.00
2018/10/22	10.58	11.26	10.58	11.11	1057120	11665693.00
2018/10/23	11.00	11.28	10.90	11.07	585741	6484997.00
2018/10/24	11.07	11.46	11.02	11.30	1275800	14361643.00
2018/10/25	11.00	11.19	10.78	11.04	879480	9691914.00
2018/10/26	11.07	11.51	11.07	11.25	1313980	14840166.00
2018/10/29	11.25	11.84	11.07	11.62	1745157	19941372.00
2018/10/30	11.52	11.68	11.30	11.52	1545019	17675416.00
2018/10/31	11.65	11.67	11.42	11.51	1324163	15298981.00
2018/11/01	11.51	11.79	11.51	11.53	1395225	16219825.00
2018/11/02	11.77	11.95	11.60	11.86	1515614	17867892.00
2018/11/05	11.89	11.99	11.55	11.71	1206920	14190555.00
2018/11/06	11.77	11.93	11.65	11.90	1088780	12821143.00
2018/11/07	11.73	12.05	11.72	11.77	1155140	13715066.00
2018/11/08	11.88	12.04	11.72	11.76	1313953	15645647.00
2018/11/09	11.76	11.87	11.58	11.59	924026	10827143.00
2018/11/12	11.61	11.95	11.61	11.92	1139960	13507100.00
2018/11/13	11.78	12.33	11.76	12.19	1344816	16268376.00
2018/11/14	12.13	12.30	12.00	12.13	898241	10926864.00
2018/11/15	12.13	12.36	12.02	12.31	855933	10463933.00
2018/11/16	12.48	12.65	12.36	12.56	1137197	14251776.00
2018/11/19	12.50	12.51	12.35	12.45	1218506	15133350.00
2018/11/20	12.44	12.66	12.10	12.14	1079320	13337430.00
2018/11/21	12.01	12.80	11.96	12.72	1754750	22025688.00
2018/11/22	12.73	12.74	12.50	12.56	1674531	21100768.00
2018/11/23	12.67	12.67	12.05	12.13	1452740	17846080.00
2018/11/26	12.13	12.32	12.13	12.22	779162	9518111.00
2018/11/27	12.33	12.63	12.22	12.63	1260161	15751552.00
2018/11/28	12.46	12.77	12.40	12.70	1060791	13367859.00
2018/11/29	12.71	12.75	12.36	12.36	821960	10349271.00
2018/11/30	12.36	12.69	12.33	12.69	851200	10677624.00
2018/12/03	12.90	13.09	12.80	12.89	1241273	16062954.00
2018/12/04	12.92	12.96	12.81	12.90	712660	9181819.00
2018/12/05	12.61	13.06	12.55	12.98	851101	11003873.00
2018/12/06	12.84	13.09	12.80	12.89	968296	12518216.00
2018/12/07	12.89	13.05	12.73	12.98	782092	10079563.00
2018/12/10	12.87	12.98	12.50	12.62	767440	9735781.00
2018/12/11	12.73	12.82	12.63	12.72	466920	5936179.00
2018/12/12	12.79	12.89	12.67	12.69	561417	7163416.00
2018/12/13	12.78	12.95	12.69	12.84	662380	8515623.00
2018/12/14	12.86	12.86	12.46	12.46	506623	6419126.00
2018/12/17	12.71	12.71	12.31	12.51	530123	6614404.00
2018/12/18	12.42	12.67	12.36	12.57	563680	7051520.00
2018/12/19	12.51	12.61	12.40	12.43	404304	5048283.00
2018/12/20	12.41	12.49	12.12	12.15	604824	7426464.00
2018/12/21	12.24	12.28	12.05	12.06	423082	5144320.00
2018/12/24	12.04	12.39	11.71	12.35	429380	5266227.00
2018/12/25	12.36	12.36	11.91	12.20	496835	6025489.00
2018/12/26	12.27	12.35	12.13	12.28	460390	5659390.00
2018/12/27	12.48	12.49	12.23	12.24	473363	5852262.00
2018/12/28	12.25	12.42	12.11	12.28	516922	6340189.00
2019/01/02	12.28	12.39	12.16	12.38	540060	6635959.00
2019/01/03	12.24	12.43	12.14	12.30	401840	4933502.00
数据来源:通达信
