603968 醋化股份 日线 前复权
      日期	    开盘	    最高	    最低	    收盘	    成交量	    成交额
2015/05/18	13.16	13.16	13.16	13.16	13700	386340.00
2015/05/19	14.57	14.57	14.57	14.57	8000	248160.00
2015/05/20	16.12	16.12	16.12	16.12	1700	58004.00
2015/05/21	17.83	17.83	17.83	17.83	3700	138861.00
2015/05/22	19.70	19.70	19.70	19.70	4500	185760.00
2015/05/25	21.77	21.77	21.77	21.77	8300	376903.00
2015/05/26	24.04	24.04	24.04	24.04	10566	527771.69
2015/05/27	26.54	26.54	26.54	26.54	8100	445095.00
2015/05/28	29.29	29.29	29.29	29.29	44100	2665845.00
2015/05/29	32.31	32.31	32.31	32.31	111200	7394800.00
2015/06/01	35.64	35.64	35.64	35.64	28200	2062830.00
2015/06/02	39.30	39.30	39.30	39.30	59100	4755777.00
2015/06/03	43.32	43.32	43.32	43.32	254310	22511522.00
2015/06/04	47.75	47.75	40.06	47.75	10443243	997962560.00
2015/06/05	43.09	47.55	42.88	44.50	12991392	1173633920.00
2015/06/08	41.58	42.94	39.95	39.95	4599343	380418080.00
2015/06/09	36.07	39.97	35.86	36.27	7737192	584690112.00
2015/06/10	36.01	39.99	35.32	39.99	5591460	438322144.00
2015/06/11	40.06	44.09	39.23	44.09	5655430	496283360.00
2015/06/12	48.54	48.59	40.06	40.50	11195131	1025647232.00
2015/06/15	37.59	39.50	36.36	36.36	7040656	536381920.00
2015/06/16	35.36	37.56	35.06	36.77	4163366	310912768.00
2015/06/17	36.58	37.46	35.06	36.87	3403883	252865632.00
2015/06/18	36.06	36.43	33.09	33.09	4587320	324151968.00
2015/06/19	31.82	33.56	29.81	29.90	3309975	214873088.00
2015/06/23	30.35	31.60	29.30	31.28	3147006	199205904.00
2015/06/24	31.93	32.06	29.87	30.99	3494440	223145264.00
2015/06/25	31.06	31.06	28.56	28.88	2549016	157467872.00
2015/06/26	27.91	27.97	25.90	25.90	3054044	167905328.00
2015/06/29	26.29	26.56	23.22	23.22	3514154	178926496.00
2015/06/30	22.60	25.56	21.02	25.26	4023455	194992976.00
2015/07/01	24.76	26.33	23.55	23.57	3866159	203131120.00
2015/07/02	23.20	24.21	22.24	22.85	2863133	138837280.00
2015/07/03	22.34	23.77	20.82	21.50	2731709	126010864.00
2015/07/06	23.74	23.74	21.64	23.74	5600789	271958944.00
2015/07/07	22.56	23.06	21.27	21.27	3364380	152988096.00
2015/07/08	19.05	19.05	19.05	19.05	769300	30756614.00
2015/07/09	17.31	21.05	17.31	21.05	3304968	137725520.00
2015/07/10	22.21	23.25	21.79	23.25	2145490	102360536.00
2015/07/13	25.67	25.67	24.06	25.67	4207558	220608176.00
2015/07/14	25.16	27.68	24.81	26.47	6426664	351460672.00
2015/07/15	25.22	25.75	23.73	23.73	2996649	150835712.00
2015/07/16	21.71	24.96	21.26	23.09	3052110	145568544.00
2015/07/17	23.16	24.90	23.16	24.38	2933733	146276064.00
2015/07/20	24.31	25.31	23.78	24.17	2974449	150556000.00
2015/07/21	23.81	25.04	23.11	24.96	3327760	168192688.00
2015/07/22	24.96	25.81	24.37	25.28	3291212	171552480.00
2015/07/23	25.55	27.90	24.97	27.90	6097663	336981920.00
2015/07/24	27.96	28.82	26.26	26.44	6049635	346441280.00
2015/07/27	25.68	26.96	23.70	23.70	4359403	231510368.00
2015/07/28	22.06	23.66	21.24	21.87	3891855	178509552.00
2015/07/29	22.36	24.11	21.46	24.01	3141946	147766944.00
2015/07/30	23.55	25.81	23.31	24.79	4932679	252217984.00
2015/07/31	26.06	27.36	25.81	27.36	4892322	272644448.00
2015/08/03	28.71	30.19	28.47	30.19	11458799	707123776.00
2015/08/04	30.30	31.56	27.08	28.80	11183081	657635328.00
2015/08/05	27.54	31.56	27.32	30.42	9244089	566887296.00
2015/08/06	29.06	29.70	27.66	28.00	5711746	337402208.00
2015/08/07	28.26	29.06	27.70	28.42	3972593	234086704.00
2015/08/10	28.46	30.17	28.07	29.69	5849703	353853856.00
2015/08/11	29.56	31.00	29.31	29.95	4984984	311175808.00
2015/08/12	29.39	29.76	28.16	28.26	4088585	243195952.00
2015/08/13	28.26	29.50	27.34	29.16	3070537	178985520.00
2015/08/14	29.61	29.74	28.81	29.38	3513267	212419600.00
2015/08/17	29.86	30.62	29.14	29.34	3596433	221287968.00
2015/08/18	28.76	29.86	26.31	26.57	4471599	258476368.00
2015/08/19	26.59	29.20	26.31	29.17	4336698	248923600.00
2015/08/20	28.51	28.81	27.56	27.57	2802604	162938576.00
2015/08/21	26.65	27.25	24.81	24.97	2794285	150535408.00
2015/08/24	23.71	24.31	22.38	22.38	2051392	96962096.00
2015/08/25	20.38	23.06	20.05	20.05	3035356	133235112.00
2015/08/26	21.00	22.15	20.06	20.99	3777068	168068560.00
2015/08/27	21.76	22.06	20.27	21.99	2815613	125698256.00
2015/08/28	22.31	23.80	21.75	23.68	2993137	140525472.00
2015/08/31	23.18	23.41	22.01	22.06	2207415	104207568.00
2015/09/01	21.80	21.80	19.96	19.97	2004701	86789576.00
2015/09/02	19.09	21.50	18.73	19.58	2019503	85013120.00
2015/09/07	19.96	20.85	19.81	20.28	1585501	67580416.00
2015/09/08	20.06	22.40	19.87	22.40	2946799	131518680.00
2015/09/09	22.40	23.61	22.26	23.23	3125827	149880368.00
2015/09/10	22.81	23.11	22.31	22.46	1564118	73728016.00
2015/09/11	22.29	23.06	22.29	22.69	1651097	78016616.00
2015/09/14	23.06	23.14	20.33	20.33	2114840	94513320.00
2015/09/15	20.29	21.31	19.37	20.11	1999494	85085880.00
2015/09/16	20.31	22.21	20.31	22.13	2238272	99039544.00
2015/09/17	21.99	23.89	21.71	22.53	3045063	144038736.00
2015/09/18	22.86	23.19	22.07	22.71	1990729	93417096.00
2015/09/21	22.46	24.23	22.07	23.85	2851601	70066232.00
2015/09/22	23.36	24.71	22.94	23.49	7073778	175323040.00
2015/09/23	23.06	24.19	22.56	23.61	5735273	139669632.00
2015/09/24	24.16	25.21	23.30	23.62	6603232	165809088.00
2015/09/25	23.41	23.42	21.16	21.16	7186487	164625504.00
2015/09/28	21.06	21.61	20.08	21.54	3429400	75717320.00
2015/09/29	20.94	21.06	20.32	20.63	2957734	64092304.00
2015/09/30	20.58	21.76	20.58	21.14	4096744	91240328.00
2015/10/08	21.94	22.53	21.57	21.94	4538543	104022576.00
2015/10/09	21.96	22.08	21.67	21.96	3441523	78500792.00
2015/10/12	22.16	24.25	22.07	24.24	8776601	213582224.00
2015/10/13	23.95	24.14	23.37	24.05	5425211	134312080.00
2015/10/14	23.86	24.31	23.26	23.38	4740212	116921376.00
2015/10/15	22.81	24.86	22.81	24.62	6843454	171070816.00
2015/10/16	24.86	25.86	24.11	25.42	8778597	226242112.00
2015/10/19	25.36	25.56	24.26	24.52	7268125	186982896.00
2015/10/20	24.55	24.80	24.06	24.76	4852536	123433112.00
2015/10/21	24.66	25.05	22.25	22.28	6880371	169858208.00
2015/10/22	22.36	23.16	22.05	22.99	4448010	105157840.00
2015/10/23	22.94	24.21	22.94	23.89	5083853	124346288.00
2015/10/26	24.31	24.53	23.66	24.13	5381329	134459120.00
2015/10/27	24.07	26.64	23.74	26.64	13077906	347970944.00
2015/10/28	27.06	27.23	25.78	26.09	13197537	361149664.00
2015/10/29	25.76	26.34	25.49	25.75	6207191	166381600.00
2015/10/30	25.67	26.55	25.46	25.81	6459468	174428128.00
2015/11/02	25.06	26.82	24.62	25.61	6709436	179934320.00
2015/11/03	25.46	27.21	24.86	26.83	9679345	262494416.00
2015/11/04	26.99	27.92	26.39	27.86	10427026	293190240.00
2015/11/05	27.86	28.84	26.86	27.25	9360730	269387968.00
2015/11/06	27.14	28.56	26.97	28.30	7502985	215946560.00
2015/11/09	27.86	30.26	27.86	29.39	10304743	312012064.00
2015/11/10	28.95	29.30	28.34	28.95	6465783	192784784.00
2015/11/11	28.86	30.55	28.36	30.49	8351806	254146720.00
2015/11/12	30.43	33.56	30.03	32.63	9876484	325686688.00
2015/11/13	31.92	34.36	29.71	30.39	11022484	361356000.00
2015/11/16	29.07	30.39	28.64	30.37	5793464	176846896.00
2015/11/17	30.48	31.29	29.14	29.32	5919126	185109488.00
2015/11/18	28.96	29.52	27.76	28.02	5237634	154316256.00
2015/11/19	28.21	29.10	27.94	28.95	4807817	141362272.00
2015/11/20	28.91	29.51	28.52	29.27	5492528	164289312.00
2015/11/23	29.19	30.51	28.69	29.78	5948558	182740704.00
2015/11/24	29.93	31.21	29.56	31.06	5817720	182700384.00
2015/11/25	31.03	31.24	30.23	30.92	5488643	173496944.00
2015/11/26	30.97	31.56	30.11	30.26	5687174	181205904.00
2015/11/27	29.77	30.46	27.14	27.24	5961908	176146224.00
2015/11/30	27.28	28.02	25.56	27.95	5686579	157885952.00
2015/12/01	27.96	28.25	26.43	27.55	4676350	133310344.00
2015/12/02	27.49	27.71	25.86	27.09	2861623	79632864.00
2015/12/03	27.56	28.26	27.24	28.25	3904897	112722728.00
2015/12/04	28.16	28.99	27.66	28.02	4406031	128828400.00
2015/12/07	28.20	28.32	27.57	27.95	3242194	93676720.00
2015/12/08	27.95	28.03	26.96	27.15	3043876	86037232.00
2015/12/09	26.96	27.25	26.57	26.76	2512409	69963480.00
2015/12/10	26.92	27.28	26.66	27.18	2803388	78620024.00
2015/12/11	27.09	27.09	26.17	26.40	2290644	63053880.00
2015/12/14	26.08	27.14	26.02	27.13	1880806	51745404.00
2015/12/15	27.18	27.71	26.94	27.26	2142164	60580200.00
2015/12/16	27.36	29.41	27.36	28.83	5821205	170383808.00
2015/12/17	28.87	29.65	28.76	29.49	5596408	169253888.00
2015/12/18	29.36	29.36	28.45	28.63	3673211	109360592.00
2015/12/21	28.64	29.45	28.64	28.93	3063315	91858576.00
2015/12/22	28.96	29.16	28.16	28.91	2997621	88594920.00
2015/12/23	29.02	29.50	28.81	28.91	3379794	101541680.00
2015/12/24	28.76	29.07	27.89	28.32	2719194	79737888.00
2015/12/25	28.28	29.39	28.28	29.19	3517458	105184216.00
2015/12/28	29.26	29.84	28.17	28.20	4488460	135055200.00
2015/12/29	28.11	28.71	27.71	28.68	2503305	72849216.00
2015/12/30	28.68	29.34	28.67	29.18	3174917	94908640.00
2015/12/31	29.34	29.46	28.56	28.59	2287275	68367136.00
2016/01/04	28.41	28.61	25.71	25.77	2361541	66033132.00
2016/01/05	24.57	25.94	24.09	25.22	3472260	90233048.00
2016/01/06	25.28	25.92	25.08	25.77	2004040	53029708.00
2016/01/07	25.36	25.36	23.10	23.12	643648	16032595.00
2016/01/08	23.66	24.07	22.11	23.32	2389210	58303484.00
2016/01/11	22.56	24.03	22.26	22.86	2820992	68747352.00
2016/01/12	23.05	23.55	22.49	23.19	1829641	43893540.00
2016/01/13	23.24	23.67	21.88	21.95	1988666	47255688.00
2016/01/14	21.54	23.03	21.06	22.81	2428498	55174156.00
2016/01/15	22.41	22.75	21.16	21.56	1894593	43358132.00
2016/01/18	21.29	22.32	21.26	22.25	1767878	40440076.00
2016/01/19	22.26	24.16	21.98	23.92	3573701	85533296.00
2016/01/20	23.66	24.05	22.84	23.24	2458704	60124588.00
2016/01/21	22.71	23.29	22.06	22.08	1648500	39003756.00
2016/01/22	22.64	22.64	21.77	22.42	1018712	23607680.00
2016/01/25	22.56	22.89	22.26	22.49	1318614	31030864.00
2016/01/26	21.98	22.30	20.15	20.15	1883942	41759364.00
2016/01/27	20.25	21.08	18.97	20.80	2704044	56317928.00
2016/01/28	20.37	20.65	19.06	19.16	1140426	23794788.00
2016/01/29	19.21	20.05	19.03	19.81	1133023	23423162.00
2016/02/01	19.76	20.05	19.46	19.74	853150	17717094.00
2016/02/02	19.74	20.55	19.62	20.38	1073721	22828940.00
2016/02/03	20.06	20.69	20.06	20.63	761394	16216755.00
2016/02/04	20.46	21.31	20.40	21.22	1497490	32948114.00
2016/02/05	21.33	22.86	21.10	21.44	1512171	34420648.00
2016/02/15	20.66	21.44	20.24	21.02	945396	20536986.00
2016/02/16	21.16	22.33	20.60	21.94	2125360	48304356.00
2016/02/17	21.78	22.26	21.66	22.12	1535427	35194508.00
2016/02/18	22.46	22.50	21.71	21.81	1593993	36620532.00
2016/02/19	21.81	21.94	21.64	21.89	1147479	26103640.00
2016/02/22	22.08	23.01	22.08	22.76	3079462	72559208.00
2016/02/23	22.86	23.03	22.19	22.65	2146204	50492044.00
2016/02/24	22.56	22.75	22.21	22.69	1749303	40950396.00
2016/02/25	22.66	22.72	20.33	20.33	2376873	53150996.00
2016/02/26	20.26	20.76	19.26	19.76	1462005	30697176.00
2016/02/29	19.76	20.04	17.93	18.29	1513450	29568700.00
2016/03/01	18.58	18.88	17.76	18.61	1499860	29088690.00
2016/03/02	18.61	19.56	18.54	19.40	1670687	33395376.00
2016/03/03	19.36	20.96	19.35	20.35	3369446	71694040.00
2016/03/04	20.16	21.89	20.06	21.24	5093328	112120760.00
2016/03/07	21.28	23.46	21.27	23.26	8277118	195958048.00
2016/03/08	23.28	24.34	22.53	22.98	11965753	293884768.00
2016/03/09	21.81	21.81	20.59	20.64	5910622	130671048.00
2016/03/10	20.79	20.86	19.88	20.13	2921821	62038636.00
2016/03/11	20.55	20.55	19.36	19.80	2088200	43164056.00
2016/03/14	19.91	21.26	19.91	21.03	3518896	76623576.00
2016/03/15	20.72	21.02	20.23	20.35	2262669	48550376.00
2016/03/16	20.62	20.64	19.59	19.80	1732149	36295344.00
2016/03/17	19.83	20.84	19.77	20.50	2427400	51644432.00
2016/03/18	20.74	21.99	20.49	21.89	4232585	93941352.00
2016/03/21	22.35	23.00	21.96	22.71	5552497	129718712.00
2016/03/22	22.56	22.81	21.94	22.24	4621392	107598952.00
2016/03/23	22.25	23.05	22.12	22.81	4119554	96969912.00
2016/03/24	22.59	22.79	21.89	21.94	3883074	90378624.00
2016/03/25	21.69	22.39	21.69	22.24	1591543	36676240.00
2016/03/28	22.36	22.80	21.89	22.07	2454234	57508448.00
2016/03/29	21.99	22.71	21.72	22.52	3193378	74173760.00
2016/03/30	22.70	23.56	22.70	23.39	5135654	124122688.00
2016/03/31	23.06	23.66	22.94	23.17	3937328	95597536.00
2016/04/01	23.06	23.41	22.63	23.12	2546320	60935252.00
2016/04/05	23.19	25.18	23.11	24.95	6715113	169423856.00
2016/04/06	25.21	25.21	24.46	24.80	4721141	121059656.00
2016/04/07	24.76	26.66	24.08	24.16	4449763	115781808.00
2016/04/08	23.71	24.74	23.24	24.60	4031894	100065336.00
2016/04/11	25.39	26.68	25.39	25.57	6214747	167531504.00
2016/04/12	25.46	26.63	25.28	26.36	5824754	157975792.00
2016/04/13	26.71	26.91	25.67	26.85	5746621	157864736.00
2016/04/14	27.14	27.21	26.16	26.73	3406635	94582048.00
2016/04/15	26.66	27.20	25.70	26.83	4985946	136113456.00
2016/04/18	26.42	26.57	25.68	25.72	2957962	79545648.00
2016/04/19	25.95	26.04	25.36	25.55	2204685	58415348.00
2016/04/20	25.61	28.20	25.47	28.20	14090298	403168832.00
2016/04/21	27.65	29.56	26.87	28.72	13473441	392378688.00
2016/04/22	27.86	28.55	27.56	27.76	5918004	171183648.00
2016/04/25	27.07	28.65	27.06	27.11	5112233	146690416.00
2016/04/26	26.82	27.81	26.71	27.59	4373526	124472504.00
2016/04/27	29.15	30.33	27.86	28.81	7489834	224851504.00
2016/04/28	28.76	28.85	27.06	27.75	5325896	153385392.00
2016/04/29	27.44	28.44	27.07	28.10	3235346	93533752.00
2016/05/03	27.87	29.19	27.24	28.37	4262116	125218088.00
2016/05/04	28.86	30.67	28.56	30.23	6164225	190781312.00
2016/05/05	29.76	30.16	28.88	29.42	4103102	123561360.00
2016/05/06	29.56	29.56	27.46	27.97	5404492	157083888.00
2016/05/09	27.56	27.66	25.16	25.20	5128651	137225296.00
2016/05/10	24.81	26.20	24.80	25.71	2764611	73153256.00
2016/05/11	25.71	25.93	24.26	24.81	2650170	68131472.00
2016/05/12	24.26	24.80	22.89	24.64	3190710	78421528.00
2016/05/13	24.27	24.93	23.77	23.90	1544932	38741112.00
2016/05/16	23.76	24.54	23.56	24.42	1273682	31681384.00
2016/05/17	24.73	24.75	24.07	24.16	2433088	61090584.00
2016/05/18	23.17	23.73	21.67	22.07	3159738	72473784.00
2016/05/19	21.96	22.59	21.72	22.04	2396337	54667252.00
2016/05/20	21.61	21.61	20.29	21.25	3639068	78749856.00
2016/05/23	21.41	22.33	21.25	22.25	3103002	70505744.00
2016/05/24	22.06	22.45	21.86	22.14	2384669	54759440.00
2016/05/25	22.25	22.53	21.58	21.90	1871725	42486948.00
2016/05/26	21.71	21.90	20.76	21.55	2444398	53731080.00
2016/05/27	21.57	21.72	21.14	21.57	1995814	44312508.00
2016/05/30	21.45	21.45	20.84	20.92	2078358	45336268.00
2016/05/31	21.08	23.05	20.77	22.52	4447614	101072656.00
2016/06/01	22.42	22.91	22.27	22.49	3503416	82000184.00
2016/06/02	22.83	22.91	22.01	22.60	3086218	71527336.00
2016/06/03	22.61	22.96	22.15	22.94	5288922	123089008.00
2016/06/06	23.07	24.06	23.06	23.64	5162548	125348240.00
2016/06/07	23.56	23.76	23.07	23.44	3065684	73703896.00
2016/06/08	23.54	23.74	23.06	23.51	2732240	66132152.00
2016/06/13	22.96	23.15	21.09	21.09	3587153	82391552.00
2016/06/14	20.55	21.26	20.14	20.53	4561513	97033056.00
2016/06/15	20.16	21.51	20.15	21.26	3444370	75044760.00
2016/06/16	21.12	21.80	21.11	21.34	2615861	58147192.00
2016/06/17	21.24	21.95	21.24	21.50	2593365	57981816.00
2016/06/20	21.46	23.44	21.36	23.36	7553727	175344688.00
2016/06/21	23.34	23.35	22.26	22.63	4095166	96590768.00
2016/06/22	22.63	22.91	22.28	22.75	3229598	75201576.00
2016/06/23	22.46	22.76	21.87	22.11	3568888	81870032.00
2016/06/24	22.13	22.23	20.87	21.53	3696264	82709408.00
2016/06/27	21.12	22.13	21.12	21.96	4013878	90293544.00
2016/06/28	21.91	22.09	21.45	22.07	4877880	109687344.00
2016/06/29	22.05	22.65	21.99	22.58	6333382	145991200.00
2016/06/30	22.47	22.74	22.32	22.45	3709553	86125368.00
2016/07/01	22.56	24.09	22.54	23.97	16369331	397858368.00
2016/07/04	23.96	25.71	23.76	24.96	12444663	318209024.00
2016/07/05	25.92	27.53	25.31	26.68	20666577	573944448.00
2016/07/06	26.76	26.94	25.88	26.08	8490546	230357392.00
2016/07/07	26.24	27.45	26.24	26.63	8949666	246724768.00
2016/07/08	26.56	26.66	25.26	25.51	8236473	219343296.00
2016/07/11	25.51	26.32	25.21	25.33	6582310	174246880.00
2016/07/12	25.31	26.26	24.86	26.20	6502600	170678912.00
2016/07/13	26.05	26.45	25.84	25.93	4536090	121676384.00
2016/07/14	25.91	26.08	24.92	25.09	5992517	156260464.00
2016/07/15	25.27	25.68	25.06	25.43	4379921	114713160.00
2016/07/18	25.64	27.66	25.44	27.32	10267816	284784800.00
2016/07/19	27.51	27.66	26.54	27.41	5939844	166037712.00
2016/07/20	27.41	27.56	26.86	26.88	3328794	92678488.00
2016/07/21	27.11	27.66	26.64	27.37	3991432	111333592.00
2016/07/22	27.36	28.26	26.75	26.98	3977488	111948200.00
2016/07/25	26.47	27.26	25.06	25.23	7416647	196267568.00
2016/07/26	25.36	25.58	25.06	25.55	3460079	90115448.00
2016/07/27	25.65	28.18	25.56	28.18	33263239	953687616.00
2016/07/28	29.24	29.51	28.26	28.42	32211778	953080512.00
2016/07/29	29.76	31.34	29.15	31.34	21800144	678163648.00
2016/08/01	32.24	32.25	29.73	30.05	17455333	549822720.00
2016/08/02	30.16	30.71	29.06	30.09	10606382	324380480.00
2016/08/03	29.81	30.14	28.44	29.80	16136561	483689088.00
2016/08/04	29.26	30.15	28.62	29.51	13913215	419247488.00
2016/08/05	29.26	30.01	27.79	27.94	17600088	518876864.00
2016/08/08	27.97	28.47	27.03	28.40	10264490	292209696.00
2016/08/09	27.96	28.34	27.57	28.30	8426052	241617616.00
2016/08/10	28.24	29.36	27.92	28.67	10733286	315073984.00
2016/08/11	28.40	28.40	26.84	27.06	11577941	326116608.00
2016/08/12	26.77	27.04	26.46	26.99	7378033	203025264.00
2016/08/15	26.75	27.46	26.51	27.17	7875772	219239488.00
2016/08/16	27.07	28.02	27.07	27.65	7512231	213448352.00
2016/08/17	27.86	27.91	27.06	27.84	7960541	225448848.00
2016/08/18	28.04	28.04	27.27	27.38	4952414	139862512.00
2016/08/19	27.26	27.72	26.87	27.01	7423891	207104336.00
2016/08/22	27.07	27.09	25.98	26.10	7185619	195577360.00
2016/08/23	26.02	26.44	25.79	26.26	5162420	139038752.00
2016/08/24	26.41	26.44	26.16	26.29	3953032	106878248.00
2016/08/25	26.36	27.24	26.34	27.06	8607382	237833056.00
2016/08/26	26.46	27.46	26.46	26.81	5669754	157334144.00
2016/08/29	26.60	26.83	26.46	26.56	2995881	81914656.00
2016/08/30	26.56	27.12	26.47	26.80	5017791	138680016.00
2016/08/31	26.71	26.71	25.91	26.10	7079176	190256352.00
2016/09/01	25.90	26.22	25.35	25.38	6313836	167563744.00
2016/09/02	25.19	25.56	24.98	25.17	4501430	116895616.00
2016/09/05	25.26	25.45	25.16	25.35	3088695	80482608.00
2016/09/06	25.37	25.74	25.24	25.69	4808627	126207128.00
2016/09/07	25.70	25.96	25.54	25.63	4977805	131453296.00
2016/09/08	25.68	25.94	25.53	25.90	3877300	102649064.00
2016/09/09	25.82	25.90	25.46	25.66	4036882	106555024.00
2016/09/12	25.16	25.46	23.96	24.01	5801203	147436544.00
2016/09/13	24.16	24.51	23.94	24.22	2885119	71926008.00
2016/09/14	24.07	24.42	23.66	24.31	3904779	96790928.00
2016/09/19	24.25	24.54	24.15	24.48	2039873	51340536.00
2016/09/20	24.54	24.59	24.21	24.34	1761951	44265816.00
2016/09/21	24.36	24.52	24.22	24.39	2038639	51268584.00
2016/09/22	24.52	24.76	24.41	24.46	2431641	61588196.00
2016/09/23	24.48	24.70	24.10	24.11	2029391	50783144.00
2016/09/26	24.10	25.10	24.02	24.64	6577758	167454416.00
2016/09/27	24.55	24.73	23.97	24.47	3841637	96064808.00
2016/09/28	24.46	24.97	24.13	24.83	4155499	105098576.00
2016/09/29	24.63	25.04	24.63	24.73	3313327	84745520.00
2016/09/30	24.70	25.10	24.66	25.07	3432660	88151032.00
2016/10/10	25.23	25.85	25.23	25.70	5393998	142250528.00
2016/10/11	25.31	25.64	25.13	25.63	5711482	148877664.00
2016/10/12	25.46	25.83	25.33	25.75	3916119	103070456.00
2016/10/13	25.76	25.87	25.46	25.56	3435247	90679424.00
2016/10/14	25.46	25.61	25.26	25.35	2228847	58184260.00
2016/10/17	25.44	25.86	25.26	25.38	3925851	103622968.00
2016/10/18	25.44	25.72	25.31	25.67	2926261	76816744.00
2016/10/19	25.73	25.73	25.31	25.34	3267453	85559328.00
2016/10/20	25.33	25.51	25.21	25.41	2524148	65773396.00
2016/10/21	25.45	25.45	24.56	24.77	4497916	115331992.00
2016/10/24	24.76	24.92	24.42	24.76	3706778	94325488.00
2016/10/25	24.76	25.14	24.66	25.04	3397166	87200296.00
2016/10/26	24.91	24.96	24.11	24.35	6471895	162663040.00
2016/10/27	24.28	24.46	24.21	24.34	2682284	67301016.00
2016/10/28	24.34	24.53	24.21	24.32	2384748	59842456.00
2016/10/31	24.36	24.37	24.05	24.22	2122174	52827488.00
2016/11/01	24.29	25.86	24.26	25.58	11169820	288757664.00
2016/11/02	25.46	25.61	25.17	25.31	5123054	133785560.00
2016/11/03	25.19	25.79	25.13	25.55	6517837	171353152.00
2016/11/04	25.55	26.22	25.55	25.66	6609846	176202240.00
2016/11/07	25.66	26.37	25.64	26.00	6251541	167180960.00
2016/11/08	26.14	26.23	25.66	26.00	4285620	113971376.00
2016/11/09	26.00	26.00	25.13	25.49	4753491	124728776.00
2016/11/10	25.64	26.76	25.64	26.70	9614673	259260960.00
2016/11/11	26.82	26.88	26.32	26.42	6327547	172590080.00
2016/11/14	26.26	26.56	25.93	26.35	5211371	140695424.00
2016/11/15	26.27	26.52	26.01	26.51	3626316	97971880.00
2016/11/16	26.51	26.75	26.12	26.16	4399045	119282568.00
2016/11/17	26.00	26.11	25.63	25.94	3220906	85615352.00
2016/11/18	26.04	26.41	25.93	26.20	3533542	95229328.00
2016/11/21	26.16	26.78	26.10	26.70	7762198	211583456.00
2016/11/22	26.82	27.24	26.51	26.66	6236270	172363216.00
2016/11/23	26.63	26.90	26.16	26.25	4868596	132867904.00
2016/11/24	26.06	26.70	26.06	26.40	3721892	101075296.00
2016/11/25	26.41	26.53	25.26	25.72	6465369	170463616.00
2016/11/28	25.66	25.84	25.34	25.68	3968095	104293184.00
2016/11/29	25.52	25.66	25.06	25.07	4384424	114115008.00
2016/11/30	25.07	25.21	24.73	24.88	2870761	73732528.00
2016/12/01	24.74	25.06	24.68	25.06	2092908	53764412.00
2016/12/02	24.97	25.21	24.53	24.62	3009727	76980680.00
2016/12/05	24.39	24.76	24.26	24.62	1462300	37044996.00
2016/12/06	24.81	25.21	24.81	25.07	2507486	64629808.00
2016/12/07	24.99	25.31	24.94	25.18	2065092	53499572.00
2016/12/08	25.14	25.17	24.77	24.83	1325891	34094016.00
2016/12/09	24.81	25.06	24.76	24.85	1439345	36876932.00
2016/12/12	24.95	24.95	22.63	22.85	4004600	98276584.00
2016/12/13	22.87	23.32	22.76	23.28	2032650	48320524.00
2016/12/14	23.26	23.26	22.82	22.95	1507467	35855304.00
2016/12/15	22.85	23.48	22.84	23.06	1684736	40333696.00
2016/12/16	23.30	23.43	23.03	23.23	1091068	26173458.00
2016/12/19	23.30	23.51	22.97	23.39	1203523	28910784.00
2016/12/20	23.46	23.54	23.26	23.40	1050532	25377894.00
2016/12/21	23.40	23.75	23.40	23.58	1277865	31119834.00
2016/12/22	23.41	23.61	23.29	23.49	1158210	28032252.00
2016/12/23	23.41	23.57	23.14	23.35	1592671	38298328.00
2016/12/26	23.14	23.65	22.86	23.64	1894085	45386560.00
2016/12/27	23.57	23.76	23.39	23.57	1413883	34384064.00
2016/12/28	23.58	23.68	23.38	23.41	794100	19258338.00
2016/12/29	23.42	23.63	23.31	23.33	934526	22623966.00
2016/12/30	23.40	23.60	23.35	23.52	1296315	31400196.00
2017/01/03	23.52	24.61	23.41	24.51	4072512	101676640.00
2017/01/04	24.45	24.61	24.22	24.50	2123112	53511324.00
2017/01/05	24.50	24.81	24.38	24.49	1777836	45033632.00
2017/01/06	24.46	24.63	24.34	24.40	1123174	28265814.00
2017/01/09	24.29	24.55	24.07	24.29	1301235	32529380.00
2017/01/10	24.16	25.09	24.16	24.97	3555114	90785952.00
2017/01/11	24.95	25.25	24.52	24.56	1859400	47502416.00
2017/01/12	24.38	24.73	23.93	24.13	1612785	40409040.00
2017/01/13	23.98	24.22	23.41	23.42	1374700	33735984.00
2017/01/16	23.56	23.56	21.69	22.32	2106079	49195788.00
2017/01/17	22.36	22.45	21.06	22.25	2297594	51916168.00
2017/01/18	22.21	22.23	21.87	22.16	798034	18231932.00
2017/01/19	21.98	22.31	21.98	22.14	1066850	24432200.00
2017/01/20	22.22	22.72	22.07	22.45	931533	21678172.00
2017/01/23	22.46	23.06	22.30	22.80	1369815	32264466.00
2017/01/24	22.83	22.83	22.43	22.52	908063	21124364.00
2017/01/25	22.46	22.63	22.21	22.49	906198	20993590.00
2017/01/26	22.49	22.65	22.49	22.62	813022	18946216.00
2017/02/03	22.73	22.74	22.37	22.44	707971	16472967.00
2017/02/06	22.61	23.02	22.42	22.84	1227765	28862560.00
2017/02/07	22.84	23.16	22.74	23.12	1175467	27840816.00
2017/02/08	23.11	23.51	22.77	23.36	1524599	36632392.00
2017/02/09	23.36	23.76	23.28	23.64	1400331	33907340.00
2017/02/10	23.55	23.88	23.41	23.54	1172060	28485954.00
2017/02/13	23.54	23.75	23.43	23.65	846045	20591830.00
2017/02/14	23.64	23.89	23.28	23.84	1721262	41909160.00
2017/02/15	23.76	24.50	23.63	24.12	3270212	81403032.00
2017/02/16	24.12	24.23	23.81	23.91	1120468	27687998.00
2017/02/17	23.91	24.06	23.43	23.54	1469666	35966020.00
2017/02/20	23.51	23.74	23.31	23.72	1493575	36309004.00
2017/02/21	23.72	24.35	23.62	24.15	2189965	54381556.00
2017/02/22	24.20	24.33	23.97	24.27	1409410	35090468.00
2017/02/23	24.24	24.45	23.82	24.00	1530276	37873076.00
2017/02/24	23.94	24.21	23.78	24.01	1128620	27855634.00
2017/02/27	24.31	24.63	23.90	23.96	2254269	56226988.00
2017/02/28	23.88	23.98	23.62	23.74	1593931	39020672.00
2017/03/01	23.84	23.84	23.64	23.69	1512741	36988040.00
2017/03/02	23.71	23.94	23.37	23.40	1348345	32888466.00
2017/03/03	23.45	23.84	23.33	23.71	1724881	42025980.00
2017/03/06	23.72	23.99	23.56	23.95	2167524	53214260.00
2017/03/07	23.81	24.06	23.80	24.02	1873950	46280272.00
2017/03/08	24.08	24.08	23.61	23.68	1837882	45028736.00
2017/03/09	23.67	23.67	23.33	23.39	1754797	42371496.00
2017/03/10	23.33	23.49	23.26	23.35	1218484	29366674.00
2017/03/13	23.39	23.57	23.06	23.54	1382025	33367686.00
2017/03/14	23.54	23.71	23.32	23.44	1314039	31929708.00
2017/03/15	23.37	23.49	23.26	23.33	962296	23175846.00
2017/03/16	23.33	23.76	23.33	23.68	1860966	45353212.00
2017/03/17	23.68	23.85	23.30	23.37	1835981	44840244.00
2017/03/20	23.37	24.25	23.31	24.23	5230165	129343696.00
2017/03/21	24.10	24.45	24.01	24.25	4309512	107444328.00
2017/03/22	24.07	24.30	23.92	24.19	2397075	59529840.00
2017/03/23	24.19	24.21	23.56	23.87	2492640	61389008.00
2017/03/24	23.95	23.99	23.72	23.94	1823022	44873908.00
2017/03/27	23.96	24.73	23.96	24.58	4729269	118903456.00
2017/03/28	24.63	24.69	24.27	24.47	3413689	86163328.00
2017/03/29	24.44	25.06	24.35	24.47	3319681	84360672.00
2017/03/30	24.60	24.60	23.31	23.72	3703117	90770496.00
2017/03/31	23.51	23.74	22.76	23.08	2698828	64931512.00
2017/04/05	22.66	23.83	22.66	23.44	2160464	52160076.00
2017/04/06	23.29	23.50	23.16	23.41	1413232	34021732.00
2017/04/07	23.54	23.54	23.31	23.36	1247359	30123700.00
2017/04/10	23.50	23.50	22.67	22.84	2300879	54544044.00
2017/04/11	22.84	23.42	22.77	23.37	2180609	51990136.00
2017/04/12	23.41	23.41	22.94	23.01	1134325	27034368.00
2017/04/13	22.86	23.33	22.84	23.10	1025310	24499226.00
2017/04/14	23.11	23.15	22.19	22.26	2662131	61839836.00
2017/04/17	22.44	22.56	21.91	22.08	1820157	41848980.00
2017/04/18	22.07	22.26	21.21	21.41	3343459	74790440.00
2017/04/19	21.29	23.22	21.29	23.13	6825995	156799552.00
2017/04/20	23.07	23.84	22.26	23.15	6532584	155273360.00
2017/04/21	23.38	23.46	22.76	23.17	3988480	94811128.00
2017/04/24	23.06	24.25	22.81	23.57	6519952	158614576.00
2017/04/25	23.61	23.84	22.76	23.51	6111134	146275392.00
2017/04/26	23.35	24.16	23.15	23.19	5273507	128091192.00
2017/04/27	23.04	23.87	22.76	23.71	5017409	121198808.00
2017/04/28	23.71	24.36	23.69	23.78	8489598	210000448.00
2017/05/02	23.59	24.14	23.36	24.08	4543700	111702712.00
2017/05/03	24.06	24.25	23.61	23.85	4715479	115992816.00
2017/05/04	23.74	23.76	23.18	23.38	3904823	94440352.00
2017/05/05	23.46	23.56	22.35	22.43	3724604	88465760.00
2017/05/08	22.26	22.41	21.66	21.78	3450229	78270176.00
2017/05/09	21.72	22.42	21.67	22.23	2223771	50569024.00
2017/05/10	22.06	22.63	21.81	21.85	2159624	49650352.00
2017/05/11	21.65	22.26	21.48	22.17	1665077	37731732.00
2017/05/12	22.21	22.39	21.96	22.15	1100280	25177248.00
2017/05/15	22.36	22.60	22.07	22.22	1362134	31245302.00
2017/05/16	22.18	22.64	21.89	22.60	1950489	44407132.00
2017/05/17	22.59	22.66	22.19	22.42	2119687	48275360.00
2017/05/18	22.27	22.45	22.02	22.23	1393343	31561260.00
2017/05/19	22.10	22.50	21.94	22.27	1227800	27747340.00
2017/05/22	22.28	22.28	21.77	21.88	1176800	26349950.00
2017/05/23	21.82	21.94	21.37	21.50	2306883	50621216.00
2017/05/24	21.42	22.02	20.97	21.33	1614120	35018128.00
2017/05/25	21.22	21.61	21.04	21.47	1831869	39812560.00
2017/05/26	21.49	21.49	20.90	20.93	1876889	40443132.00
2017/05/31	21.42	21.45	20.82	20.97	1520209	32780690.00
2017/06/01	20.79	21.07	20.41	20.42	1388400	29277834.00
2017/06/02	20.23	20.45	19.61	20.25	1999891	40675208.00
2017/06/05	20.27	20.74	20.27	20.62	1219878	25505966.00
2017/06/06	20.62	20.70	20.37	20.56	902625	18899112.00
2017/06/07	20.53	21.24	20.48	21.18	2428521	51999300.00
2017/06/08	21.15	21.41	20.98	21.07	1293581	27908994.00
2017/06/09	21.07	21.18	20.92	21.06	1310015	28022052.00
2017/06/12	21.07	21.07	20.47	20.54	1363681	28641386.00
2017/06/13	20.35	20.85	20.35	20.80	1160375	24436574.00
2017/06/14	20.62	21.02	20.62	20.90	1152033	24489114.00
2017/06/15	20.73	21.60	20.73	21.29	2675854	58056672.00
2017/06/16	21.22	21.94	21.12	21.50	2120775	46472484.00
2017/06/19	21.52	21.72	21.40	21.48	1352136	29607148.00
2017/06/20	21.48	21.90	21.48	21.58	1432143	31619682.00
2017/06/21	21.61	21.87	21.28	21.61	1238673	27102330.00
2017/06/22	21.61	21.61	21.30	21.31	1228205	26799450.00
2017/06/23	21.28	21.62	20.94	21.36	865798	18770908.00
2017/06/26	21.31	21.87	21.31	21.81	1554603	34258636.00
2017/06/27	21.73	22.20	21.62	22.06	2704010	60449780.00
2017/06/28	21.98	22.16	21.82	21.96	1369400	30648092.00
2017/06/29	21.96	22.32	21.89	22.22	1614700	36416424.00
2017/06/30	22.23	22.23	21.92	22.08	1020300	22882852.00
2017/07/03	22.24	22.31	21.87	22.20	1176380	26431504.00
2017/07/04	22.20	22.24	21.89	21.92	1179100	26369648.00
2017/07/05	22.05	22.11	21.80	22.07	1345860	30071440.00
2017/07/06	22.11	22.21	21.77	21.85	1710447	38166640.00
2017/07/07	21.81	21.96	21.74	21.91	2236004	49697696.00
2017/07/10	21.95	22.12	21.73	21.97	1787317	39892708.00
2017/07/11	22.02	22.15	21.77	21.97	1635946	36600708.00
2017/07/12	21.95	22.03	21.42	22.00	1879002	41596960.00
2017/07/13	22.00	22.66	21.89	22.58	3494266	79811864.00
2017/07/14	22.48	23.31	22.37	22.70	3692336	85811056.00
2017/07/17	22.70	22.70	21.33	21.50	4422872	98204312.00
2017/07/18	21.36	21.90	21.23	21.79	1802511	39637720.00
2017/07/19	21.79	22.66	21.79	22.64	3289597	74492320.00
2017/07/20	22.68	22.68	22.38	22.45	1826964	41796624.00
2017/07/21	22.34	23.12	22.34	22.77	3433018	79848888.00
2017/07/24	22.57	23.27	22.49	23.02	3340092	78226728.00
2017/07/25	22.93	23.10	22.48	22.71	1891080	43586376.00
2017/07/26	22.70	23.53	22.47	23.34	5342656	126142672.00
2017/07/27	23.29	23.74	23.13	23.35	5745504	137122192.00
2017/07/28	23.12	23.30	22.75	22.98	3306631	77271936.00
2017/07/31	23.01	23.81	22.85	23.60	3964670	94386296.00
2017/08/01	23.87	24.77	23.58	23.65	8434384	206778080.00
2017/08/02	23.63	24.28	23.24	23.76	5119772	123929888.00
2017/08/03	23.62	24.10	23.62	23.95	2645947	64228580.00
2017/08/04	23.86	26.27	23.86	25.31	14040349	361003264.00
2017/08/07	25.91	27.42	25.64	27.03	17057874	458671488.00
2017/08/08	27.22	27.42	26.32	26.64	9289237	253919536.00
2017/08/09	26.77	26.92	26.14	26.68	6402833	172057632.00
2017/08/10	26.62	26.70	25.42	25.68	6995196	183882512.00
2017/08/11	25.74	25.98	24.95	25.11	3989428	102852480.00
2017/08/14	25.10	25.93	25.05	25.54	3924137	101920472.00
2017/08/15	25.59	25.92	24.64	25.82	4901700	126258984.00
2017/08/16	25.63	25.82	24.97	25.47	3759358	96813928.00
2017/08/17	25.45	25.90	25.01	25.40	3913429	100747592.00
2017/08/18	25.25	25.71	25.12	25.59	3398649	88225856.00
2017/08/21	25.68	25.77	25.34	25.69	2304700	59853352.00
2017/08/22	25.61	25.87	25.16	25.37	2816699	72527584.00
2017/08/23	25.21	25.45	24.29	24.54	5056201	126910632.00
2017/08/24	23.84	23.84	22.05	22.42	13624482	311841952.00
2017/08/25	21.90	22.34	21.84	22.26	7159289	161235136.00
2017/08/28	22.19	22.63	22.17	22.41	4689707	106653872.00
2017/08/29	22.41	22.42	22.20	22.30	2909941	65947772.00
2017/08/30	22.39	22.39	22.20	22.33	2409081	54609548.00
2017/08/31	22.33	22.58	22.15	22.49	2588348	58827316.00
2017/09/01	22.51	23.55	22.50	23.53	8263849	194306912.00
2017/09/04	23.53	23.93	23.15	23.50	4328749	103650432.00
2017/09/05	23.28	23.60	23.12	23.30	2652251	62708840.00
2017/09/06	23.30	23.33	22.84	23.19	2227600	52109956.00
2017/09/07	23.05	23.97	23.02	23.65	3881557	93271384.00
2017/09/08	23.62	24.82	23.62	24.45	6855056	170155888.00
2017/09/11	24.22	24.90	24.12	24.46	4194198	104241424.00
2017/09/12	24.48	24.87	24.22	24.46	3761266	93848936.00
2017/09/13	24.22	24.62	24.10	24.29	2990387	73876640.00
2017/09/14	24.60	24.72	24.15	24.23	2021733	50038376.00
2017/09/15	24.04	24.61	23.92	24.54	2450687	60299824.00
2017/09/18	24.51	24.57	23.95	24.34	2426803	59750940.00
2017/09/19	24.22	24.52	24.04	24.11	1453425	35799700.00
2017/09/20	24.29	24.29	23.89	23.93	1766991	43115432.00
2017/09/21	24.04	24.22	23.64	23.74	1694000	41268436.00
2017/09/22	23.79	23.96	23.67	23.84	1357000	32790970.00
2017/09/25	24.17	24.17	23.05	23.22	2320410	55516376.00
2017/09/26	23.23	23.49	22.50	22.71	2903049	67547288.00
2017/09/27	22.63	23.05	22.63	22.85	1414185	32858940.00
2017/09/28	23.01	23.58	22.72	22.95	969500	22713424.00
2017/09/29	22.95	23.27	22.88	23.05	1743163	40919256.00
2017/10/09	23.06	23.36	23.06	23.30	1664300	39312528.00
2017/10/10	23.30	23.72	23.17	23.64	1268945	30384198.00
2017/10/11	23.63	23.67	23.33	23.45	1089307	25994802.00
2017/10/12	23.35	23.68	23.35	23.53	1200563	28723644.00
2017/10/13	23.50	23.72	23.43	23.49	929616	22216414.00
2017/10/16	23.52	23.62	22.79	22.80	1635300	38387320.00
2017/10/17	22.82	23.02	22.62	22.70	792475	18392058.00
2017/10/18	22.73	23.04	22.70	22.72	2018521	47028236.00
2017/10/19	22.74	23.00	22.44	22.51	1589138	36677112.00
2017/10/20	22.57	23.10	22.50	23.05	1171435	27213052.00
2017/10/23	23.06	23.21	22.83	23.07	1104412	25884022.00
2017/10/24	23.07	23.19	22.83	22.90	714317	16642680.00
2017/10/25	22.92	23.27	22.84	23.17	875219	20558430.00
2017/10/26	23.12	23.30	23.04	23.16	984722	23195072.00
2017/10/27	23.15	23.47	23.15	23.39	1665542	39528972.00
2017/10/30	23.22	23.22	21.01	21.01	7850519	171499088.00
2017/10/31	20.77	21.32	20.77	21.19	2143102	46023112.00
2017/11/01	21.18	21.36	21.05	21.14	1490971	32135862.00
2017/11/02	21.07	21.27	20.40	20.44	2536702	53392240.00
2017/11/03	20.58	20.60	19.62	20.06	2376864	48676448.00
2017/11/06	20.05	20.36	19.82	20.30	1189062	24351252.00
2017/11/07	20.16	20.40	19.90	20.37	2042339	42053184.00
2017/11/08	20.42	20.61	20.29	20.50	1226300	25609312.00
2017/11/09	20.49	20.74	20.30	20.74	1029559	21542014.00
2017/11/10	20.74	20.91	20.58	20.80	1234092	26110090.00
2017/11/13	20.82	20.82	20.53	20.77	1009812	21319672.00
2017/11/14	20.78	20.87	20.28	20.47	1420172	29608244.00
2017/11/15	20.42	20.51	20.02	20.27	830200	17127820.00
2017/11/16	20.06	20.41	20.06	20.10	1107698	22810814.00
2017/11/17	20.13	20.18	19.65	19.73	1516600	30592890.00
2017/11/20	19.62	19.89	19.32	19.72	1139600	22708624.00
2017/11/21	19.72	20.10	19.63	19.77	1015400	20540162.00
2017/11/22	19.77	20.12	19.69	20.11	856699	17368518.00
2017/11/23	19.94	20.06	19.65	19.69	729599	14721978.00
2017/11/24	19.51	19.91	19.50	19.73	509758	10242753.00
2017/11/27	19.82	19.82	19.53	19.64	477200	9579780.00
2017/11/28	19.67	19.78	19.60	19.77	599667	12040523.00
2017/11/29	19.80	19.80	19.60	19.76	532100	10677009.00
2017/11/30	19.64	20.10	19.64	19.78	710157	14387908.00
2017/12/01	19.87	20.11	19.74	20.04	864999	17581768.00
2017/12/04	20.03	20.10	19.81	19.87	682799	13894970.00
2017/12/05	19.70	20.39	19.67	20.05	1559900	32073956.00
2017/12/06	19.98	20.09	19.72	19.84	1424700	28770628.00
2017/12/07	19.62	19.90	19.52	19.54	1769803	35492964.00
2017/12/08	19.57	19.70	19.50	19.54	1676600	33494272.00
2017/12/11	19.54	19.75	19.53	19.74	807016	16160053.00
2017/12/12	19.70	19.76	19.63	19.65	447000	8976575.00
2017/12/13	19.62	19.97	19.55	19.92	1000300	20252656.00
2017/12/14	19.97	19.97	19.82	19.94	591366	12004787.00
2017/12/15	19.97	20.29	19.79	20.09	1428765	29213330.00
2017/12/18	19.92	20.28	19.92	20.21	766600	15749780.00
2017/12/19	20.31	20.31	20.04	20.22	631666	12958559.00
2017/12/20	20.18	20.18	19.81	19.98	719000	14614436.00
2017/12/21	19.75	19.91	19.70	19.90	693041	13985988.00
2017/12/22	19.76	19.92	19.73	19.74	530492	10694602.00
2017/12/25	19.73	19.81	19.34	19.43	788100	15692309.00
2017/12/26	19.40	19.51	19.35	19.49	525425	10410876.00
2017/12/27	19.51	19.71	19.44	19.53	493200	9831520.00
2017/12/28	19.52	19.63	19.41	19.54	451350	8992996.00
2017/12/29	19.54	19.62	19.44	19.61	349150	6952823.50
2018/01/02	19.64	19.88	19.56	19.87	964302	19417362.00
2018/01/03	19.87	19.98	19.83	19.87	919300	18635224.00
2018/01/04	19.88	20.09	19.79	19.94	1126159	22868724.00
2018/01/05	19.94	20.01	19.67	19.72	1196917	24104666.00
2018/01/08	19.68	19.68	19.15	19.22	2807400	55425372.00
2018/01/09	19.22	19.28	19.10	19.15	1931400	37744308.00
2018/01/10	19.29	19.29	18.67	18.81	1898836	36699880.00
2018/01/11	18.78	19.00	18.72	18.97	926606	17836920.00
2018/01/12	18.99	18.99	18.63	18.77	1026900	19679000.00
2018/01/15	18.72	18.86	18.08	18.23	1749950	32935828.00
2018/01/16	18.23	18.30	18.12	18.28	910800	16940064.00
2018/01/17	18.27	18.27	17.79	17.96	1732807	31789272.00
2018/01/18	18.12	19.37	18.12	18.73	3081490	59169520.00
2018/01/19	18.62	18.79	18.42	18.53	1162699	22031006.00
2018/01/22	18.52	18.96	18.46	18.81	1305500	25063686.00
2018/01/23	18.81	18.97	18.73	18.85	740813	14246831.00
2018/01/24	18.85	19.29	18.75	19.25	1428954	27733946.00
2018/01/25	19.27	19.47	19.05	19.24	1772505	34849124.00
2018/01/26	19.35	19.42	18.72	18.82	1684600	32618364.00
2018/01/29	18.74	18.91	18.50	18.51	1101400	20942938.00
2018/01/30	18.51	18.61	18.42	18.54	562253	10639071.00
2018/01/31	18.61	18.68	18.23	18.29	825800	15497738.00
2018/02/01	18.29	18.37	17.65	17.68	1034400	18955840.00
2018/02/02	17.63	18.12	17.16	17.97	981274	17842232.00
2018/02/05	17.80	18.31	17.59	18.24	456000	8414471.00
2018/02/06	17.98	18.09	17.38	17.48	1090900	19801052.00
2018/02/07	17.62	18.12	16.65	17.39	498902	8876825.00
2018/02/08	17.32	18.11	17.32	17.83	585800	10698766.00
2018/02/09	17.62	17.83	16.98	17.48	838425	14968035.00
2018/02/12	17.56	18.24	17.56	18.03	608358	11144729.00
2018/02/13	18.20	18.20	17.74	17.79	560100	10260758.00
2018/02/14	17.79	17.94	17.67	17.76	318800	5776246.00
2018/02/22	17.92	18.07	17.76	18.03	493100	9029270.00
2018/02/23	17.93	18.05	17.81	17.86	397400	7271987.00
2018/02/26	17.99	18.61	17.78	18.35	1222300	22733868.00
2018/02/27	18.44	18.87	18.23	18.80	1529800	28909414.00
2018/02/28	18.72	18.99	18.61	18.92	1179415	22622914.00
2018/03/01	18.66	19.00	18.66	18.90	888615	17140218.00
2018/03/02	18.89	18.97	18.62	18.70	475500	9083541.00
2018/03/05	18.63	18.85	18.59	18.75	380400	7262103.00
2018/03/06	18.71	18.92	18.63	18.79	768147	14713776.00
2018/03/07	18.91	19.11	18.61	19.02	918347	17745492.00
2018/03/08	19.02	19.42	18.90	19.26	909900	17821160.00
2018/03/09	19.33	19.57	19.15	19.42	1177474	23253978.00
2018/03/12	19.45	19.50	19.23	19.35	1210135	23837386.00
2018/03/13	19.30	19.34	19.04	19.05	690715	13489492.00
2018/03/14	19.05	19.27	18.97	18.97	666674	12954551.00
2018/03/15	18.90	18.99	18.65	18.93	525710	10076526.00
2018/03/16	18.93	19.02	18.67	18.68	450601	8632690.00
2018/03/19	18.68	18.84	18.56	18.68	518700	9891874.00
2018/03/20	18.66	18.86	18.44	18.83	532812	10170835.00
2018/03/21	18.97	18.97	18.62	18.67	648200	12437310.00
2018/03/22	19.25	19.42	18.63	18.87	652800	12595207.00
2018/03/23	18.22	18.50	17.43	17.83	1342488	24681676.00
2018/03/26	17.79	18.02	17.12	17.98	552110	9987679.00
2018/03/27	18.02	18.48	18.02	18.34	520780	9735956.00
2018/03/28	18.13	18.60	17.92	18.50	764890	14378166.00
2018/03/29	18.39	18.64	18.22	18.59	504687	9506473.00
2018/03/30	18.37	19.38	18.37	19.23	2215566	43267568.00
2018/04/02	19.20	19.34	19.03	19.16	929600	18189564.00
2018/04/03	19.02	19.03	18.80	18.85	599200	11548348.00
2018/04/04	18.88	19.55	18.82	19.12	1272500	24956690.00
2018/04/09	19.01	19.21	18.85	18.98	592300	11472790.00
2018/04/10	19.42	19.43	18.75	18.90	665500	12833795.00
2018/04/11	18.97	19.12	18.82	18.92	493800	9570593.00
2018/04/12	19.01	19.01	18.75	18.79	462600	8903642.00
2018/04/13	18.92	19.06	18.78	18.90	344400	6642955.00
2018/04/16	18.96	18.96	18.63	18.81	731900	14054379.00
2018/04/17	18.72	18.90	18.63	18.63	436700	8355813.00
2018/04/18	18.74	18.74	18.30	18.48	703400	13265643.00
2018/04/19	18.58	18.59	18.28	18.29	567800	10686432.00
2018/04/20	18.28	18.29	17.70	17.77	874800	16028559.00
2018/04/23	17.91	17.91	17.67	17.82	555300	10082029.00
2018/04/24	17.90	18.41	17.82	18.37	1043752	19292494.00
2018/04/25	18.17	18.35	18.07	18.19	378880	7037719.00
2018/04/26	18.19	18.26	17.68	17.70	494453	9048114.00
2018/04/27	17.77	18.22	17.77	18.11	460980	8493731.00
2018/05/02	18.11	18.12	17.63	17.92	843700	15364606.00
2018/05/03	17.92	17.92	17.50	17.65	1017152	18306102.00
2018/05/04	17.51	17.91	17.50	17.77	883652	15921848.00
2018/05/07	17.71	18.11	17.66	18.06	1084100	19795544.00
2018/05/08	18.07	18.21	18.00	18.20	761053	14069934.00
2018/05/09	18.27	18.35	18.04	18.20	629900	11707664.00
2018/05/10	18.30	18.34	18.14	18.31	711700	13282153.00
2018/05/11	18.22	18.41	18.04	18.28	674661	12566353.00
2018/05/14	18.34	18.34	17.93	17.94	528300	9770698.00
2018/05/15	17.98	18.42	17.88	18.30	657861	12228955.00
2018/05/16	18.24	18.77	17.99	18.53	1196998	22536734.00
2018/05/17	18.52	19.45	18.42	19.14	3190690	62098568.00
2018/05/18	19.05	20.20	18.84	19.98	5377652	107914056.00
2018/05/21	20.01	20.17	19.58	19.99	4366695	88372808.00
2018/05/22	19.85	20.34	19.66	19.82	2434147	49288248.00
2018/05/23	19.71	19.97	19.46	19.75	2520353	50662488.00
2018/05/24	19.77	21.62	19.56	20.56	4214451	87592536.00
2018/05/25	20.42	20.48	19.75	19.92	2476300	50587532.00
2018/05/28	19.92	21.02	19.57	20.70	4443506	93101808.00
2018/05/29	20.73	20.83	20.43	20.48	2007998	42128264.00
2018/05/30	20.18	21.31	19.75	19.95	1754006	36186864.00
2018/05/31	20.08	20.59	19.92	20.54	1841966	38106000.00
2018/06/01	20.42	20.42	20.02	20.21	1771200	36497184.00
2018/06/04	20.32	20.60	20.14	20.53	1320600	27497602.00
2018/06/05	20.60	20.67	20.17	20.51	1813171	37774400.00
2018/06/06	20.42	20.47	19.86	20.11	2148871	44045304.00
2018/06/07	20.13	21.29	19.92	21.10	3707716	78330480.00
2018/06/08	20.84	21.12	20.38	20.47	2175352	45793996.00
2018/06/11	20.50	20.67	19.81	20.07	1473700	30322294.00
2018/06/12	20.03	20.27	19.82	20.18	787300	16088477.00
2018/06/13	20.08	20.35	19.92	19.95	794573	16262623.00
2018/06/14	19.58	20.07	18.50	19.15	3159264	61679564.00
2018/06/15	18.95	19.20	18.33	19.08	980500	18525322.00
2018/06/19	18.79	18.79	17.17	17.62	1713678	31060996.00
2018/06/20	17.62	18.28	17.62	17.94	985409	17693394.00
2018/06/21	18.00	18.20	17.50	17.57	900800	16084987.00
2018/06/22	17.20	17.97	17.05	17.87	738100	13057926.00
2018/06/25	17.97	18.10	17.81	17.87	731600	13118994.00
2018/06/26	17.65	18.65	17.53	18.28	1063200	19191814.00
2018/06/27	18.28	18.34	17.97	18.02	544000	9856955.00
2018/06/28	17.95	18.22	17.72	17.85	523600	9395207.00
2018/06/29	17.70	18.44	17.70	18.03	1034900	18666886.00
2018/07/02	18.13	18.22	17.78	17.95	684700	12328760.00
2018/07/03	17.89	18.15	17.66	18.12	935300	16766912.00
2018/07/04	17.86	18.06	17.49	17.55	743274	13183952.00
2018/07/05	17.55	17.67	17.18	17.51	650700	11347598.00
2018/07/06	17.51	18.28	17.21	17.61	876500	15624763.00
2018/07/09	17.82	18.17	17.76	17.99	588297	10563455.00
2018/07/10	18.01	18.03	17.90	18.03	435800	7830487.00
2018/07/11	17.85	17.85	17.36	17.41	515700	9055748.00
2018/07/12	17.57	17.94	17.52	17.87	506600	9005709.00
2018/07/13	17.95	18.50	17.70	18.32	1331779	24270226.00
2018/07/16	18.30	18.58	18.12	18.35	609400	11158234.00
2018/07/17	18.45	18.45	18.09	18.30	440800	8059726.00
2018/07/18	18.40	18.40	18.02	18.03	484198	8812853.00
2018/07/19	18.05	18.17	17.95	18.02	395400	7127550.00
2018/07/20	18.00	18.32	17.91	18.17	324900	5902141.00
2018/07/23	17.58	18.33	17.55	18.08	562500	10143843.00
2018/07/24	17.93	19.08	17.71	19.04	2364300	44229636.00
2018/07/25	19.30	19.30	18.85	19.15	1254874	24003760.00
2018/07/26	19.10	19.18	18.73	18.92	630771	11912537.00
2018/07/27	18.96	19.26	18.75	18.97	377971	7166116.00
2018/07/30	18.97	19.10	18.46	18.59	491200	9163758.00
2018/07/31	18.46	18.67	18.40	18.57	302000	5599584.00
2018/08/01	18.57	18.99	18.25	18.26	588300	10938783.00
2018/08/02	18.04	18.26	17.70	17.86	651500	11675114.00
2018/08/03	17.88	18.02	17.78	17.80	434900	7776051.00
2018/08/06	17.71	18.32	17.61	17.94	553139	9893966.00
2018/08/07	17.98	18.45	17.89	18.41	781562	14233053.00
2018/08/08	18.04	18.66	17.93	17.94	509539	9298950.00
2018/08/09	17.85	18.39	17.85	18.23	856200	15558911.00
2018/08/10	18.16	18.31	18.08	18.17	496700	9015232.00
2018/08/13	17.97	18.00	17.67	17.90	731500	13036656.00
2018/08/14	17.95	18.01	17.69	17.72	581300	10339245.00
2018/08/15	17.87	17.87	17.30	17.37	636800	11101048.00
2018/08/16	17.36	17.60	17.18	17.42	487539	8443970.00
2018/08/17	17.43	17.57	17.00	17.06	447500	7707799.00
2018/08/20	16.85	17.19	16.83	17.12	398100	6786441.00
2018/08/21	17.10	17.25	17.00	17.22	251900	4321197.00
2018/08/22	17.23	17.30	17.01	17.03	243900	4166671.00
2018/08/23	17.18	17.21	16.86	17.11	352600	6002646.00
2018/08/24	17.06	17.30	16.83	17.11	320900	5492953.00
2018/08/27	17.26	17.48	17.01	17.33	700700	12079793.00
2018/08/28	17.50	17.55	17.32	17.36	333200	5792496.00
2018/08/29	17.30	17.50	17.20	17.36	380787	6579298.00
2018/08/30	17.47	17.47	17.15	17.18	180500	3115549.00
2018/08/31	17.04	17.30	17.04	17.08	490567	8405606.00
2018/09/03	17.10	17.20	17.02	17.16	276167	4717588.00
2018/09/04	17.23	17.37	17.16	17.31	501800	8683100.00
2018/09/05	17.31	17.45	17.05	17.23	381212	6613307.00
2018/09/06	17.03	17.39	17.03	17.26	358000	6185821.00
2018/09/07	17.33	17.44	17.29	17.39	495620	8615272.00
2018/09/10	17.45	17.48	17.05	17.06	391653	6766815.00
2018/09/11	17.21	17.21	16.98	17.13	475653	8123497.00
2018/09/12	17.21	17.25	17.02	17.02	281601	4804513.00
2018/09/13	17.15	17.26	16.90	17.01	374800	6375026.00
2018/09/14	17.02	17.10	16.52	16.59	597200	10041249.00
2018/09/17	16.58	16.58	14.93	14.93	3093317	47274572.00
2018/09/18	14.87	14.87	14.21	14.55	2456733	35458056.00
2018/09/19	14.49	14.60	14.18	14.48	2211033	31791968.00
2018/09/20	14.46	14.46	14.28	14.38	1407300	20190092.00
2018/09/21	14.38	14.58	14.29	14.56	1813200	26149762.00
2018/09/25	14.32	14.50	14.25	14.31	1804180	25883982.00
2018/09/26	14.36	14.48	14.31	14.40	1841700	26534668.00
2018/09/27	14.40	14.40	13.80	13.90	1780401	25209612.00
2018/09/28	13.88	14.07	13.78	14.00	1235001	17218388.00
2018/10/08	13.85	13.85	13.26	13.31	1738500	23571904.00
2018/10/09	13.41	13.60	13.24	13.41	1653700	22149620.00
2018/10/10	13.41	13.58	13.38	13.53	1756481	23648984.00
2018/10/11	13.06	13.16	12.18	12.18	2594348	32710196.00
2018/10/12	12.13	12.30	11.33	11.93	2331500	27601356.00
2018/10/15	11.93	12.12	11.79	11.84	2387300	28520148.00
2018/10/16	11.80	12.00	11.27	11.62	2391428	27827274.00
2018/10/17	11.75	11.91	11.56	11.79	1518580	17869036.00
2018/10/18	11.76	11.76	11.28	11.37	1605757	18415632.00
2018/10/19	11.06	11.80	11.06	11.71	1739406	19930000.00
2018/10/22	12.00	12.49	11.80	12.27	3004604	36752988.00
2018/10/23	12.26	12.48	12.00	12.14	1707161	20838542.00
2018/10/24	12.10	12.40	12.09	12.27	1537300	18798728.00
2018/10/25	12.10	12.27	11.81	12.24	1303500	15686829.00
2018/10/26	12.42	12.58	12.36	12.44	1944800	24259616.00
2018/10/29	12.45	12.55	12.24	12.44	1838900	22758384.00
2018/10/30	12.39	12.77	12.31	12.62	1641255	20595820.00
2018/10/31	12.65	12.94	12.63	12.85	1654179	21136450.00
2018/11/01	12.88	12.95	12.59	12.61	2419393	30920120.00
2018/11/02	12.80	12.85	12.69	12.84	2629600	33629416.00
2018/11/05	12.83	13.25	12.77	13.00	2300948	29870172.00
2018/11/06	13.18	13.18	12.73	12.89	1596748	20477128.00
2018/11/07	12.83	13.17	12.83	12.95	1845000	23991944.00
2018/11/08	13.08	13.10	12.81	12.85	1160600	15036824.00
2018/11/09	12.87	12.93	12.65	12.67	957001	12214287.00
2018/11/12	12.64	13.20	12.64	13.19	1601348	20853854.00
2018/11/13	13.02	13.46	12.93	13.34	2045000	27120816.00
2018/11/14	13.36	13.47	13.28	13.28	1475907	19744828.00
2018/11/15	13.31	13.60	13.29	13.59	1960336	26382050.00
2018/11/16	13.62	13.73	13.52	13.61	2222124	30280636.00
2018/11/19	13.54	13.70	13.51	13.65	1718948	23414600.00
2018/11/20	13.55	13.85	13.34	13.40	2092115	28566674.00
2018/11/21	13.20	13.55	13.18	13.54	1487009	19933646.00
2018/11/22	13.57	13.77	13.50	13.65	1509960	20605528.00
2018/11/23	13.59	13.70	13.02	13.11	1667168	22102764.00
2018/11/26	13.05	13.12	12.79	12.91	1124301	14565045.00
2018/11/27	13.00	13.38	12.92	13.37	1479043	19618416.00
2018/11/28	13.44	13.44	13.02	13.31	1220777	16136088.00
2018/11/29	13.43	13.53	13.02	13.03	1196335	15887556.00
2018/11/30	13.11	13.34	13.00	13.18	1035900	13657380.00
2018/12/03	13.36	14.25	13.36	14.13	3888635	54148200.00
2018/12/04	14.13	14.15	13.80	14.00	2476627	34528260.00
2018/12/05	13.80	13.96	13.60	13.89	1588570	21985698.00
2018/12/06	13.84	14.08	13.73	13.86	1379335	19113752.00
2018/12/07	13.88	14.02	13.60	13.78	1117303	15341228.00
2018/12/10	13.77	13.78	13.53	13.60	924551	12574500.00
2018/12/11	13.73	13.74	13.60	13.68	649800	8881472.00
2018/12/12	13.78	13.79	13.63	13.69	635568	8704789.00
2018/12/13	13.89	13.89	13.60	13.74	1040940	14287295.00
2018/12/14	13.71	13.74	13.22	13.26	1084559	14587300.00
2018/12/17	13.06	13.39	13.02	13.27	698033	9204974.00
2018/12/18	13.30	13.36	13.09	13.26	446900	5906770.00
2018/12/19	13.29	13.36	13.01	13.07	662700	8746645.00
2018/12/20	13.07	13.14	13.02	13.06	737400	9643507.00
2018/12/21	13.07	13.14	13.01	13.06	550000	7184815.00
2018/12/24	13.06	13.14	12.93	13.14	553932	7234002.00
2018/12/25	13.09	13.09	12.03	12.83	844432	10758661.00
2018/12/26	12.85	13.05	12.78	12.84	469079	6050615.00
2018/12/27	12.95	13.02	12.52	12.57	561300	7186252.00
2018/12/28	12.58	12.71	12.55	12.64	389700	4917353.00
2019/01/02	12.86	12.86	12.40	12.44	748387	9361998.00
2019/01/03	12.46	12.77	12.41	12.51	770045	9668265.00
数据来源:通达信
