603500 祥和实业 日线 前复权
      日期	    开盘	    最高	    最低	    收盘	    成交量	    成交额
2017/09/04	11.14	13.40	11.14	13.40	10556	199825.77
2017/09/05	14.76	14.76	14.76	14.76	8200	171052.00
2017/09/06	16.25	16.25	16.25	16.25	7904	181396.80
2017/09/07	17.89	17.89	17.89	17.89	4500	113625.00
2017/09/08	19.70	19.70	19.70	19.70	44304	1230765.13
2017/09/11	21.69	21.69	21.69	21.69	81485	2490181.50
2017/09/12	23.87	23.87	23.87	23.87	147564	4961101.50
2017/09/13	26.27	26.27	26.27	26.27	169263	6259345.50
2017/09/14	28.91	28.91	28.91	28.91	89595	3644724.50
2017/09/15	31.82	31.82	31.82	31.82	767058	34325844.00
2017/09/18	31.29	31.29	28.63	28.63	11366501	468400160.00
2017/09/19	26.00	28.51	25.99	27.23	11181904	430206336.00
2017/09/20	26.63	28.94	26.35	28.22	10837745	422393888.00
2017/09/21	28.86	28.93	26.23	26.36	8189740	315888704.00
2017/09/22	25.57	26.57	24.94	25.71	5732796	209485984.00
2017/09/25	25.85	28.30	25.85	28.30	13437656	522029408.00
2017/09/26	26.87	27.18	25.46	25.46	11409417	417089632.00
2017/09/27	24.53	25.25	24.21	25.13	6102590	212219472.00
2017/09/28	25.19	25.57	24.21	24.25	5960219	208327696.00
2017/09/29	24.00	24.45	22.79	23.17	5757391	190640544.00
2017/10/09	23.30	23.43	22.86	23.29	3425074	111412856.00
2017/10/10	23.25	24.00	23.11	23.78	3934811	130635848.00
2017/10/11	23.70	23.70	22.81	22.87	3921195	127786384.00
2017/10/12	22.71	23.04	22.29	22.81	2700605	86244208.00
2017/10/13	22.81	23.47	22.69	23.21	2951601	96204448.00
2017/10/16	23.00	23.76	22.36	23.51	4277946	139432912.00
2017/10/17	23.11	24.00	23.07	23.66	4142248	138174400.00
2017/10/18	23.50	23.54	22.57	22.79	3174164	103328720.00
2017/10/19	22.75	22.95	21.70	21.81	2876768	89827592.00
2017/10/20	21.64	22.06	21.64	22.01	1744535	53742508.00
2017/10/23	21.87	22.21	21.65	22.09	1544996	47881852.00
2017/10/24	22.01	22.03	21.00	21.30	2760844	83489856.00
2017/10/25	21.38	21.64	21.22	21.64	1910479	57939072.00
2017/10/26	21.54	23.81	21.43	23.81	7702068	251340896.00
2017/10/27	23.91	25.49	23.43	24.62	12890161	440930784.00
2017/10/30	23.72	24.13	23.00	23.39	7269487	240935168.00
2017/10/31	23.39	25.11	22.95	24.60	8326218	285080192.00
2017/11/01	24.85	26.64	23.94	25.97	10507033	371047136.00
2017/11/02	25.36	25.69	24.86	25.54	6984716	248988032.00
2017/11/03	25.33	25.39	24.13	24.36	5573047	193729904.00
2017/11/06	24.33	24.91	24.14	24.26	3964364	136945584.00
2017/11/07	24.38	26.61	24.26	26.19	10632295	386016096.00
2017/11/08	25.64	26.86	25.34	26.67	9790909	356213856.00
2017/11/09	26.29	26.64	25.84	25.91	6500194	239464176.00
2017/11/10	25.82	25.82	24.91	25.49	5760615	205505040.00
2017/11/13	25.29	25.89	25.01	25.48	4633575	166113328.00
2017/11/14	25.46	25.53	23.40	23.52	5864789	201755904.00
2017/11/15	23.16	23.36	22.02	22.11	4994081	158698224.00
2017/11/16	22.11	22.39	21.65	22.20	2900621	90434544.00
2017/11/17	22.20	22.25	19.96	19.96	4247976	124686872.00
2017/11/20	19.39	20.14	18.15	19.86	2625471	71735584.00
2017/11/21	20.04	20.29	18.90	19.63	2209416	61548324.00
2017/11/22	19.57	20.29	19.30	20.06	2788020	78477040.00
2017/11/23	19.99	19.99	18.50	18.61	2594002	70485048.00
2017/11/24	17.99	18.96	17.99	18.59	1585950	41560328.00
2017/11/27	18.71	18.89	18.29	18.37	1123656	29572394.00
2017/11/28	18.42	18.79	18.41	18.69	1210184	31751168.00
2017/11/29	18.64	18.76	18.00	18.30	1536130	39612576.00
2017/11/30	18.28	18.77	18.26	18.63	1624890	42572192.00
2017/12/01	18.66	20.00	18.44	19.54	2805099	76156328.00
2017/12/04	19.16	19.43	18.08	18.12	2521384	66747332.00
2017/12/05	18.07	18.54	16.86	17.06	2393907	59543160.00
2017/12/06	17.09	17.47	16.81	17.40	1615172	39067860.00
2017/12/07	17.24	17.57	17.16	17.28	1152660	28300948.00
2017/12/08	17.21	17.96	17.14	17.58	1493418	37240760.00
2017/12/11	17.58	17.93	17.54	17.85	1146576	28722290.00
2017/12/12	17.86	17.86	17.17	17.26	1369841	33721236.00
2017/12/13	17.25	17.59	17.14	17.52	984222	24201280.00
2017/12/14	17.71	17.89	17.52	17.84	1467736	36755300.00
2017/12/15	17.86	17.89	17.26	17.34	1432000	35312604.00
2017/12/18	17.36	17.61	17.11	17.59	1109388	27259334.00
2017/12/19	17.49	17.67	17.46	17.64	954316	23690492.00
2017/12/20	17.78	18.50	17.78	17.99	2596904	66279120.00
2017/12/21	17.74	17.76	16.91	17.61	1576949	38833432.00
2017/12/22	17.71	17.77	17.36	17.44	1095960	27256656.00
2017/12/25	17.30	17.41	16.63	17.01	1834938	43790764.00
2017/12/26	17.01	18.48	16.79	18.29	3778817	94949120.00
2017/12/27	18.00	18.42	17.78	17.81	2953745	75375272.00
2017/12/28	17.79	18.35	17.56	18.19	2242422	57291796.00
2017/12/29	18.27	18.41	18.14	18.32	1833966	47290592.00
2018/01/02	18.15	19.04	18.15	18.46	2559518	67300192.00
2018/01/03	18.19	18.31	17.94	18.29	1845446	47221956.00
2018/01/04	18.43	18.71	18.13	18.18	1715063	44474416.00
2018/01/05	18.01	18.21	17.89	17.95	1329076	33800200.00
2018/01/08	17.74	17.94	17.52	17.84	1450676	36190624.00
2018/01/09	17.85	18.62	17.80	18.46	3308757	85671640.00
2018/01/10	18.50	19.06	18.29	18.86	4919587	129558296.00
2018/01/11	18.86	19.26	18.36	18.87	4177140	110793512.00
2018/01/12	18.58	18.88	18.49	18.66	2134042	56132776.00
2018/01/15	18.57	19.29	18.11	19.21	4673698	124110240.00
2018/01/16	19.41	21.14	19.04	20.27	7541907	211474256.00
2018/01/17	19.71	20.47	19.36	19.99	5085971	142225328.00
2018/01/18	19.79	20.34	19.61	19.65	2848850	79888936.00
2018/01/19	19.71	19.82	18.91	18.94	3085373	84140056.00
2018/01/22	18.67	18.79	18.34	18.58	2011224	52691752.00
2018/01/23	18.43	18.94	18.43	18.85	1594796	42108992.00
2018/01/24	18.85	19.04	18.58	18.79	1847264	49060540.00
2018/01/25	18.84	19.05	18.52	18.59	1847816	49171304.00
2018/01/26	18.45	18.62	17.78	17.80	2650533	67923760.00
2018/01/29	17.86	17.88	17.24	17.46	1739420	43147004.00
2018/01/30	17.36	17.59	17.33	17.51	925232	22837886.00
2018/01/31	17.51	17.56	16.56	16.71	1674214	40115064.00
2018/02/01	16.66	16.84	15.44	15.61	1792204	40395564.00
2018/02/02	15.61	15.92	14.71	15.66	1080515	23685318.00
2018/02/05	15.43	15.64	15.12	15.40	623100	13582389.00
2018/02/06	15.19	15.19	13.94	13.99	1741100	35650084.00
2018/02/07	14.50	14.93	13.59	14.41	1606664	32627760.00
2018/02/08	14.54	15.17	14.43	14.94	1368513	28860506.00
2018/02/09	14.14	14.71	14.07	14.20	1146959	23253222.00
2018/02/12	14.53	15.06	14.36	14.54	1118200	23295840.00
2018/02/13	14.71	14.93	14.65	14.71	808000	16855756.00
2018/02/14	14.64	14.67	14.36	14.53	663008	13589400.00
2018/02/22	14.54	14.91	14.54	14.82	577700	12064632.00
2018/02/23	14.93	15.05	14.79	14.91	665949	14042804.00
2018/02/26	15.15	15.46	15.09	15.30	1008431	21745104.00
2018/02/27	15.30	16.19	15.20	16.05	2097579	46520760.00
2018/02/28	15.74	15.74	15.41	15.56	1213847	26746894.00
2018/03/01	15.56	15.76	15.29	15.72	828500	18344244.00
2018/03/02	15.59	15.77	15.57	15.65	736200	16292940.00
2018/03/05	15.70	15.91	15.57	15.81	737986	16385160.00
2018/03/06	15.72	16.11	15.72	15.89	998601	22454844.00
2018/03/07	15.86	15.90	15.63	15.66	883289	19579708.00
2018/03/08	15.66	16.18	15.57	16.02	1532398	34482396.00
2018/03/09	16.05	16.36	15.93	16.31	1422900	32511884.00
2018/03/12	16.60	16.60	16.13	16.40	1607000	37059376.00
2018/03/13	16.38	16.38	15.86	15.90	1212700	27643474.00
2018/03/14	15.79	16.03	15.79	15.95	837312	18807954.00
2018/03/15	15.77	15.84	14.83	15.18	1714065	36987232.00
2018/03/16	15.21	15.30	14.91	14.94	851269	18194200.00
2018/03/19	15.18	15.61	14.99	15.56	1243534	27022612.00
2018/03/20	15.79	16.57	15.51	16.15	2405842	54592172.00
2018/03/21	15.91	16.25	15.79	15.86	1679054	37907944.00
2018/03/22	15.89	16.03	15.72	15.86	1133576	25403712.00
2018/03/23	15.26	15.46	14.29	14.32	1955986	41067112.00
2018/03/26	14.14	14.57	13.08	14.50	1041921	20731508.00
2018/03/27	14.85	15.03	14.58	14.79	1152208	24156760.00
2018/03/28	14.51	15.99	14.50	15.21	1803459	38963676.00
2018/03/29	15.07	15.66	15.05	15.47	1600111	34890748.00
2018/03/30	15.49	16.25	15.47	16.22	2736408	61679728.00
2018/04/02	16.17	16.19	15.87	15.93	1872505	42246016.00
2018/04/03	15.61	16.36	15.61	16.31	1945398	43914612.00
2018/04/04	16.29	17.86	16.13	17.16	4433330	105668152.00
2018/04/09	16.79	17.09	16.48	16.95	3192446	75620040.00
2018/04/10	17.14	17.14	16.07	16.32	2558625	59637732.00
2018/04/11	16.36	16.99	16.36	16.61	2325264	54760972.00
2018/04/12	16.61	16.96	16.34	16.41	1825504	42913464.00
2018/04/13	16.49	16.97	16.49	16.68	1712888	40474624.00
2018/04/16	16.69	16.85	15.86	16.22	1608037	37314584.00
2018/04/17	16.12	16.56	15.79	16.00	1301734	29725658.00
2018/04/18	15.97	16.21	15.13	16.08	1474944	32646970.00
2018/04/19	15.94	16.44	15.86	16.22	1367906	31365380.00
2018/04/20	16.02	16.41	15.15	15.32	1488604	33095766.00
2018/04/23	14.98	15.69	14.98	15.32	711400	15492247.00
2018/04/24	15.36	16.70	15.36	16.09	1337597	30269674.00
2018/04/25	16.10	16.45	15.93	16.42	1673289	38341824.00
2018/04/26	16.40	16.41	15.71	15.74	1259490	28571230.00
2018/04/27	15.72	15.95	15.57	15.57	794042	17603518.00
2018/05/02	15.68	15.86	15.09	15.19	668269	14488679.00
2018/05/03	15.18	15.56	15.00	15.51	686316	14880860.00
2018/05/04	15.52	15.68	15.22	15.28	554019	12122702.00
2018/05/07	15.34	15.91	15.29	15.84	1019174	22666366.00
2018/05/08	15.89	16.74	15.89	16.34	2425452	56074340.00
2018/05/09	16.16	16.64	16.07	16.54	2019836	46761140.00
2018/05/10	16.68	16.73	16.31	16.60	1573453	36643920.00
2018/05/11	16.57	16.63	16.16	16.19	1146078	26498522.00
2018/05/14	16.13	16.63	16.07	16.44	1257465	29141798.00
2018/05/15	16.49	16.84	16.30	16.81	2087361	48973488.00
2018/05/16	16.64	16.76	16.21	16.35	1680604	39174752.00
2018/05/17	16.38	17.25	16.34	17.14	3822400	91225776.00
2018/05/18	16.96	17.44	16.86	17.41	3278638	79349336.00
2018/05/21	17.43	17.60	17.19	17.36	3157760	77560168.00
2018/05/22	17.31	17.63	17.09	17.57	2757570	67491696.00
2018/05/23	17.49	18.01	17.29	17.61	4189989	105071880.00
2018/05/24	17.71	17.90	17.54	17.61	1979500	49401972.00
2018/05/25	17.72	17.91	17.36	17.75	2445088	61098440.00
2018/05/28	18.29	18.29	17.39	17.86	3251779	82092584.00
2018/05/29	17.70	17.88	17.04	17.08	2005586	49489164.00
2018/05/30	16.78	17.16	16.09	16.53	1825377	43234152.00
2018/05/31	16.98	18.19	16.96	18.19	9109280	231707648.00
2018/06/01	17.72	17.80	17.07	17.36	6662655	164220560.00
2018/06/04	17.34	18.42	17.34	17.62	5470897	138115200.00
2018/06/05	17.50	18.73	17.23	18.50	7635919	194769040.00
2018/06/06	18.21	18.79	18.14	18.69	6271030	162613696.00
2018/06/07	18.54	18.54	17.86	18.04	3886578	99638768.00
2018/06/08	17.57	18.70	17.57	18.53	5076911	131514152.00
2018/06/11	19.86	20.39	18.96	20.39	13707499	385850304.00
2018/06/12	19.86	22.00	19.77	21.26	10393828	308989184.00
2018/06/13	20.89	21.77	20.59	21.09	5313235	157689392.00
2018/06/14	20.61	21.25	20.19	20.33	4039382	117374184.00
2018/06/15	20.57	22.34	20.29	21.89	6626757	199727392.00
2018/06/19	21.29	21.42	19.69	19.96	4704354	135601760.00
2018/06/20	19.26	20.41	18.94	19.31	5300169	146266448.00
2018/06/21	19.36	19.49	17.37	17.37	5794284	146582096.00
2018/06/22	15.64	16.24	15.62	15.63	8301369	183943056.00
2018/06/25	15.62	16.14	15.51	15.67	3887584	61511760.00
2018/06/26	14.90	15.55	14.20	15.52	6035543	90445776.00
2018/06/27	15.51	16.36	15.10	16.12	7672560	121069912.00
2018/06/28	15.83	16.16	14.67	14.82	6294255	97833720.00
2018/06/29	14.60	15.25	14.60	15.08	5002161	75021888.00
2018/07/02	15.24	15.38	14.11	14.51	5428220	80523784.00
2018/07/03	14.50	14.99	14.33	14.94	4769660	70075776.00
2018/07/04	14.92	14.97	14.03	14.22	4294721	62225840.00
2018/07/05	14.30	14.47	13.31	13.36	4439554	61720652.00
2018/07/06	13.42	13.66	12.91	13.49	4304267	57727080.00
2018/07/09	13.50	13.88	13.50	13.86	3397301	46631136.00
2018/07/10	13.85	14.18	13.80	14.14	3735074	52309788.00
2018/07/11	13.88	13.88	13.00	13.50	3875499	52360008.00
2018/07/12	13.40	14.77	13.35	14.52	6593916	93604864.00
2018/07/13	14.50	14.76	14.12	14.36	5038391	72669024.00
2018/07/16	14.30	14.59	14.20	14.43	2956127	42596180.00
2018/07/17	14.50	14.51	14.08	14.34	2775840	39489596.00
2018/07/18	14.40	14.45	14.10	14.13	2247936	32146136.00
2018/07/19	14.14	14.28	13.62	13.98	2458605	34401868.00
2018/07/20	14.15	14.25	13.89	14.14	2176026	30694766.00
2018/07/23	14.00	14.40	13.72	14.35	2965346	41989552.00
2018/07/24	14.38	15.20	14.20	14.74	5570121	81809280.00
2018/07/25	14.77	14.85	14.35	14.48	3526397	51372796.00
2018/07/26	14.55	14.55	13.98	14.01	2596553	36830544.00
2018/07/27	13.98	14.15	13.92	14.01	1788582	25108404.00
2018/07/30	14.15	15.41	14.05	15.41	8885082	133028528.00
2018/07/31	15.41	16.28	15.06	15.27	12823361	200781056.00
2018/08/01	14.71	15.27	14.71	14.84	6417738	95484816.00
2018/08/02	14.40	14.65	13.47	14.22	5977360	83816344.00
2018/08/03	14.06	14.08	13.50	13.52	3517160	48537692.00
2018/08/06	13.31	13.51	12.60	12.62	3419940	44538096.00
2018/08/07	12.51	13.49	12.47	13.26	3511937	45763548.00
2018/08/08	13.37	13.84	12.90	13.03	3893340	52324888.00
2018/08/09	12.74	13.47	12.74	13.26	3205824	42290724.00
2018/08/10	13.20	13.68	13.04	13.55	3793954	50827568.00
2018/08/13	13.33	13.53	12.84	13.46	2590235	34286520.00
2018/08/14	13.41	13.75	13.23	13.61	2982377	40320900.00
2018/08/15	13.60	13.69	13.09	13.14	2027660	27069584.00
2018/08/16	12.95	13.35	12.66	12.99	1850731	24190076.00
2018/08/17	13.15	13.27	12.68	12.86	2048051	26664784.00
2018/08/20	12.72	13.04	12.50	13.03	1575131	20192500.00
2018/08/21	13.05	13.17	12.87	13.11	1744387	22793998.00
2018/08/22	13.00	13.06	12.71	12.73	1380006	17773164.00
2018/08/23	12.60	13.50	12.50	12.91	1842318	23961536.00
2018/08/24	12.81	12.88	12.65	12.68	1479409	18834810.00
2018/08/27	12.68	12.93	12.65	12.87	1701253	21808338.00
2018/08/28	12.83	12.96	12.82	12.93	1362846	17566962.00
2018/08/29	12.85	12.97	12.65	12.68	1360110	17317378.00
2018/08/30	12.74	12.74	12.00	12.00	1867740	23028136.00
2018/08/31	12.04	12.15	11.75	11.75	1603180	19083868.00
2018/09/03	11.78	11.83	11.20	11.40	1619213	18459416.00
2018/09/04	11.38	11.64	11.21	11.52	1257192	14437107.00
2018/09/05	11.50	11.60	11.26	11.33	1289533	14771121.00
2018/09/06	11.36	11.42	11.17	11.21	1125000	12711966.00
2018/09/07	11.25	11.45	11.00	11.13	2003088	22479876.00
2018/09/10	11.12	11.28	10.80	10.85	1198641	13285671.00
2018/09/11	10.91	11.01	10.69	10.95	1506280	16396717.00
2018/09/12	10.99	11.20	10.70	10.96	1933620	21066348.00
2018/09/13	11.00	11.11	10.89	11.09	1462446	16133334.00
2018/09/14	11.03	11.14	10.78	10.81	1338686	14640384.00
2018/09/17	10.73	10.83	10.21	10.29	1264180	13286466.00
2018/09/18	10.29	10.81	10.29	10.74	2192541	23227948.00
2018/09/19	10.92	10.93	10.71	10.80	1994960	21590972.00
2018/09/20	10.76	10.88	10.72	10.82	1221583	13202551.00
2018/09/21	10.79	11.22	10.79	10.90	2298690	25265480.00
2018/09/25	10.81	11.07	10.72	11.02	1722680	18800164.00
2018/09/26	11.02	11.02	10.82	10.91	1482195	16160597.00
2018/09/27	10.94	10.98	10.42	10.50	1607831	17187340.00
2018/09/28	10.50	10.74	10.50	10.66	999902	10639064.00
2018/10/08	10.65	10.65	10.05	10.19	1474465	15350507.00
2018/10/09	10.19	10.53	10.19	10.34	1315403	13665923.00
2018/10/10	10.57	11.37	10.41	10.94	3342766	36293412.00
2018/10/11	10.36	10.78	9.85	9.98	3409541	34980464.00
2018/10/12	9.75	9.99	9.12	9.75	2682062	25794488.00
2018/10/15	9.79	10.06	9.73	9.78	1715120	16916944.00
2018/10/16	9.73	9.91	9.38	9.48	1871680	17971256.00
2018/10/17	9.59	9.74	9.40	9.68	1667800	16026246.00
2018/10/18	9.55	10.29	9.43	9.99	4322437	43035048.00
2018/10/19	9.81	10.17	9.45	10.16	3464156	34173812.00
2018/10/22	10.10	10.64	10.10	10.55	4139133	43017960.00
2018/10/23	10.55	10.58	10.16	10.35	3097367	32051864.00
2018/10/24	10.30	10.55	10.18	10.55	2386816	24781702.00
2018/10/25	10.24	10.55	10.10	10.37	1912940	19639940.00
2018/10/26	10.39	10.56	10.33	10.41	1434120	14962296.00
2018/10/29	10.45	10.45	10.15	10.21	1049700	10798242.00
2018/10/30	10.25	10.50	9.91	10.38	1843717	18907436.00
2018/10/31	10.38	10.80	10.36	10.51	2867857	30465926.00
2018/11/01	10.46	10.69	10.44	10.49	2469260	26086628.00
2018/11/02	10.55	10.77	10.55	10.72	2360048	25153332.00
2018/11/05	10.71	10.85	10.56	10.75	2523259	27005472.00
2018/11/06	10.71	10.76	10.42	10.64	1675940	17704188.00
2018/11/07	10.78	11.08	10.56	10.70	3054127	33020924.00
2018/11/08	10.71	10.99	10.61	10.63	2312480	24808396.00
2018/11/09	10.52	10.65	10.42	10.49	1493020	15692086.00
2018/11/12	10.58	10.78	10.31	10.78	1810426	19314072.00
2018/11/13	10.75	11.60	10.63	11.28	5615633	62755600.00
2018/11/14	11.17	11.58	11.11	11.57	5501819	62981848.00
2018/11/15	11.70	11.98	11.51	11.65	4619422	53876448.00
2018/11/16	11.65	11.65	11.44	11.52	3780768	43619244.00
2018/11/19	11.52	11.78	11.48	11.69	2845728	33099630.00
2018/11/20	11.50	11.57	11.20	11.34	2267652	25833544.00
2018/11/21	11.11	11.76	11.11	11.62	3405013	39220620.00
2018/11/22	11.59	11.60	11.38	11.48	1817826	20894748.00
2018/11/23	11.48	11.50	10.60	10.64	2627619	28792396.00
2018/11/26	10.45	10.75	10.43	10.51	1150300	12124811.00
2018/11/27	10.51	10.65	10.49	10.64	1173555	12403252.00
2018/11/28	10.55	10.95	10.38	10.89	1594817	17074256.00
2018/11/29	10.89	11.04	10.53	10.54	1651260	17801816.00
2018/11/30	10.53	10.66	10.22	10.59	1011260	10623771.00
2018/12/03	10.81	11.03	10.74	10.91	1619421	17646140.00
2018/12/04	10.99	11.11	10.92	11.01	1386520	15259130.00
2018/12/05	10.82	11.01	10.71	10.94	1039607	11317325.00
2018/12/06	10.81	10.98	10.70	10.71	870467	9404899.00
2018/12/07	10.78	11.62	10.76	11.55	5899276	66834952.00
2018/12/10	11.22	11.31	11.09	11.17	3462226	38701016.00
2018/12/11	11.17	11.21	10.97	11.03	2285376	25260414.00
2018/12/12	11.08	11.23	11.01	11.17	2053150	22843014.00
2018/12/13	11.09	11.98	10.98	11.64	7210663	83235216.00
2018/12/14	11.50	11.68	11.15	11.20	5040533	57489384.00
2018/12/17	11.06	11.47	11.05	11.38	3070060	34709800.00
2018/12/18	11.28	11.37	10.50	10.66	3979453	43310312.00
2018/12/19	10.74	10.78	10.46	10.46	1883880	20005578.00
2018/12/20	10.40	10.70	10.39	10.61	2362860	24960804.00
2018/12/21	10.59	10.71	10.48	10.59	1224860	12974113.00
2018/12/24	10.59	10.78	10.50	10.73	2003160	21292238.00
2018/12/25	10.60	10.60	10.03	10.41	3080780	31666812.00
2018/12/26	10.50	10.72	10.33	10.63	2847413	30102824.00
2018/12/27	10.90	10.90	10.51	10.59	2971960	31724932.00
2018/12/28	10.66	10.88	10.36	10.43	1835480	19330856.00
2019/01/02	10.37	10.60	10.25	10.54	1955040	20373118.00
2019/01/03	10.48	10.61	10.36	10.41	1090593	11442215.00
数据来源:通达信
