002820 桂发祥 日线 前复权
      日期	    开盘	    最高	    最低	    收盘	    成交量	    成交额
2016/11/18	12.11	14.59	12.11	14.59	15100	359497.00
2016/11/21	16.09	16.09	16.09	16.09	6344	166783.77
2016/11/22	17.73	17.73	17.73	17.73	4200	121464.00
2016/11/23	19.54	19.54	19.54	19.54	6500	206765.00
2016/11/24	21.53	21.53	21.53	21.53	7200	251928.00
2016/11/25	23.71	23.71	23.71	23.71	18372	707138.25
2016/11/28	26.12	26.12	26.12	26.12	20473	866826.81
2016/11/29	28.76	28.76	28.76	28.76	41382	1927159.75
2016/11/30	31.68	31.68	31.68	31.68	79500	4072785.00
2016/12/01	34.88	34.88	34.88	34.88	147264	8298326.50
2016/12/02	38.40	38.40	38.40	38.40	179124	11103897.00
2016/12/05	42.28	42.28	39.35	40.53	18831283	1248085376.00
2016/12/06	38.41	40.14	37.16	39.48	12378879	773097856.00
2016/12/07	38.91	39.28	37.57	38.35	9949430	616776448.00
2016/12/08	38.52	41.02	38.52	38.99	12433000	797141376.00
2016/12/09	37.80	37.95	35.92	35.99	10513083	622855680.00
2016/12/12	35.24	35.58	32.36	32.36	8560804	463368352.00
2016/12/13	31.78	33.49	30.91	32.66	7144650	373167008.00
2016/12/14	32.08	32.62	31.09	31.14	5364242	275953376.00
2016/12/15	30.78	32.06	30.68	31.23	4742355	241212144.00
2016/12/16	31.25	34.24	30.94	33.38	7611108	398922912.00
2016/12/19	32.72	36.64	31.84	35.90	12702128	712732288.00
2016/12/20	34.41	35.25	33.08	33.63	10148528	561252288.00
2016/12/21	33.07	33.84	32.53	33.19	5433031	290370720.00
2016/12/22	33.15	33.15	31.83	31.84	5070365	264861920.00
2016/12/23	31.54	32.14	29.72	30.00	5501929	275304512.00
2016/12/26	29.50	30.88	29.04	30.65	3747005	182709760.00
2016/12/27	30.41	30.81	30.13	30.38	2649705	130451672.00
2016/12/28	30.19	30.87	30.07	30.11	2461498	121388976.00
2016/12/29	29.66	30.39	29.41	29.56	2479680	119846768.00
2016/12/30	29.59	30.89	29.42	30.32	3821664	186899760.00
2017/01/03	30.30	30.84	30.16	30.50	2944866	145221104.00
2017/01/04	30.33	30.59	30.18	30.29	2679388	131563296.00
2017/01/05	30.29	31.15	30.29	30.44	3957239	196817808.00
2017/01/06	30.26	30.26	27.48	27.58	6186101	286790496.00
2017/01/09	27.08	27.47	26.89	27.14	2516296	110640792.00
2017/01/10	27.31	27.84	27.03	27.07	2363700	105016392.00
2017/01/11	26.86	27.45	26.53	26.53	2139223	93215816.00
2017/01/12	26.42	26.79	25.84	25.84	2673972	113615976.00
2017/01/13	25.83	25.95	24.10	24.42	3258502	131063504.00
2017/01/16	24.21	24.53	21.97	22.81	3356060	127000256.00
2017/01/17	22.66	24.22	22.08	23.73	3794302	143454464.00
2017/01/18	23.47	23.53	22.73	22.74	2097882	78920664.00
2017/01/19	22.24	23.73	22.20	22.97	2580262	96711160.00
2017/01/20	22.78	24.03	22.75	23.74	2810061	107739032.00
2017/01/23	23.65	24.26	23.65	23.81	2115788	82146248.00
2017/01/24	23.79	24.50	23.42	23.56	2122519	82117448.00
2017/01/25	23.57	24.03	23.23	23.88	1678555	64766172.00
2017/01/26	23.89	24.07	23.52	23.85	1399592	54117904.00
2017/02/03	23.94	25.53	23.43	24.48	2511574	98896472.00
2017/02/06	24.46	25.40	24.46	25.32	3460163	140700352.00
2017/02/07	25.29	25.30	24.48	24.81	2424730	97758200.00
2017/02/08	24.72	25.44	24.53	25.19	2642414	107612216.00
2017/02/09	25.27	25.62	24.98	25.46	3839381	157578912.00
2017/02/10	25.28	25.71	25.12	25.38	3534165	145794912.00
2017/02/13	24.98	26.13	24.98	25.86	3021754	125966440.00
2017/02/14	25.79	27.07	25.64	26.78	5175159	221605968.00
2017/02/15	26.53	27.75	26.23	26.38	6559407	286374016.00
2017/02/16	26.22	29.06	25.66	29.06	11723609	525677152.00
2017/02/17	29.06	30.63	28.86	29.09	13396338	640667840.00
2017/02/20	27.33	28.21	26.59	26.88	6617594	290924768.00
2017/02/21	26.89	27.66	26.89	27.11	4264463	187405792.00
2017/02/22	27.11	27.34	26.58	26.93	3937695	172200688.00
2017/02/23	26.80	27.09	26.07	26.89	4178795	180014368.00
2017/02/24	26.72	27.70	26.53	27.38	4530039	199702272.00
2017/02/27	27.32	27.32	26.47	26.56	3494278	152123520.00
2017/02/28	26.36	27.04	26.36	26.98	2555459	110984504.00
2017/03/01	26.96	27.39	26.75	27.16	3600394	157720688.00
2017/03/02	27.23	28.13	27.05	27.73	5381193	240216800.00
2017/03/03	27.50	28.41	26.69	28.21	6477568	290206720.00
2017/03/06	28.21	31.07	27.91	31.07	11845879	577465728.00
2017/03/07	31.53	33.09	30.68	30.75	16821901	870287872.00
2017/03/08	30.34	33.71	30.34	32.71	14461450	745596224.00
2017/03/09	32.26	35.28	31.79	34.84	12284198	660619840.00
2017/03/10	33.33	36.51	33.09	35.17	15565043	863994304.00
2017/03/13	34.46	35.69	33.73	34.52	6597022	369254976.00
2017/03/14	34.72	37.52	34.53	37.38	11878781	697378176.00
2017/03/15	36.60	40.84	36.60	40.28	13410620	844502336.00
2017/03/16	39.16	40.28	36.22	36.22	22362603	1339675392.00
2017/03/17	32.91	34.03	32.56	32.56	13934619	745289216.00
2017/03/20	32.16	32.77	31.36	32.36	6572364	341154560.00
2017/03/21	32.08	32.53	31.96	32.34	5201724	271339456.00
2017/03/22	32.16	34.02	32.03	33.89	10907307	590356928.00
2017/03/23	33.63	33.94	30.89	32.28	8619483	457506752.00
2017/03/24	32.26	32.26	31.35	31.59	5284361	271067200.00
2017/03/27	31.67	32.08	31.40	31.86	3888975	200086720.00
2017/03/28	31.96	31.97	30.79	30.81	3700902	187160960.00
2017/03/29	30.73	31.09	28.77	29.19	4360130	209303792.00
2017/03/30	28.89	28.89	27.77	28.24	4245221	194401936.00
2017/03/31	27.89	29.14	27.89	28.33	3459153	160014976.00
2017/04/05	27.84	29.15	27.84	29.04	3333015	154860192.00
2017/04/06	29.05	30.15	28.89	29.46	4083159	195941728.00
2017/04/07	29.43	29.43	28.41	28.62	2914159	135832272.00
2017/04/10	28.53	28.53	25.73	25.73	4620572	199923456.00
2017/04/11	25.66	26.31	25.31	26.23	2801873	117863576.00
2017/04/12	26.09	26.22	25.29	25.29	1941402	80949872.00
2017/04/13	25.34	25.91	25.31	25.43	1417103	58884072.00
2017/04/14	25.28	25.28	24.03	24.09	2969679	117134136.00
2017/04/17	24.03	24.03	22.64	22.71	2458194	91833840.00
2017/04/18	22.84	23.19	22.57	22.66	1560205	58039820.00
2017/04/19	22.66	23.63	22.66	23.62	3433474	128995864.00
2017/04/20	23.51	23.75	23.18	23.63	2559900	97377448.00
2017/04/21	23.59	24.07	23.30	23.86	2515987	97355792.00
2017/04/24	23.54	23.72	22.78	23.49	1926024	72744536.00
2017/04/25	23.64	24.34	23.64	23.82	2238844	87159088.00
2017/04/26	23.83	25.28	23.83	24.87	3543361	141576432.00
2017/04/27	24.91	25.40	24.19	25.22	3723673	150244736.00
2017/04/28	25.21	25.39	24.84	25.13	1749100	71133608.00
2017/05/02	24.97	25.41	24.76	24.88	1760800	71563600.00
2017/05/03	24.70	24.97	24.05	24.56	2098004	83321672.00
2017/05/18	22.79	24.02	22.79	23.36	2287462	87349600.00
2017/05/19	23.33	23.57	23.01	23.01	1350922	51025800.00
2017/05/22	23.04	23.21	20.67	20.81	3185610	112470312.00
2017/05/23	20.70	20.70	19.38	19.41	2559138	83323216.00
2017/05/24	19.13	20.01	18.64	19.91	1823306	57847856.00
2017/05/25	19.83	20.15	19.37	19.91	1447201	46285660.00
2017/05/26	19.91	20.50	19.84	20.24	1361700	44430552.00
2017/05/31	20.76	21.25	20.25	20.30	2095702	70643488.00
2017/06/01	20.31	20.31	19.09	19.22	1533220	48650832.00
2017/06/02	18.94	20.01	18.94	20.00	1692522	53676556.00
2017/06/05	20.25	20.43	20.04	20.30	1365700	44685864.00
2017/06/06	20.21	20.56	20.06	20.44	1159500	38010376.00
2017/06/07	20.41	21.19	20.31	21.05	2133324	71922288.00
2017/06/08	21.00	21.38	20.78	20.98	2100597	71510416.00
2017/06/09	20.86	20.98	20.37	20.83	1599927	53442548.00
2017/06/12	20.66	20.70	19.81	19.87	1524000	49683408.00
2017/06/13	19.86	21.24	19.81	21.05	2656797	89235880.00
2017/06/14	21.06	22.16	20.89	21.68	3749923	129890496.00
2017/06/15	21.45	22.28	21.39	22.05	3250622	115185152.00
2017/06/16	22.05	22.23	21.48	21.57	2399836	84271152.00
2017/06/19	21.53	21.86	21.37	21.70	1133126	39582652.00
2017/06/20	21.81	21.85	21.24	21.26	1657482	57583448.00
2017/06/21	21.26	21.56	20.75	21.07	1444271	49304016.00
2017/06/22	21.08	21.14	20.23	20.31	1552872	52176516.00
2017/06/23	20.39	20.71	19.94	20.49	1445112	47386440.00
2017/06/26	20.50	20.69	20.22	20.61	1146901	37981576.00
2017/06/27	20.64	20.98	20.53	20.68	1188383	39795040.00
2017/06/28	20.68	20.75	20.25	20.34	923630	30390474.00
2017/06/29	20.29	20.66	20.29	20.56	1017700	33794488.00
2017/06/30	20.47	21.19	20.44	21.06	1682773	56809656.00
2017/07/03	21.04	21.63	20.90	21.63	2123545	73235992.00
2017/07/04	21.63	21.93	21.34	21.48	1988874	69339968.00
2017/07/05	21.34	21.84	21.25	21.79	1814970	63518412.00
2017/07/06	21.81	21.93	21.28	21.50	2019788	70284576.00
2017/07/07	21.49	22.19	21.49	22.10	2847571	101035296.00
2017/07/10	21.88	21.88	21.31	21.38	1939314	67485296.00
2017/07/11	21.47	21.50	20.85	20.86	1267116	43311984.00
2017/07/12	20.99	20.99	20.25	20.99	1572916	52301784.00
2017/07/13	20.94	20.99	20.56	20.63	836400	27980366.00
2017/07/14	20.77	20.77	20.16	20.29	1045144	34468692.00
2017/07/17	20.13	20.23	18.24	18.26	2183200	66407416.00
2017/07/18	17.88	18.61	17.88	18.46	1020031	30206410.00
2017/07/19	18.38	18.67	18.26	18.65	987794	29456258.00
2017/07/20	18.61	18.94	18.47	18.53	1038900	31386108.00
2017/07/21	18.51	18.72	18.26	18.38	904600	26909664.00
2017/07/24	18.25	18.82	18.07	18.81	1151183	34306888.00
2017/07/25	18.79	18.88	18.58	18.81	788300	23883908.00
2017/07/26	18.74	18.86	18.63	18.71	654758	19804712.00
2017/07/27	18.78	19.34	18.62	19.23	1211956	37381548.00
2017/07/28	19.22	19.28	18.98	19.04	696402	21457468.00
2017/07/31	19.04	19.33	18.98	19.07	776674	24040020.00
2017/08/01	19.07	19.07	18.81	18.95	816738	24961650.00
2017/08/02	19.01	19.01	18.63	18.67	717167	21795762.00
2017/08/03	18.63	19.34	18.56	18.89	1020645	31382836.00
2017/08/04	18.91	19.06	18.69	18.69	513903	15587240.00
2017/08/07	18.78	18.93	18.72	18.78	337767	10265604.00
2017/08/08	18.78	18.94	18.59	18.84	651373	19756964.00
2017/08/09	18.84	19.09	18.63	19.08	836423	25627562.00
2017/08/10	19.06	19.16	18.69	18.77	734021	22384224.00
2017/08/11	18.69	18.74	18.46	18.51	720099	21650088.00
2017/08/14	18.38	18.83	18.38	18.77	578627	17492448.00
2017/08/15	18.80	18.94	18.71	18.93	646801	19684492.00
2017/08/16	18.76	19.18	18.76	19.12	1101201	33912156.00
2017/08/17	19.06	19.19	18.92	19.06	820311	25255078.00
2017/08/18	18.97	18.97	18.68	18.70	1256370	38074576.00
2017/08/21	18.78	19.49	18.76	19.46	1886214	58592696.00
2017/08/22	19.31	19.50	19.16	19.28	1099533	34256376.00
2017/08/23	19.16	19.34	19.01	19.25	777100	24144792.00
2017/08/24	19.24	19.51	19.00	19.03	986227	30686062.00
2017/08/25	18.91	19.39	18.91	19.32	1007005	31292110.00
2017/08/28	19.40	19.92	19.32	19.69	1759846	55918396.00
2017/08/29	19.81	20.16	19.68	19.81	2188079	70163176.00
2017/08/30	19.69	20.13	19.55	19.95	1899556	60904560.00
2017/08/31	19.91	21.04	19.81	20.57	2990798	98681016.00
2017/09/01	20.46	20.63	20.14	20.24	1867401	61181720.00
2017/09/04	20.13	20.29	19.94	19.99	1237858	40089244.00
2017/09/05	19.99	20.16	19.91	20.04	1046158	33833908.00
2017/09/06	20.03	20.03	19.66	19.78	1073202	34263948.00
2017/09/07	19.82	20.03	19.77	19.85	1055101	33928764.00
2017/09/08	19.78	20.04	19.63	19.99	1134428	36327948.00
2017/09/11	20.00	20.28	19.94	20.27	1430111	46515780.00
2017/09/12	20.26	20.58	19.96	20.22	2275008	74375536.00
2017/09/13	20.09	20.42	19.95	20.36	1692999	55392872.00
2017/09/14	20.36	20.63	20.13	20.60	2029600	67016968.00
2017/09/15	20.46	20.62	20.13	20.18	1545900	50756740.00
2017/09/18	20.14	20.23	19.94	20.19	1020700	33138928.00
2017/09/19	20.19	20.40	20.02	20.14	1187501	38693264.00
2017/09/20	20.24	20.35	20.02	20.24	1149745	37461628.00
2017/09/21	20.16	20.34	19.83	19.87	1229441	39956316.00
2017/09/22	19.81	19.91	19.58	19.68	1019800	32471532.00
2017/09/25	19.68	19.76	19.19	19.24	743100	23452252.00
2017/09/26	19.00	19.23	18.63	18.76	1194001	36326784.00
2017/09/27	18.69	19.13	18.69	19.08	785345	24067338.00
2017/09/28	19.06	19.49	18.94	19.41	1295337	40226576.00
2017/09/29	19.32	19.74	19.24	19.46	1176000	37084916.00
2017/10/09	19.70	20.11	19.39	19.94	1711294	54548200.00
2017/10/10	19.85	20.43	19.75	20.16	1433170	46405940.00
2017/10/11	20.15	20.28	19.97	20.00	996300	32334642.00
2017/10/12	19.97	20.38	19.82	20.21	1082806	35074908.00
2017/10/13	20.19	22.23	20.09	20.88	4508167	152732016.00
2017/10/16	21.05	21.05	19.89	19.91	2887374	95485632.00
2017/10/17	19.73	20.99	19.19	20.44	2992659	98063464.00
2017/10/18	20.20	20.38	19.56	19.57	2003256	64721604.00
2017/10/19	19.59	19.81	19.04	19.09	1280700	40151264.00
2017/10/20	19.11	19.36	18.93	19.34	725600	22512650.00
2017/10/23	19.31	19.48	19.22	19.39	551800	17280472.00
2017/10/24	19.19	19.69	19.14	19.45	860800	26952552.00
2017/10/25	19.33	19.67	19.33	19.66	866739	27396608.00
2017/10/26	19.67	20.11	19.58	19.91	1299212	41829396.00
2017/10/27	20.01	20.01	19.67	19.69	871499	27822318.00
2017/10/30	19.72	19.72	18.63	18.81	1091200	33503412.00
2017/10/31	18.82	19.13	18.82	19.04	576242	17677518.00
2017/11/01	19.04	19.29	18.96	19.11	573141	17731108.00
2017/11/02	19.16	19.16	18.69	18.69	819441	24898368.00
2017/11/03	18.63	18.84	18.49	18.56	665500	20040404.00
2017/11/06	18.79	18.88	18.58	18.83	525200	15902080.00
2017/11/07	18.88	18.89	18.63	18.76	648341	19593734.00
2017/11/08	18.76	18.91	18.70	18.75	799501	24320842.00
2017/11/09	18.69	18.91	18.68	18.88	663077	20176432.00
2017/11/10	18.94	19.96	18.76	19.88	1966912	61144508.00
2017/11/13	19.61	19.89	19.35	19.50	1904881	60409708.00
2017/11/14	19.63	19.63	19.00	19.19	1340871	41642752.00
2017/11/15	19.06	19.46	19.06	19.28	1002842	31255180.00
2017/11/16	19.18	19.27	18.63	18.65	1056004	32304918.00
2017/11/17	18.24	18.24	16.77	16.79	2835200	78667664.00
2017/11/20	16.81	16.86	16.08	16.84	982114	26266992.00
2017/11/21	16.71	16.93	16.48	16.58	644202	17405022.00
2017/11/22	16.65	16.75	16.44	16.54	548502	14742519.00
2017/11/23	16.61	16.66	16.28	16.30	600100	15947662.00
2017/11/24	16.30	16.51	16.28	16.38	329285	8738639.00
2017/11/27	16.38	16.43	16.25	16.28	335600	8875670.00
2017/11/28	16.28	16.53	16.28	16.44	243300	6465431.00
2017/11/29	16.44	16.53	15.61	16.31	383400	10137467.00
2017/11/30	16.31	16.41	16.19	16.19	329393	8680363.00
2017/12/01	16.14	16.34	16.14	16.30	361100	9514929.00
2017/12/04	16.30	16.30	15.73	15.78	585600	15143866.00
2017/12/05	15.78	15.89	14.58	14.81	884400	21770556.00
2017/12/06	14.80	15.06	14.72	15.03	584572	14073616.00
2017/12/07	15.02	15.02	14.81	14.98	426274	10307732.00
2017/12/08	14.95	15.54	14.95	15.22	678900	16788324.00
2017/12/11	15.18	15.36	15.10	15.33	399472	9866824.00
2017/12/12	15.75	16.35	15.53	15.55	1205372	31030800.00
2017/12/13	15.13	15.53	15.13	15.46	660600	16432803.00
2017/12/14	15.36	15.74	15.34	15.64	766701	19398808.00
2017/12/15	15.59	15.59	15.39	15.44	441600	11075161.00
2017/12/18	15.56	15.57	15.25	15.34	312941	7763949.50
2017/12/19	15.37	15.48	15.32	15.41	259400	6470649.00
2017/12/20	15.37	15.47	15.01	15.06	397472	9779710.00
2017/12/21	15.06	15.34	14.68	15.24	898600	21881784.00
2017/12/22	15.13	15.90	15.03	15.60	1137372	28485904.00
2017/12/25	15.45	15.61	15.26	15.30	679975	16946610.00
2017/12/26	15.30	15.81	15.19	15.73	1240758	31367720.00
2017/12/27	15.74	16.06	15.66	15.76	1149876	29537996.00
2017/12/28	15.66	16.69	15.66	15.99	1384568	36148616.00
2017/12/29	15.89	16.02	15.76	15.99	600000	15423416.00
2018/01/02	16.01	16.01	15.79	15.92	503772	12978852.00
2018/01/03	16.03	16.03	15.79	15.91	606000	15592872.00
2018/01/04	15.90	15.98	15.76	15.88	500672	12863793.00
2018/01/05	15.85	15.93	15.81	15.84	354000	9085788.00
2018/01/08	15.78	15.90	15.75	15.87	413673	10604623.00
2018/01/09	15.87	16.03	15.78	15.98	593793	15302745.00
2018/01/10	15.94	15.94	15.40	15.53	697073	17691674.00
2018/01/11	15.58	15.78	15.44	15.73	433700	10975910.00
2018/01/12	15.69	15.86	15.58	15.75	395371	10067370.00
2018/01/15	15.63	15.63	14.81	15.07	604424	14925989.00
2018/01/16	15.09	15.28	14.96	15.19	391534	9615594.00
2018/01/17	15.18	15.30	14.88	15.23	598700	14616072.00
2018/01/18	15.29	15.29	15.08	15.18	325401	8015458.50
2018/01/19	15.25	15.53	15.16	15.36	681601	16926838.00
2018/01/22	15.29	16.05	15.13	15.98	1835435	46847424.00
2018/01/23	15.64	15.92	15.64	15.69	948591	24197046.00
2018/01/24	15.69	15.86	15.56	15.81	707273	18040494.00
2018/01/25	15.81	16.03	15.61	15.63	733600	18799674.00
2018/01/26	15.59	15.69	15.37	15.42	548086	13783270.00
2018/01/29	15.36	15.49	15.14	15.18	509801	12616326.00
2018/01/30	15.16	15.19	15.05	15.16	352201	8638437.00
2018/01/31	15.16	16.10	15.01	15.25	1083086	27027344.00
2018/02/01	15.13	15.13	14.16	14.18	982311	23294706.00
2018/02/02	14.18	14.25	13.74	14.21	449100	10261526.00
2018/02/05	13.93	14.31	13.88	14.19	295400	6738593.00
2018/02/06	14.03	14.03	12.94	12.99	734800	16232186.00
2018/02/07	13.31	13.56	12.79	13.06	368027	7839053.00
2018/02/08	13.13	13.36	13.07	13.23	318343	6832763.00
2018/02/09	13.04	13.04	12.59	12.73	462100	9636435.00
2018/02/12	12.76	13.13	12.76	13.11	328402	6942324.00
2018/02/13	13.15	13.24	13.06	13.06	293500	6258638.00
2018/02/14	13.06	13.09	12.95	13.02	238201	5032448.00
2018/02/22	13.17	13.24	13.08	13.19	276301	5905624.50
2018/02/23	13.22	13.25	13.14	13.19	266870	5712492.50
2018/02/26	13.28	13.61	13.28	13.55	510824	11153496.00
2018/02/27	13.57	13.64	13.48	13.61	429600	9452140.00
2018/02/28	13.61	13.61	13.34	13.54	259570	5689205.00
2018/03/01	14.91	14.91	14.91	14.91	567751	13716864.00
2018/03/02	15.56	15.66	14.94	15.01	3499037	87026296.00
2018/03/05	14.82	14.98	14.41	14.57	1681413	39737928.00
2018/03/06	14.65	14.76	14.44	14.70	1293301	30648980.00
2018/03/07	14.64	15.30	14.58	15.21	2135137	51898940.00
2018/03/08	15.06	15.40	15.01	15.30	1525044	37508512.00
2018/03/09	15.31	15.34	15.13	15.31	1297243	32042638.00
2018/03/12	15.38	15.73	15.30	15.32	1449301	36201128.00
2018/03/13	15.22	15.30	14.91	15.08	896000	21990384.00
2018/03/14	14.98	15.18	14.83	14.88	724725	17626200.00
2018/03/15	14.74	14.88	14.44	14.68	661414	15726541.00
2018/03/16	14.68	15.31	14.68	15.19	1207903	29608114.00
2018/03/19	15.16	15.63	15.04	15.61	1573999	39235068.00
2018/03/20	15.35	15.43	14.94	15.18	1336240	32782754.00
2018/03/21	15.06	15.28	14.80	14.88	973400	23855932.00
2018/03/22	14.91	15.08	14.74	14.94	717714	17352476.00
2018/03/23	14.62	14.83	13.61	13.74	1335300	30916870.00
2018/03/26	13.69	14.00	13.25	13.92	704600	15570878.00
2018/03/27	14.08	14.38	14.07	14.21	1061500	24447494.00
2018/03/28	14.06	14.38	13.94	14.08	729300	16777460.00
2018/03/29	14.14	14.44	14.14	14.39	731700	17017434.00
2018/03/30	14.31	14.81	14.31	14.68	825699	19595204.00
2018/04/02	14.64	15.02	14.63	14.63	846900	20302136.00
2018/04/03	14.51	14.51	14.21	14.41	668400	15576287.00
2018/04/04	14.50	14.91	14.50	14.69	1005441	24019910.00
2018/04/09	14.69	15.04	14.51	15.04	1225471	29536424.00
2018/04/10	15.08	15.17	14.73	14.99	992773	23966174.00
2018/04/11	14.98	15.48	14.98	15.44	2129741	52677696.00
2018/04/12	15.40	15.40	15.09	15.31	1657169	40922328.00
2018/04/13	15.43	15.43	15.03	15.25	895700	22083740.00
2018/04/16	15.33	15.33	14.84	15.13	863690	21046354.00
2018/04/17	15.10	15.20	14.86	14.95	847200	20627000.00
2018/04/18	15.00	15.00	14.24	14.93	820000	19517184.00
2018/04/19	15.03	15.03	14.69	14.78	1059390	25370886.00
2018/04/20	14.78	14.78	13.88	13.95	1309490	30245926.00
2018/04/23	14.06	14.24	13.94	14.04	627841	14327715.00
2018/04/24	13.98	14.72	13.96	14.69	934541	21904298.00
2018/04/25	14.56	14.93	14.51	14.78	985301	23581502.00
2018/04/26	14.78	14.81	14.19	14.31	957057	22329050.00
2018/04/27	14.30	14.36	13.80	14.05	1014352	14212942.00
2018/05/02	14.10	14.14	13.74	13.96	759400	10601229.00
2018/05/03	13.81	14.25	13.56	14.21	1064159	14818163.00
2018/05/04	14.19	14.95	13.92	14.42	1456705	20996750.00
2018/05/07	14.42	14.66	14.32	14.62	1361449	19777060.00
2018/05/08	14.55	15.32	14.48	15.01	2349113	35149788.00
2018/05/09	15.07	15.30	14.72	14.95	2357600	35490684.00
2018/05/10	15.19	16.45	14.92	16.45	5231371	84677432.00
2018/05/11	17.90	17.95	16.60	16.64	13551243	233709584.00
2018/05/14	15.70	15.72	15.00	15.21	6785579	104577384.00
2018/05/15	15.23	15.69	15.12	15.58	3849805	59418096.00
2018/05/16	15.50	17.14	15.26	17.14	6577655	108678896.00
2018/05/17	17.70	18.85	17.70	18.85	24443439	455509472.00
2018/05/18	19.08	20.34	17.30	19.20	27799736	523511776.00
2018/05/21	18.90	20.88	18.89	19.75	25322995	497373024.00
2018/05/22	18.85	19.68	18.15	18.93	19912071	376037312.00
2018/05/23	18.31	19.44	18.22	18.33	14468137	270943424.00
2018/05/24	17.90	18.90	17.89	18.79	11353440	208865568.00
2018/05/25	18.42	18.89	17.95	17.96	8503111	157306400.00
2018/05/28	17.65	17.71	16.56	17.25	8708760	149709296.00
2018/05/29	17.30	17.47	16.75	16.82	5916234	101674000.00
2018/05/30	16.25	16.63	15.51	15.90	6315568	102495800.00
2018/05/31	16.24	17.49	16.14	17.49	8464474	143536480.00
2018/06/01	17.85	18.45	17.11	18.15	14797619	264658880.00
2018/06/04	17.83	18.23	17.26	17.53	7112688	126384896.00
2018/06/05	17.60	18.55	17.47	18.32	10090057	182818272.00
2018/06/06	18.00	18.39	17.92	18.15	7045741	127693264.00
2018/06/07	18.10	18.18	17.17	17.20	6738253	118905840.00
2018/06/08	17.37	17.43	16.71	16.88	4323179	73428384.00
2018/06/11	16.92	17.38	16.61	16.71	3745224	63494660.00
2018/06/12	16.56	17.86	16.20	17.59	7081001	121986584.00
2018/06/13	17.32	17.50	16.61	16.62	4930174	84386368.00
2018/06/14	16.88	17.14	16.28	16.61	4148306	69574888.00
2018/06/15	16.55	16.80	15.67	15.71	4822561	77408776.00
2018/06/19	15.40	15.40	14.14	14.15	4551391	66515880.00
2018/06/20	14.20	14.66	13.72	14.47	3619685	52057724.00
2018/06/21	14.46	14.96	14.00	14.02	3962305	57280792.00
2018/06/22	13.69	14.31	13.32	14.19	2848380	40019012.00
2018/06/25	14.32	14.78	14.18	14.19	3018420	43532664.00
2018/06/26	13.85	14.52	13.70	14.45	2698125	38531912.00
2018/06/27	14.22	14.62	14.00	14.20	2348512	33692428.00
2018/06/28	14.22	14.44	13.79	13.98	2416617	34360388.00
2018/06/29	14.00	14.74	13.85	14.63	3337360	47834840.00
2018/07/02	14.60	14.60	13.89	14.16	3017949	43304236.00
2018/07/03	14.30	14.50	14.03	14.45	2693346	38500356.00
2018/07/04	14.34	14.39	13.91	14.02	2542746	35867772.00
2018/07/05	14.02	14.15	13.01	13.19	2785440	38140104.00
2018/07/06	13.13	13.50	13.01	13.32	2549104	33883908.00
2018/07/09	13.50	13.85	13.40	13.80	2211450	30198104.00
2018/07/10	13.80	14.13	13.69	13.97	2473049	34388344.00
2018/07/11	13.70	13.79	13.35	13.64	2218034	30100704.00
2018/07/12	13.60	14.36	13.52	14.12	3925399	55093976.00
2018/07/13	14.00	14.95	14.00	14.59	4833800	69724872.00
2018/07/16	14.33	14.53	14.17	14.36	2758672	39514972.00
2018/07/17	14.25	14.36	14.05	14.35	1961912	27849782.00
2018/07/18	14.34	14.87	14.21	14.53	4714711	68974864.00
2018/07/19	14.37	14.50	14.11	14.18	2626812	37409780.00
2018/07/20	14.15	14.42	14.03	14.31	2196840	31315106.00
2018/07/23	14.11	14.35	14.10	14.23	2137571	30384556.00
2018/07/24	14.10	15.65	14.08	15.65	6696959	101921392.00
2018/07/25	15.90	15.90	15.08	15.15	7929867	122439704.00
2018/07/26	15.06	15.48	15.02	15.14	4359836	66287516.00
2018/07/27	15.00	15.54	14.76	15.30	4822526	73296624.00
2018/07/30	15.07	15.25	14.82	14.96	2523663	37746752.00
2018/07/31	14.95	15.13	14.84	15.08	1896737	28440358.00
2018/08/01	15.09	15.20	14.46	14.52	2762780	40966100.00
2018/08/02	14.51	14.58	13.27	13.62	3037680	42041192.00
2018/08/03	13.62	14.58	13.52	13.95	2480840	34571928.00
2018/08/06	13.79	13.92	13.42	13.42	1997280	27219336.00
2018/08/07	13.38	13.75	13.35	13.73	1416619	19291036.00
2018/08/08	13.73	13.90	13.45	13.46	1487723	20346042.00
2018/08/09	13.40	13.88	13.36	13.80	1452703	19951710.00
2018/08/10	13.79	13.95	13.63	13.89	1580900	21881696.00
2018/08/13	13.70	13.87	13.53	13.86	1263888	17314374.00
2018/08/14	13.74	14.07	13.74	14.00	1642543	22915260.00
2018/08/15	13.93	14.17	13.62	13.63	1479440	20530798.00
2018/08/16	13.50	13.66	13.39	13.45	1280780	17300226.00
2018/08/17	13.60	13.68	13.05	13.06	1316549	17517754.00
2018/08/20	12.99	13.29	12.95	13.25	966806	12683926.00
2018/08/21	13.27	13.59	13.17	13.40	1127387	15090543.00
2018/08/22	13.20	13.37	13.10	13.35	1143089	15141320.00
2018/08/23	13.39	13.55	13.25	13.49	1379680	18572700.00
2018/08/24	13.48	13.64	13.40	13.52	846417	11428315.00
2018/08/27	13.57	13.68	13.37	13.60	1750857	23797288.00
2018/08/28	13.55	14.08	13.50	13.98	2505168	34433692.00
2018/08/29	14.06	14.22	13.76	13.83	2342379	32716400.00
2018/08/30	14.00	14.08	13.63	13.74	1604360	22219702.00
2018/08/31	13.74	13.97	13.41	13.47	1531880	20920442.00
2018/09/03	13.73	13.73	13.18	13.32	1389660	18556260.00
2018/09/04	13.32	13.82	13.15	13.65	1934470	26043210.00
2018/09/05	13.47	13.68	13.30	13.35	1497822	20186884.00
2018/09/06	13.28	13.41	13.16	13.18	958580	12717604.00
2018/09/07	13.18	13.43	13.10	13.21	1063363	14117351.00
2018/09/10	13.19	13.25	12.98	12.99	889050	11627020.00
2018/09/11	12.73	12.76	11.87	11.97	3111680	37857904.00
2018/09/12	12.06	12.09	11.68	11.98	983980	11804656.00
2018/09/13	12.01	12.16	11.90	11.99	852200	10212063.00
2018/09/14	11.92	12.06	11.91	11.96	1103115	13239530.00
2018/09/17	11.80	11.96	11.61	11.90	1210420	14214103.00
2018/09/18	11.84	12.55	11.71	12.23	2031360	24725736.00
2018/09/19	12.09	12.33	12.09	12.30	1327795	16241613.00
2018/09/20	12.30	12.59	12.20	12.26	1246889	15418508.00
2018/09/21	12.56	12.98	12.40	12.41	1558574	19594746.00
2018/09/25	12.23	12.34	12.03	12.31	935500	11435222.00
2018/09/26	12.27	12.74	12.22	12.49	1704860	21272240.00
2018/09/27	12.49	12.49	12.02	12.02	1402680	17193628.00
2018/09/28	12.06	12.30	12.06	12.22	780534	9540961.00
2018/10/08	12.08	12.14	11.74	11.79	813934	9704320.00
2018/10/09	11.79	12.30	11.79	12.20	1258420	15163197.00
2018/10/10	12.17	12.17	12.01	12.13	657420	7940412.00
2018/10/11	11.89	11.95	11.12	11.67	2040377	23633164.00
2018/10/12	11.59	12.16	11.13	12.15	1720682	20234934.00
2018/10/15	12.15	12.50	11.92	12.14	1089950	13380906.00
2018/10/16	12.07	12.44	12.02	12.15	1193020	14518589.00
2018/10/17	12.12	12.30	11.81	12.23	1076662	13039344.00
2018/10/18	12.05	12.19	11.02	11.71	819180	9675647.00
2018/10/19	11.64	12.20	11.21	12.15	967280	11563365.00
2018/10/22	12.20	12.72	12.06	12.56	1815420	22698362.00
2018/10/23	12.45	12.66	12.21	12.40	1018900	12619569.00
2018/10/24	12.33	12.45	12.21	12.29	632543	7788758.50
2018/10/25	12.00	12.12	11.67	12.12	852963	10112678.00
2018/10/26	12.12	12.17	12.00	12.15	639948	7725408.00
2018/10/29	12.11	12.11	11.88	11.89	336840	4034137.75
2018/10/30	11.88	12.09	11.73	12.09	573380	6875977.00
2018/10/31	12.07	12.80	11.99	12.34	1649500	20545312.00
2018/11/01	12.30	12.50	12.14	12.28	1095760	13444365.00
2018/11/02	12.35	12.49	12.29	12.44	1378277	17087894.00
2018/11/05	12.36	12.59	12.25	12.37	965700	11955460.00
2018/11/06	12.25	12.33	12.10	12.25	652540	7960139.00
2018/11/07	12.30	12.37	12.20	12.21	745300	9150554.00
2018/11/08	12.25	12.37	12.17	12.17	747660	9173782.00
2018/11/09	12.27	12.30	12.10	12.18	767440	9362748.00
2018/11/12	12.09	12.38	12.03	12.38	1135362	13959197.00
2018/11/13	12.26	12.69	12.23	12.69	2071539	25845272.00
2018/11/14	12.57	12.69	12.41	12.47	1772747	22245046.00
2018/11/15	12.46	12.73	12.43	12.69	1997972	25197796.00
2018/11/16	12.70	13.24	12.68	13.13	3839617	49864340.00
2018/11/19	13.11	13.11	12.89	13.00	1504860	19532454.00
2018/11/20	12.90	12.98	12.58	12.60	1394060	17785638.00
2018/11/21	12.48	12.81	12.43	12.80	1057107	13400587.00
2018/11/22	12.83	12.90	12.69	12.78	838102	10716174.00
2018/11/23	12.71	12.85	12.12	12.21	1041780	12899990.00
2018/11/26	12.22	12.33	12.08	12.12	508640	6193478.50
2018/11/27	12.25	12.29	12.13	12.22	593160	7237050.00
2018/11/28	12.60	13.01	12.60	12.90	4355381	55962072.00
2018/11/29	12.65	12.79	12.33	12.34	2368680	29869708.00
2018/11/30	12.26	12.35	12.01	12.14	1373701	16724230.00
2018/12/03	12.40	12.55	12.31	12.43	1516960	18861076.00
2018/12/04	12.52	12.62	12.44	12.58	1636640	20536424.00
2018/12/05	12.45	12.57	12.29	12.42	952841	11837502.00
2018/12/06	12.44	12.45	12.15	12.18	1080841	13246327.00
2018/12/07	12.28	12.30	12.16	12.24	538760	6579020.00
2018/12/10	12.14	12.25	11.91	12.02	912437	11000233.00
2018/12/11	12.21	12.26	12.13	12.18	596780	7267692.00
2018/12/12	12.19	12.39	12.15	12.23	581000	7111540.00
2018/12/13	12.23	12.41	12.17	12.37	824720	10159374.00
2018/12/14	12.34	12.40	12.03	12.07	618880	7557562.50
2018/12/17	11.92	12.14	11.72	12.13	825420	9863890.00
2018/12/18	11.95	12.12	11.86	12.10	450680	5407262.50
2018/12/19	11.98	12.14	11.87	11.88	391160	4685680.50
2018/12/20	11.99	12.30	11.81	12.30	493000	5946297.50
2018/12/21	12.17	12.26	12.06	12.25	551760	6717871.00
2018/12/24	12.25	12.36	12.17	12.32	532279	6540414.00
2018/12/25	12.25	12.25	11.90	12.23	551784	6664011.00
2018/12/26	12.25	12.27	12.08	12.25	490220	5971232.00
2018/12/27	12.35	12.36	11.97	12.00	545280	6650274.00
2018/12/28	11.92	12.14	11.91	12.14	326460	3923303.75
2019/01/02	12.07	12.17	12.01	12.09	290400	3512549.25
2019/01/03	12.09	12.24	12.08	12.13	439740	5343116.00
数据来源:通达信
