002464 众应互联 日线 前复权
      日期	    开盘	    最高	    最低	    收盘	    成交量	    成交额
2010/08/31	10.49	15.74	10.49	13.93	24192259	690916352.00
2010/09/01	12.63	15.37	12.63	15.37	20501079	679863936.00
2010/09/02	15.63	16.95	15.00	16.95	13373818	499312224.00
2010/09/03	17.65	18.66	17.05	17.68	13773439	565143424.00
2010/09/06	16.29	16.96	15.87	15.87	9113223	340511488.00
2010/09/07	15.36	17.50	15.36	17.50	12220250	480013888.00
2010/09/08	17.32	18.56	16.60	16.93	11526694	465244992.00
2010/09/09	16.25	16.87	15.63	16.30	6750379	251396096.00
2010/09/10	15.94	16.29	14.64	14.86	7442044	259527632.00
2010/09/13	14.64	15.04	13.62	14.69	5381247	178259504.00
2010/09/14	14.51	15.67	14.38	15.17	5922113	208549008.00
2010/09/15	14.73	15.17	14.20	14.42	4518814	151200352.00
2010/09/16	14.33	14.69	13.67	13.82	3303524	106994304.00
2010/09/17	13.82	14.02	12.99	13.03	3936752	121969688.00
2010/09/20	12.98	13.10	12.29	12.59	3687935	108188896.00
2010/09/21	12.51	12.67	12.10	12.26	2315576	66421932.00
2010/09/27	12.39	12.77	12.30	12.65	2578938	75177832.00
2010/09/28	12.63	12.64	11.92	12.02	3051205	86671520.00
2010/09/29	12.05	12.59	11.59	12.28	3515767	99324752.00
2010/09/30	12.20	13.17	11.98	13.11	4478453	132893856.00
2010/10/08	13.17	13.57	12.82	13.25	3462906	105843616.00
2010/10/11	12.96	13.20	12.82	13.02	3081561	92471864.00
2010/10/12	13.10	13.43	12.86	12.95	2580999	78510208.00
2010/10/13	12.83	12.94	12.32	12.58	3073148	89246384.00
2010/10/14	12.66	12.81	12.18	12.19	2372520	68584960.00
2010/10/15	12.01	12.43	11.92	11.96	2244461	63442932.00
2010/10/18	11.74	12.25	11.21	12.16	2726297	73780424.00
2010/10/19	12.04	12.79	11.83	12.42	3464149	99644584.00
2010/10/20	12.20	12.40	12.01	12.25	2280171	64664816.00
2010/10/21	12.29	12.34	11.92	12.27	1922757	54449196.00
2010/10/22	12.21	12.59	12.09	12.51	2098665	60614436.00
2010/10/25	12.54	12.71	12.45	12.61	2559922	74844440.00
2010/10/26	12.69	12.75	12.19	12.25	2526121	72592248.00
2010/10/27	12.23	13.08	12.10	12.87	4252277	126041616.00
2010/10/28	12.75	13.25	12.73	13.13	3649065	110029864.00
2010/10/29	13.23	14.19	12.87	13.88	4698171	146123008.00
2010/11/01	13.75	14.12	13.53	13.78	3945588	125690992.00
2010/11/02	13.78	13.93	13.30	13.30	3381276	106964392.00
2010/11/03	13.13	13.30	12.69	12.69	2276323	68296984.00
2010/11/04	12.69	12.90	12.58	12.81	1409426	41672636.00
2010/11/05	12.84	13.35	12.84	13.07	1653594	50305008.00
2010/11/08	13.16	13.54	12.98	13.50	2311748	71405024.00
2010/11/09	13.59	13.61	13.26	13.35	2128972	66093364.00
2010/11/10	13.36	14.28	13.36	13.96	4273179	137723712.00
2010/11/11	13.84	14.19	13.61	13.62	3142462	100903856.00
2010/11/12	13.46	13.60	12.44	12.46	2541298	76162720.00
2010/11/15	12.33	12.79	12.28	12.79	1380998	40362828.00
2010/11/16	12.79	13.16	12.34	12.38	1871495	55255620.00
2010/11/17	12.38	12.59	12.03	12.07	1065521	30463412.00
2010/11/18	12.21	12.35	12.01	12.31	909690	25788066.00
2010/11/19	12.36	12.75	12.25	12.75	1416526	41124928.00
2010/11/22	12.81	13.94	12.78	13.42	3105815	96295904.00
2010/11/23	13.20	13.70	12.95	13.66	2513467	77349392.00
2010/11/24	13.62	13.83	13.43	13.69	2596304	81686392.00
2010/11/25	13.72	13.81	13.19	13.33	2360927	73555960.00
2010/11/26	13.17	13.53	13.13	13.35	1481202	45774440.00
2010/11/29	13.26	13.53	13.17	13.45	1458704	45291128.00
2010/11/30	13.48	13.56	12.50	12.78	1856451	55474580.00
2010/12/01	12.59	12.59	12.05	12.23	4888958	138919328.00
2010/12/02	12.35	12.79	12.24	12.59	3353017	97352576.00
2010/12/03	12.50	13.22	12.14	13.12	4760434	140756576.00
2010/12/06	12.97	13.12	12.34	12.45	2876608	84274592.00
2010/12/07	12.28	12.59	12.10	12.53	1402874	40360024.00
2010/12/08	12.52	12.79	12.43	12.53	1518456	44319232.00
2010/12/09	12.49	12.49	12.08	12.09	1720985	48899784.00
2010/12/10	12.05	12.31	11.97	12.24	873193	24675438.00
2010/12/13	12.32	12.57	12.32	12.50	1734036	50164136.00
2010/12/14	12.51	12.72	12.50	12.64	2008925	58852848.00
2010/12/15	12.65	12.86	12.54	12.72	2261355	66690272.00
2010/12/16	12.76	13.07	12.62	12.93	2734352	81579096.00
2010/12/17	12.90	13.06	12.80	13.02	2049661	61399148.00
2010/12/20	13.08	13.21	12.41	12.75	2383808	70643680.00
2010/12/21	12.75	12.93	12.69	12.92	1521905	45333932.00
2010/12/22	12.92	13.50	12.82	13.13	3815976	116586040.00
2010/12/23	13.08	14.24	13.00	13.82	7976570	251901792.00
2010/12/24	13.39	13.59	12.86	13.07	3868636	118716576.00
2010/12/27	13.21	13.34	12.13	12.22	3284923	97448656.00
2010/12/28	12.05	12.42	11.88	12.25	1653020	46854412.00
2010/12/29	12.16	12.40	12.16	12.40	1116080	31796740.00
2010/12/30	12.33	12.43	12.13	12.28	1367282	38904988.00
2010/12/31	12.28	12.49	12.22	12.43	1187039	34126688.00
2011/01/04	12.50	12.71	12.50	12.66	1259381	36864692.00
2011/01/05	12.64	12.68	12.50	12.60	1176128	34321280.00
2011/01/06	12.63	13.17	12.59	13.01	2237906	66986632.00
2011/01/07	12.90	13.12	12.73	12.86	1555704	46724996.00
2011/01/10	12.87	13.12	12.22	12.34	1388286	41054288.00
2011/01/11	12.28	12.28	12.06	12.13	1073992	30284278.00
2011/01/12	12.32	12.50	12.14	12.46	860613	24676394.00
2011/01/13	12.54	12.58	12.22	12.31	640598	18342942.00
2011/01/14	12.25	12.25	11.96	11.99	1000157	27926024.00
2011/01/17	11.89	12.01	10.79	10.85	1517209	39675456.00
2011/01/18	10.71	11.04	10.71	10.89	539071	13708190.00
2011/01/19	10.81	11.13	10.81	11.11	786011	20143320.00
2011/01/20	11.05	11.29	10.53	10.53	1004985	25319848.00
2011/01/21	10.34	10.66	10.34	10.43	754799	18435360.00
2011/01/24	10.43	10.70	10.04	10.09	849512	20603276.00
2011/01/25	10.00	10.15	9.42	9.82	891393	20335434.00
2011/01/26	9.82	10.17	9.78	10.08	516862	12121966.00
2011/01/27	10.04	10.34	9.85	10.21	566394	13455093.00
2011/01/28	10.20	10.31	10.14	10.25	440263	10528713.00
2011/01/31	10.26	10.45	10.18	10.43	437176	10551581.00
2011/02/01	10.49	10.49	10.37	10.43	373756	9100608.00
2011/02/09	10.36	10.36	10.08	10.08	489981	11678893.00
2011/02/10	10.05	10.46	9.98	10.46	702690	16904326.00
2011/02/11	10.46	10.67	10.46	10.61	716685	17687734.00
2011/02/14	10.91	11.35	10.91	11.05	1524606	39424896.00
2011/02/15	11.05	11.15	10.90	11.03	1101763	28291134.00
2011/02/16	11.03	11.25	10.94	11.22	1040159	26905822.00
2011/02/17	11.23	11.41	10.99	11.13	942716	24505278.00
2011/02/18	11.07	11.24	10.85	10.89	802242	20649752.00
2011/02/21	10.78	11.20	10.76	11.14	765078	19650096.00
2011/02/22	11.20	11.21	10.66	10.69	1148680	29121058.00
2011/02/23	10.67	10.80	10.59	10.68	689955	17202842.00
2011/02/24	10.78	10.88	10.63	10.79	644546	16111524.00
2011/02/25	10.79	10.89	10.63	10.88	721122	18098614.00
2011/02/28	11.04	11.07	10.87	11.06	719852	18420880.00
2011/03/01	11.06	11.29	11.03	11.13	1170011	30416144.00
2011/03/02	10.96	11.24	10.91	11.24	1001758	25803302.00
2011/03/03	11.21	11.24	10.87	10.88	819290	21077656.00
2011/03/04	10.92	11.02	10.85	10.98	503600	12827997.00
2011/03/07	11.09	11.20	10.92	11.12	1014442	26113708.00
2011/03/08	11.12	11.20	10.96	11.14	643598	16609436.00
2011/03/09	11.12	11.23	10.97	11.03	873481	22493374.00
2011/03/10	11.03	11.03	10.70	10.75	1035108	26216404.00
2011/03/11	10.75	10.87	10.71	10.71	662318	16661517.00
2011/03/14	10.60	10.96	10.60	10.92	806944	20291220.00
2011/03/15	10.92	10.92	10.43	10.65	735172	18223704.00
2011/03/16	10.65	10.75	10.63	10.74	563199	14058211.00
2011/03/17	10.71	10.71	10.40	10.42	743235	18250454.00
2011/03/18	10.43	10.56	10.43	10.49	375152	9185804.00
2011/03/21	10.49	10.51	10.32	10.35	510638	12403576.00
2011/03/22	10.44	10.44	10.27	10.43	482706	11676748.00
2011/03/23	10.44	10.58	10.43	10.58	540277	13269725.00
2011/03/24	10.66	10.75	10.54	10.62	475958	11819025.00
2011/03/25	10.58	10.76	10.54	10.71	715446	17774160.00
2011/03/28	10.67	10.67	10.36	10.40	1229045	29959856.00
2011/03/29	10.40	10.40	9.88	9.91	1166073	27492214.00
2011/03/30	9.91	10.02	9.65	9.82	838459	19234008.00
2011/03/31	9.82	9.89	9.62	9.62	545799	12464431.00
2011/04/01	9.69	9.77	9.63	9.75	412655	9393430.00
2011/04/06	9.73	9.93	9.60	9.92	646896	14818177.00
2011/04/07	9.90	9.99	9.81	9.95	391655	9070489.00
2011/04/08	10.07	10.07	9.91	9.97	440403	10284463.00
2011/04/11	9.96	10.00	9.71	9.72	737787	16981902.00
2011/04/12	9.72	9.81	9.61	9.65	406818	9226220.00
2011/04/13	9.62	9.87	9.62	9.82	417468	9562408.00
2011/04/14	9.87	9.96	9.83	9.88	420132	9735083.00
2011/04/15	9.93	9.96	9.73	9.78	417804	9605341.00
2011/04/19	9.73	9.75	9.43	9.50	768725	17175048.00
2011/04/20	9.42	9.54	9.42	9.48	548522	12180023.00
2011/04/21	9.53	9.60	9.46	9.58	574906	12849909.00
2011/04/22	9.55	9.57	9.42	9.44	730088	16204410.00
2011/04/25	9.43	9.51	9.00	9.51	1059330	22925694.00
2011/04/26	9.50	10.49	9.39	10.49	4846655	115145648.00
2011/04/27	10.27	10.50	10.00	10.09	2840807	68115824.00
2011/04/28	10.13	10.18	9.04	9.24	1636002	36986424.00
2011/04/29	9.19	9.23	8.50	8.87	1438894	29669506.00
2011/05/03	8.79	8.83	8.54	8.80	901732	18417092.00
2011/05/04	8.81	8.81	8.49	8.55	901722	18265170.00
2011/05/05	8.55	8.67	8.51	8.54	506197	10207939.00
2011/05/06	8.54	8.56	8.32	8.50	607362	12095226.00
2011/05/09	8.50	8.60	8.47	8.53	444396	8943144.00
2011/05/10	8.52	8.59	8.45	8.59	559450	11216644.00
2011/05/11	8.57	8.73	8.50	8.62	659195	13346238.00
2011/05/12	8.62	8.83	8.54	8.72	1158923	23834012.00
2011/05/13	8.66	8.76	8.51	8.67	532374	10796019.00
2011/05/16	8.67	8.71	8.46	8.47	533104	10757985.00
2011/05/17	8.36	8.57	8.34	8.50	361891	7229650.00
2011/05/18	8.51	9.18	8.51	8.94	1721730	36287068.00
2011/05/19	8.84	9.10	8.75	8.80	995566	20925060.00
2011/05/20	8.79	8.87	8.72	8.77	505026	10429159.00
2011/05/23	8.77	8.84	8.35	8.45	698252	14063035.00
2011/05/24	8.36	8.48	8.04	8.24	677733	13131899.00
2011/05/25	8.21	8.25	7.86	7.89	688628	13076951.00
2011/05/26	7.94	8.04	7.86	7.86	417408	7857840.00
2011/05/27	7.87	7.97	7.59	7.60	534116	9726261.00
2011/05/30	7.60	7.61	7.41	7.49	374514	6676285.50
2011/05/31	7.49	7.72	7.49	7.72	372574	6742498.50
2011/06/01	7.74	7.85	7.68	7.85	463771	8520246.00
2011/06/02	7.72	7.75	7.59	7.64	351519	6371851.00
2011/06/03	7.64	7.78	7.60	7.74	281071	5133125.50
2011/06/07	7.68	7.80	7.65	7.76	242026	4441822.50
2011/06/08	7.71	8.03	7.71	7.92	598470	11136992.00
2011/06/09	7.92	7.93	7.72	7.72	576475	10622640.00
2011/06/10	7.75	7.75	7.54	7.68	278611	5044830.50
2011/06/13	7.71	8.48	7.58	8.33	943069	18004080.00
2011/06/14	8.25	9.06	8.08	8.61	2907658	58852504.00
2011/06/15	8.48	8.58	8.31	8.37	1057866	21023458.00
2011/06/16	8.31	8.37	7.83	7.83	843173	15653707.00
2011/06/17	7.83	8.01	7.79	7.83	492909	8977634.00
2011/06/20	7.79	7.92	7.63	7.68	433539	7756000.00
2011/06/21	7.68	7.85	7.61	7.82	408582	7331799.50
2011/06/22	7.83	7.96	7.79	7.88	451911	8221082.50
2011/06/23	7.92	8.32	7.88	8.15	829333	15553116.00
2011/06/24	8.12	8.39	7.97	8.24	993908	18854310.00
2011/06/27	8.24	8.46	8.22	8.28	693989	13326613.00
2011/06/28	8.28	8.30	8.14	8.24	576931	10925395.00
2011/06/29	8.24	8.37	8.13	8.13	622760	11857416.00
2011/06/30	8.15	8.35	8.14	8.28	538561	10258743.00
2011/07/01	8.32	8.41	8.24	8.25	606896	11620154.00
2011/07/04	8.28	8.46	8.26	8.42	831106	16067828.00
2011/07/05	8.46	8.48	8.33	8.42	608577	11803232.00
2011/07/06	8.41	8.66	8.33	8.60	1057558	20734234.00
2011/07/07	8.55	8.79	8.48	8.59	1135956	22603652.00
2011/07/08	8.55	8.62	8.46	8.55	499831	9818342.00
2011/07/11	8.46	8.55	8.41	8.51	505487	9865520.00
2011/07/12	8.42	8.46	8.24	8.28	604141	11615317.00
2011/07/13	8.27	8.48	8.27	8.47	615863	11956312.00
2011/07/14	8.51	8.89	8.51	8.71	1329304	26764214.00
2011/07/15	8.71	8.82	8.64	8.71	850271	17114044.00
2011/07/18	8.75	8.90	8.73	8.75	870236	17662980.00
2011/07/19	8.73	8.78	8.52	8.56	617871	12206278.00
2011/07/20	8.59	8.68	8.51	8.61	337764	6683608.50
2011/07/21	8.64	8.66	8.46	8.46	477817	9412260.00
2011/07/22	8.43	8.50	8.41	8.42	370390	7218107.50
2011/07/25	8.42	8.46	7.88	7.92	552386	10442043.00
2011/07/26	7.92	7.99	7.81	7.93	362058	6598135.00
2011/07/27	7.93	8.03	7.92	8.03	321906	5934957.00
2011/07/28	7.97	8.00	7.83	7.92	339250	6194451.00
2011/07/29	7.92	8.49	7.92	8.17	1094238	20673036.00
2011/08/01	8.04	9.01	8.03	8.82	3871905	77890200.00
2011/08/02	8.64	8.81	8.46	8.74	2109784	41915196.00
2011/08/03	8.63	8.91	8.55	8.87	1800078	36473832.00
2011/08/04	8.86	8.94	8.68	8.70	1037277	20918104.00
2011/08/05	8.46	8.46	8.03	8.36	729624	14048208.00
2011/08/08	8.32	8.32	7.57	7.68	1231220	22363444.00
2011/08/09	7.34	7.58	7.13	7.50	816352	13953972.00
2011/08/10	7.66	7.78	7.51	7.52	655817	11600352.00
2011/08/11	7.39	7.72	7.28	7.69	664352	11670346.00
2011/08/12	7.70	8.00	7.70	7.83	600947	10913169.00
2011/08/15	7.81	7.97	7.81	7.94	470399	8571465.00
2011/08/16	7.96	7.96	7.85	7.85	465738	8474405.00
2011/08/17	7.80	7.95	7.80	7.90	350641	6377096.50
2011/08/18	7.92	7.95	7.66	7.67	382778	6877823.50
2011/08/19	7.48	7.60	7.41	7.55	410672	7117781.50
2011/08/22	7.63	7.66	7.53	7.60	304013	5352756.50
2011/08/23	7.65	7.86	7.64	7.83	446860	8013524.00
2011/08/24	7.83	7.97	7.80	7.83	373729	6807937.50
2011/08/25	7.83	7.99	7.83	7.96	344029	6295112.00
2011/08/26	7.93	7.97	7.81	7.95	588158	10725156.00
2011/08/30	7.95	7.99	7.75	7.79	609003	11113062.00
2011/08/31	7.79	7.81	7.66	7.69	459731	8174723.00
2011/09/01	7.71	7.77	7.66	7.71	266207	4743211.00
2011/09/02	7.66	7.71	7.52	7.64	228348	4012251.25
2011/09/05	7.55	7.63	7.41	7.41	193200	3356260.00
2011/09/06	7.40	7.54	7.39	7.47	211003	3632263.50
2011/09/07	7.52	7.63	7.46	7.63	201100	3520971.75
2011/09/08	7.66	7.70	7.54	7.56	179569	3160291.50
2011/09/09	7.55	7.66	7.43	7.47	190209	3303568.00
2011/09/13	7.39	7.45	7.36	7.41	177892	3050053.25
2011/09/14	7.41	7.50	7.36	7.48	155330	2674124.00
2011/09/15	7.51	7.55	7.48	7.49	180790	3143078.75
2011/09/16	7.56	7.56	7.48	7.48	154054	2678078.75
2011/09/19	7.52	7.52	7.34	7.38	167308	2867810.50
2011/09/20	7.37	7.52	7.32	7.42	159643	2735122.50
2011/09/21	7.42	7.64	7.36	7.62	380109	6641923.50
2011/09/22	7.57	7.61	7.35	7.36	353199	6109709.50
2011/09/23	7.25	7.37	7.17	7.33	186194	3135827.25
2011/09/26	7.33	7.38	7.21	7.26	169301	2866324.75
2011/09/27	7.38	7.38	7.25	7.35	119749	2027204.75
2011/09/28	7.37	7.75	7.27	7.75	604102	10605646.00
2011/09/29	7.57	7.74	7.41	7.41	873958	15343428.00
2011/09/30	7.42	7.67	7.04	7.36	388728	6579373.50
2011/12/09	8.12	8.12	8.12	8.12	358319	6714898.00
2011/12/12	8.96	8.96	8.96	8.96	850679	17532494.00
2011/12/13	9.57	9.83	9.05	9.31	8744494	187789840.00
2011/12/14	9.22	10.02	9.12	9.78	7946436	174773872.00
2011/12/15	9.46	9.67	9.31	9.62	4964740	108225712.00
2011/12/16	9.57	10.01	9.35	9.79	6272749	139852400.00
2011/12/19	9.58	10.08	9.49	9.88	6579270	147461840.00
2011/12/20	9.70	9.75	9.36	9.70	5579728	122565232.00
2011/12/21	9.70	9.78	9.25	9.29	4357634	95018800.00
2011/12/22	9.13	9.14	8.33	8.90	6808207	134229712.00
2011/12/23	8.55	9.82	8.47	9.45	8104609	170441712.00
2011/12/26	9.31	9.74	8.62	8.86	6925859	146666704.00
2011/12/27	8.64	8.67	8.05	8.08	4943111	94708696.00
2011/12/28	7.79	7.93	7.29	7.40	3658032	63897080.00
2011/12/29	7.47	7.66	7.33	7.52	3482603	60600424.00
2011/12/30	7.54	7.64	7.35	7.56	3381793	58801808.00
2012/01/04	7.57	7.67	6.78	6.78	3688306	62362428.00
2012/01/05	6.47	6.52	6.08	6.08	3428831	49614888.00
2012/01/06	5.78	6.01	5.74	5.96	2512381	34449524.00
2012/01/09	5.89	6.26	5.84	6.21	2300585	32636198.00
2012/01/10	6.13	6.86	6.13	6.86	5039813	77677504.00
2012/01/11	6.72	6.98	6.68	6.74	3267584	51693564.00
2012/01/12	6.67	6.93	6.63	6.67	2571733	40468820.00
2012/01/13	6.66	6.77	6.00	6.16	2913009	42914820.00
2012/01/16	6.01	6.28	5.96	6.17	1563618	22382978.00
2012/01/17	6.15	6.63	6.03	6.53	2145819	31607224.00
2012/01/18	6.48	6.60	6.01	6.06	2347307	34607280.00
2012/01/19	6.08	6.25	6.00	6.05	1178297	16777101.00
2012/01/20	6.06	6.16	6.06	6.12	1005753	14331081.00
2012/01/30	6.18	6.21	6.01	6.08	983185	14009665.00
2012/01/31	6.08	6.45	6.05	6.34	1939086	28396934.00
2012/02/01	6.33	6.33	6.11	6.17	1461182	21143100.00
2012/02/02	6.19	6.29	6.09	6.27	1125592	16250929.00
2012/02/03	6.27	6.56	6.21	6.48	2197117	32830490.00
2012/02/06	6.45	6.80	6.39	6.63	2586875	39617724.00
2012/02/07	6.58	6.58	6.41	6.50	1663783	25054618.00
2012/02/08	6.50	6.67	6.46	6.64	1847143	28239054.00
2012/02/09	6.63	6.88	6.61	6.67	2391249	37406692.00
2012/02/10	6.73	6.73	6.55	6.72	1912814	29498416.00
2012/02/13	6.67	7.31	6.59	7.00	3600973	58682724.00
2012/02/14	7.00	7.03	6.81	6.89	1784082	28464798.00
2012/02/15	6.84	7.12	6.76	7.02	2400679	38725768.00
2012/02/16	7.03	7.16	6.83	6.93	1742529	28235912.00
2012/02/17	6.91	7.12	6.67	6.78	1531321	24201826.00
2012/02/20	6.90	7.31	6.86	7.05	4281646	70482144.00
2012/02/21	7.05	7.11	6.84	7.10	2556543	41458624.00
2012/02/22	7.14	7.71	7.05	7.53	4882740	83131264.00
2012/02/23	8.31	8.31	8.31	8.31	969342	18572592.00
2012/02/24	9.17	9.17	8.91	9.17	4441042	93162320.00
2012/02/27	9.70	9.97	9.29	9.79	10854476	239269856.00
2012/02/28	9.52	9.66	9.14	9.19	6819012	147122784.00
2012/02/29	9.08	9.30	8.78	8.94	4693728	96776192.00
2012/03/01	8.80	9.19	8.77	8.91	4097189	84805920.00
2012/03/02	8.83	9.15	8.83	9.03	3323800	68797136.00
2012/03/05	9.00	9.35	8.96	9.07	4084979	86176088.00
2012/03/06	8.96	10.00	8.75	10.00	8608369	188917024.00
2012/03/07	10.16	10.26	9.71	9.75	7798069	179080576.00
2012/03/08	9.63	10.53	9.57	10.17	7232733	167271616.00
2012/03/12	10.36	10.45	9.82	10.07	4387275	100968048.00
2012/03/13	10.07	10.37	9.79	9.92	4235207	97317280.00
2012/03/14	9.85	10.25	8.90	8.90	6653434	144790208.00
2012/03/15	8.88	8.88	8.47	8.55	4628005	92356584.00
2012/03/16	8.49	8.83	8.49	8.69	3334858	66547264.00
2012/03/19	8.68	8.93	8.39	8.88	3402722	68103832.00
2012/03/20	8.76	9.03	8.63	8.64	2804249	57049628.00
2012/03/21	8.64	8.72	8.28	8.47	2045843	40033932.00
2012/03/22	8.42	8.60	8.28	8.48	1244836	24343168.00
2012/03/23	8.42	8.91	8.31	8.54	3025846	60461376.00
2012/03/26	8.54	8.54	8.29	8.32	1206907	23259504.00
2012/03/27	8.39	8.98	8.33	8.66	3602174	72391376.00
2012/03/28	8.55	8.58	7.87	7.96	2305186	43599652.00
2012/03/29	7.90	8.04	7.73	7.73	1369921	24847760.00
2012/03/30	7.74	7.86	7.62	7.72	779257	13921453.00
2012/04/05	7.73	7.98	7.72	7.97	856845	15667549.00
2012/04/06	7.98	8.66	7.98	8.37	2374684	45736144.00
2012/04/09	8.26	8.28	7.96	7.99	1086569	20371278.00
2012/04/10	7.87	8.31	7.70	8.29	1508404	27887610.00
2012/04/11	8.15	8.32	8.06	8.18	991049	18730748.00
2012/04/12	8.18	8.40	8.10	8.31	1427182	27224498.00
2012/04/13	8.31	8.44	8.24	8.32	1326013	25494384.00
2012/04/16	8.30	8.30	8.10	8.18	1344352	25352862.00
2012/04/17	8.11	8.18	7.67	7.69	2196620	39876468.00
2012/04/18	7.70	8.30	7.63	8.10	2207312	40748268.00
2012/04/19	8.09	8.10	7.79	7.79	1995071	36395600.00
2012/04/20	7.79	8.09	7.75	7.93	1834151	33702072.00
2012/04/23	7.79	7.90	7.46	7.55	1992365	35364404.00
2012/04/24	7.52	7.60	7.07	7.32	1479656	25082654.00
2012/04/25	7.30	7.42	7.13	7.38	1146650	19366606.00
2012/04/26	7.43	7.64	7.41	7.42	1055804	18346266.00
2012/04/27	7.35	7.52	7.31	7.33	824333	14061787.00
2012/05/02	7.40	7.59	7.40	7.42	1040733	18027096.00
2012/05/03	7.39	7.54	7.39	7.53	693238	12000276.00
2012/05/04	7.53	7.75	7.49	7.67	1211159	21433460.00
2012/05/07	7.66	7.76	7.50	7.75	1184411	20966588.00
2012/05/08	7.76	7.81	7.62	7.69	1224631	21766096.00
2012/05/09	7.64	7.66	7.42	7.43	1069377	18565278.00
2012/05/10	7.43	7.51	7.39	7.48	487654	8410945.00
2012/05/11	7.48	7.50	7.35	7.38	525048	8992827.00
2012/05/14	7.38	7.50	7.38	7.38	455861	7843932.50
2012/05/15	7.37	7.37	7.15	7.26	590235	9882301.00
2012/05/16	7.27	7.29	7.13	7.14	518136	8644860.00
2012/05/18	7.18	7.27	7.17	7.20	584365	9769203.00
2012/05/21	7.20	7.33	7.17	7.32	498446	8397351.00
2012/05/22	7.58	8.07	7.58	8.07	5721085	105974552.00
2012/05/23	7.80	7.83	7.65	7.75	3343162	59825216.00
2012/05/24	7.75	7.94	7.64	7.83	2340759	42085336.00
2012/05/25	7.79	7.89	7.50	7.56	1448981	25766886.00
2012/05/28	7.54	7.77	7.53	7.75	1500613	26677040.00
2012/05/29	7.75	7.83	7.61	7.79	1624434	29077352.00
2012/05/30	7.79	7.91	7.74	7.83	1883033	34091652.00
2012/05/31	7.83	8.32	7.66	8.00	3731692	69204064.00
2012/06/01	7.97	8.03	7.83	7.85	1741583	31759498.00
2012/06/04	7.74	7.75	7.39	7.41	1463548	25712916.00
2012/06/05	7.37	7.51	7.17	7.35	1057923	17923850.00
2012/06/06	7.35	7.53	7.27	7.34	811376	13905372.00
2012/06/07	7.41	7.49	7.27	7.29	527136	8968991.00
2012/06/08	7.41	7.41	7.21	7.23	700912	11837196.00
2012/06/11	7.17	7.40	7.17	7.38	562014	9515702.00
2012/06/12	7.39	7.39	7.25	7.32	440959	7462133.00
2012/06/13	7.33	7.50	7.32	7.48	870091	14946080.00
2012/06/14	7.53	7.53	7.36	7.39	752561	12838719.00
2012/06/15	7.40	7.44	7.22	7.28	719312	12002771.00
2012/06/18	7.36	7.49	7.29	7.42	663752	11208020.00
2012/06/19	7.43	7.43	7.31	7.37	724652	12146670.00
2012/06/20	7.39	7.56	7.32	7.46	979554	16728207.00
2012/06/21	7.45	7.45	7.26	7.29	735388	12296377.00
2012/06/25	7.29	7.40	6.93	6.93	619837	10110811.00
2012/06/26	6.93	6.94	6.51	6.73	674546	10375536.00
2012/06/27	6.75	6.88	6.73	6.76	699112	10870383.00
2012/06/28	6.74	7.17	6.60	6.88	1300878	20534556.00
2012/06/29	6.77	6.99	6.64	6.96	860647	13425239.00
2012/07/02	6.96	6.99	6.86	6.91	692772	10968720.00
2012/07/03	6.94	7.10	6.87	6.90	682716	10908084.00
2012/07/04	6.91	6.91	6.72	6.74	555036	8643025.00
2012/07/05	6.74	6.74	6.46	6.50	782580	11729995.00
2012/07/06	6.56	6.71	6.43	6.66	387945	5822485.50
2012/07/09	6.56	6.66	6.37	6.38	485909	7233466.50
2012/07/10	6.37	6.37	6.30	6.32	253136	3676166.25
2012/07/11	6.33	6.46	6.33	6.45	366230	5377001.50
2012/07/12	6.40	6.55	6.36	6.54	552441	8210975.50
2012/07/13	6.86	7.17	6.71	6.73	1792866	28335592.00
2012/07/16	6.55	6.71	6.30	6.33	964127	14300974.00
2012/07/17	6.33	6.33	6.15	6.33	519618	7448896.00
2012/07/18	6.25	6.43	6.25	6.39	342152	4974645.00
2012/07/19	6.33	6.57	6.33	6.52	759409	11321881.00
2012/07/20	6.47	6.58	6.43	6.46	357828	5331624.00
2012/07/23	6.53	6.94	6.37	6.64	951056	14651695.00
2012/07/24	6.55	6.73	6.50	6.68	591492	8996925.00
2012/07/25	6.60	6.80	6.60	6.65	607756	9336441.00
2012/07/26	6.65	6.65	6.40	6.42	610656	9143084.00
2012/07/27	6.41	6.45	6.29	6.36	335861	4895203.00
2012/07/30	6.37	6.41	6.17	6.28	351449	5036609.00
2012/07/31	6.28	6.28	6.12	6.16	158451	2241493.75
2012/08/01	6.06	6.29	6.06	6.25	250716	3588955.25
2012/08/02	6.20	6.33	6.20	6.29	289968	4176745.50
2012/08/03	6.25	6.49	6.24	6.46	545766	7997507.00
2012/08/06	6.49	6.58	6.34	6.58	680438	10087367.00
2012/08/07	6.55	6.63	6.54	6.60	587421	8861333.00
2012/08/08	6.64	6.67	6.44	6.48	486273	7278804.50
2012/08/09	6.47	6.57	6.42	6.56	522211	7794796.50
2012/08/10	6.73	7.06	6.71	6.79	2012257	31622242.00
2012/08/13	6.73	7.43	6.66	7.25	3807161	62835396.00
2012/08/14	7.17	7.26	7.03	7.26	1953673	31856480.00
2012/08/15	7.23	7.23	6.79	6.82	1624382	26077064.00
2012/08/16	6.77	7.51	6.75	7.51	2634385	44242140.00
2012/08/17	7.57	7.71	7.29	7.40	3805584	65139720.00
2012/08/20	7.25	7.38	7.11	7.35	2013001	33354720.00
2012/08/21	7.34	7.83	7.29	7.67	4404658	76647240.00
2012/08/22	7.52	7.58	7.32	7.44	2502721	42610808.00
2012/08/23	7.39	7.52	7.32	7.42	1588287	26926254.00
2012/08/24	7.39	7.39	7.00	7.11	2111970	34258560.00
2012/08/27	7.08	7.14	6.92	6.99	1077055	17342480.00
2012/08/28	6.95	7.33	6.95	7.21	1463731	24080576.00
2012/08/29	7.16	7.29	7.07	7.10	1335220	21898126.00
2012/08/30	7.00	7.04	6.55	6.67	1464428	22835648.00
2012/08/31	6.67	6.76	6.61	6.72	541845	8316897.50
2012/09/03	6.68	6.89	6.68	6.83	612016	9549687.00
2012/09/04	6.83	7.36	6.71	7.13	2105424	34525336.00
2012/09/05	7.15	7.28	7.06	7.14	1256308	20605610.00
2012/09/06	7.11	7.26	7.11	7.17	870748	14257919.00
2012/09/07	7.34	7.39	7.23	7.31	2059275	34415120.00
2012/09/10	7.40	7.49	7.26	7.43	1784997	30037412.00
2012/09/11	7.36	7.38	7.19	7.25	1080772	17969296.00
2012/09/12	7.33	7.33	7.17	7.25	875169	14496190.00
2012/09/13	7.39	7.99	7.31	7.74	7167961	128589096.00
2012/09/14	7.62	7.66	7.30	7.35	4855513	82708088.00
2012/09/17	7.37	7.43	7.00	7.04	1775137	29157996.00
2012/09/18	7.02	7.19	6.92	6.98	1014514	16407477.00
2012/09/19	6.98	7.25	6.98	7.20	1347857	21966800.00
2012/09/27	6.99	7.50	6.60	7.21	2438347	39269564.00
2012/09/28	7.08	7.15	6.97	7.13	1244150	20106908.00
2012/10/08	7.10	7.14	6.86	6.96	882867	14092634.00
2012/10/09	6.98	7.11	6.94	7.11	969425	15632656.00
2012/10/10	7.04	7.48	6.96	7.31	2372569	39174396.00
2012/10/11	7.25	7.39	7.13	7.13	1391858	23095982.00
2012/10/12	7.12	7.23	6.92	6.99	1087156	17532638.00
2012/10/15	6.99	7.25	6.93	7.01	795243	12815738.00
2012/10/16	7.10	7.35	6.94	7.24	1783066	29285876.00
2012/10/17	7.21	7.38	7.21	7.31	1745848	29200838.00
2012/10/18	7.31	7.42	7.19	7.32	1489485	24868326.00
2012/10/19	7.33	7.48	7.32	7.42	1395015	23571852.00
2012/10/22	7.43	7.57	7.40	7.45	1357290	23165974.00
2012/10/23	7.49	7.50	7.27	7.29	1358101	22746116.00
2012/10/24	7.29	7.31	7.20	7.20	1051337	17398152.00
2012/10/25	7.20	7.23	7.02	7.02	808815	13156059.00
2012/10/26	7.02	7.09	6.82	6.82	754476	11967932.00
2012/10/29	6.79	6.88	6.79	6.82	457400	7158419.50
2012/10/30	6.89	6.94	6.73	6.77	350019	5480742.50
2012/10/31	6.79	6.85	6.71	6.82	362560	5618138.00
2012/11/01	6.80	6.94	6.78	6.91	517041	8143784.50
2012/11/02	6.92	6.95	6.80	6.86	424926	6660182.50
2012/11/05	6.86	6.91	6.64	6.66	631391	9761761.00
2012/11/06	6.71	6.75	6.53	6.63	417612	6313508.50
2012/11/07	6.64	6.71	6.59	6.66	348737	5304748.00
2012/11/08	6.58	6.63	6.44	6.44	402401	6008805.00
2012/11/09	6.42	6.55	6.38	6.48	235581	3485330.75
2012/11/12	6.48	6.54	6.46	6.49	200001	2975489.75
2012/11/13	6.49	6.52	6.33	6.33	243900	3575833.75
2012/11/14	6.33	6.33	6.14	6.25	378157	5390716.50
2012/11/15	6.25	6.30	6.16	6.17	271586	3872794.25
2012/11/16	6.27	6.27	6.17	6.23	160721	2288825.00
2012/11/19	6.33	6.33	6.22	6.28	201233	2898688.50
2012/11/20	6.35	6.35	6.22	6.29	128563	1854131.00
2012/11/21	6.36	6.37	6.24	6.37	285043	4122902.25
2012/11/22	6.33	6.39	6.25	6.28	185700	2689139.00
2012/11/23	6.26	6.34	6.26	6.31	187316	2704870.00
2012/11/26	6.31	6.35	6.25	6.29	123500	1781709.75
2012/11/27	6.31	6.31	5.94	5.95	285700	3958936.25
2012/11/28	5.92	5.94	5.66	5.69	326500	4290442.50
2012/11/29	5.70	5.82	5.46	5.57	315900	4061016.00
2012/11/30	5.54	5.63	5.38	5.62	384327	4858880.00
2012/12/03	5.57	5.61	5.31	5.31	249190	3142157.50
2012/12/04	5.43	5.43	5.21	5.38	383309	4698703.00
2012/12/05	5.34	5.66	5.34	5.61	489675	6248612.00
2012/12/06	5.60	5.63	5.54	5.57	297611	3828351.00
2012/12/07	5.54	5.70	5.54	5.70	344814	4474569.50
2012/12/10	5.70	6.06	5.68	5.88	643523	8676946.00
2012/12/11	5.88	6.00	5.82	5.86	412696	5609970.00
2012/12/12	5.82	5.92	5.75	5.83	306415	4083110.25
2012/12/13	5.79	5.82	5.67	5.67	224588	2957981.25
2012/12/14	5.70	6.00	5.69	5.89	522524	7045634.50
2012/12/17	5.88	6.01	5.88	5.92	454643	6189707.00
2012/12/18	5.92	5.98	5.82	5.98	392558	5337706.00
2012/12/19	5.98	6.01	5.90	5.98	379100	5182776.00
2012/12/20	5.98	5.98	5.83	5.92	402878	5457980.50
2012/12/21	5.96	6.01	5.87	5.96	610311	8332694.50
2012/12/24	5.95	6.14	5.95	6.11	720503	10034175.00
2012/12/25	6.13	6.29	6.10	6.25	732921	10466291.00
2012/12/26	6.29	6.41	6.23	6.41	829258	12044248.00
2012/12/27	6.42	6.45	6.22	6.22	842492	12240349.00
2012/12/28	6.22	6.33	6.20	6.26	523221	7499471.50
2012/12/31	6.27	6.35	6.27	6.30	360975	5215903.50
2013/01/04	6.35	6.35	6.08	6.18	640349	9085487.00
2013/01/07	6.18	6.19	6.06	6.19	561441	7888148.50
2013/01/08	6.19	6.41	6.14	6.37	906938	13084914.00
2013/01/09	6.37	6.49	6.30	6.44	1026015	15018998.00
2013/01/10	6.42	6.43	6.33	6.41	1042810	15252664.00
2013/01/11	6.41	6.59	6.31	6.33	1503260	22356520.00
2013/01/14	6.23	6.49	6.17	6.47	1014190	14904321.00
2013/01/15	6.47	6.67	6.47	6.64	1378964	20806766.00
2013/01/16	6.62	6.64	6.45	6.57	1015847	15218444.00
2013/01/17	6.57	6.86	6.50	6.58	1318056	20152100.00
2013/01/18	6.66	6.70	6.50	6.65	704668	10635389.00
2013/01/21	6.65	6.68	6.58	6.63	709457	10762255.00
2013/01/22	6.66	6.66	6.42	6.44	695845	10399891.00
2013/01/23	6.44	6.50	6.33	6.43	637312	9347112.00
2013/01/24	6.43	6.50	6.25	6.26	711588	10397086.00
2013/01/25	6.28	6.37	6.13	6.15	513280	7333742.50
2013/01/28	6.17	6.27	6.15	6.26	506310	7232000.50
2013/01/29	6.26	6.38	6.26	6.38	718387	10395752.00
2013/01/30	6.50	6.68	6.46	6.49	1208685	18075422.00
2013/01/31	6.42	6.48	6.28	6.34	687803	10021334.00
2013/02/01	6.32	6.37	6.28	6.34	409558	5947276.00
2013/02/04	6.48	6.48	6.30	6.34	373200	5444523.50
2013/02/05	6.30	6.40	6.29	6.39	401124	5836772.00
2013/02/06	6.48	6.48	6.33	6.39	465379	6816496.00
2013/02/07	6.37	6.42	6.33	6.38	433672	6328148.00
2013/02/08	6.42	6.50	6.37	6.48	580129	8568009.00
2013/02/18	6.51	6.54	6.44	6.52	624803	9286094.00
2013/02/19	6.58	7.19	6.58	7.06	5114235	82619048.00
2013/02/20	6.86	7.02	6.83	6.96	2514841	39838176.00
2013/02/21	6.92	7.03	6.72	6.75	1656864	26064786.00
2013/02/22	6.77	6.83	6.60	6.62	1172133	17986824.00
2013/02/25	6.71	6.75	6.63	6.72	785383	11994153.00
2013/02/26	6.70	6.70	6.58	6.58	794157	12047345.00
2013/02/27	6.63	6.66	6.48	6.50	758141	11367032.00
2013/02/28	6.50	6.62	6.45	6.62	942292	14132659.00
2013/03/01	6.59	6.74	6.57	6.73	1091511	16634722.00
2013/03/04	6.71	6.71	6.50	6.50	964420	14545593.00
2013/03/05	6.48	6.67	6.48	6.63	562330	8498951.00
2013/03/06	6.66	6.77	6.60	6.73	1138515	17478750.00
2013/03/07	6.71	6.96	6.69	6.77	1447491	22646254.00
2013/03/08	6.77	6.92	6.73	6.73	1018342	15894172.00
2013/03/11	6.73	6.90	6.72	6.82	640549	9966321.00
2013/03/12	6.81	6.83	6.42	6.47	1196188	18135886.00
2013/03/13	6.47	6.50	6.36	6.38	555997	8164661.50
2013/03/14	6.46	6.46	6.38	6.40	362584	5322990.50
2013/03/15	6.43	6.45	6.30	6.37	513948	7519896.50
2013/03/18	6.36	6.40	6.28	6.31	429357	6235217.50
2013/03/19	6.30	6.35	6.21	6.28	376525	5423601.50
2013/03/20	6.32	6.46	6.24	6.44	508753	7455884.00
2013/03/21	6.42	6.71	6.42	6.68	1237034	18726034.00
2013/03/22	6.59	6.64	6.50	6.58	809940	12166085.00
2013/03/25	6.63	6.63	6.46	6.48	492190	7355449.00
2013/03/26	6.48	6.53	6.34	6.41	413030	6073657.00
2013/03/27	6.42	6.57	6.42	6.49	485296	7230856.50
2013/03/28	6.46	6.46	6.29	6.33	512827	7445407.50
2013/03/29	6.29	6.46	6.29	6.45	472890	6878742.50
2013/04/01	6.46	6.77	6.44	6.62	656765	9908346.00
2013/04/02	6.64	6.67	6.47	6.50	362105	5444749.50
2013/04/03	6.63	6.63	6.37	6.42	250423	3694631.75
2013/04/08	6.44	6.60	6.28	6.53	341580	5039674.50
2013/04/09	6.58	6.66	6.55	6.63	687703	10396899.00
2013/04/10	6.63	6.68	6.43	6.53	568103	8542938.00
2013/04/11	6.52	6.58	6.45	6.46	318122	4734939.00
2013/04/12	6.33	6.49	6.33	6.38	173567	2547527.50
2013/04/15	6.38	6.47	6.34	6.38	133061	1947692.75
2013/04/16	6.37	6.58	6.35	6.55	426618	6346632.50
2013/04/17	6.55	6.59	6.49	6.56	438900	6595467.50
2013/04/18	6.56	6.76	6.50	6.63	1429909	21818604.00
2013/04/19	6.55	6.72	6.55	6.67	1223674	18693080.00
2013/04/22	6.63	6.75	6.60	6.71	758073	11586520.00
2013/04/23	6.67	6.74	6.45	6.46	918735	13819221.00
2013/04/24	6.58	6.59	6.44	6.58	438510	6552270.00
2013/04/25	6.54	6.72	6.52	6.58	1136110	17294696.00
2013/04/26	6.50	6.55	6.30	6.30	794598	11620880.00
2013/05/02	6.33	6.33	6.14	6.22	447325	6372620.50
2013/05/03	6.32	6.36	6.19	6.33	323774	4688480.00
2013/05/06	6.39	6.47	6.32	6.43	300533	4423002.50
2013/05/07	6.44	6.64	6.38	6.58	938607	14052337.00
2013/05/08	6.57	6.62	6.49	6.58	732611	10970052.00
2013/05/09	6.63	6.75	6.51	6.75	1825905	27808376.00
2013/05/10	6.75	6.77	6.59	6.68	1168440	17858742.00
2013/05/13	6.72	6.81	6.64	6.79	1389015	21392536.00
2013/05/14	6.78	6.82	6.58	6.64	867752	13222294.00
2013/05/15	6.64	6.82	6.56	6.82	1360602	20951928.00
2013/05/16	6.79	6.96	6.72	6.74	1920263	30094318.00
2013/05/17	6.74	7.12	6.67	7.00	2879568	45574168.00
2013/05/20	6.96	7.16	6.96	7.09	2325216	37592924.00
2013/05/21	7.12	7.15	7.01	7.09	1408097	22794848.00
2013/05/22	7.07	7.12	6.85	6.96	1638206	26074678.00
2013/05/23	6.95	7.10	6.87	6.95	1271583	20309244.00
2013/05/24	6.91	6.99	6.83	6.98	1440595	22772384.00
2013/05/27	6.97	7.24	6.92	7.23	2344629	38156804.00
2013/05/28	7.22	7.28	7.04	7.14	1609665	26290340.00
2013/05/29	7.13	7.24	7.09	7.16	932647	15289439.00
2013/05/30	7.18	7.18	6.97	7.02	1087772	17536826.00
2013/05/31	7.00	7.08	6.90	6.92	872328	13966999.00
2013/06/03	6.95	7.04	6.90	6.95	834893	13305308.00
2013/06/04	6.93	6.93	6.69	6.82	1239542	19164734.00
2013/06/05	6.82	6.86	6.71	6.83	723057	11202558.00
2013/06/06	6.78	6.84	6.71	6.82	834275	12904326.00
2013/06/07	6.81	6.97	6.69	6.75	560190	8713083.00
2013/06/13	6.71	6.71	6.44	6.51	448070	6662412.50
2013/06/14	6.66	6.71	6.58	6.71	594434	9070279.00
2013/06/17	6.70	6.75	6.59	6.68	411483	6290884.00
2013/06/18	6.70	6.70	6.51	6.58	355107	5365075.00
2013/06/19	6.63	6.63	6.39	6.49	584123	8670734.00
2013/06/20	7.00	7.00	6.49	6.50	1151727	17707754.00
2013/06/21	6.25	6.41	6.24	6.40	543174	7756248.50
2013/06/24	6.34	6.40	6.02	6.03	603660	8391386.00
2013/06/25	6.03	6.11	5.60	5.98	546426	7150156.00
2013/06/26	6.02	6.06	5.89	6.00	638633	8618834.00
2013/06/27	6.04	6.04	5.62	5.69	575148	7654580.00
2013/06/28	5.70	5.84	5.49	5.56	529142	6751134.50
2013/07/01	5.56	5.75	5.34	5.71	1028554	12830088.00
2013/07/02	5.65	5.73	5.58	5.73	828850	10633218.00
2013/07/03	5.73	5.74	5.63	5.72	446036	5730270.50
2013/07/04	5.70	5.96	5.63	5.82	691334	9051952.00
2013/07/05	5.83	5.83	5.65	5.67	613188	7977959.00
2013/07/08	5.63	5.63	5.41	5.41	490899	6062543.50
2013/07/09	5.44	5.46	5.31	5.35	537474	6538938.50
2013/07/10	5.36	5.57	5.36	5.55	504443	6234928.00
2013/07/11	5.62	5.80	5.54	5.72	852299	10915836.00
2013/07/12	5.64	5.94	5.55	5.71	1314021	16962328.00
2013/07/15	5.67	5.83	5.60	5.73	794212	10187642.00
2013/07/16	5.71	5.78	5.64	5.77	807304	10430662.00
2013/07/17	5.77	5.77	5.60	5.60	673900	8645816.00
2013/07/18	5.58	5.62	5.54	5.58	495730	6257797.50
2013/07/19	5.62	5.67	5.43	5.43	547803	6892914.00
2013/07/22	5.36	5.50	5.36	5.49	493183	6053795.50
2013/07/23	5.49	5.68	5.49	5.66	680119	8595074.00
2013/07/24	5.66	5.70	5.55	5.66	724588	9215013.00
2013/07/25	5.71	5.71	5.56	5.59	640739	8130320.00
2013/07/26	5.61	6.16	5.56	5.96	2576517	34035816.00
2013/07/29	5.84	6.03	5.82	6.00	2042294	27404258.00
2013/07/30	5.95	6.15	5.90	5.97	1507045	20460360.00
2013/07/31	6.00	6.00	5.80	5.83	1208866	16090154.00
2013/08/01	5.90	5.98	5.78	5.96	952417	12686555.00
2013/08/02	5.96	6.04	5.90	5.93	1209324	16329350.00
2013/08/05	5.90	6.32	5.88	6.29	1821641	25275194.00
2013/08/06	6.21	6.34	6.17	6.27	1536534	21749616.00
2013/08/07	6.24	6.29	6.03	6.08	1315834	18206224.00
2013/08/08	6.08	6.23	6.06	6.14	697289	9673889.00
2013/08/09	6.14	6.17	5.90	6.03	831306	11397630.00
2013/08/12	6.03	6.11	6.03	6.09	561056	7698184.00
2013/08/13	6.09	6.24	6.09	6.15	698105	9704574.00
2013/08/14	6.17	6.25	6.12	6.17	758382	10577841.00
2013/08/15	6.17	6.37	6.16	6.19	1212605	17185462.00
2013/08/16	6.11	6.20	5.97	5.97	720301	9876194.00
2013/08/19	6.02	6.09	5.93	6.05	361731	4919761.50
2013/08/20	6.02	6.10	5.92	5.99	537344	7283115.50
2013/08/21	5.93	6.08	5.91	6.07	391298	5328829.00
2013/08/22	5.98	6.13	5.98	6.08	374636	5144246.00
2013/08/23	6.07	6.16	5.94	6.06	642738	8803142.00
2013/08/26	6.07	6.24	5.98	6.18	651160	9030790.00
2013/08/27	6.19	6.25	6.13	6.24	729681	10214500.00
2013/08/28	6.16	6.24	6.04	6.08	821153	11368674.00
2013/08/29	6.04	6.13	5.98	5.98	684933	9302551.00
2013/08/30	5.97	6.02	5.74	5.75	960804	12683097.00
2013/09/02	5.71	5.88	5.71	5.88	321225	4219261.00
2013/09/03	5.88	5.91	5.83	5.91	411138	5444720.00
2013/09/04	5.86	5.96	5.86	5.94	353399	4731288.50
2013/09/05	5.99	6.01	5.91	5.98	454022	6125461.50
2013/09/06	5.97	6.06	5.93	6.04	612455	8322877.50
2013/09/09	6.09	6.09	6.00	6.03	618237	8429026.00
2013/09/10	6.04	6.08	5.97	6.01	712791	9674437.00
2013/09/11	6.01	6.40	5.92	6.38	1987474	27409998.00
2013/09/12	6.20	6.80	6.16	6.42	3883346	57023004.00
2013/09/13	6.32	6.33	6.11	6.17	1603781	22337924.00
2013/09/16	6.17	6.19	6.03	6.10	1154106	15861458.00
2013/09/17	6.13	6.13	5.93	5.94	767512	10395323.00
2013/09/18	5.96	6.02	5.96	6.02	465955	6295254.00
2013/09/23	6.04	6.17	6.02	6.12	527114	7268579.00
2013/09/24	6.13	6.25	6.08	6.15	901388	12549290.00
2013/09/25	6.19	6.20	6.06	6.12	529842	7304973.00
2013/09/26	6.12	6.12	6.01	6.01	456917	6250438.00
2013/09/27	6.00	6.08	5.98	6.05	426325	5794979.00
2013/09/30	6.07	6.13	6.04	6.09	343368	4721342.50
2013/10/08	6.08	6.21	5.98	6.17	573690	7978736.00
2013/10/09	6.14	6.22	6.13	6.21	833606	11634599.00
2013/10/10	6.22	6.26	6.16	6.16	743190	10399845.00
2013/10/11	6.19	6.24	6.17	6.21	632149	8863204.00
2013/10/14	6.25	6.27	6.18	6.21	705539	9899200.00
2013/10/15	6.25	6.29	6.21	6.25	708880	9980711.00
2013/10/16	6.25	6.25	6.02	6.06	583313	8065598.00
2013/10/17	6.09	6.22	6.06	6.08	627642	8686768.00
2013/10/18	6.12	6.14	6.07	6.11	376309	5190155.00
2013/10/21	6.12	6.25	6.11	6.20	826145	11570111.00
2013/10/22	6.18	6.31	6.18	6.29	943092	13322106.00
2013/10/23	6.32	6.32	6.11	6.13	687590	9623048.00
2013/10/24	6.13	6.22	6.09	6.12	318681	4415713.00
2013/10/25	6.13	6.22	5.89	5.93	662761	9038230.00
2013/10/28	5.91	6.02	5.80	5.90	351414	4674062.00
2013/10/29	5.96	5.96	5.52	5.83	772361	9987276.00
2013/10/30	5.74	5.79	5.61	5.79	375087	4856071.50
2013/10/31	5.79	5.82	5.65	5.79	443945	5757670.00
2013/11/01	5.80	5.82	5.71	5.78	301651	3916098.75
2013/11/04	5.81	5.84	5.70	5.78	311205	4062181.50
2013/11/05	5.79	5.84	5.71	5.84	375216	4892442.00
2013/11/06	5.82	5.86	5.75	5.76	319765	4199522.50
2013/11/07	5.82	5.84	5.72	5.74	301038	3924821.25
2013/11/08	5.75	5.77	5.59	5.71	274272	3514392.75
2013/11/11	5.66	5.75	5.62	5.73	228271	2940325.75
2013/11/12	5.75	5.87	5.67	5.82	396124	5197280.50
2013/11/13	5.86	5.86	5.76	5.78	291430	3824553.50
2013/11/14	5.82	5.95	5.75	5.93	499777	6629391.00
2013/11/15	5.93	6.06	5.89	6.01	630590	8547671.00
2013/11/18	6.09	6.09	6.00	6.07	530953	7261470.00
2013/11/19	6.12	6.12	6.01	6.04	526520	7189736.00
2013/11/20	6.08	6.13	6.04	6.11	469312	6458662.00
2013/11/21	6.11	6.14	5.99	6.04	408517	5587099.50
2013/11/22	6.10	6.11	5.99	6.01	260990	3558973.00
2013/11/25	6.01	6.10	6.00	6.06	341878	4672295.50
2013/11/26	6.04	6.20	6.03	6.14	554423	7686521.00
2013/11/27	6.15	6.23	6.12	6.20	599896	8385465.00
2013/11/28	6.22	6.29	6.17	6.18	714336	10001637.00
2013/11/29	6.20	6.37	6.16	6.34	1357486	19321792.00
2013/12/02	6.20	6.20	5.92	5.96	1222312	16775437.00
2013/12/03	5.96	6.07	5.86	6.06	495477	6688706.00
2013/12/04	6.05	6.21	6.02	6.14	663695	9215396.00
2013/12/05	6.14	6.33	6.09	6.23	1139967	16091917.00
2013/12/06	6.21	6.32	6.17	6.18	609494	8559478.00
2013/12/09	6.20	6.40	6.20	6.32	958310	13674601.00
2013/12/10	6.32	6.36	6.26	6.29	643691	9158647.00
2013/12/11	6.25	6.38	6.20	6.22	684719	9716631.00
2013/12/12	6.21	6.33	6.21	6.30	556547	7909531.00
2013/12/13	6.25	6.45	6.25	6.41	1052411	15197175.00
2013/12/16	6.41	6.46	6.25	6.27	790836	11346194.00
2013/12/17	6.28	6.54	6.25	6.46	1375713	19909566.00
2013/12/18	6.46	6.51	6.34	6.42	837381	12101783.00
2013/12/19	6.42	6.45	6.30	6.31	594399	8551358.00
2013/12/20	6.29	6.40	6.13	6.15	755833	10649117.00
2013/12/23	6.14	6.25	6.00	6.12	424368	5849339.00
2013/12/24	6.13	6.21	6.11	6.17	421327	5857430.00
2013/12/25	6.17	6.36	6.14	6.36	760626	10791396.00
2013/12/26	6.38	6.38	6.26	6.30	724755	10347140.00
2013/12/27	6.31	6.52	6.31	6.49	1293623	18865376.00
2013/12/30	6.43	6.54	6.41	6.46	664169	9684252.00
2013/12/31	6.42	6.52	6.39	6.50	982313	14319152.00
2014/01/02	6.49	6.52	6.39	6.51	903286	13186739.00
2014/01/03	6.51	6.55	6.40	6.44	853394	12428329.00
2014/01/06	6.42	6.44	6.19	6.22	780160	11079744.00
2014/01/07	6.21	6.38	6.19	6.37	701445	9978448.00
2014/01/08	6.37	6.43	6.31	6.36	601775	8640935.00
2014/01/09	6.32	6.51	6.26	6.31	901925	13087357.00
2014/01/10	6.27	6.34	6.05	6.13	868814	12064317.00
2014/01/13	6.18	6.45	6.10	6.45	1900991	27254834.00
2014/01/14	6.40	6.73	6.40	6.55	2421156	35784520.00
2014/01/15	6.42	6.62	6.37	6.61	1749045	25738404.00
2014/01/16	6.62	6.63	6.47	6.58	1330671	19728044.00
2014/01/17	6.56	6.62	6.47	6.56	899970	13288548.00
2014/01/20	6.54	6.58	6.34	6.40	957192	13925714.00
2014/01/21	6.38	6.69	6.36	6.67	1513715	22375654.00
2014/01/22	6.70	6.71	6.60	6.69	1444534	21709294.00
2014/01/23	6.66	6.83	6.66	6.73	1823521	27901884.00
2014/01/24	6.71	6.87	6.70	6.77	1360699	20867302.00
2014/01/27	6.75	6.75	6.61	6.65	939207	14138085.00
2014/01/28	6.63	6.75	6.56	6.74	659516	9933255.00
2014/01/29	6.78	6.82	6.69	6.78	645143	9805177.00
2014/01/30	6.79	6.79	6.65	6.72	558985	8452362.00
2014/02/07	6.70	6.92	6.61	6.88	855517	13038471.00
2014/02/10	6.87	7.08	6.84	7.00	1217976	19247000.00
2014/02/11	7.00	7.18	6.92	7.04	1785082	28538364.00
2014/02/12	7.04	7.36	7.01	7.28	2087757	33936808.00
2014/02/13	7.27	7.31	7.05	7.08	1250853	20228726.00
2014/02/14	7.09	7.22	6.96	7.16	1557492	24890888.00
2014/02/17	7.18	7.25	7.10	7.22	1492671	24152590.00
2014/02/18	7.18	7.67	7.06	7.53	2832368	46877900.00
2014/02/19	7.46	7.58	7.40	7.45	1886235	31839238.00
2014/02/20	7.50	7.52	7.13	7.16	1540931	25159906.00
2014/02/21	7.16	7.19	7.04	7.13	1029443	16489098.00
2014/02/24	7.14	7.18	6.99	7.18	850665	13572443.00
2014/02/25	7.20	7.22	6.67	6.79	1306911	20549338.00
2014/02/26	6.75	6.91	6.56	6.86	739453	11330871.00
2014/02/27	6.86	7.00	6.79	6.86	910061	14187040.00
2014/02/28	6.85	6.92	6.67	6.88	658286	10099444.00
2014/03/03	6.88	7.07	6.83	7.02	522056	8207020.00
2014/03/04	7.04	7.04	6.84	6.94	592171	9285543.00
2014/03/05	6.93	7.08	6.93	7.00	563127	8909958.00
2014/03/06	7.00	7.06	6.87	7.00	476850	7501543.50
2014/03/07	7.02	7.03	6.92	7.00	438424	6904796.00
2014/03/10	6.96	6.96	6.57	6.57	827963	12545340.00
2014/03/11	6.60	6.76	6.54	6.66	401472	6025393.50
2014/03/12	6.62	6.65	6.52	6.56	415767	6173019.00
2014/03/13	6.57	6.64	6.54	6.60	422954	6283637.50
2014/03/14	6.56	6.63	6.47	6.59	368217	5446758.00
2014/03/17	6.60	6.73	6.50	6.73	401616	6049593.00
2014/03/18	6.73	6.82	6.67	6.69	341343	5197277.00
2014/03/19	6.71	6.80	6.67	6.80	476083	7253655.00
2014/03/20	6.80	7.02	6.75	6.82	1079483	16796870.00
2014/03/21	6.79	6.94	6.61	6.93	877189	13460212.00
2014/03/24	6.88	7.08	6.88	6.96	844308	13329076.00
2014/03/25	6.96	7.06	6.91	6.97	543614	8559110.00
2014/03/26	7.00	7.00	6.87	6.94	594261	9278026.00
2014/03/27	6.96	6.99	6.83	6.83	461950	7193047.50
2014/03/28	6.79	6.83	6.58	6.58	509061	7655857.00
2014/03/31	6.56	6.63	6.49	6.52	287940	4244389.00
2014/04/01	6.55	6.65	6.49	6.64	346790	5165954.00
2014/04/02	6.60	6.65	6.53	6.59	331923	4935240.50
2014/04/03	6.61	6.66	6.56	6.62	290760	4337232.00
2014/04/04	6.56	6.85	6.56	6.83	837040	12678034.00
2014/04/08	6.75	7.31	6.75	7.29	1500939	23786944.00
2014/04/09	7.24	7.24	7.03	7.21	2017319	32430550.00
2014/04/10	7.17	7.17	7.00	7.02	1477869	23566830.00
2014/04/11	7.02	7.08	6.91	7.03	750810	11879242.00
2014/04/14	7.03	7.09	6.96	7.06	519942	8270001.50
2014/04/15	7.04	7.09	6.97	6.98	470738	7462509.00
2014/04/16	6.96	7.15	6.92	7.13	852482	13656287.00
2014/04/17	7.12	7.18	6.92	6.96	814815	12930402.00
2014/04/18	6.97	7.06	6.94	6.99	386803	6106549.50
2014/04/21	7.02	7.03	6.81	6.83	483801	7579529.50
2014/04/22	6.73	6.82	6.60	6.67	665952	10016905.00
2014/04/23	6.67	6.73	6.65	6.67	278545	4199306.00
2014/04/24	6.67	6.93	6.67	6.89	674815	10433939.00
2014/04/25	6.84	7.02	6.67	6.69	429182	6618642.50
2014/04/28	6.74	6.74	6.28	6.42	708756	10254721.00
2014/04/29	6.42	6.50	6.29	6.47	268297	3871705.50
2014/04/30	6.42	6.49	6.30	6.47	274412	3977003.25
2014/05/05	6.47	6.49	6.38	6.47	203638	2959055.75
2014/05/06	6.46	6.61	6.46	6.56	295760	4379617.00
2014/05/07	6.56	6.66	6.47	6.58	425569	6315443.00
2014/05/08	6.55	6.67	6.39	6.51	447811	6622897.00
2014/05/09	6.51	6.58	6.43	6.47	215521	3155538.75
2014/05/12	6.53	6.63	6.47	6.62	337607	5021081.00
2014/05/13	6.67	6.67	6.57	6.58	238419	3555156.75
2014/05/14	6.55	6.60	6.45	6.60	171917	2545931.50
2014/05/15	6.58	6.62	6.54	6.54	280503	4166079.75
2014/05/16	6.52	6.57	6.38	6.55	199495	2916457.50
2014/05/19	6.47	6.55	6.45	6.49	151486	2212530.75
2014/05/20	6.49	6.56	6.47	6.56	204700	3008512.75
2014/05/21	6.54	6.54	6.42	6.53	210668	3086594.25
2014/05/22	6.59	6.65	6.51	6.56	375740	5544241.50
2014/05/23	6.54	6.63	6.54	6.61	272734	4022642.50
2014/05/26	6.61	7.13	6.59	7.05	1742099	26788658.00
2014/05/27	7.01	7.03	6.81	6.88	2057419	31840072.00
2014/05/28	6.82	6.88	6.72	6.84	923935	14055670.00
2014/05/29	6.83	6.90	6.75	6.79	516170	7862188.50
2014/05/30	6.80	6.83	6.72	6.80	436431	6626766.50
2014/06/03	6.83	6.86	6.79	6.80	412892	6308636.00
2014/06/04	6.77	6.79	6.61	6.67	412458	6167667.00
2014/06/05	6.72	6.80	6.61	6.76	313443	4715176.50
2014/06/06	6.75	6.83	6.74	6.79	505945	7689493.00
2014/06/09	6.76	6.83	6.70	6.77	297558	4520223.50
2014/06/10	6.79	6.86	6.73	6.86	442509	6751665.00
2014/06/11	6.85	6.90	6.81	6.89	412692	6345679.00
2014/06/12	6.88	6.92	6.81	6.81	386950	5954907.50
2014/06/13	6.83	7.05	6.76	6.95	1215174	18988736.00
2014/06/16	6.95	7.07	6.93	7.05	981261	15437083.00
2014/06/17	7.05	7.05	6.88	6.96	544865	8488196.00
2014/06/18	6.92	6.98	6.88	6.92	401625	6225303.50
2014/06/19	6.94	6.94	6.56	6.76	589299	8923719.00
2014/06/20	6.70	7.44	6.45	7.44	4650088	74800088.00
2014/06/23	7.64	7.67	7.20	7.48	6245885	103068064.00
2014/06/24	7.37	7.40	7.25	7.28	2380562	38968620.00
2014/06/25	7.23	7.46	7.22	7.25	2359354	38747128.00
2014/06/26	7.21	7.44	7.18	7.34	1747568	28654346.00
2014/06/27	7.28	7.36	7.21	7.23	1600262	26099728.00
2014/06/30	7.23	7.39	7.21	7.37	1324455	21636368.00
2014/07/01	7.36	7.66	7.31	7.53	2677517	45072196.00
2014/07/02	7.38	7.39	7.24	7.28	2578720	42179300.00
2014/07/03	7.23	7.38	7.21	7.32	1371324	22398314.00
2014/07/04	7.33	7.37	7.25	7.32	835951	13671202.00
2014/07/07	7.32	7.46	7.25	7.38	1056416	17452464.00
2014/07/08	7.39	7.52	7.37	7.46	1333591	22248168.00
2014/07/09	7.46	7.50	7.24	7.24	1529300	25176054.00
2014/07/10	7.24	7.29	7.10	7.15	1079229	17353184.00
2014/07/11	7.13	7.25	7.11	7.17	1147535	18476002.00
2014/07/14	7.20	7.23	7.11	7.23	1316801	21167122.00
2014/07/15	7.22	7.23	7.14	7.18	727833	11698350.00
2014/07/16	7.18	7.21	6.99	7.01	1033408	16366727.00
2014/07/17	7.02	7.07	6.99	7.01	676362	10663891.00
2014/07/18	7.01	7.09	7.00	7.01	800139	12610395.00
2014/07/21	7.00	7.08	6.92	7.03	651919	10249763.00
2014/07/22	7.03	7.10	6.99	7.06	1015514	16037428.00
2014/07/23	7.06	7.10	6.90	6.92	1044791	16359170.00
2014/07/30	7.05	7.26	7.03	7.20	2632938	42142228.00
2014/07/31	7.14	7.19	7.08	7.17	1196600	19167552.00
2014/08/01	7.16	7.21	7.09	7.10	1361053	21715466.00
2014/08/04	7.10	7.24	7.09	7.20	1594130	25637506.00
2014/08/05	7.20	7.28	7.18	7.23	1393498	22556444.00
2014/08/06	7.24	7.37	7.17	7.24	1247200	20237548.00
2014/08/07	7.24	7.26	7.10	7.12	1505987	24284818.00
2014/08/08	7.08	7.18	7.04	7.12	1095799	17441426.00
2014/08/11	7.15	7.30	7.12	7.30	1782094	28887914.00
2014/08/12	7.31	7.35	7.23	7.33	1438649	23521906.00
2014/08/13	7.30	7.36	7.22	7.30	1449273	23584380.00
2014/08/14	7.30	7.46	7.27	7.35	2307438	38202700.00
2014/08/15	7.33	7.46	7.30	7.39	1657600	27430226.00
2014/08/18	7.38	7.48	7.36	7.45	1679705	27920504.00
2014/08/19	7.46	7.49	7.40	7.48	1789230	29858094.00
2014/08/20	7.47	7.51	7.42	7.48	1534225	25649436.00
2014/08/21	7.47	7.58	7.42	7.56	1785067	30069392.00
2014/08/22	7.63	8.32	7.63	7.88	4923466	87952832.00
2014/08/25	7.86	7.99	7.71	7.78	2675385	46984936.00
2014/08/26	7.77	7.77	7.46	7.51	2535115	43151968.00
2014/08/27	7.46	7.63	7.46	7.61	1451519	24566318.00
2014/08/28	7.56	7.61	7.40	7.46	1503149	25223840.00
2014/08/29	7.46	7.56	7.42	7.55	1033379	17380636.00
2014/09/01	7.55	7.77	7.54	7.72	2267945	39028700.00
2014/09/02	7.68	7.77	7.64	7.77	2956878	51180636.00
2014/09/03	7.79	7.82	7.68	7.81	2247997	39027260.00
2014/09/04	7.81	7.93	7.74	7.88	2104541	36944552.00
2014/09/05	7.85	7.85	7.70	7.78	2641611	45907568.00
2014/09/09	7.78	7.79	7.70	7.76	2242656	38932832.00
2014/09/10	7.75	8.02	7.73	7.97	3889254	68823968.00
2014/09/11	7.95	8.03	7.76	7.88	3437485	60947616.00
2014/09/12	7.86	8.24	7.79	8.19	5344963	96886240.00
2014/09/15	8.21	8.48	8.18	8.31	7695424	143521024.00
2014/09/16	8.29	8.29	7.83	7.92	4816811	87923744.00
2014/09/17	7.92	8.12	7.86	8.03	2521768	45176484.00
2014/09/18	8.00	8.09	7.94	8.00	1897984	34048760.00
2014/09/19	7.97	8.07	7.91	8.06	2161038	38745256.00
2014/09/22	8.04	8.04	7.82	7.87	1984525	35136704.00
2014/09/23	7.87	8.07	7.87	8.07	1897238	34004436.00
2014/09/24	8.05	8.29	8.00	8.19	2587431	47363756.00
2014/09/25	8.19	8.27	8.12	8.17	2252504	41475952.00
2014/09/26	8.10	8.21	7.99	8.10	2080880	37649756.00
2014/09/29	8.08	8.25	8.04	8.25	3072964	55861128.00
2014/09/30	8.24	8.40	8.20	8.35	2716255	50624880.00
2014/10/08	8.37	8.41	8.27	8.37	1715076	32054784.00
2014/10/09	8.37	8.43	8.19	8.31	2234563	41630972.00
2014/10/10	8.30	8.30	8.15	8.21	2108383	38755756.00
2014/10/13	8.14	8.41	8.09	8.41	2354711	43409304.00
2014/10/14	8.42	8.46	8.23	8.45	2808844	52754936.00
2014/10/15	8.37	8.57	8.26	8.56	3190500	60311176.00
2014/10/16	8.50	8.67	8.39	8.39	2965194	56854260.00
2014/10/17	8.39	8.43	7.92	8.15	2444781	44816856.00
2014/10/20	8.18	8.24	8.08	8.16	1401482	25592888.00
2014/10/21	8.15	8.30	8.11	8.13	1397899	25652904.00
2014/10/22	8.12	8.12	7.80	7.86	2048562	36605964.00
2014/10/23	7.84	7.94	7.67	7.75	1477729	25815678.00
2014/10/24	7.74	7.83	7.70	7.75	923159	16074112.00
2014/10/27	7.73	7.86	7.72	7.81	971498	16932284.00
2014/10/28	7.83	8.00	7.83	7.97	1390020	24713266.00
2014/10/29	7.95	8.10	7.95	8.03	1606833	28939894.00
2014/10/30	8.00	8.10	7.92	8.00	1606274	28795750.00
2014/10/31	8.01	8.17	7.95	8.04	1418810	25605390.00
2014/11/03	8.04	8.24	8.00	8.22	2329971	42464316.00
2014/11/04	8.23	8.29	8.15	8.18	1901494	35021612.00
2014/11/05	8.18	8.18	8.04	8.09	1211168	21990226.00
2014/11/06	8.11	8.28	8.08	8.26	1600422	29327532.00
2014/11/07	8.27	8.32	8.11	8.15	1727381	31914040.00
2014/11/10	8.20	8.31	8.10	8.30	1643322	30247010.00
2014/11/11	8.30	8.38	7.74	7.85	2993218	53712056.00
2014/11/12	7.75	7.91	7.75	7.90	1246091	21911496.00
2014/11/13	7.89	7.89	7.57	7.67	1870808	32233474.00
2014/11/14	7.63	7.75	7.60	7.71	968719	16646958.00
2014/11/17	7.66	7.80	7.61	7.75	1182227	20501216.00
2014/11/18	7.72	7.88	7.72	7.81	712606	12459355.00
2014/11/19	7.81	7.99	7.77	7.91	1094597	19362826.00
2014/11/20	7.88	8.02	7.81	7.82	905410	15998752.00
2014/11/21	7.82	7.88	7.77	7.83	921760	16162073.00
2014/11/24	7.90	7.95	7.86	7.88	1039131	18386420.00
2014/11/25	7.88	8.04	7.87	7.99	1668019	29680594.00
2014/11/26	7.98	8.13	7.98	8.13	1800826	32563616.00
2014/11/27	8.13	8.13	7.99	8.06	1357484	24495956.00
2014/11/28	8.04	8.15	8.00	8.04	1346072	24352758.00
2014/12/01	8.02	8.04	7.74	7.79	1844924	32404338.00
2014/12/02	7.81	7.96	7.75	7.87	1320199	23294778.00
2014/12/03	7.92	8.12	7.77	8.12	2554180	45311704.00
2014/12/04	8.04	8.18	8.04	8.14	1920596	34938320.00
2014/12/05	8.14	8.16	7.75	7.84	2663830	47130416.00
2015/01/19	7.05	7.05	7.05	7.05	1038800	16413040.00
2015/01/20	6.61	7.58	6.61	7.50	7001731	109087392.00
2015/01/21	7.29	7.43	7.17	7.37	5687521	93394176.00
2015/01/22	7.36	7.36	7.20	7.29	3093913	50348704.00
2015/01/23	7.29	7.30	7.18	7.21	1983501	32065406.00
2015/07/28	7.92	7.92	7.92	7.92	302064	5361636.00
2015/07/29	8.72	8.72	8.72	8.72	227621	4445438.00
2015/07/30	9.59	9.59	9.59	9.59	159015	3415642.25
2015/07/31	10.55	10.55	10.55	10.55	320689	7577881.00
2015/08/03	11.60	11.60	11.60	11.60	293174	7619592.50
2015/08/04	12.76	12.76	12.76	12.76	335720	9598235.00
2015/08/05	14.04	14.04	14.04	14.04	259276	8154230.00
2015/08/06	15.45	15.45	15.45	15.45	4928983	170542816.00
2015/08/07	16.99	16.99	16.99	16.99	15922057	605993472.00
2015/08/10	18.69	18.69	18.69	18.69	1595016	66783320.00
2015/08/11	20.56	20.56	19.20	20.56	23962811	1084247296.00
2015/08/12	20.51	22.00	19.71	19.87	15049423	709059648.00
2015/08/13	19.74	21.85	19.74	21.85	12750376	599895360.00
2015/08/14	23.43	24.04	21.92	22.32	15120294	780387392.00
2015/08/17	21.96	23.34	21.35	21.35	10768956	532032352.00
2015/08/18	21.96	23.48	21.21	21.54	16059974	821953280.00
2015/08/19	21.21	22.99	20.16	21.01	8618737	417799712.00
2015/11/18	23.12	23.12	23.12	23.12	1624032	84092376.00
2015/11/19	25.43	25.43	25.43	25.43	112002	6379634.00
2015/11/20	27.97	27.97	27.97	27.97	95271	5969681.00
2015/11/23	30.77	30.77	30.77	30.77	84087	5796117.00
2015/11/24	33.85	33.85	33.85	33.85	235963	17890714.00
2015/11/25	37.23	37.23	35.94	37.23	5892595	491126336.00
2015/11/26	39.73	40.96	36.16	36.47	17040058	1516399104.00
2015/11/27	37.06	39.68	36.48	37.85	10466324	888467136.00
2015/11/30	39.13	41.03	37.80	40.35	7655968	676967424.00
2015/12/01	40.09	42.50	36.32	36.32	10054294	889301568.00
2015/12/02	36.52	37.50	33.82	34.37	8953606	706960256.00
2015/12/03	34.82	35.70	33.53	34.82	5901421	460044352.00
2015/12/04	34.60	36.43	34.38	34.82	5428760	428646368.00
2015/12/07	34.42	37.01	34.40	36.51	5301193	424418496.00
2015/12/08	35.94	37.05	35.49	36.32	4051988	328528160.00
2015/12/09	36.60	37.49	33.13	33.50	6304753	494849664.00
2015/12/10	33.21	34.06	32.17	32.49	4274581	314941504.00
2015/12/11	32.14	32.81	31.70	31.88	2568366	185357456.00
2015/12/14	31.34	33.00	31.25	32.85	3808391	276164288.00
2015/12/15	32.85	33.47	32.69	33.32	2708425	201002208.00
2015/12/16	33.57	35.71	33.57	34.84	3278344	255100608.00
2015/12/17	34.84	35.71	34.44	35.31	3326889	260680096.00
2015/12/18	34.95	35.27	33.97	34.82	3109172	240620048.00
2015/12/21	34.82	35.09	33.70	33.75	2492558	190889072.00
2015/12/22	33.66	36.11	33.51	35.93	2940109	229613216.00
2015/12/23	37.05	39.24	36.61	37.05	4848069	411902336.00
2015/12/24	36.31	38.77	36.18	38.08	3581138	302395776.00
2015/12/25	38.39	39.24	37.63	38.47	2372530	205038848.00
2015/12/28	38.33	40.76	38.15	39.29	3072045	272052512.00
2015/12/29	39.30	39.48	37.14	37.74	2404008	205193152.00
2015/12/30	37.94	38.08	36.65	36.74	1856386	154327504.00
2015/12/31	36.52	37.61	35.73	36.28	1902155	156571664.00
2016/01/04	35.80	36.10	32.65	32.65	1653117	125610768.00
2016/01/05	29.48	30.71	29.39	29.39	4312884	287614336.00
2016/01/06	29.46	32.33	29.14	30.80	3896906	267647920.00
2016/01/07	30.04	30.04	27.72	27.79	1210897	77698760.00
2016/01/08	27.03	29.13	25.45	25.89	5102687	305102304.00
2016/01/11	25.00	26.85	24.17	25.49	5270153	304152800.00
2016/01/12	25.45	27.25	25.45	26.91	3838644	228878832.00
2016/01/13	26.92	27.18	24.80	25.58	2946167	172359536.00
2016/01/14	24.60	27.43	24.55	27.04	2358139	138995056.00
2016/01/15	26.83	27.41	25.04	26.15	2567098	151685776.00
2016/01/18	25.04	27.52	25.04	26.58	2650900	158255136.00
2016/01/19	26.62	27.35	25.71	27.19	2633689	158244816.00
2016/01/20	26.88	27.68	26.16	26.34	1838653	111372712.00
2016/01/21	25.67	26.67	25.00	25.00	2107075	122311800.00
2016/01/22	25.20	25.84	23.70	25.00	1893071	105165088.00
2016/01/25	25.23	25.74	24.57	24.73	1481362	83419424.00
2016/01/26	24.49	24.49	22.26	22.26	2304014	119080224.00
2016/01/27	22.26	22.28	20.49	22.05	2369156	113212960.00
2016/01/28	21.74	23.06	21.25	22.01	3086547	153913648.00
2016/01/29	21.82	23.86	21.52	23.61	1932412	100422632.00
2016/02/01	23.44	24.42	23.21	23.71	1661439	89235056.00
2016/02/02	23.71	24.75	23.36	23.75	2154145	116096032.00
2016/02/03	23.28	24.53	22.68	24.00	2465397	128612280.00
2016/02/04	23.96	26.40	23.90	26.40	2016898	114336864.00
2016/02/05	26.79	29.04	26.73	28.35	3028173	189482992.00
2016/02/15	27.85	28.77	27.06	28.22	2039895	126967512.00
2016/02/16	28.35	29.55	28.13	28.82	1959434	126760784.00
2016/02/17	28.13	29.00	27.76	27.86	1673439	106259136.00
2016/02/18	27.78	28.88	27.01	27.03	2254928	140013584.00
2016/02/19	26.79	27.33	26.03	26.56	2052617	121426152.00
2016/02/22	26.98	27.41	26.56	26.88	2205462	133485848.00
2016/02/23	26.78	26.88	25.25	25.67	4332971	250973024.00
2016/02/24	25.04	25.81	24.39	25.28	3591271	203006352.00
2016/02/25	25.07	26.01	22.75	22.75	4246339	231493520.00
2016/02/26	22.68	23.01	21.61	22.17	3117224	156269872.00
2016/02/29	22.49	22.76	19.95	19.96	2731821	126129128.00
2016/03/01	19.94	21.05	19.46	20.79	2795950	127455176.00
2016/03/02	20.63	22.54	20.63	22.28	2959929	142837856.00
2016/03/03	22.15	23.08	21.88	21.88	2024665	102467480.00
2016/03/04	21.83	22.24	20.58	20.84	1580261	75860400.00
2016/03/07	20.98	22.27	20.98	21.65	1852476	90087944.00
2016/03/08	21.65	23.50	20.74	23.29	2676588	132722104.00
2016/03/09	22.68	22.98	22.09	22.32	1947654	97966800.00
2016/03/10	22.22	22.54	20.76	20.85	1962680	94897944.00
2016/03/11	20.53	21.64	20.31	21.34	1377732	65071548.00
2016/03/14	21.65	23.19	21.49	22.42	1772624	89844696.00
2016/03/15	22.41	22.96	22.13	22.54	1167928	58906308.00
2016/03/16	22.79	23.35	22.10	22.67	1197517	60869524.00
2016/03/17	22.50	24.93	22.40	24.93	2523598	134610016.00
2016/03/18	25.45	27.05	25.40	26.39	3793229	223150880.00
2016/03/21	26.46	27.41	26.15	26.74	3041344	182550608.00
2016/03/22	26.34	27.27	26.08	26.38	1597270	95384376.00
2016/03/23	26.15	26.55	25.59	26.29	1665991	97137488.00
2016/03/24	25.71	28.80	25.46	27.45	2601862	157870128.00
2016/03/25	27.14	28.48	26.79	27.70	2222403	137193824.00
2016/03/28	27.89	29.46	27.81	29.00	2418377	156372400.00
2016/03/29	28.59	28.76	27.01	27.68	1684876	104515904.00
2016/03/30	27.86	29.00	27.32	28.79	1877654	118412504.00
2016/03/31	27.91	29.40	27.14	27.43	3465592	217754352.00
2016/04/01	27.15	27.66	26.17	26.52	1140129	68095880.00
2016/04/05	26.79	27.14	26.17	26.72	1666048	99425232.00
2016/04/06	26.96	27.90	26.70	27.01	1351239	82406032.00
2016/04/07	27.23	27.46	26.12	26.12	1345803	79858168.00
2016/04/08	26.03	26.58	25.84	26.42	1085184	63895220.00
2016/04/11	26.51	28.79	26.51	28.46	2926083	182818704.00
2016/04/12	28.57	29.46	27.90	28.50	2233120	144207952.00
2016/04/13	28.57	29.24	28.26	28.35	2108970	136257808.00
2016/04/14	28.39	29.22	28.38	28.97	1377700	89265616.00
2016/04/15	28.92	28.98	28.13	28.31	875791	55766144.00
2016/04/18	27.93	28.29	25.89	27.10	1919383	116735168.00
2016/04/19	27.23	29.24	26.84	29.00	2565842	163156784.00
2016/04/20	28.66	28.92	26.73	26.91	2166802	133758072.00
2016/04/21	26.91	27.37	26.58	26.74	818576	49469612.00
2016/04/22	26.38	27.66	26.03	27.46	867232	52250904.00
2016/04/25	27.19	30.13	26.81	30.13	2140106	138607856.00
2016/04/26	29.22	31.69	29.02	30.31	2389248	163086128.00
2016/04/27	30.03	31.90	29.66	29.96	1815771	125185208.00
2016/04/28	30.61	30.76	28.58	30.07	1783069	118525896.00
2016/04/29	29.41	31.23	29.41	30.23	1565933	107015568.00
2016/05/03	29.89	31.09	29.73	30.45	2068627	140701760.00
2016/05/04	30.36	31.99	30.36	31.44	2365298	166437728.00
2016/05/05	31.62	32.58	30.75	31.13	1924796	136002416.00
2016/05/06	31.11	31.63	28.56	28.79	3324098	221772624.00
2016/05/09	28.05	28.17	26.43	26.82	2840640	171473712.00
2016/05/10	27.43	27.66	26.17	26.22	1089634	65561200.00
2016/05/11	26.34	26.56	23.60	23.60	3985094	215158832.00
2016/05/12	22.71	23.86	21.89	23.54	3335738	170178288.00
2016/05/13	23.11	24.35	23.11	23.62	1882621	101386912.00
2016/05/16	24.15	25.98	24.15	25.98	2758849	157476768.00
2016/05/17	26.98	28.58	26.34	28.58	4142457	256287456.00
2016/05/18	28.57	28.86	26.85	27.98	3970314	246724032.00
2016/05/19	28.37	29.22	27.54	27.57	2362789	150355200.00
2016/05/20	27.30	28.42	26.43	28.33	1885334	116966640.00
2016/05/23	28.35	29.00	27.86	27.93	1939750	123697008.00
2016/05/24	28.04	28.29	27.46	27.72	826774	51446412.00
2016/05/25	28.03	28.99	27.72	28.87	1980210	126873000.00
2016/05/26	28.84	29.00	27.01	28.58	1814253	114613304.00
2016/05/27	28.58	29.10	28.13	28.53	1119570	72063288.00
2016/05/30	28.17	28.32	27.33	27.68	813427	50636972.00
2016/05/31	27.32	28.93	27.32	28.59	2062093	130259656.00
2016/06/01	28.57	29.22	28.38	28.44	2050665	131934472.00
2016/06/02	28.19	30.76	28.17	30.49	3093173	203087008.00
2016/06/03	30.13	30.78	29.60	29.82	2327230	157341376.00
2016/06/06	29.91	30.26	29.55	29.67	1182486	78932568.00
2016/06/07	29.64	30.25	29.31	29.80	1461487	97467544.00
2016/06/08	29.47	29.73	28.89	28.95	1403884	91594168.00
2016/06/13	28.20	28.71	26.39	26.70	1404166	87042576.00
2016/06/14	26.29	26.92	26.29	26.54	615572	36586324.00
2016/06/15	26.24	27.52	26.03	27.16	1378815	83797064.00
2016/06/16	26.96	27.50	25.44	25.80	2079678	123156672.00
2016/06/17	25.89	26.56	25.67	25.95	887821	51921028.00
2016/06/20	26.14	27.41	26.07	27.08	1365272	82587768.00
2016/06/21	27.10	27.90	26.37	26.61	1174547	71422208.00
2016/06/22	26.13	26.74	26.13	26.50	744190	44093920.00
2016/06/23	26.34	26.99	25.90	26.45	1092538	64434412.00
2016/06/24	26.35	26.91	24.84	25.34	1726218	98754168.00
2016/06/27	25.01	25.80	25.00	25.56	810290	46118072.00
2016/06/28	25.40	26.27	25.27	26.22	854412	49618276.00
2016/06/29	26.25	26.68	25.95	26.12	746186	43855900.00
2016/06/30	26.15	27.32	25.89	27.28	1807045	108697056.00
2016/07/01	27.14	27.56	26.58	27.49	1246767	75593160.00
2016/07/04	27.70	30.02	27.51	29.91	3916758	251558576.00
2016/07/05	29.52	29.76	28.80	29.17	3290132	214829216.00
2016/07/06	29.60	32.08	29.59	32.08	6539454	452648736.00
2016/07/07	31.71	32.28	30.80	31.57	3748923	263544384.00
2016/07/08	31.70	31.91	30.80	30.80	2012659	140578272.00
2016/07/11	30.58	31.16	29.70	30.21	2180237	147141200.00
2016/10/17	33.02	33.02	29.09	30.21	7446699	520415424.00
2016/10/18	29.41	30.11	28.84	29.88	4015567	264643120.00
2016/10/19	29.76	30.47	29.38	29.49	2379278	159525088.00
2016/10/20	29.26	29.89	28.84	29.36	1709322	112510768.00
2016/10/21	29.46	29.55	28.70	29.02	960368	62599312.00
2016/10/24	29.29	30.65	29.04	30.20	3095135	207433760.00
2016/10/25	30.08	31.04	29.57	30.33	2630427	179571232.00
2016/10/26	30.33	30.35	29.46	29.63	1258519	84291600.00
2016/10/27	29.47	29.76	29.17	29.60	1257025	83099544.00
2016/10/28	29.60	29.86	29.02	29.15	1098568	72483400.00
2016/10/31	28.93	28.95	26.90	27.68	2543969	158120080.00
2016/11/01	27.68	28.12	27.60	27.95	1052750	65875168.00
2016/11/02	27.94	28.29	27.68	28.17	1144987	71906680.00
2016/11/03	28.11	28.39	27.73	28.08	1211812	76076112.00
2016/11/04	28.08	28.60	27.80	27.90	1024069	64732904.00
2016/11/07	27.69	27.99	27.26	27.99	1114971	68847904.00
2016/11/08	28.06	28.79	27.75	28.29	1156487	73242304.00
2016/11/09	28.13	28.68	27.72	28.35	1083993	68491120.00
2016/11/10	28.58	29.28	28.52	28.94	1124578	72994208.00
2016/11/11	28.88	29.81	28.73	29.44	1291084	85126440.00
2016/11/14	29.77	30.98	29.49	30.80	2591767	176961264.00
2016/11/15	30.50	31.24	29.89	31.24	3005916	206037936.00
2016/11/16	31.26	34.37	31.26	33.30	4503820	335479840.00
2016/11/17	32.95	33.67	31.96	32.72	2782231	204401856.00
2016/11/18	33.13	35.99	33.13	34.11	4135515	321972864.00
2016/11/21	34.38	34.60	33.66	34.21	2640002	202309376.00
2016/11/22	34.38	34.50	32.71	33.30	2214512	165924592.00
2016/11/23	33.39	34.38	32.84	33.43	1974527	148651424.00
2016/11/24	33.04	33.21	32.29	33.17	2256743	165379280.00
2016/11/25	33.08	33.17	31.87	32.14	1772949	128027672.00
2016/11/28	32.14	34.33	31.61	33.04	2666629	196803744.00
2016/11/29	32.86	33.25	31.70	31.72	1341507	97953296.00
2016/11/30	31.57	32.50	31.34	32.30	1097997	79084800.00
2016/12/01	32.33	34.45	32.33	33.83	1865178	141083392.00
2016/12/02	33.70	34.42	32.04	32.15	2095069	155355568.00
2016/12/05	31.47	33.24	31.25	32.81	1403753	102604648.00
2016/12/06	32.98	34.24	32.93	33.63	1572153	118387904.00
2016/12/07	33.44	33.96	32.48	33.35	2238744	165382096.00
2016/12/08	33.31	34.76	32.83	33.92	2194950	166130848.00
2016/12/09	33.83	34.64	33.00	33.33	1977475	150108784.00
2016/12/12	36.66	36.66	36.66	36.66	601437	49390008.00
2016/12/13	38.75	40.33	37.50	40.33	19560822	1727408768.00
2016/12/14	39.71	40.58	38.34	38.40	15414544	1358498688.00
2016/12/15	37.50	38.79	36.84	37.78	9760490	825087808.00
2016/12/16	37.92	39.06	37.03	37.03	10252014	877645568.00
2016/12/19	36.33	36.93	35.88	36.11	6613561	538169472.00
2016/12/20	36.38	36.38	34.58	34.82	6015687	475030624.00
2016/12/21	34.92	35.01	33.21	33.82	6561297	498995680.00
2016/12/22	33.68	34.22	33.55	33.84	4023226	305924608.00
2016/12/23	33.88	34.52	33.60	34.08	4807573	367418208.00
2016/12/26	33.93	35.33	33.49	34.90	5582790	433218368.00
2016/12/27	34.63	35.81	34.18	34.91	6081193	477196544.00
2017/01/05	34.83	35.19	31.70	31.83	10357751	774781504.00
2017/01/06	31.34	31.61	29.94	30.28	6364546	436551232.00
2017/01/09	30.13	30.48	29.51	30.30	3989359	267958160.00
2017/01/10	30.60	31.25	30.48	30.80	3931547	272136224.00
2017/01/11	30.66	30.75	29.73	30.58	2977483	202065152.00
2017/01/12	30.74	31.33	30.59	30.76	3451998	239727152.00
2017/01/13	30.74	30.91	29.70	29.76	2484896	167984880.00
2017/01/16	29.08	29.46	26.79	27.23	4079426	254780416.00
2017/01/17	27.22	29.69	26.95	29.11	4682016	298118656.00
2017/01/18	29.11	29.91	28.94	28.96	4489448	296209504.00
2017/01/19	28.67	30.74	28.15	29.55	3890492	257301744.00
2017/01/20	29.25	30.86	29.25	30.80	3584027	243304848.00
2017/07/26	27.73	27.73	27.73	27.73	226700	8800494.00
2017/07/27	24.96	24.96	24.96	24.96	3177200	111011368.00
2017/07/28	24.64	26.29	23.38	25.55	27227813	932672704.00
2017/07/31	24.64	24.74	23.90	23.92	11928284	406421568.00
2017/08/01	23.65	24.19	22.71	22.97	11245139	368129760.00
2017/08/02	22.88	23.03	22.06	22.96	10146973	321237216.00
2017/08/03	22.79	23.11	22.53	22.86	6089319	194765104.00
2017/08/04	22.85	23.04	22.32	22.89	4595419	146300784.00
2017/08/07	22.86	23.38	22.74	23.22	4277961	138368864.00
2017/08/08	23.08	23.35	22.72	23.00	3711273	119320528.00
2017/08/09	22.90	23.26	22.72	22.94	3652107	117625432.00
2017/08/10	22.95	23.21	22.67	23.03	4481547	143876480.00
2017/08/11	22.82	23.00	22.64	22.87	4300608	137452880.00
2017/08/14	22.86	23.28	22.79	23.07	3024656	97594096.00
2017/08/15	23.07	23.11	22.82	23.03	3471128	111572088.00
2017/08/16	22.96	24.20	22.86	23.61	5190626	170708448.00
2017/08/17	23.50	24.48	23.44	24.09	5564179	187142768.00
2017/08/18	24.07	25.13	23.85	24.93	5931468	204884656.00
2017/08/21	24.95	25.36	24.51	24.91	4613202	160753664.00
2017/08/22	24.87	24.91	24.31	24.36	3512881	120937360.00
2017/08/23	23.71	24.32	23.45	24.28	5373226	178818560.00
2017/08/24	24.11	24.35	23.65	24.22	5150404	173867440.00
2017/08/25	24.07	24.44	23.94	24.29	3114256	105705624.00
2017/08/28	24.15	24.54	24.01	24.33	3689915	125238952.00
2017/08/29	24.27	24.40	24.06	24.29	3976250	134993216.00
2017/08/30	24.29	24.44	24.21	24.29	2783387	94846648.00
2017/08/31	24.34	24.60	24.23	24.46	3796019	129709888.00
2017/09/01	24.46	24.50	24.18	24.50	3791813	129236384.00
2017/09/04	24.46	24.54	24.33	24.36	2725109	93178024.00
2017/09/05	24.46	24.57	24.31	24.52	3480517	119088128.00
2017/09/06	24.49	25.77	24.41	24.94	5440888	190469040.00
2017/09/07	25.00	25.14	24.78	24.88	3643611	127091768.00
2017/09/08	24.79	25.06	24.71	25.00	3082141	107656832.00
2017/09/11	25.15	25.21	24.88	24.96	2901440	101545032.00
2017/09/12	25.21	25.24	24.71	24.96	2841045	99522904.00
2017/09/13	24.83	25.20	24.82	25.04	1709481	59855456.00
2017/09/14	25.05	25.92	24.86	25.69	4770949	168892048.00
2017/09/15	25.57	25.91	25.16	25.26	4818539	172157184.00
2017/09/18	25.26	25.49	24.91	25.03	3909167	137184608.00
2017/09/19	25.03	25.24	24.87	25.09	2695006	94303992.00
2017/09/20	25.06	25.14	24.56	24.67	2759639	96174000.00
2017/09/21	24.63	24.69	23.59	24.14	5377481	181396304.00
2017/09/22	23.96	24.43	23.74	23.79	3358140	113218232.00
2017/09/25	23.79	24.20	23.64	23.81	2317648	77547968.00
2017/09/26	23.71	24.50	23.71	24.27	3128550	106128080.00
2017/09/27	24.14	24.39	23.98	24.21	2267608	76571760.00
2017/09/28	24.19	24.34	24.04	24.07	1572030	53136844.00
2017/09/29	24.10	25.39	24.06	24.51	5621910	193145072.00
2017/10/09	24.64	24.81	24.37	24.51	2640719	90597192.00
2017/10/10	24.49	25.43	24.23	25.36	7501272	262624288.00
2017/10/11	27.89	27.89	26.43	27.89	18391430	712516608.00
2017/10/12	27.34	28.09	26.36	27.50	16174983	619363584.00
2017/10/13	26.93	27.27	26.51	26.86	5662422	213222496.00
2017/10/16	26.64	26.71	25.58	25.60	5623091	204026608.00
2017/10/17	25.57	25.89	25.22	25.42	3417158	121845664.00
2017/10/18	25.36	26.06	25.24	25.51	3151631	113069024.00
2017/10/19	25.26	25.59	24.33	24.49	4034692	140053024.00
2017/10/20	24.39	24.90	24.36	24.62	2032673	69964960.00
2017/10/23	24.64	24.92	24.41	24.64	1439950	49673280.00
2017/10/24	24.46	24.80	24.06	24.21	2389602	81705632.00
2017/10/25	24.27	24.65	23.99	24.64	2215148	75560160.00
2017/10/26	24.29	24.46	23.71	24.36	3706285	125025952.00
2017/10/27	24.10	24.37	23.91	24.23	2352141	79452928.00
2017/10/30	24.14	24.14	23.32	23.59	2505533	83335760.00
2017/10/31	23.59	23.79	23.44	23.71	1909762	63034568.00
2017/11/01	23.66	23.86	23.61	23.84	2098683	69717120.00
2017/11/02	23.70	23.79	23.51	23.71	1362301	45062844.00
2017/11/03	23.64	23.92	23.38	23.92	2659117	87974264.00
2017/11/06	23.99	24.68	23.98	24.34	3002334	102198856.00
2017/11/07	24.29	25.65	24.15	25.59	7789211	271728000.00
2017/11/08	25.18	25.47	24.83	25.20	5484153	192818560.00
2017/11/09	24.93	25.07	24.44	24.94	3387953	117530496.00
2017/11/10	24.76	24.86	24.55	24.79	2464700	85128624.00
2017/11/13	24.76	24.96	24.08	24.43	3587320	122967056.00
2017/11/14	24.19	24.43	23.74	23.89	2462356	82403568.00
2017/11/15	24.01	24.38	22.91	23.98	3045749	102051880.00
2017/11/16	23.57	24.31	23.44	23.50	2254920	74717992.00
2017/11/17	23.29	23.69	22.14	22.36	3891902	123618968.00
2017/11/20	21.99	21.99	20.12	20.12	5964389	169024912.00
2017/11/21	20.13	21.06	20.11	20.71	7024533	200700576.00
2017/11/22	20.71	21.24	20.07	21.21	4257006	123699408.00
2017/11/23	21.26	21.26	20.73	21.13	3799526	111487464.00
2017/11/24	21.28	21.28	20.58	20.87	1646809	48133084.00
2017/11/27	20.51	20.85	20.29	20.39	1334375	38294164.00
2017/12/12	21.34	22.42	21.09	22.07	8538971	265389152.00
2017/12/13	21.44	21.49	20.50	20.90	7611511	222489312.00
2017/12/14	20.51	20.96	20.51	20.89	3209844	93258320.00
2017/12/15	20.72	20.92	20.61	20.71	2392269	69547808.00
2017/12/18	20.64	20.84	20.08	20.55	2742280	78380696.00
2017/12/19	20.50	20.67	20.14	20.50	1944160	55697424.00
2017/12/20	20.44	20.64	20.25	20.34	1998381	57027104.00
2017/12/21	20.43	20.74	20.15	20.72	3269733	93573800.00
2017/12/22	20.61	20.96	20.51	20.90	3773722	109656352.00
2017/12/25	20.73	21.07	20.54	20.86	2210782	64359388.00
2017/12/26	20.79	20.79	20.35	20.59	3370911	96858544.00
2017/12/27	20.40	20.54	18.53	20.01	4570620	129395816.00
2017/12/28	19.29	20.21	19.00	19.99	4170724	115950024.00
2017/12/29	19.86	20.31	19.76	20.14	2067011	58158136.00
2018/01/02	20.43	20.69	19.09	20.34	1969240	56370404.00
2018/01/03	20.46	20.59	20.07	20.33	1657082	47194316.00
2018/01/04	20.42	20.42	19.86	19.99	1403880	39620336.00
2018/01/05	20.00	20.46	19.78	20.39	1999310	56486100.00
2018/01/08	20.19	20.84	20.19	20.79	2818199	81597464.00
2018/01/09	20.79	21.90	20.79	21.75	3323553	99976128.00
2018/01/10	21.70	22.77	21.08	22.56	6061650	189150224.00
2018/01/11	22.23	22.60	22.06	22.21	1602789	49972260.00
2018/01/12	22.43	23.09	22.14	22.49	4268645	135950096.00
2018/01/15	22.59	22.59	21.59	21.63	1953695	59490396.00
2018/01/16	21.43	22.14	21.36	21.62	935729	28492526.00
2018/01/17	21.36	21.79	21.36	21.64	1545122	46647860.00
2018/01/18	21.69	22.50	21.46	22.46	2414485	74233048.00
2018/01/19	22.25	22.79	21.97	22.06	1638052	50840396.00
2018/01/22	22.42	22.42	21.70	22.00	1322592	40934844.00
2018/01/23	22.00	22.34	21.71	21.75	1126862	34522704.00
2018/01/24	21.75	22.05	21.37	21.83	1137547	34541284.00
2018/01/25	21.83	21.99	21.56	21.76	950279	29006372.00
2018/01/26	21.64	22.36	21.58	22.21	2091826	64956448.00
2018/01/29	22.21	22.44	21.61	21.86	1421782	43731676.00
2018/01/30	21.58	21.87	21.54	21.64	956800	29044284.00
2018/01/31	21.49	21.85	21.44	21.55	917120	27779784.00
2018/02/01	21.48	21.78	19.39	21.19	3249461	96503136.00
2018/07/31	19.07	19.07	19.07	19.07	37200	709404.00
2018/08/01	17.16	17.16	17.16	17.16	234700	4027452.00
2018/08/02	15.44	15.44	15.44	15.44	118700	1832728.00
2018/08/03	13.90	13.90	13.90	13.90	87300	1213470.00
2018/08/06	12.51	12.51	12.51	12.51	32700	409077.00
2018/08/07	11.26	11.26	11.26	11.26	1058400	11917584.00
2018/08/08	10.40	11.20	10.13	10.13	68205237	701561216.00
2018/08/09	9.40	9.85	9.20	9.62	43467349	412606560.00
2018/08/10	9.64	10.08	9.50	9.69	29821271	291780832.00
2018/08/13	9.51	10.66	9.43	10.66	29929633	309191072.00
2018/08/14	11.05	11.73	10.71	10.73	57524132	645102336.00
2018/08/15	10.50	11.30	10.44	11.01	37049218	405720960.00
2018/08/16	10.76	11.06	10.01	10.21	26277278	277574400.00
2018/08/17	10.34	10.53	9.91	10.28	20984220	214214944.00
2018/08/20	10.72	10.92	10.27	10.46	19993518	210649328.00
2018/08/21	10.31	10.59	10.02	10.59	20495227	211049232.00
2018/08/22	10.57	10.66	10.13	10.22	15782944	163027936.00
2018/08/23	9.85	10.06	9.73	9.90	16323641	161761728.00
2018/08/24	9.92	10.89	9.92	10.89	18414892	192818800.00
2018/08/27	11.11	11.72	10.77	11.25	47103085	525387392.00
2018/08/28	11.10	11.18	10.82	10.85	26040219	286451776.00
2018/08/29	10.84	11.86	10.81	11.34	38784528	441353440.00
2018/08/30	11.33	12.47	11.31	12.47	46524989	561343680.00
2018/08/31	12.03	13.40	11.83	12.70	50768607	633518016.00
2018/09/03	12.52	13.36	12.32	12.53	41262775	530697440.00
2018/09/04	12.53	12.75	12.21	12.43	29702746	369962368.00
2018/09/05	12.41	13.05	12.35	12.58	29139930	369360992.00
2018/09/06	12.50	12.54	12.01	12.18	20953986	256954448.00
2018/09/07	12.21	12.46	11.45	11.90	19804439	239379248.00
2018/09/10	11.50	12.30	11.50	12.00	17469972	210335952.00
2018/09/11	11.89	12.25	11.68	11.85	14340130	171695296.00
2018/09/12	11.71	11.82	10.92	11.16	20052142	228255456.00
2018/09/13	11.35	11.44	10.75	10.99	16592298	184036528.00
2018/09/14	10.95	12.09	10.95	12.09	35045447	412117024.00
2018/09/17	12.00	13.26	11.82	12.53	45359587	563620416.00
2018/09/18	12.46	12.50	12.02	12.42	25902777	317360160.00
2018/09/19	12.34	12.84	12.00	12.66	27796071	345488928.00
2018/09/20	12.58	12.60	12.15	12.25	18767524	231727376.00
2018/09/21	12.12	13.18	12.06	12.59	30748663	391807616.00
2018/09/25	12.43	13.55	12.11	13.07	28951065	370882848.00
2018/09/26	13.06	13.66	12.85	13.19	31572209	421050944.00
2018/09/27	13.11	13.11	12.51	12.58	21365577	272494176.00
2018/09/28	12.57	12.78	12.32	12.39	12554879	156237776.00
2018/10/08	11.99	12.30	11.76	11.82	10291883	123574912.00
2018/10/09	11.88	12.29	11.85	12.03	10680104	128772240.00
2018/10/10	12.00	12.10	11.08	11.49	15338827	176984832.00
2018/10/11	11.01	11.18	10.34	10.34	11021217	117746504.00
2018/10/12	9.95	9.99	9.31	9.67	18313142	175162192.00
2018/10/15	9.82	10.58	9.79	10.04	17056790	173256272.00
2018/10/16	9.98	10.38	9.91	10.19	11006037	111462456.00
2018/10/17	10.25	10.41	9.68	10.06	11817706	119029032.00
2018/10/18	10.15	10.15	9.10	9.17	12633921	120822752.00
2018/10/19	8.72	9.64	8.71	9.50	12620655	116890968.00
2018/10/22	9.64	10.45	9.64	10.32	17040712	173387472.00
2018/10/23	10.09	10.64	10.09	10.18	17211071	177944080.00
2018/10/24	10.30	10.48	10.06	10.16	10976803	112419136.00
2018/10/25	9.40	9.93	9.40	9.87	9726503	94358520.00
2018/10/26	10.02	10.26	9.79	9.86	9173952	91686176.00
2018/10/29	9.64	9.98	9.60	9.72	7109906	69396112.00
2018/10/30	9.72	9.79	9.30	9.68	8181340	78511448.00
2018/10/31	9.73	10.09	9.69	9.85	9733050	96257352.00
2018/11/01	9.90	10.25	9.83	9.90	13984482	139979456.00
2018/11/02	10.01	10.45	10.01	10.18	17157141	174732672.00
2018/11/05	10.35	10.55	10.04	10.28	16256215	166899216.00
2018/11/06	10.20	10.23	9.83	10.04	13061756	130537632.00
2018/11/07	10.06	10.69	10.06	10.40	23382320	242439168.00
2018/11/08	10.44	10.60	10.22	10.27	14467253	149518288.00
2018/11/09	10.18	10.56	10.03	10.21	13053932	134442624.00
2018/11/12	10.09	10.54	10.09	10.53	13866100	144321584.00
2018/11/13	10.38	10.97	10.34	10.94	23778850	255018912.00
2018/11/14	10.87	11.15	10.74	10.84	18742086	204472896.00
2018/11/15	10.84	11.92	10.73	11.92	20494940	231537344.00
2018/11/16	12.05	12.44	11.55	11.97	34805999	414194656.00
2018/11/19	11.61	11.79	11.38	11.60	17400192	201670096.00
2018/11/20	11.51	11.79	11.18	11.21	13339284	153012624.00
2018/11/21	11.00	11.51	10.95	11.51	12957847	144998080.00
2018/11/22	12.15	12.19	11.30	11.37	16820396	197093504.00
2018/11/23	11.23	11.40	10.51	10.68	13460604	147567392.00
2018/11/26	10.50	10.75	10.31	10.46	8596052	90160848.00
2018/11/27	10.63	10.77	10.46	10.63	7777634	82496680.00
2018/11/28	10.61	10.94	10.13	10.94	11352710	120307888.00
2018/11/29	10.99	10.99	10.31	10.34	9564087	102279680.00
2018/11/30	10.19	10.43	9.88	10.27	7174400	73135944.00
2018/12/03	10.53	10.73	10.43	10.58	8370701	88633600.00
2018/12/04	10.57	10.63	10.43	10.61	6693986	70642160.00
2018/12/05	10.32	10.58	10.23	10.45	5529363	57729344.00
2018/12/06	10.50	11.19	10.35	10.77	16382718	175846304.00
2018/12/07	10.60	10.78	10.41	10.56	8141260	86505712.00
2018/12/10	10.35	10.46	10.13	10.16	5734220	58861604.00
2018/12/11	10.20	10.58	10.20	10.44	7047785	73446064.00
2018/12/12	10.39	10.44	10.21	10.27	5086780	52358340.00
2018/12/13	10.48	10.58	10.30	10.37	5475120	57021768.00
2018/12/14	10.05	10.06	9.59	9.71	10111968	100337920.00
2018/12/17	9.69	9.69	9.39	9.52	4689540	44559792.00
2018/12/18	9.40	9.53	9.19	9.31	5515921	51535692.00
2018/12/19	9.35	9.40	9.15	9.19	4118362	38228292.00
2018/12/20	9.15	9.32	9.08	9.25	4323590	39774996.00
2018/12/21	9.19	9.61	9.05	9.36	7037327	65745728.00
2018/12/24	9.29	9.49	9.17	9.33	4182963	38905036.00
2018/12/25	9.20	9.20	8.82	9.05	6826028	61228972.00
2018/12/26	9.06	9.15	8.95	9.00	4850712	43932508.00
2018/12/27	9.15	9.17	8.58	8.60	5629014	50287248.00
2018/12/28	8.73	8.85	8.57	8.70	5092584	44512100.00
2019/01/02	8.72	8.97	8.72	8.89	4665862	41343940.00
2019/01/03	8.91	8.94	8.00	8.37	7834054	66933248.00
数据来源:通达信
