002768 国恩股份 日线 前复权
      日期	    开盘	    最高	    最低	    收盘	    成交量	    成交额
2015/06/30	7.32	8.09	7.32	8.09	18901	475541.88
2015/07/01	8.93	8.93	8.93	8.93	4500	124560.00
2015/07/02	9.85	9.85	9.85	9.85	17400	529830.00
2015/07/03	10.87	10.87	10.87	10.87	311505	10435418.00
2015/07/06	11.99	11.99	11.99	11.99	376705	13881579.00
2015/07/07	11.99	12.00	10.76	10.76	10828066	374363712.00
2015/07/08	9.65	9.65	9.65	9.65	667300	19918904.00
2015/07/09	8.66	10.65	8.66	10.65	8582681	260304144.00
2015/07/10	11.74	11.74	11.04	11.74	2215237	79827608.00
2015/07/13	12.95	12.95	12.95	12.95	493411	19603220.00
2015/07/14	14.23	14.27	13.52	14.27	4514812	196239072.00
2015/07/15	14.37	15.37	12.81	12.84	9525883	400479008.00
2015/07/16	12.37	13.73	11.52	13.27	6404628	253051104.00
2015/07/17	13.27	14.57	12.67	14.22	5543524	231537600.00
2015/07/20	13.73	14.14	12.87	13.17	5044673	210019760.00
2015/07/21	12.70	13.70	12.58	13.54	3712391	152417280.00
2015/07/22	13.61	14.87	13.37	14.26	5860791	254223696.00
2015/07/23	13.94	15.71	13.74	15.71	4888961	221029312.00
2015/07/24	16.70	17.31	15.94	16.10	8724850	444498592.00
2015/07/27	15.07	16.65	14.46	14.46	5333961	256481280.00
2015/07/28	13.14	15.20	12.98	13.60	5488197	229251424.00
2015/07/29	14.04	14.99	13.00	14.99	5155691	220714848.00
2015/07/30	15.20	16.52	14.70	15.78	8571328	418786400.00
2015/07/31	15.04	17.38	14.78	17.38	9513855	484472704.00
2015/08/03	17.70	19.15	16.79	19.15	9697550	533456576.00
2015/08/04	19.04	19.99	17.21	17.54	9478581	515363328.00
2015/08/05	16.49	18.94	16.49	17.97	7376552	401698304.00
2015/08/06	17.37	17.70	16.17	16.40	5113720	261696784.00
2015/08/07	16.41	17.04	15.94	16.54	3825997	193563392.00
2015/08/10	16.67	17.42	16.27	17.27	3983263	206484512.00
2015/08/11	17.30	18.37	17.11	17.97	4337231	236721392.00
2015/08/12	17.87	17.95	16.60	16.61	4023064	211816432.00
2015/08/13	16.27	16.90	15.96	16.78	2988222	150063792.00
2015/08/14	17.00	17.20	16.39	16.77	2593711	132752568.00
2015/08/17	16.48	16.70	15.56	15.58	2787616	135887296.00
2015/08/18	15.72	16.30	14.03	14.42	2890540	135490288.00
2015/08/19	13.84	15.30	13.52	15.04	2846036	125039744.00
2015/08/20	14.80	15.01	13.80	13.90	1832790	81121024.00
2015/08/21	13.68	14.08	13.04	13.16	1924670	80262912.00
2015/08/24	12.54	12.96	11.81	11.81	1911413	70476216.00
2015/08/25	10.66	12.80	10.66	11.02	3530358	124721992.00
2015/08/26	11.37	12.16	11.07	12.16	4840168	177548656.00
2015/08/27	12.70	13.33	11.74	12.78	6067681	232294256.00
2015/08/28	12.53	13.66	12.21	13.28	5210129	203500944.00
2015/08/31	12.71	12.90	11.92	11.92	2910719	111441904.00
2015/09/01	11.60	11.63	10.70	10.70	2754804	93906720.00
2015/09/02	10.20	11.35	9.89	10.37	2478651	82186024.00
2015/09/07	10.76	11.20	10.54	10.87	2079660	69682896.00
2015/09/08	10.82	11.92	10.66	11.90	3280229	115497792.00
2015/09/09	11.70	12.53	11.70	12.14	3503362	131330000.00
2015/09/10	11.71	12.02	11.44	11.50	2261199	81535328.00
2015/09/11	11.51	11.85	11.41	11.69	1433453	51341984.00
2015/09/14	11.72	12.30	10.87	12.30	4380995	157495328.00
2015/09/15	11.80	12.70	11.37	12.43	3294384	122774432.00
2015/09/16	12.43	13.67	12.40	13.54	4733146	190079888.00
2015/09/17	13.44	13.55	12.63	12.63	4533653	182375968.00
2015/09/18	12.63	12.89	12.33	12.50	2346623	90782144.00
2015/09/21	12.37	13.55	12.27	13.17	3003591	118950792.00
2015/09/22	13.10	13.16	12.57	12.78	2465585	97514200.00
2015/09/23	12.63	13.10	12.46	12.77	2134706	83981800.00
2015/09/24	12.77	13.14	12.65	12.79	2108600	83408480.00
2015/09/25	12.72	12.99	11.77	12.29	2098224	79964752.00
2015/09/28	12.19	12.57	12.04	12.54	1442477	54929652.00
2015/09/29	12.23	12.35	11.99	12.04	1318846	49338168.00
2015/09/30	12.05	12.22	11.82	12.14	1245063	46006024.00
2015/10/08	12.94	12.94	12.37	12.64	1745328	67927128.00
2015/10/09	12.55	13.44	12.44	13.40	2824232	112474928.00
2015/10/12	13.63	14.40	13.60	14.19	4461310	190645280.00
2015/10/13	13.90	14.04	13.77	14.00	2640397	112468408.00
2015/10/14	13.92	14.30	13.84	14.07	3134028	135339360.00
2015/10/15	14.03	14.47	13.97	14.43	3176152	138738016.00
2015/10/16	14.47	14.47	13.90	14.28	3138775	135996624.00
2015/10/19	14.23	14.23	13.71	13.90	2303282	98669432.00
2015/10/20	13.90	14.40	13.87	14.39	2916517	126976944.00
2015/10/21	14.67	15.03	13.01	13.11	4230497	184577888.00
2015/10/22	13.04	13.59	12.94	13.46	2651684	107965376.00
2015/10/23	13.44	13.84	13.38	13.79	2383055	99780648.00
2015/10/26	13.97	14.10	13.80	14.04	2505209	107019112.00
2015/10/27	13.87	14.26	13.44	14.21	2087603	88559032.00
2015/10/28	14.22	14.33	13.81	13.84	2290968	98776408.00
2015/10/29	13.91	14.20	13.78	14.00	1599099	68654120.00
2015/10/30	14.02	14.66	13.65	14.30	2803732	122146496.00
2015/11/02	14.04	15.46	13.90	14.77	4174992	190466400.00
2015/11/03	14.70	15.86	14.66	15.74	4217949	197618352.00
2015/11/04	15.84	16.40	15.48	16.17	4695887	228079904.00
2015/11/05	16.02	16.59	15.78	15.88	3252542	159682416.00
2015/11/06	15.91	16.86	15.91	16.86	2903507	145293520.00
2015/11/09	16.70	18.12	16.39	17.62	3788715	200336160.00
2015/11/10	17.60	18.04	16.93	17.71	3296562	175647456.00
2015/11/11	17.57	19.51	17.57	19.51	3410324	196121968.00
2015/11/12	20.40	21.04	19.54	20.34	4797487	295530336.00
2015/11/13	19.70	19.87	18.27	18.27	4198002	241072896.00
2015/11/16	17.62	18.82	17.41	18.50	3021188	168079968.00
2015/11/17	18.65	19.02	17.54	17.67	3410586	192243936.00
2015/11/18	17.50	17.84	16.70	16.83	2706013	141915520.00
2015/11/19	17.04	18.10	17.00	18.09	2189310	116551192.00
2015/11/20	18.30	19.29	18.09	19.23	3973483	226398784.00
2015/11/23	18.87	19.66	18.41	18.66	3224405	186215072.00
2015/11/24	18.79	20.56	18.72	20.56	4128501	250176736.00
2015/11/25	21.22	21.87	20.27	20.64	5233082	333119520.00
2015/11/26	20.70	21.53	20.20	20.74	3887354	247035248.00
2015/11/27	20.41	20.99	19.27	19.72	3358293	206355216.00
2015/11/30	19.90	21.69	19.71	21.58	3940259	246569536.00
2015/12/01	21.31	22.03	19.77	20.65	3727981	239436400.00
2015/12/02	20.10	20.66	19.04	20.25	2291499	139006624.00
2015/12/03	20.54	21.54	20.37	21.37	3100552	198281440.00
2015/12/04	21.34	21.57	20.27	20.84	3097852	198150880.00
2015/12/07	20.75	21.02	20.00	20.35	2033986	125817504.00
2015/12/08	20.38	21.01	20.20	20.38	2239428	140103840.00
2015/12/09	20.38	20.38	19.10	19.34	2517444	150302768.00
2015/12/10	19.39	19.52	18.85	18.92	1704986	99078272.00
2015/12/11	18.92	19.18	18.87	18.87	1093595	63347140.00
2015/12/14	18.56	19.86	18.37	19.79	1537255	90093624.00
2015/12/15	19.70	19.77	19.54	19.60	1273030	76157408.00
2015/12/16	19.71	20.37	19.70	19.80	1413457	86029480.00
2015/12/17	20.04	20.70	19.94	20.66	2324940	143601344.00
2015/12/18	20.59	20.59	19.85	19.98	1789138	109709808.00
2015/12/21	19.99	20.16	19.60	20.16	1340178	81158568.00
2015/12/22	20.20	20.68	20.04	20.44	1510156	93910736.00
2015/12/23	20.70	22.51	20.70	22.51	5271009	353793472.00
2015/12/24	22.53	22.60	21.64	22.17	4103058	276500160.00
2015/12/25	22.19	22.95	21.52	21.88	3111771	210409920.00
2015/12/28	21.80	22.00	20.84	20.86	2387630	155688576.00
2015/12/29	20.72	21.79	20.70	21.75	2084700	135962400.00
2015/12/30	21.74	21.74	21.17	21.40	1433745	93158840.00
2015/12/31	21.41	22.35	20.79	21.02	2121021	140588688.00
2016/01/04	21.25	21.87	18.97	19.31	2946501	190340016.00
2016/01/05	21.27	21.27	20.71	21.27	2281364	147306896.00
2016/01/06	21.92	23.43	21.64	23.43	7891377	549232064.00
2016/01/07	23.76	24.66	21.59	22.05	3195471	231231600.00
2016/01/08	23.04	24.28	22.66	24.28	4965065	356961760.00
2016/01/11	25.02	25.97	21.82	21.82	8771105	626485184.00
2016/01/12	20.30	21.82	19.61	19.61	4974572	306791392.00
2016/01/13	19.70	21.04	19.62	20.36	4307801	268708096.00
2016/01/14	19.04	21.43	18.77	20.88	3645757	223395856.00
2016/01/15	20.63	21.04	18.77	19.04	3248935	196768464.00
2016/01/18	18.37	20.36	18.10	19.48	2952101	174873600.00
2016/01/19	19.54	20.70	19.14	20.70	3283749	199074464.00
2016/01/20	20.66	22.80	20.38	21.95	5455001	364808128.00
2016/01/21	21.35	22.66	20.37	20.41	4353597	287079616.00
2016/01/22	20.86	22.48	20.82	22.48	6065624	406317056.00
2016/01/25	23.37	23.64	22.38	23.60	5678417	396542016.00
2016/01/26	23.02	23.20	21.23	21.47	4195845	285540096.00
2016/01/27	21.37	22.98	20.04	22.85	5318010	352514624.00
2016/01/28	22.14	22.68	20.54	20.54	3935358	258899280.00
2016/01/29	19.93	21.97	19.37	21.85	3659760	232745152.00
2016/02/01	21.33	22.53	20.80	21.62	2655124	175037216.00
2016/02/02	21.69	23.16	21.59	22.94	4091787	279908384.00
2016/02/03	22.42	22.80	21.54	22.37	3150469	213195968.00
2016/02/04	22.33	23.56	22.33	22.84	3595940	251912048.00
2016/02/05	22.89	23.04	21.37	21.41	2901788	194370672.00
2016/02/15	20.04	21.48	20.04	21.47	1888572	119780352.00
2016/02/16	21.55	22.93	21.54	22.37	2580308	175076992.00
2016/02/17	22.34	24.48	22.04	24.04	4474449	313525792.00
2016/02/18	24.00	26.47	23.31	25.37	6071650	459747968.00
2016/02/19	25.04	25.63	24.70	25.05	3493753	266638256.00
2016/02/22	25.37	26.30	25.22	26.04	3333148	259687664.00
2016/02/23	26.04	27.57	25.74	27.20	4623630	376830976.00
2016/02/24	26.74	26.85	24.45	25.30	5007105	384459808.00
2016/02/25	25.04	25.04	22.74	22.74	3555889	254408896.00
2016/02/26	23.10	23.53	22.33	22.70	2568768	179519392.00
2016/02/29	22.37	22.63	20.48	21.03	2612492	167014432.00
2016/03/01	21.12	22.70	20.85	22.33	2907897	192473904.00
2016/03/02	22.24	23.97	22.05	23.36	3027393	213828816.00
2016/03/03	23.16	23.55	22.65	22.65	2547324	178315472.00
2016/03/04	22.23	22.36	20.38	20.54	3008895	194431888.00
2016/03/07	21.04	21.66	20.89	21.18	1564373	101234440.00
2016/03/08	21.00	21.04	19.33	20.93	1997398	122286448.00
2016/03/09	20.24	20.81	20.04	20.27	1131264	70285728.00
2016/03/10	20.37	22.32	20.30	21.47	3426454	224852928.00
2016/03/11	21.20	22.74	21.18	22.57	3027672	204187936.00
2016/03/14	22.37	24.85	22.36	24.17	4318467	316785024.00
2016/03/15	24.35	25.20	23.21	24.68	3675897	270929344.00
2016/03/16	24.32	25.37	22.23	22.95	4633408	331729536.00
2016/03/17	22.84	25.20	22.37	24.65	4360962	315809600.00
2016/03/18	24.66	27.00	24.33	26.37	5064408	393158016.00
2016/03/21	26.57	28.50	26.04	28.04	4417211	360948928.00
2016/03/22	27.37	29.84	27.24	28.14	4634162	399994080.00
2016/03/23	28.03	30.96	27.74	30.84	5532298	491272160.00
2016/03/24	31.34	33.93	30.70	32.42	7007889	687471424.00
2016/03/25	32.37	32.96	30.04	30.61	4355676	411648384.00
2016/03/28	31.04	33.70	31.04	33.70	5868765	584673920.00
2016/03/29	34.11	34.70	30.37	32.85	7033682	691362560.00
2016/03/30	33.27	36.16	32.77	36.16	22294622	792300096.00
2016/03/31	38.77	39.80	38.27	39.80	8257386	324840320.00
2016/04/01	42.77	43.77	36.65	38.87	37363117	1539227776.00
2016/04/11	36.76	38.37	35.54	36.37	19642109	727382080.00
2016/04/12	36.68	37.35	33.77	34.77	15796714	556530496.00
2016/04/13	34.77	36.21	34.43	34.75	14399908	507729440.00
2016/04/14	34.67	34.92	33.59	34.68	13152086	451860480.00
2016/04/15	34.74	34.76	33.65	33.82	9723489	332102624.00
2016/04/18	33.83	34.67	32.77	34.07	10174104	348229760.00
2016/04/19	34.22	34.61	33.38	33.86	7206572	245889712.00
2016/04/20	34.16	34.26	30.45	30.45	12349346	395142528.00
2016/04/21	29.77	29.97	28.24	28.32	10173101	300332544.00
2016/04/22	28.37	31.18	28.37	31.18	15075800	464435744.00
2016/04/25	30.97	30.97	29.06	29.99	10266734	309786688.00
2016/04/26	29.95	32.82	29.66	31.67	15805483	506170368.00
2016/04/27	31.03	33.07	30.77	31.57	12222770	394215136.00
2016/04/28	31.57	31.57	29.95	31.05	8284516	254866336.00
2016/04/29	30.56	30.97	29.89	29.90	6634635	202076944.00
2016/05/03	29.92	30.81	29.05	30.48	6992567	212555968.00
2016/05/04	30.28	30.92	30.01	30.28	6613132	202945936.00
2016/05/05	29.78	31.76	29.78	31.46	11440753	356434528.00
2016/05/06	31.47	31.47	29.27	29.47	10510626	321909472.00
2016/05/09	29.27	29.27	26.85	27.17	6262917	174297984.00
2016/05/10	27.19	28.21	27.19	27.58	4575957	127594920.00
2016/05/11	28.07	28.22	26.81	27.57	5362718	148437120.00
2016/05/12	26.85	27.86	25.81	27.53	5901907	159703568.00
2016/05/13	27.54	27.87	26.87	27.05	4089967	113065296.00
2016/05/16	27.05	27.36	26.77	27.31	3805709	104129896.00
2016/05/17	27.12	28.36	26.82	27.97	7897081	220934192.00
2016/05/18	27.24	28.05	26.75	26.87	4858825	133019096.00
2016/05/19	27.16	27.52	26.77	26.88	3915268	107229000.00
2016/05/20	26.27	26.95	26.07	26.72	3359477	90041600.00
2016/05/23	26.88	27.62	26.73	27.22	5113646	140032704.00
2016/05/24	26.86	27.36	26.48	26.54	3496085	94337000.00
2016/05/25	27.16	27.20	26.53	26.68	3403934	92317872.00
2016/05/26	26.52	26.92	25.86	26.78	3899831	103771424.00
2016/05/27	26.47	27.02	26.44	26.61	3044790	81972768.00
2016/05/30	26.57	27.39	25.97	26.85	4131437	111928808.00
2016/05/31	26.74	28.20	26.74	27.94	7296241	202652640.00
2016/06/01	28.01	29.77	27.60	29.32	10149076	293653408.00
2016/06/02	29.04	32.07	28.86	32.07	12918207	396149632.00
2016/06/03	31.78	33.16	30.97	32.13	14769528	478872640.00
2016/06/06	32.07	32.12	30.82	30.95	7538373	238774432.00
2016/06/07	30.96	31.77	30.95	31.22	5801534	182550288.00
2016/06/08	31.22	31.22	29.90	30.22	6028557	184387376.00
2016/06/13	29.47	30.72	28.18	28.21	6083787	181432256.00
2016/06/14	27.77	28.93	27.67	28.73	4560062	130441744.00
2016/06/15	28.08	30.25	27.99	29.71	5096857	151456176.00
2016/06/16	29.66	30.52	29.20	29.36	4652372	139853760.00
2016/06/17	29.35	30.03	29.18	29.33	3818139	113965032.00
2016/06/20	29.31	29.73	28.66	29.31	3246238	95197360.00
2016/06/21	29.44	32.23	29.44	31.26	11807607	369744576.00
2016/06/22	31.15	31.77	30.43	31.49	6755040	210783296.00
2016/06/23	31.67	31.67	30.28	30.44	5401953	167073264.00
2016/06/24	30.37	30.66	27.97	29.43	6225653	184462880.00
2016/06/27	28.77	29.77	28.77	29.62	4352472	129056872.00
2016/06/28	29.53	30.09	29.07	29.80	4930907	146982400.00
2016/06/29	29.67	31.07	29.47	31.04	8635641	265736960.00
2016/06/30	30.77	30.77	29.77	29.87	5412022	164309056.00
2016/07/01	29.87	30.62	29.87	30.11	3856753	117257192.00
2016/07/04	30.07	30.37	29.57	30.17	4662080	140856816.00
2016/07/05	30.09	30.15	28.97	29.20	8643393	256246176.00
2016/07/06	28.98	29.51	28.82	29.26	4080739	120460024.00
2016/07/07	29.25	31.16	29.21	30.76	11200716	341782816.00
2016/07/08	30.57	31.11	30.24	30.48	6614210	204171440.00
2016/07/11	30.17	30.65	29.47	29.98	5067554	154492320.00
2016/07/12	29.93	29.99	29.00	29.97	4796561	143075680.00
2016/07/13	30.00	30.62	29.78	30.38	4828411	147131936.00
2016/07/14	30.47	32.30	30.47	31.67	12087536	383912256.00
2016/07/15	31.35	32.96	30.88	32.23	11437125	365505248.00
2016/07/18	32.22	33.45	31.77	31.81	10001149	328921600.00
2016/07/19	31.38	32.67	30.75	32.04	7319822	232785552.00
2016/07/20	32.72	33.87	32.29	32.72	9714871	322739552.00
2016/07/21	32.39	33.32	32.23	32.33	6355847	209696400.00
2016/07/22	32.33	32.33	30.92	31.00	5316573	168178832.00
2016/07/25	30.55	32.25	30.47	32.11	5032704	159643360.00
2016/07/26	32.22	32.37	31.77	32.06	3364869	108487728.00
2016/07/27	32.05	32.11	29.52	30.56	5398849	166681760.00
2016/07/28	30.22	31.03	29.52	30.82	3332898	101484312.00
2016/07/29	30.76	30.76	30.02	30.19	1801833	55088216.00
2016/08/01	30.18	30.26	27.77	28.97	3786133	110855448.00
2016/08/02	29.12	29.40	28.38	28.71	2216003	64218116.00
2016/08/03	28.72	28.97	28.33	28.75	1607780	46457372.00
2016/08/04	28.75	30.12	28.46	29.69	3612372	107103312.00
2016/08/05	29.40	30.22	29.35	29.38	2642010	79129128.00
2016/08/08	29.38	32.14	28.99	31.58	9621929	295357216.00
2016/08/09	31.50	31.67	30.77	31.51	5393464	169702208.00
2016/08/10	31.27	31.52	31.04	31.17	3448110	108425888.00
2016/08/11	31.07	31.57	30.17	30.21	3355106	104515912.00
2016/08/12	30.43	30.43	29.50	30.24	3031735	91488584.00
2016/08/15	30.50	31.27	30.13	30.97	3395948	105213360.00
2016/08/16	30.90	31.37	30.57	30.62	3350222	104424144.00
2016/08/17	30.62	31.31	30.38	31.16	3154859	98396760.00
2016/08/18	30.99	31.32	30.43	30.58	2573636	79843096.00
2016/08/19	30.57	31.31	30.27	31.05	3402031	105607304.00
2016/08/22	31.05	31.35	30.54	30.63	3256494	101713168.00
2016/08/23	30.47	30.93	30.35	30.83	1893796	58495284.00
2016/08/24	30.87	32.07	30.50	31.52	6097826	191203616.00
2016/08/25	30.60	32.73	30.60	32.50	13889320	448516128.00
2016/08/26	32.50	32.50	31.58	31.85	6471763	208349424.00
2016/08/29	31.57	31.87	31.33	31.53	3009314	95802920.00
2016/08/30	31.54	31.74	31.29	31.39	1978006	62694196.00
2016/08/31	31.46	31.46	30.79	30.98	2674153	83506624.00
2016/09/01	30.98	31.20	30.67	30.71	2069872	64329016.00
2016/09/02	30.60	30.76	29.59	29.79	4833754	146321232.00
2016/09/05	29.77	30.14	29.27	29.40	3573329	106579696.00
2016/09/06	29.41	29.99	29.38	29.95	2587175	77355560.00
2016/09/07	29.86	29.95	29.50	29.55	2905806	86845872.00
2016/09/08	29.55	29.73	29.36	29.48	1763879	52520272.00
2016/09/09	29.67	29.69	29.39	29.50	1525248	45404836.00
2016/09/12	29.17	29.17	28.17	28.43	2781490	79985656.00
2016/09/13	28.54	28.77	27.82	28.18	2421321	68919648.00
2016/09/14	27.94	28.17	27.10	27.26	3641580	101161736.00
2016/09/19	27.26	27.61	27.26	27.52	1822327	50544940.00
2016/09/20	27.57	27.84	27.44	27.67	1395256	38932108.00
2016/09/21	27.79	28.20	27.79	28.00	1847464	52297472.00
2016/09/22	28.16	28.27	27.48	27.49	2656019	74300544.00
2016/09/23	27.49	27.80	27.27	27.28	1561539	43111568.00
2016/09/26	27.37	27.46	26.07	26.07	2286523	61331144.00
2016/09/27	25.87	26.31	25.41	26.20	2032556	53114600.00
2016/09/28	26.20	26.20	25.85	25.90	1134225	29706304.00
2016/09/29	25.90	26.17	25.68	25.72	1416843	36999988.00
2016/09/30	25.80	26.27	25.72	26.11	1701116	44752124.00
2016/10/10	26.32	26.67	26.08	26.61	2109091	56086808.00
2016/10/11	26.69	26.69	26.23	26.51	2540299	67706632.00
2016/10/12	26.47	26.52	26.27	26.35	1907421	50714260.00
2016/10/13	26.43	26.50	26.15	26.19	2227327	58995252.00
2016/10/14	26.24	26.34	26.02	26.31	2006533	53090580.00
2016/10/17	26.37	26.75	26.27	26.36	2912168	77903552.00
2016/10/18	26.36	26.57	25.97	26.51	2492889	66255984.00
2016/10/19	26.66	26.71	26.28	26.35	2382662	63415304.00
2016/10/20	26.42	28.05	26.29	27.36	6692264	184013136.00
2016/10/21	27.10	27.24	26.48	26.71	3914449	105921832.00
2016/10/24	26.72	27.47	26.72	27.09	3433787	94059000.00
2016/10/25	26.88	28.05	26.88	27.99	5820052	162573600.00
2016/10/26	27.79	28.01	27.37	27.55	3629958	100920984.00
2016/10/27	27.58	27.75	27.02	27.19	2649618	72831800.00
2016/10/28	27.19	27.31	26.68	26.81	2415468	65585008.00
2016/10/31	26.90	27.27	26.88	26.93	1844214	50272788.00
2016/11/01	26.97	27.36	26.97	27.22	2395931	65636464.00
2016/11/02	27.19	27.87	26.97	27.30	4010581	111301288.00
2016/11/03	27.16	27.53	27.11	27.22	3285482	90476344.00
2016/11/04	27.25	27.44	27.12	27.24	2395076	65915716.00
2016/11/07	27.26	27.80	27.26	27.41	3053984	84820984.00
2016/11/08	27.42	27.43	27.13	27.37	2201347	60566768.00
2016/11/09	27.43	27.51	26.40	26.59	3756725	101816320.00
2016/11/10	26.77	26.96	26.67	26.80	3503355	94610968.00
2016/11/11	26.83	27.01	26.65	26.78	2527957	68339960.00
2016/11/14	26.80	27.02	26.77	26.96	2881509	78186352.00
2016/11/15	27.07	27.10	26.69	27.06	3573412	97011320.00
2016/11/16	27.27	27.85	27.06	27.59	8019897	222970256.00
2016/11/17	27.70	29.17	27.69	27.89	8802416	250483296.00
2016/11/18	27.57	27.77	27.28	27.47	4493152	124626448.00
2016/11/21	27.58	27.87	27.17	27.41	3781629	104587880.00
2016/11/22	27.35	27.72	27.32	27.70	3731813	103620832.00
2016/11/23	27.71	27.81	27.33	27.33	3308308	91661240.00
2016/11/24	27.30	27.39	26.87	26.99	2779167	76164056.00
2016/11/25	26.75	27.14	26.55	26.98	2691029	72589944.00
2016/11/28	27.06	27.11	26.75	26.76	1903074	51589020.00
2016/11/29	26.73	26.83	26.25	26.27	2332830	62463220.00
2016/11/30	26.27	26.56	26.17	26.36	1451538	38589228.00
2016/12/01	26.26	26.46	26.25	26.37	1267093	33640020.00
2016/12/02	26.38	26.46	25.55	25.55	3002188	78430680.00
2016/12/05	25.47	25.86	25.44	25.71	1759577	45636024.00
2016/12/06	25.57	25.95	25.57	25.91	1462270	38135864.00
2016/12/07	25.91	26.96	25.88	26.93	5030274	134614864.00
2016/12/08	26.96	27.06	26.51	26.76	3627174	97944600.00
2016/12/09	26.77	26.77	26.38	26.58	1915670	51242736.00
2016/12/12	26.58	26.61	24.77	24.82	2769970	71546752.00
2016/12/13	25.00	25.00	23.92	24.65	1959758	48359424.00
2016/12/14	24.97	25.20	24.24	24.42	1620200	40529224.00
2016/12/15	24.32	24.86	24.00	24.55	1526548	37830636.00
2016/12/16	24.72	24.84	24.49	24.76	1071188	26679944.00
2016/12/19	24.92	24.93	24.61	24.90	1165134	29151778.00
2016/12/20	24.96	25.27	24.71	24.97	1467791	37022200.00
2016/12/21	24.85	25.27	24.82	24.95	1414767	35659164.00
2016/12/22	24.76	25.14	24.55	24.65	1323255	32947054.00
2016/12/23	24.77	24.82	24.29	24.30	993588	24553300.00
2016/12/26	24.17	24.75	23.79	24.63	1538516	37751088.00
2016/12/27	24.63	24.75	24.45	24.63	923839	22947356.00
2016/12/28	24.63	24.94	24.63	24.72	1202213	30062574.00
2016/12/29	24.75	24.87	24.45	24.47	683000	16973606.00
2016/12/30	24.80	24.80	24.47	24.61	701696	17440394.00
2017/01/03	24.61	25.50	24.53	25.37	2490038	63265956.00
2017/01/04	25.17	25.72	25.08	25.56	1798284	46396124.00
2017/01/05	25.41	26.07	25.41	25.52	2293740	59641040.00
2017/01/06	25.43	25.73	25.13	25.52	1244074	31857102.00
2017/01/09	25.38	25.52	25.17	25.42	862303	22044716.00
2017/01/10	25.42	25.50	25.32	25.41	685114	17570128.00
2017/01/11	25.56	25.57	25.06	25.16	699843	17867470.00
2017/01/12	25.36	25.37	24.37	24.46	1248486	31145594.00
2017/01/13	24.45	24.92	24.22	24.27	830450	20487364.00
2017/01/16	24.27	24.45	21.82	22.08	2732699	63070616.00
2017/01/17	22.07	22.27	20.58	22.23	3357058	72973288.00
2017/01/18	21.99	22.17	21.47	21.74	1076352	23745770.00
2017/01/19	21.72	21.77	21.13	21.63	701690	15291080.00
2017/01/20	21.72	22.22	21.56	21.87	1216050	26939388.00
2017/01/23	21.86	22.73	21.84	22.55	1382446	31380264.00
2017/01/24	22.57	23.25	22.43	22.47	1417769	32556092.00
2017/01/25	22.45	22.93	22.45	22.52	767771	17534840.00
2017/01/26	22.52	22.83	22.47	22.72	677689	15497355.00
2017/02/03	22.72	23.07	22.48	22.84	1346126	31203662.00
2017/02/06	22.79	22.93	22.48	22.71	2381527	54397164.00
2017/02/07	22.69	22.72	22.49	22.64	732462	16736854.00
2017/02/08	22.76	22.76	22.43	22.71	1049152	23931326.00
2017/02/09	22.67	23.14	22.63	23.00	1790242	41388052.00
2017/02/10	23.02	23.15	22.57	22.64	1344336	30957928.00
2017/02/13	22.64	22.98	22.47	22.88	1450973	33438942.00
2017/02/14	22.78	24.17	22.78	23.75	2722979	65063184.00
2017/02/15	23.52	24.54	23.52	23.77	3409600	82809776.00
2017/02/16	23.70	24.81	23.52	24.76	4529658	111682616.00
2017/02/17	24.71	24.95	24.18	24.22	2782516	68780736.00
2017/02/20	24.40	24.40	23.69	24.16	2974032	71978648.00
2017/02/21	24.07	24.33	23.97	24.16	1638918	39992556.00
2017/02/22	24.15	24.72	23.99	24.35	2460387	60691932.00
2017/02/23	24.35	24.72	24.14	24.69	2253439	55670156.00
2017/02/24	24.59	26.06	24.46	25.28	7166715	182924400.00
2017/02/27	24.95	26.37	24.11	24.17	5863074	146293008.00
2017/02/28	24.06	24.43	23.75	23.92	2928375	70990704.00
2017/03/01	23.84	24.13	23.75	23.93	2100118	50800296.00
2017/03/02	23.81	24.05	23.81	24.03	1575455	38030948.00
2017/03/03	24.06	24.96	23.95	24.64	4447511	110134592.00
2017/03/06	24.57	25.94	24.47	25.55	6128094	156345616.00
2017/03/07	25.47	25.62	25.00	25.40	3726884	94782432.00
2017/03/08	25.47	26.10	25.03	25.58	5212508	135002176.00
2017/03/09	25.58	25.69	24.82	25.09	3189961	81075992.00
2017/03/10	25.10	25.47	24.98	25.30	2140153	54385608.00
2017/03/13	25.27	25.89	24.95	25.67	3594026	92224360.00
2017/03/14	25.68	26.08	25.32	25.93	5936208	154064592.00
2017/03/15	25.86	26.07	25.48	25.62	4153428	107979808.00
2017/03/16	25.65	25.93	25.59	25.86	4463564	115923496.00
2017/03/17	25.96	27.03	25.70	26.33	7522266	198469280.00
2017/03/20	26.35	26.37	25.77	25.95	5044118	132802672.00
2017/03/21	25.98	26.52	25.12	26.43	5684108	149900544.00
2017/03/22	26.20	27.03	26.03	26.75	6981687	188581536.00
2017/03/23	26.95	27.94	26.57	27.25	13628044	375697600.00
2017/03/24	26.97	27.35	26.53	26.75	4768672	129226696.00
2017/03/27	26.76	27.26	26.33	26.86	5940754	160850976.00
2017/03/28	26.96	26.96	26.58	26.82	4148634	112073840.00
2017/03/29	26.63	27.67	25.93	25.93	8224301	221149168.00
2017/03/30	25.77	26.49	24.63	24.75	4809783	123388088.00
2017/03/31	24.96	25.07	23.98	24.07	4132908	101714072.00
2017/04/05	24.09	24.73	24.09	24.53	2368722	58500656.00
2017/04/06	24.54	24.62	24.10	24.33	2450325	60069052.00
2017/04/07	24.33	24.57	24.17	24.20	2477064	60914408.00
2017/04/10	24.20	24.51	24.01	24.43	5198899	127387000.00
2017/04/11	24.35	24.37	22.94	24.12	4043887	97215472.00
2017/04/12	23.78	24.02	23.28	23.62	1922275	45868912.00
2017/04/13	23.59	23.97	23.48	23.62	1838359	44085520.00
2017/04/14	23.50	23.71	23.27	23.42	1563648	37017368.00
2017/04/17	23.09	23.38	22.57	22.75	1609600	37237616.00
2017/04/18	22.76	23.33	22.76	22.89	1438968	33519722.00
2017/04/19	22.92	23.05	22.32	22.85	1209313	27598554.00
2017/04/20	22.85	23.26	22.85	23.01	1243956	28979006.00
2017/04/21	23.22	23.22	22.88	23.09	492076	11462160.00
2017/04/24	23.08	23.20	22.42	23.05	1187920	27598888.00
2017/04/25	22.89	24.07	22.89	24.00	6590363	157740496.00
2017/04/26	23.98	24.54	23.87	24.14	6087657	148321728.00
2017/04/27	23.99	24.54	23.47	24.44	2308874	55711076.00
2017/04/28	24.44	24.47	24.11	24.26	1414900	34595792.00
2017/05/02	24.38	24.50	23.98	24.05	1507300	36748416.00
2017/05/03	24.05	24.13	23.55	23.74	1205175	28814034.00
2017/05/04	23.65	24.07	23.60	23.75	944501	22656798.00
2017/05/05	23.85	23.85	22.87	22.87	1235705	28836402.00
2017/05/08	22.53	22.84	22.41	22.57	1446237	32860026.00
2017/05/09	22.54	23.07	22.27	22.89	967324	22086488.00
2017/05/10	22.89	23.59	22.77	23.24	4232629	99182008.00
2017/05/11	22.87	23.86	22.37	23.37	3712656	86428352.00
2017/05/12	23.32	23.42	22.94	23.05	2248328	52567768.00
2017/05/15	22.97	23.12	22.53	22.85	1049700	24013942.00
2017/05/16	22.49	23.05	22.42	23.01	1265600	28953096.00
2017/05/17	22.95	23.13	22.88	23.00	925600	21424140.00
2017/05/18	22.80	22.97	22.62	22.66	737500	16886024.00
2017/05/19	22.66	22.80	22.61	22.67	478300	10911714.00
2017/05/22	22.67	22.73	22.17	22.17	724900	16352348.00
2017/05/23	22.15	22.25	20.52	20.52	1580602	33953152.00
2017/05/24	21.06	21.66	18.87	21.53	2324711	47747316.00
2017/05/25	21.50	21.57	20.87	21.51	1086551	23183812.00
2017/05/26	21.51	21.55	21.21	21.34	502199	10803557.00
2017/05/31	21.35	21.61	21.22	21.47	647500	13936447.00
2017/06/01	21.26	21.52	20.91	20.95	683600	14596357.00
2017/06/02	20.76	21.05	20.42	20.95	647390	13518529.00
2017/06/05	20.95	21.12	20.87	21.03	505477	10693253.00
2017/06/06	21.02	21.37	20.90	21.35	1013218	21618364.00
2017/06/07	21.37	23.50	21.37	22.54	5626351	126536848.00
2017/06/08	22.50	22.77	21.88	22.01	3475886	77401128.00
2017/06/09	21.75	21.83	21.43	21.47	1929939	41904976.00
2017/06/12	21.48	21.48	20.57	20.70	1809339	38018816.00
2017/06/13	20.58	21.52	20.58	21.33	2190722	46766104.00
2017/06/14	21.34	21.51	20.85	21.02	1514716	32106538.00
2017/06/15	21.02	21.56	21.02	21.38	1281232	27510366.00
2017/06/16	21.37	21.41	21.07	21.09	796600	16980612.00
2017/06/19	21.19	21.30	21.10	21.17	691800	14743711.00
2017/06/20	21.17	21.33	21.13	21.15	962026	20511054.00
2017/06/21	21.15	21.26	20.83	21.02	945430	20008002.00
2017/06/22	20.91	21.12	20.45	20.51	1394877	29134984.00
2017/06/23	20.42	20.64	20.32	20.56	1059312	21808350.00
2017/06/26	20.72	20.72	20.34	20.60	844227	17425166.00
2017/06/27	20.60	20.68	20.40	20.52	760500	15741131.00
2017/06/28	20.52	20.52	20.27	20.52	764509	15701792.00
2017/06/29	20.52	20.63	20.41	20.48	966709	19947512.00
2017/06/30	20.46	20.86	20.29	20.82	1570665	32650988.00
2017/07/03	20.72	20.85	20.59	20.79	1094448	22815400.00
2017/07/04	20.86	20.96	20.60	20.72	915400	19139540.00
2017/07/05	20.76	20.81	20.59	20.79	949216	19781218.00
2017/07/06	20.71	20.84	20.64	20.80	1112614	23266592.00
2017/07/07	20.73	20.91	20.72	20.91	1170397	24530950.00
2017/07/10	20.85	20.90	20.58	20.64	1282500	26675896.00
2017/07/11	20.60	20.75	20.32	20.35	967337	20002754.00
2017/07/12	20.32	20.47	19.97	20.43	1142368	23328980.00
2017/07/13	20.45	20.50	20.27	20.46	578600	11906169.00
2017/07/14	20.47	20.61	20.18	20.23	933963	19196682.00
2017/07/17	20.23	20.40	19.27	20.02	3425509	68336856.00
2017/07/18	20.02	20.16	19.82	20.02	987400	19928544.00
2017/07/19	20.08	20.22	19.90	20.22	1028900	20757472.00
2017/07/20	20.22	20.36	20.09	20.26	876900	17861998.00
2017/07/21	20.26	20.45	20.19	20.45	1013300	20747068.00
2017/07/24	20.51	20.72	20.29	20.62	1288004	26596898.00
2017/07/25	20.63	20.79	20.50	20.71	760118	15755390.00
2017/07/26	20.71	20.76	20.53	20.57	718100	14861125.00
2017/07/27	20.64	21.11	20.41	21.07	1706898	35851060.00
2017/07/28	20.99	21.87	20.98	21.64	2966775	64310912.00
2017/07/31	21.99	22.63	21.99	22.04	3721647	83351536.00
2017/08/01	22.27	22.57	21.88	22.30	3008930	67347992.00
2017/08/02	22.39	22.42	21.62	21.62	1707100	37671688.00
2017/08/03	21.40	21.77	21.40	21.48	1996166	43337188.00
2017/08/04	21.47	21.87	21.43	21.82	1442226	31526476.00
2017/08/07	21.84	22.35	21.84	21.96	1153153	25610330.00
2017/08/08	22.07	22.32	21.75	22.02	1551400	34462512.00
2017/08/09	21.82	22.07	21.67	22.03	1928100	42484456.00
2017/08/10	22.22	22.33	21.72	22.15	1853816	41143800.00
2017/08/11	21.87	22.32	21.87	22.16	1142400	25416032.00
2017/08/14	22.15	22.63	22.15	22.63	1843982	41681216.00
2017/08/15	22.64	23.11	22.64	22.91	2808860	64737756.00
2017/08/16	22.79	23.33	22.79	23.15	2360203	54741860.00
2017/08/17	23.08	23.37	22.88	23.17	2091742	48661400.00
2017/08/18	22.99	23.12	22.92	23.09	1291999	29909512.00
2017/08/21	22.98	23.20	22.88	23.07	1249976	28952590.00
2017/08/22	23.12	23.32	23.05	23.09	1254762	29252188.00
2017/08/23	23.08	23.46	22.98	23.34	2491118	58322324.00
2017/08/24	23.44	24.12	23.28	24.12	3929041	93923776.00
2017/08/25	24.07	24.42	23.88	24.07	3386004	82390336.00
2017/08/28	24.08	24.39	23.95	24.37	1913437	46450100.00
2017/08/29	24.37	24.42	24.10	24.23	1772083	43232056.00
2017/08/30	24.23	24.50	23.66	24.36	2739548	66359648.00
2017/08/31	24.12	24.55	24.12	24.17	1066100	26024688.00
2017/09/01	24.03	24.31	24.03	24.15	900798	21844982.00
2017/09/04	24.12	24.88	24.12	24.65	1440205	35706368.00
2017/09/05	24.55	24.76	24.27	24.38	1240328	30626770.00
2017/09/06	24.42	24.72	24.07	24.13	1600804	39190448.00
2017/09/07	23.87	24.16	23.70	23.99	2480186	59774036.00
2017/09/08	23.97	24.23	23.75	24.05	1430099	34530888.00
2017/09/11	24.05	24.59	24.05	24.43	1034948	25357052.00
2017/09/12	24.43	24.88	24.32	24.56	1405863	34839864.00
2017/09/13	24.92	25.17	24.66	24.82	1287916	32130654.00
2017/09/14	24.57	25.10	24.56	24.82	1330725	33224440.00
2017/09/15	24.77	24.85	24.54	24.72	842301	20855956.00
2017/09/18	24.71	24.97	24.56	24.90	1289400	32131426.00
2017/09/19	24.97	25.12	24.78	24.97	1383000	34696780.00
2017/09/20	24.97	25.15	24.77	24.94	1161900	29102484.00
2017/09/21	24.90	25.04	24.67	24.67	1203300	30080094.00
2017/09/22	24.67	25.22	24.62	25.16	2645665	66483804.00
2017/09/25	25.22	26.15	25.22	25.79	2944776	76033472.00
2017/09/26	26.12	26.12	25.37	25.82	1351465	34933120.00
2017/09/27	25.79	25.87	25.29	25.82	1007128	25929422.00
2017/09/28	25.62	25.96	25.35	25.87	1254863	32498550.00
2017/09/29	25.86	26.41	25.77	26.37	1628997	43015060.00
2017/10/09	26.46	27.05	26.46	26.91	1913000	51607920.00
2017/10/10	26.87	27.04	26.37	26.76	1067900	28712242.00
2017/10/11	26.67	26.99	26.57	26.88	852229	22939268.00
2017/10/12	26.92	26.97	26.21	26.87	1205372	32286988.00
2017/10/13	26.87	27.07	26.64	26.90	1508500	40786392.00
2017/10/16	27.03	27.32	26.56	26.80	1131383	30442826.00
2017/10/17	26.77	26.79	25.88	26.17	1390445	36655568.00
2017/10/18	26.17	26.46	25.68	25.81	1262300	33108002.00
2017/10/19	25.77	25.85	24.52	24.82	1809000	45630780.00
2017/10/20	24.67	25.14	24.67	25.11	1147800	28747946.00
2017/10/23	24.99	25.87	24.99	25.86	1110233	28405734.00
2017/10/24	25.92	26.29	25.74	26.11	1018823	26640008.00
2017/10/25	26.12	26.47	25.97	26.27	1142850	30168436.00
2017/10/26	26.30	26.32	25.82	26.08	1441650	37757056.00
2017/10/27	26.08	26.08	25.50	25.75	911990	23547340.00
2017/10/30	25.77	26.07	24.68	25.85	1531872	39070764.00
2017/10/31	25.96	25.96	24.85	25.13	1580745	39989884.00
2017/11/01	25.13	25.25	24.89	25.11	791934	19947992.00
2017/11/02	24.97	25.29	24.81	25.15	907080	22859108.00
2017/11/03	25.15	25.20	23.87	23.89	1526722	37754524.00
2017/11/06	24.09	24.26	23.52	24.09	1293124	30971580.00
2017/11/07	24.10	24.20	23.63	24.13	1242923	29799308.00
2017/11/08	24.12	25.06	23.72	24.72	1768373	43785152.00
2017/11/09	24.52	24.86	24.46	24.82	972773	24076324.00
2017/11/10	24.67	25.21	24.61	25.15	795229	20012140.00
2017/11/13	25.07	25.28	24.67	24.67	804434	20073620.00
2017/11/14	24.39	25.06	24.39	24.74	1480220	36763144.00
2017/11/15	24.76	24.96	24.52	24.69	901934	22426128.00
2017/11/16	24.69	24.87	23.92	24.67	1667853	40592524.00
2017/11/17	24.61	25.12	23.57	24.75	2194100	53740680.00
2017/11/20	24.51	24.65	23.59	23.73	2504547	60150040.00
2017/11/21	23.73	23.80	22.87	23.27	2734938	63938092.00
2017/11/22	23.36	23.62	23.01	23.51	1399344	32824514.00
2017/11/23	23.32	24.17	23.32	23.72	1276837	30556636.00
2017/11/24	23.67	24.65	23.67	24.55	1416800	34645192.00
2017/11/27	24.57	25.35	24.57	25.17	2983438	75134096.00
2017/11/28	25.17	25.88	25.17	25.83	3460926	89297448.00
2017/11/29	25.83	26.05	25.21	25.95	3260241	84609536.00
2017/11/30	25.87	26.06	25.37	25.63	1468791	37916492.00
2017/12/01	25.59	25.81	25.41	25.63	988940	25440142.00
2017/12/04	25.55	25.65	25.13	25.43	1026818	26196790.00
2017/12/05	25.57	25.57	23.52	24.07	4509743	110524136.00
2017/12/06	23.75	24.55	23.75	24.46	2705342	65410624.00
2017/12/07	24.27	26.91	23.89	26.20	6012721	154966016.00
2017/12/08	26.20	26.44	26.09	26.20	4061747	106917320.00
2017/12/11	26.15	27.07	25.89	26.80	4564920	121892880.00
2017/12/12	26.50	26.59	26.07	26.27	2007398	53040992.00
2017/12/13	26.10	26.86	25.84	26.85	2509670	66650648.00
2017/12/14	26.80	26.91	26.28	26.68	1644393	43997044.00
2017/12/15	26.66	26.66	26.07	26.07	1272856	33543162.00
2017/12/18	26.00	26.31	25.37	26.31	1723676	44738624.00
2017/12/19	26.05	27.35	25.96	27.35	4596804	124815328.00
2017/12/20	27.18	27.33	26.87	27.22	2035858	55382300.00
2017/12/21	26.92	27.92	26.73	27.37	5224401	143772336.00
2017/12/22	27.17	27.77	27.17	27.58	3080386	85246192.00
2017/12/25	27.39	27.70	26.87	27.15	2091464	57157092.00
2017/12/26	26.93	27.87	26.85	27.62	2653166	73137560.00
2017/12/27	27.74	27.74	27.43	27.48	2364733	65542232.00
2017/12/28	27.41	27.77	27.28	27.72	2396133	66394516.00
2017/12/29	27.67	28.36	27.67	28.34	3651528	103176272.00
2018/01/02	28.41	28.52	27.88	28.23	2643506	74605656.00
2018/01/03	28.23	28.23	27.59	27.74	2084806	58292980.00
2018/01/04	27.84	28.13	27.02	27.29	3147338	86989608.00
2018/01/05	27.25	27.72	27.04	27.32	3083099	84846952.00
2018/01/08	27.47	27.60	26.87	27.55	1872225	51136220.00
2018/01/09	27.37	27.67	27.37	27.67	1265824	35055112.00
2018/01/10	27.67	27.83	26.99	27.56	2028687	55818312.00
2018/01/11	27.37	27.52	27.06	27.37	1573697	43071280.00
2018/01/12	27.17	27.61	26.95	27.35	1571500	42943992.00
2018/01/15	26.95	27.85	25.76	26.23	2505786	67539552.00
2018/01/16	25.88	26.22	25.32	26.06	2857037	73934224.00
2018/01/17	25.96	26.36	25.47	26.31	797585	20860148.00
2018/01/18	26.34	26.41	25.83	26.05	525272	13726087.00
2018/01/19	26.09	26.16	25.88	26.00	496962	12981522.00
2018/01/22	26.02	26.12	25.47	25.86	1771046	45827976.00
2018/01/23	25.72	26.01	24.87	25.42	1282994	32902846.00
2018/01/24	25.41	25.71	25.17	25.43	764578	19558518.00
2018/01/25	25.57	26.19	25.37	25.97	1388270	35866476.00
2018/01/26	25.97	26.01	25.54	25.75	848080	21917942.00
2018/01/29	25.62	26.53	25.26	26.40	1891915	49277392.00
2018/01/30	26.32	26.62	25.97	26.25	1512200	39995952.00
2018/01/31	26.25	26.25	25.52	25.59	1160081	30004402.00
2018/02/01	25.67	26.65	25.11	25.37	2139725	55763376.00
2018/02/02	25.35	25.56	25.02	25.24	1128338	28636720.00
2018/02/05	25.20	25.72	25.17	25.60	513827	13125514.00
2018/02/06	25.52	25.66	24.81	25.22	1943768	49293932.00
2018/02/07	25.20	25.64	25.12	25.36	538775	13683074.00
2018/02/08	25.36	26.65	25.29	26.45	1464525	38482616.00
2018/02/09	26.02	26.35	25.24	25.68	1046430	26877838.00
2018/02/12	25.67	26.01	24.61	25.21	1941514	48800612.00
2018/02/13	25.14	25.14	24.32	24.86	3119576	77250640.00
2018/02/14	24.84	25.37	24.52	24.96	1509840	37711272.00
2018/02/22	24.86	25.15	24.58	24.87	1081301	26834758.00
2018/02/23	24.77	25.06	24.47	25.01	1617420	40219324.00
2018/02/26	25.19	25.55	25.01	25.18	1255797	31868722.00
2018/02/27	25.27	26.57	25.25	26.47	2069785	53688080.00
2018/02/28	26.45	26.45	25.60	25.96	1126809	29375622.00
2018/03/01	25.74	25.98	25.67	25.97	1343261	34828068.00
2018/03/02	25.67	26.37	25.54	26.11	1176800	30680852.00
2018/03/05	26.06	26.43	25.77	26.41	2311036	60670560.00
2018/03/06	26.17	26.41	25.78	25.95	2040400	53286956.00
2018/03/07	25.95	26.03	25.67	25.74	1273400	33052286.00
2018/03/08	25.62	26.05	25.56	25.84	1167496	30326696.00
2018/03/09	25.91	26.17	25.67	26.04	1179366	30724196.00
2018/03/12	26.02	26.24	25.88	26.11	1674242	43810364.00
2018/03/13	26.11	26.12	25.76	25.76	1400600	36423764.00
2018/03/14	25.88	25.95	24.87	25.02	1858457	47076556.00
2018/03/15	24.86	25.03	24.46	25.02	1127225	28069154.00
2018/03/16	25.02	25.26	24.72	25.11	1060920	26732556.00
2018/03/19	25.20	26.01	24.92	25.52	2063736	52875280.00
2018/03/20	25.52	26.00	25.22	25.53	3090039	79489688.00
2018/03/21	25.52	27.09	25.33	25.77	3153700	82109680.00
2018/03/22	25.67	26.57	25.36	26.20	2668251	69513848.00
2018/03/23	25.67	25.93	24.38	25.93	3696479	94207600.00
2018/03/26	26.37	26.37	25.17	25.36	1985896	51116732.00
2018/03/27	25.43	25.92	25.36	25.79	1926800	49723364.00
2018/03/28	25.49	25.76	25.27	25.27	704000	18044046.00
2018/03/29	25.36	25.90	24.88	25.59	3402586	87467304.00
2018/03/30	25.50	25.87	25.48	25.80	1246340	32180002.00
2018/04/02	26.00	26.34	25.80	25.90	1300840	34057508.00
2018/04/03	25.67	26.18	25.38	26.17	1799541	46718864.00
2018/04/04	26.15	26.57	25.98	26.24	1829600	48335352.00
2018/04/09	26.04	26.30	25.39	25.49	1486993	38581064.00
2018/04/10	25.49	25.72	25.39	25.61	657637	16910458.00
2018/04/11	25.79	25.79	25.17	25.45	1394186	35686764.00
2018/04/12	25.17	25.41	25.15	25.29	570261	14470934.00
2018/04/13	25.37	25.56	25.15	25.33	416616	10613444.00
2018/04/16	25.36	25.45	24.88	25.34	2073728	52674872.00
2018/04/17	25.27	25.65	25.13	25.23	941977	24075306.00
2018/04/18	25.17	25.33	24.65	24.94	900300	22566956.00
2018/04/19	25.07	25.14	24.66	24.86	859614	21468070.00
2018/04/20	24.71	24.91	24.65	24.84	641525	15972835.00
2018/04/23	24.84	25.04	24.47	24.93	423747	10567229.00
2018/04/24	25.10	25.45	24.71	25.45	854800	21553206.00
2018/04/25	25.57	25.78	25.24	25.39	604119	15452147.00
2018/04/26	25.31	25.53	24.82	24.87	580226	14601787.00
2018/04/27	24.88	25.13	24.71	24.91	489840	12178958.00
2018/05/02	24.96	25.05	24.52	24.78	649900	16051319.00
2018/05/03	24.61	24.92	24.61	24.88	1543921	38210040.00
2018/05/04	24.79	24.79	24.53	24.63	686800	16917296.00
2018/05/07	24.77	25.17	24.59	25.14	688198	17096416.00
2018/05/08	25.15	25.64	24.88	25.15	625806	15699773.00
2018/05/09	25.20	25.20	24.86	25.10	394985	9864630.00
2018/05/10	25.10	25.16	24.91	25.10	347854	8711643.00
2018/05/11	25.10	25.23	24.80	24.80	571651	14303911.00
2018/05/14	24.70	25.40	24.70	25.38	1192005	29908228.00
2018/05/15	25.38	26.36	25.38	26.29	2698230	70183664.00
2018/05/16	26.38	26.71	26.14	26.40	1761187	46494584.00
2018/05/17	26.18	27.19	26.18	27.14	2208461	58962424.00
2018/05/18	27.14	27.68	26.79	27.47	2765253	75247720.00
2018/05/21	27.39	29.29	27.26	29.09	4638014	130995008.00
2018/05/22	28.98	29.89	28.71	29.60	4451800	130548864.00
2018/05/23	29.74	30.00	28.75	29.22	2980479	86459080.00
2018/05/24	29.01	29.47	28.55	29.11	2649899	77289192.00
2018/05/25	29.25	29.25	28.71	28.86	775747	22426138.00
2018/05/28	28.86	29.20	28.77	29.12	1089083	31501482.00
2018/05/29	29.00	29.19	28.68	28.99	1215376	35181632.00
2018/05/30	28.89	28.90	28.02	28.56	1760476	50261184.00
2018/05/31	28.63	29.44	28.20	28.65	2177000	62240772.00
2018/06/01	28.63	29.05	28.27	28.80	1501000	43049496.00
2018/06/04	28.64	29.35	28.20	29.33	2630396	76096256.00
2018/06/05	29.20	30.85	29.00	30.73	5276986	158163904.00
2018/06/06	30.80	31.03	30.32	30.79	2686173	82698528.00
2018/06/07	31.00	31.80	30.90	31.58	4343195	136815568.00
2018/06/08	31.80	31.80	30.88	31.40	2956200	92383336.00
2018/06/11	31.39	31.44	30.04	30.20	2718787	82885544.00
2018/06/12	30.30	30.60	29.37	30.38	4743400	142703392.00
2018/06/13	30.38	30.46	28.77	29.75	4575751	136095136.00
2018/06/14	29.34	29.81	27.79	28.65	4214821	119369312.00
2018/06/15	28.31	29.06	28.05	28.92	2217800	63498552.00
2018/06/19	28.65	28.65	27.80	28.47	2630060	74197976.00
2018/06/20	28.20	28.55	27.25	28.45	2517542	70161816.00
2018/06/21	28.29	28.40	27.55	28.07	885730	24695598.00
2018/06/22	28.00	28.49	27.30	28.40	995988	28000924.00
2018/06/25	28.30	28.45	27.78	27.80	1127377	31666304.00
2018/06/26	27.42	27.79	27.01	27.66	1073231	29528736.00
2018/06/27	27.60	27.98	26.68	27.81	2698824	73234712.00
2018/06/28	27.49	27.58	27.01	27.44	1503420	40944780.00
2018/06/29	27.20	28.82	26.43	28.61	2851382	79298336.00
2018/07/02	28.03	28.50	27.31	27.90	3027481	84416528.00
2018/07/03	27.50	28.29	26.95	28.20	2500710	68959272.00
2018/07/04	27.96	28.68	27.06	27.50	4803076	132406864.00
2018/07/05	27.20	27.32	26.60	26.80	1483100	39937776.00
2018/07/06	26.78	26.95	25.60	26.46	2069549	54499160.00
2018/07/09	26.46	26.82	26.20	26.38	1417233	37448520.00
2018/07/10	26.30	26.30	25.63	25.82	1037700	26862744.00
2018/07/11	26.00	26.43	25.41	26.40	1631340	42310312.00
2018/07/12	26.40	26.59	25.92	26.37	1752566	46158356.00
2018/07/13	26.24	26.77	26.10	26.66	1697628	44918388.00
2018/07/16	26.66	26.66	25.75	25.81	1531955	39697484.00
2018/07/17	25.82	26.00	25.61	25.85	826742	21294246.00
2018/07/18	25.86	25.96	25.61	25.70	841642	21623284.00
2018/07/19	25.64	25.72	25.20	25.20	1002949	25508370.00
2018/07/20	25.39	26.21	24.80	25.67	1144249	28972818.00
2018/07/23	25.66	25.66	25.02	25.26	1149882	28959686.00
2018/07/24	25.19	25.45	25.08	25.37	1015605	25738332.00
2018/07/25	25.40	25.64	25.01	25.01	1068331	27046162.00
2018/07/26	25.10	25.24	24.91	25.18	900700	22601332.00
2018/07/27	25.06	25.20	24.89	25.09	542199	13575655.00
2018/07/30	25.17	26.18	25.10	26.10	2476540	63896416.00
2018/07/31	26.11	26.40	25.83	26.22	2344731	61252308.00
2018/08/01	26.18	26.30	25.51	25.61	1275311	33002660.00
2018/08/02	25.58	25.58	25.03	25.23	1007200	25345408.00
2018/08/03	25.22	25.30	24.80	24.90	1226400	30628470.00
2018/08/06	24.90	25.24	24.68	25.09	902998	22510678.00
2018/08/07	25.10	25.77	25.00	25.63	878900	22271378.00
2018/08/08	25.64	25.64	25.03	25.31	495027	12491536.00
2018/08/09	25.20	25.66	25.00	25.51	959200	24439280.00
2018/08/10	25.51	26.37	25.31	26.29	1615251	41885580.00
2018/08/13	26.00	26.42	25.96	26.30	1307349	34338024.00
2018/08/14	26.05	26.62	26.05	26.59	938815	24800812.00
2018/08/15	26.58	26.80	26.00	26.46	1056671	27906566.00
2018/08/16	26.12	27.27	25.72	27.05	1920941	51385152.00
2018/08/17	26.69	27.35	26.44	26.87	1105821	29720572.00
2018/08/20	26.68	27.40	25.83	25.99	1919905	50597472.00
2018/08/21	26.05	26.10	25.13	25.50	1314714	33594524.00
2018/08/22	25.50	25.96	25.21	25.59	879923	22576362.00
2018/08/23	25.46	25.70	25.12	25.48	834000	21140534.00
2018/08/24	25.48	25.58	25.21	25.39	267000	6769714.00
2018/08/27	25.39	25.94	25.39	25.86	876684	22503050.00
2018/08/28	25.80	25.87	25.63	25.85	424300	10930983.00
2018/08/29	25.80	26.17	25.72	25.85	666450	17251248.00
2018/08/30	25.84	25.92	25.25	25.46	464400	11833291.00
2018/08/31	25.43	25.52	25.15	25.35	354300	8958064.00
2018/09/03	25.34	25.70	25.15	25.55	561600	14189326.00
2018/09/04	25.49	25.60	25.18	25.37	660900	16751044.00
2018/09/05	25.37	25.47	25.01	25.14	981047	24778566.00
2018/09/06	25.09	25.19	25.02	25.15	430000	10795680.00
2018/09/07	25.10	25.46	25.04	25.15	370200	9322806.00
2018/09/10	25.10	25.28	25.00	25.09	612100	15348396.00
2018/09/11	25.09	25.23	24.90	25.11	673700	16860718.00
2018/09/12	25.07	25.30	24.50	25.30	1329716	33307872.00
2018/09/13	25.28	25.38	24.96	25.19	739316	18600562.00
2018/09/14	25.28	25.28	24.90	25.05	782600	19579696.00
2018/09/17	25.05	25.09	24.94	25.05	273500	6839261.00
2018/09/18	24.99	25.18	24.90	25.12	320100	8007785.00
2018/09/19	25.05	25.28	24.94	25.17	422400	10600633.00
2018/09/20	25.27	25.33	25.04	25.22	357700	9000923.00
2018/09/21	25.20	25.62	25.06	25.48	612149	15559387.00
2018/09/25	25.35	25.70	25.18	25.65	652500	16628743.00
2018/09/26	25.66	25.90	25.46	25.88	742770	19113142.00
2018/09/27	25.87	25.87	25.49	25.60	332981	8574976.00
2018/09/28	25.78	25.87	25.54	25.55	354414	9106512.00
2018/10/08	25.31	25.50	25.08	25.25	674900	17056880.00
2018/10/09	25.23	25.45	25.12	25.38	572049	14505423.00
2018/10/10	25.33	25.49	25.18	25.24	545300	13803127.00
2018/10/11	25.10	25.25	24.69	25.23	1033404	25798554.00
2018/10/12	25.10	25.99	24.60	25.90	1457633	36779016.00
2018/10/15	25.81	26.16	25.64	25.93	1196080	30872212.00
2018/10/16	25.65	25.98	25.65	25.95	1861670	48041336.00
2018/10/17	25.95	26.41	25.95	26.15	1573892	41216928.00
2018/10/18	25.80	26.16	25.17	25.80	929951	23801098.00
2018/10/19	25.52	25.99	25.21	25.89	1168825	30072036.00
2018/10/22	25.89	27.37	25.89	27.29	2601125	69345936.00
2018/10/23	27.30	27.30	26.51	26.83	972804	26042794.00
2018/10/24	26.68	27.20	26.41	26.50	796000	21259532.00
2018/10/25	25.92	27.00	25.63	26.41	822397	21409778.00
2018/10/26	26.57	26.57	25.99	26.23	450033	11792836.00
2018/10/29	26.25	26.99	25.72	26.10	919800	23917788.00
2018/10/30	26.15	26.24	25.85	26.00	1145419	29817736.00
2018/10/31	26.09	26.32	25.90	26.25	1216492	31771374.00
2018/11/01	26.12	26.50	26.01	26.15	1056273	27700734.00
2018/11/02	26.10	26.98	26.10	26.90	972143	25729150.00
2018/11/05	26.90	26.90	26.50	26.60	673550	17945972.00
2018/11/06	26.52	26.64	26.18	26.56	872082	22988992.00
2018/11/07	26.55	26.62	26.30	26.40	467300	12349764.00
2018/11/08	26.40	26.75	26.02	26.06	462550	12119974.00
2018/11/09	26.06	26.49	25.81	26.28	563670	14642432.00
2018/11/12	26.22	26.96	26.06	26.58	942170	24930740.00
2018/11/13	26.45	27.25	26.20	27.08	1498686	40313980.00
2018/11/14	26.91	27.30	26.82	27.00	829300	22431228.00
2018/11/15	26.93	27.46	26.87	27.33	757721	20589378.00
2018/11/16	27.38	28.40	27.05	28.25	1774166	48675320.00
2018/11/19	28.00	28.48	27.36	28.30	2206239	61107928.00
2018/11/20	28.29	28.30	26.86	27.18	2027150	55447464.00
2018/11/21	26.81	27.00	26.26	26.76	854100	22688974.00
2018/11/22	26.77	26.88	26.36	26.50	692600	18397100.00
2018/11/23	26.50	26.65	25.76	26.00	1005400	26158496.00
2018/11/26	25.79	26.08	25.50	25.69	688000	17648926.00
2018/11/27	25.69	25.93	25.40	25.72	571800	14640778.00
2018/11/28	25.55	25.80	25.29	25.60	575179	14691725.00
2018/11/29	25.60	25.74	25.17	25.17	635452	16140845.00
2018/11/30	25.15	25.60	24.96	25.39	952379	23940736.00
2018/12/03	25.84	25.98	25.62	25.85	1022700	26382074.00
2018/12/04	26.00	28.44	25.73	28.44	2995227	82210608.00
2018/12/05	28.00	28.80	26.91	27.28	2823111	77554792.00
2018/12/06	27.20	27.34	26.21	26.45	1730600	46072124.00
2018/12/07	26.60	26.60	26.01	26.38	1225700	32249658.00
2018/12/10	26.10	29.02	26.10	29.02	4464091	127065088.00
2018/12/11	28.70	29.02	27.20	27.25	6149709	171265696.00
2018/12/12	26.99	29.98	26.92	29.98	11982220	341409920.00
2018/12/13	29.50	30.48	26.98	28.24	25869519	731088192.00
2018/12/14	27.20	27.27	25.50	25.50	12653353	335282592.00
2018/12/17	25.08	25.08	23.12	24.04	8587370	208450672.00
2018/12/18	23.75	24.42	23.52	24.11	5295490	127485288.00
2018/12/19	24.13	24.29	23.16	23.21	5397215	127771536.00
2018/12/20	22.90	23.57	22.54	23.26	5185800	119255152.00
2018/12/21	23.00	23.38	22.79	23.17	3519809	81105192.00
2018/12/24	23.03	23.30	22.90	23.13	3476184	80319704.00
2018/12/25	22.77	23.12	22.48	22.56	4488650	102061472.00
2018/12/26	22.62	22.84	22.15	22.20	3804119	85717648.00
2018/12/27	22.53	22.70	20.52	20.80	6659475	143249344.00
2018/12/28	20.81	22.52	20.66	22.30	7918300	169858704.00
2019/01/02	22.00	22.00	21.17	21.54	4141430	89486736.00
2019/01/03	21.65	21.75	20.60	20.62	3165484	66425036.00
数据来源:通达信
