002527 新时达 日线 前复权
      日期	    开盘	    最高	    最低	    收盘	    成交量	    成交额
2010/12/24	8.35	9.60	8.35	8.94	33530948	832056832.00
2010/12/27	9.25	9.89	8.60	9.75	22249437	560429504.00
2010/12/28	9.18	9.41	8.70	8.70	10770662	266380208.00
2010/12/29	8.13	8.82	8.01	8.81	10316581	240236080.00
2010/12/30	8.70	9.76	8.68	9.76	16232912	420614080.00
2010/12/31	9.52	9.91	9.45	9.80	10970373	289488000.00
2011/01/04	10.15	10.53	9.77	9.91	12505396	343177888.00
2011/01/05	10.04	10.50	9.96	10.39	9893700	274902720.00
2011/01/06	10.23	10.66	10.07	10.39	7683439	215863152.00
2011/01/07	10.33	10.51	9.52	9.94	7566955	206918256.00
2011/01/10	9.84	10.11	9.60	9.76	4183699	112395824.00
2011/01/11	9.64	10.00	9.18	9.43	4103770	107003456.00
2011/01/12	9.37	9.63	9.29	9.58	2837650	73372640.00
2011/01/13	9.60	9.60	9.29	9.54	2455534	63220656.00
2011/01/14	9.45	9.45	8.52	8.72	6485488	155493648.00
2011/01/17	8.54	8.54	8.04	8.25	3351977	76321072.00
2011/01/18	8.19	8.41	8.10	8.19	2432439	55531968.00
2011/01/19	8.19	8.41	7.76	8.34	3085660	69728144.00
2011/01/20	8.23	8.26	7.48	7.54	4201754	91197936.00
2011/01/21	7.47	7.67	7.26	7.53	2875549	59832316.00
2011/01/24	7.49	7.50	7.06	7.06	2325587	46989004.00
2011/01/25	7.04	7.54	7.01	7.44	2925769	59719352.00
2011/01/26	7.41	7.79	7.29	7.68	2597779	54720576.00
2011/01/27	7.66	7.88	7.43	7.65	2738123	58227744.00
2011/01/28	7.45	7.94	7.45	7.90	2290809	49074464.00
2011/01/31	7.84	8.07	7.77	8.03	2126417	46669844.00
2011/02/01	8.03	8.03	7.77	7.85	1411404	30723822.00
2011/02/09	7.83	8.33	7.67	8.29	2909215	65535008.00
2011/02/10	8.25	8.86	8.14	8.74	3090449	72280240.00
2011/02/11	8.59	9.21	8.59	9.21	3371240	82791712.00
2011/02/14	9.20	9.37	9.07	9.27	2514945	63362136.00
2011/02/15	9.21	9.52	9.02	9.13	2557563	64302840.00
2011/02/16	9.13	9.27	9.03	9.20	2201800	55179848.00
2011/02/17	9.19	9.35	9.06	9.35	2279657	57572828.00
2011/02/18	9.43	9.43	8.86	9.37	3293808	82195408.00
2011/02/22	9.39	9.79	9.29	9.75	4554487	118744592.00
2011/02/23	9.60	9.90	9.45	9.71	2013940	53192416.00
2011/02/24	9.70	9.77	9.37	9.47	1796577	46499472.00
2011/02/25	9.44	9.44	8.96	9.28	1890318	47445604.00
2011/02/28	9.10	9.23	8.88	9.13	1617425	39992928.00
2011/03/01	9.09	9.46	9.09	9.24	1384624	35162296.00
2011/03/02	9.13	9.44	9.05	9.35	2073736	52605276.00
2011/03/03	9.35	9.97	9.35	9.81	3984255	106094808.00
2011/03/04	9.78	9.89	9.56	9.89	1978422	52577140.00
2011/03/07	9.90	10.02	9.72	9.78	1267787	33992616.00
2011/03/08	9.74	10.09	9.56	9.61	1788467	47524800.00
2011/03/09	9.54	9.68	9.29	9.32	1527573	39223648.00
2011/03/10	9.32	9.58	9.25	9.35	1073358	27536174.00
2011/03/11	9.33	9.52	9.16	9.33	1165465	29916868.00
2011/03/14	9.31	10.27	9.18	10.27	4310771	114947584.00
2011/03/15	10.07	10.29	9.88	10.16	2418209	66356952.00
2011/03/16	10.15	10.23	9.94	10.04	1366478	37417016.00
2011/03/17	9.99	10.23	9.76	9.84	2853041	78007624.00
2011/03/18	9.90	10.21	9.79	10.04	1619837	44047840.00
2011/03/21	10.00	10.00	9.73	9.87	1023213	27444608.00
2011/03/22	9.84	9.86	9.13	9.62	2713798	70468640.00
2011/03/23	9.55	9.83	9.29	9.53	2284338	59744032.00
2011/03/24	9.51	9.51	9.23	9.31	4200676	106993800.00
2011/03/25	9.29	9.78	9.27	9.68	5906724	154255920.00
2011/03/28	9.79	10.69	9.79	10.11	5450705	151580960.00
2011/03/29	10.07	10.35	9.89	10.00	2689026	74082928.00
2011/03/30	9.92	10.00	9.24	9.56	1983155	51797860.00
2011/03/31	9.53	9.86	9.31	9.76	1946752	51105068.00
2011/04/01	9.68	10.04	9.54	10.00	2185689	58833056.00
2011/04/06	9.91	10.09	9.68	9.75	997168	26623824.00
2011/04/07	9.80	10.03	9.36	9.80	1985899	52743468.00
2011/04/08	9.80	9.84	9.61	9.83	1227563	32617296.00
2011/04/11	9.84	10.15	9.72	9.91	2313824	62560732.00
2011/04/12	9.78	9.78	9.47	9.68	1329309	34725936.00
2011/04/13	9.53	9.91	9.45	9.62	805200	21293688.00
2011/04/14	9.55	9.67	9.22	9.41	2081723	53255672.00
2011/04/15	9.33	9.53	9.21	9.53	1056145	27006372.00
2011/04/18	9.47	9.47	9.07	9.15	1445927	36597344.00
2011/04/19	9.16	9.27	8.58	8.90	2186373	52496948.00
2011/04/20	8.69	8.85	8.65	8.68	1010329	24147566.00
2011/04/21	8.69	8.86	8.62	8.85	1093058	26349332.00
2011/04/22	8.86	9.03	8.83	9.02	1195519	29352890.00
2011/04/25	8.98	9.20	8.83	8.94	1117036	27531402.00
2011/04/26	8.94	9.03	8.68	8.70	805580	19475690.00
2011/04/27	8.72	8.82	7.76	7.76	3051418	67779496.00
2011/04/28	7.87	8.05	7.53	7.58	1362560	29074196.00
2011/04/29	7.56	8.15	7.55	7.96	1222814	26574530.00
2011/05/03	7.94	8.05	7.88	7.96	832673	18291356.00
2011/05/04	8.02	8.02	7.63	7.72	825419	17690310.00
2011/05/06	7.56	7.75	7.32	7.73	596225	12698088.00
2011/05/09	7.72	8.00	7.70	7.96	839235	18353492.00
2011/05/10	7.96	8.05	7.87	7.98	547292	12045243.00
2011/05/11	7.96	8.03	7.82	7.91	506570	11121374.00
2011/05/12	7.84	7.99	7.80	7.82	376959	8222458.00
2011/05/13	7.91	8.03	7.80	7.93	545214	11935201.00
2011/05/16	8.01	8.01	7.84	7.92	592264	12932921.00
2011/05/17	7.89	7.92	7.65	7.78	375849	8121193.00
2011/05/18	7.79	7.83	7.66	7.72	456805	9787927.00
2011/05/19	7.73	7.75	7.44	7.48	545185	11531426.00
2011/05/20	7.37	7.52	7.06	7.18	1942415	38824444.00
2011/05/23	7.18	7.22	6.87	6.91	625180	12306313.00
2011/05/24	6.79	7.08	6.73	7.02	439223	8488409.00
2011/05/25	6.98	7.07	6.81	6.81	339870	6602068.00
2011/05/26	7.01	7.01	6.06	6.70	353756	6742103.00
2011/05/27	6.59	6.74	6.39	6.41	279491	5146715.00
2011/05/30	6.41	6.59	6.28	6.39	270680	4893866.00
2011/05/31	6.43	6.79	6.40	6.77	457055	8433767.00
2011/06/01	6.77	7.13	6.66	7.10	679606	13195023.00
2011/06/02	7.02	7.10	6.83	7.10	557234	10807925.00
2011/06/03	7.06	7.45	6.98	7.39	708237	14315796.00
2011/06/07	7.39	7.59	7.30	7.50	717945	14757079.00
2011/06/08	7.47	7.51	7.06	7.47	375308	7625172.50
2011/06/09	7.26	7.39	7.01	7.28	575661	11513220.00
2011/06/10	7.28	7.37	6.83	7.30	685219	13648967.00
2011/06/13	7.06	7.22	6.97	7.21	269831	5340195.00
2011/06/14	7.21	7.57	7.15	7.46	1086599	22310554.00
2011/06/15	7.50	7.50	7.30	7.40	328041	6675705.50
2011/06/16	7.26	7.36	7.15	7.21	197956	3959347.75
2011/06/17	7.28	7.41	7.02	7.16	329054	6512004.50
2011/06/21	7.15	7.33	7.06	7.16	280311	5560384.00
2011/06/22	7.17	7.32	7.02	7.21	295145	5858121.00
2011/06/23	7.06	7.42	7.03	7.30	652832	13144205.00
2011/06/24	7.28	7.74	7.23	7.53	1305044	27208432.00
2011/06/27	7.60	7.94	7.45	7.73	1253891	26872692.00
2011/06/28	7.72	7.87	7.61	7.73	395801	8395192.00
2011/06/29	7.73	7.80	7.53	7.71	541477	11410295.00
2011/06/30	7.71	7.81	7.56	7.77	635652	13543810.00
2011/07/01	7.77	7.77	7.62	7.66	279580	5912314.00
2011/07/04	7.61	7.75	7.61	7.70	748180	15858029.00
2011/07/05	7.73	7.96	7.67	7.96	1835197	39809400.00
2011/07/06	7.92	7.95	7.77	7.92	489520	10604238.00
2011/07/07	7.88	8.00	7.83	7.83	780584	16969258.00
2011/07/08	7.83	7.84	7.57	7.66	2820779	59515456.00
2011/07/12	7.53	7.64	7.26	7.61	1138644	23604452.00
2011/07/13	7.57	7.75	7.54	7.63	772799	16246918.00
2011/07/14	7.57	7.79	7.57	7.73	668320	14180011.00
2011/07/15	7.82	8.23	7.74	8.04	1495106	33023458.00
2011/07/18	7.96	7.99	7.77	7.99	947923	20596838.00
2011/07/19	7.96	8.07	7.82	7.97	732851	16062401.00
2011/07/20	8.00	8.06	7.81	7.92	883231	19152764.00
2011/07/21	7.92	7.99	7.81	7.88	362065	7855712.50
2011/07/22	7.88	7.99	7.81	7.96	385352	8363673.00
2011/07/26	7.71	7.71	7.37	7.58	647828	13469717.00
2011/07/27	7.56	7.84	7.42	7.64	505049	10650605.00
2011/07/28	7.63	7.67	7.49	7.53	397200	8290484.50
2011/07/29	7.53	7.64	7.41	7.59	353291	7314029.00
2011/08/01	7.58	7.96	7.57	7.73	402831	8592800.00
2011/08/02	7.69	7.95	7.61	7.92	765351	16360205.00
2011/08/03	7.88	8.34	7.81	8.24	2008125	44986376.00
2011/08/04	8.30	8.43	8.08	8.12	1219304	27538632.00
2011/08/05	7.61	7.94	7.61	7.66	733907	15752751.00
2011/08/08	7.66	7.70	7.02	7.24	762591	15505609.00
2011/08/09	7.04	7.21	6.78	7.19	468687	9170718.00
2011/08/10	7.47	7.52	7.23	7.31	532506	10825787.00
2011/08/11	7.22	8.10	7.03	7.62	870300	18134778.00
2011/08/12	7.65	7.77	7.61	7.70	448013	9502512.00
2011/08/15	7.73	7.96	7.69	7.81	452342	9708228.00
2011/08/16	7.83	7.91	7.70	7.77	324692	6973411.00
2011/08/17	7.85	7.92	7.77	7.79	739162	15949559.00
2011/08/18	7.82	7.82	7.50	7.54	628475	13201402.00
2011/08/19	7.36	7.95	7.30	7.56	331074	6905337.50
2011/08/22	7.45	7.67	7.45	7.48	301535	6291575.00
2011/08/23	7.56	7.67	7.48	7.66	461019	9658374.00
2011/08/24	7.67	7.81	7.66	7.76	680594	14550798.00
2011/08/25	7.82	7.89	7.72	7.87	762430	16460050.00
2011/08/26	7.87	7.96	7.78	7.85	555789	12001661.00
2011/08/29	7.85	7.95	7.80	7.88	744746	16148594.00
2011/08/30	7.92	7.96	7.67	7.76	594891	12823237.00
2011/08/31	7.72	7.79	7.55	7.77	358376	7594619.00
2011/09/01	7.72	7.80	7.58	7.60	308530	6522741.50
2011/09/02	7.46	7.58	7.44	7.47	180689	3733636.50
2011/09/05	7.46	7.52	7.28	7.37	229853	4654252.50
2011/09/06	7.35	7.35	7.06	7.23	174849	3498219.25
2011/09/07	7.29	7.53	7.17	7.51	255942	5210830.50
2011/09/08	7.53	7.77	7.41	7.51	287041	5994819.00
2011/09/09	7.59	7.59	7.38	7.50	191721	3951059.50
2011/09/13	7.28	7.41	7.22	7.22	163673	3291733.00
2011/09/14	7.23	7.26	7.08	7.26	263570	5257394.50
2011/09/15	7.26	7.32	7.14	7.19	202600	4048096.00
2011/09/16	7.19	7.30	7.16	7.17	114790	2296692.50
2011/09/19	7.19	7.26	6.95	7.00	182474	3563268.50
2011/09/20	6.97	7.04	6.86	7.01	224893	4331396.00
2011/09/21	7.01	7.18	6.89	7.18	845144	16585080.00
2011/09/22	7.14	7.14	6.75	6.76	715497	13733279.00
2011/09/23	6.65	6.73	6.38	6.52	1470433	26525948.00
2011/09/26	6.47	6.58	6.28	6.38	337312	6035173.50
2011/09/27	6.39	6.43	6.24	6.37	934442	16567820.00
2011/09/28	6.51	6.51	6.18	6.33	751822	13246234.00
2011/09/29	6.26	6.35	6.05	6.30	1242368	21484634.00
2011/09/30	6.28	6.33	6.19	6.30	353830	6198218.00
2011/10/10	6.30	6.30	6.10	6.26	323580	5627597.50
2011/10/11	6.35	6.54	6.24	6.45	1203910	21493960.00
2011/10/12	6.40	6.88	6.34	6.82	1798247	33413216.00
2011/10/13	6.79	6.97	6.72	6.90	641002	12207670.00
2011/10/14	6.93	6.98	6.75	6.97	665426	12709817.00
2011/10/17	7.02	7.41	6.93	7.04	949852	18615122.00
2011/10/18	6.95	7.17	6.86	6.96	837041	16338571.00
2011/10/19	6.92	7.21	6.88	6.91	588630	11414353.00
2011/10/20	6.94	6.94	6.51	6.78	597400	11204666.00
2011/10/21	6.70	6.83	6.66	6.80	315182	5944583.50
2011/10/24	6.80	6.90	6.43	6.87	421495	7905079.50
2011/10/25	6.73	7.06	6.73	7.04	777459	15111690.00
2011/10/26	6.99	7.21	6.78	7.10	775454	15081577.00
2011/10/27	7.08	7.16	6.88	7.05	385793	7502640.50
2011/10/28	7.15	7.39	7.05	7.29	1171897	23541848.00
2011/10/31	7.33	7.35	7.03	7.29	834780	16658501.00
2011/11/01	7.20	7.33	7.12	7.30	687404	13814464.00
2011/11/02	7.14	7.56	7.14	7.43	979083	20014774.00
2011/11/03	7.45	7.80	7.22	7.72	1825389	38372588.00
2011/11/04	7.68	7.81	7.50	7.59	860889	18039574.00
2011/11/07	7.51	7.73	7.41	7.50	651271	13517794.00
2011/11/08	7.42	7.48	7.32	7.45	418100	8533865.00
2011/11/09	7.43	7.72	7.34	7.71	962269	20094044.00
2011/11/10	7.61	8.15	7.61	7.99	3252139	71353200.00
2011/11/11	7.99	8.20	7.69	7.83	1470331	32300656.00
2011/11/14	7.90	8.12	7.77	7.92	1439073	31384356.00
2011/11/15	7.81	7.96	7.73	7.88	855111	18429548.00
2011/11/16	7.84	7.96	7.56	7.72	655150	14042500.00
2011/11/17	7.69	7.83	7.61	7.67	380911	8093880.00
2011/11/18	7.56	7.87	7.50	7.53	590051	12522407.00
2011/11/21	7.57	7.63	7.16	7.27	598253	12044372.00
2011/11/22	7.24	7.28	7.08	7.21	281769	5583149.50
2011/11/23	7.22	7.34	7.16	7.25	688391	13852420.00
2011/11/24	7.23	7.23	7.00	7.22	112001	2219849.50
2011/11/25	7.10	7.32	7.08	7.19	132956	2634342.25
2011/11/28	7.19	7.19	7.04	7.13	100799	1985591.38
2011/11/29	7.15	7.32	7.15	7.24	521590	10431663.00
2011/11/30	7.24	7.25	6.63	6.97	423957	8203742.50
2011/12/01	7.14	7.17	6.85	6.94	495554	9671409.00
2011/12/02	6.98	6.98	6.43	6.48	503002	9251743.00
2011/12/05	6.53	6.53	6.13	6.32	440727	7737930.50
2011/12/06	6.24	6.41	6.16	6.28	203345	3585869.75
2011/12/07	6.30	6.37	5.95	6.10	865764	14862329.00
2011/12/08	6.10	6.10	5.60	5.87	1459365	24068422.00
2011/12/09	5.73	5.79	5.70	5.71	528134	8561290.00
2011/12/12	5.76	5.77	5.38	5.47	1088754	17157964.00
2011/12/13	5.43	5.43	5.13	5.24	996120	14963853.00
2011/12/14	5.24	5.29	5.08	5.15	1010721	14970503.00
2011/12/15	5.13	5.22	5.10	5.16	833683	12317383.00
2011/12/16	5.18	5.29	5.12	5.28	815055	12129092.00
2011/12/19	5.23	5.23	5.02	5.20	1103130	16274171.00
2011/12/20	5.14	5.44	5.14	5.40	1903669	28957104.00
2011/12/21	5.38	5.42	5.11	5.11	1081759	16352814.00
2011/12/22	5.06	5.06	4.53	4.72	2497665	33358244.00
2011/12/23	4.63	4.76	4.48	4.63	1260026	16915472.00
2011/12/26	4.57	4.74	4.55	4.64	878030	11823954.00
2011/12/27	4.61	4.66	4.47	4.58	1286741	16869244.00
2011/12/28	4.51	4.58	4.20	4.38	1142120	14446398.00
2011/12/30	4.54	4.89	4.51	4.89	3719851	52075148.00
2012/01/04	4.98	5.00	4.73	4.80	3077195	43455852.00
2012/01/05	4.73	4.91	4.64	4.75	2011781	27662454.00
2012/01/06	4.72	4.80	4.40	4.76	2440510	32928890.00
2012/01/09	4.78	4.99	4.60	4.99	3257365	45551984.00
2012/01/10	4.93	5.21	4.90	5.15	4154220	60129332.00
2012/01/11	5.12	5.15	4.97	5.06	2937126	42659624.00
2012/01/12	4.98	5.11	4.98	5.01	2110808	30561556.00
2012/01/13	4.99	5.05	4.59	4.60	2405416	32975106.00
2012/01/16	4.58	4.58	4.31	4.31	1217818	15733943.00
2012/01/17	4.31	4.65	4.28	4.61	1431593	18575244.00
2012/01/18	4.61	4.67	4.37	4.39	1327986	17507080.00
2012/01/19	4.39	4.51	4.32	4.49	993582	12877300.00
2012/01/20	4.51	4.62	4.47	4.58	940156	12453725.00
2012/01/30	4.58	4.61	4.51	4.52	1055361	13959337.00
2012/01/31	4.53	4.60	4.52	4.60	694007	9190438.00
2012/02/01	4.65	4.72	4.47	4.53	1466256	19714472.00
2012/02/03	4.68	4.93	4.66	4.80	2877387	39829664.00
2012/02/06	4.77	4.93	4.75	4.89	2252958	31548664.00
2012/02/07	4.86	4.86	4.65	4.71	1543560	21139694.00
2012/02/08	4.66	4.92	4.65	4.92	1780810	24697234.00
2012/02/09	4.91	5.01	4.88	4.92	2121010	30219096.00
2012/02/10	5.00	5.10	4.93	4.99	2198140	31535436.00
2012/02/13	4.94	5.18	4.87	5.13	2439520	35374944.00
2012/02/14	5.11	5.15	5.02	5.09	1171721	17024126.00
2012/02/15	5.08	5.16	5.03	5.14	1624729	23788298.00
2012/02/16	5.13	5.25	5.08	5.14	1465390	21598688.00
2012/02/17	5.16	5.23	5.04	5.08	940969	13743318.00
2012/02/20	5.13	5.16	5.02	5.05	1202141	17546148.00
2012/02/21	5.05	5.10	4.95	5.10	1198822	17270888.00
2012/02/22	5.11	5.35	5.10	5.33	2947160	44073028.00
2012/02/23	5.33	5.42	5.22	5.30	1852662	28074102.00
2012/02/27	5.49	5.52	5.32	5.33	3034870	46502476.00
2012/02/28	5.29	5.32	5.15	5.25	1435227	21462412.00
2012/02/29	5.26	5.29	5.18	5.20	859977	12850194.00
2012/03/01	5.19	5.31	5.18	5.26	636563	9560344.00
2012/03/02	5.33	5.35	5.26	5.35	1422292	21581958.00
2012/03/05	5.36	5.37	5.28	5.32	1348632	20443256.00
2012/03/06	5.33	5.33	5.13	5.18	1343353	19958054.00
2012/03/07	5.12	5.20	5.07	5.13	1010452	14865418.00
2012/03/08	5.17	5.26	5.13	5.23	945747	14073719.00
2012/03/09	5.28	5.38	5.26	5.38	1561500	23742232.00
2012/03/12	5.38	5.48	5.35	5.46	1638060	25223976.00
2012/03/13	5.46	5.50	5.39	5.49	1214066	18765168.00
2012/03/14	5.57	5.72	5.18	5.23	3515781	55456032.00
2012/03/15	5.17	5.26	5.06	5.18	1218953	18033294.00
2012/03/16	5.22	5.31	5.12	5.29	1200061	17980914.00
2012/03/19	5.29	5.45	5.29	5.45	1211607	18511526.00
2012/03/20	5.44	5.48	5.21	5.22	1120503	17048728.00
2012/03/21	5.24	5.35	5.10	5.26	760442	11369498.00
2012/03/22	5.12	5.25	5.11	5.20	636978	9416200.00
2012/03/23	5.19	5.19	5.04	5.06	787181	11524997.00
2012/03/26	5.09	5.13	5.00	5.04	439685	6348090.50
2012/03/27	5.09	5.20	5.06	5.14	1002426	14756348.00
2012/03/28	5.16	5.45	5.02	5.26	2946692	43845600.00
2012/03/29	5.22	5.84	5.07	5.84	8848679	139597552.00
2012/03/30	5.84	5.84	5.46	5.67	6243585	99789664.00
2012/04/05	5.53	6.00	5.53	5.84	5686363	92284288.00
2012/04/06	5.70	5.80	5.53	5.62	4241510	68101712.00
2012/04/09	5.60	5.76	5.46	5.62	3177068	50485580.00
2012/04/11	5.60	5.77	5.51	5.74	3109275	50000656.00
2012/04/12	5.69	5.84	5.58	5.84	3993866	64825552.00
2012/04/13	5.88	6.35	5.75	6.11	5599820	94523280.00
2012/04/16	6.04	6.14	5.91	6.11	2786232	47154544.00
2012/04/17	5.89	6.06	5.72	5.72	3631326	60220176.00
2012/04/18	5.67	5.94	5.53	5.75	4412491	71510264.00
2012/04/19	5.73	5.75	5.57	5.57	2396430	38293756.00
2012/04/20	5.57	5.84	5.51	5.70	3173314	51073972.00
2012/04/23	5.85	5.93	5.45	5.51	3664744	59082240.00
2012/04/24	5.37	5.42	4.90	4.90	3680281	53261936.00
2012/04/25	4.87	4.94	4.70	4.92	2125462	29485794.00
2012/04/26	4.91	4.91	4.75	4.75	1479713	20528826.00
2012/04/27	4.76	4.86	4.76	4.79	701911	9713340.00
2012/05/02	4.90	4.94	4.83	4.86	1017434	14260755.00
2012/05/03	4.83	5.00	4.82	4.97	1125827	15924606.00
2012/05/04	4.98	5.00	4.93	4.97	912432	13023142.00
2012/05/07	4.96	5.01	4.87	5.00	931454	13197489.00
2012/05/08	5.00	5.11	4.99	5.09	1497523	21716300.00
2012/05/09	5.06	5.07	4.87	4.87	1240332	17612188.00
2012/05/10	4.85	4.91	4.83	4.84	853071	11948658.00
2012/05/11	4.85	4.90	4.82	4.84	544369	7611314.00
2012/05/14	4.88	4.91	4.83	4.86	540772	7560910.00
2012/05/15	4.84	4.84	4.71	4.78	599016	8209166.00
2012/05/16	4.72	4.78	4.43	4.49	1392371	18585780.00
2012/05/17	4.49	4.58	4.47	4.56	831965	10947998.00
2012/05/21	4.47	4.52	4.40	4.49	585235	7586295.00
2012/05/22	4.50	4.59	4.49	4.58	688138	9055229.00
2012/05/23	4.58	4.61	4.46	4.52	596499	7840615.50
2012/05/24	4.52	4.55	4.44	4.45	423802	5530160.00
2012/05/25	4.45	4.49	4.33	4.35	506731	6502530.00
2012/05/28	4.30	4.42	4.22	4.41	667912	8433748.00
2012/05/29	4.40	4.63	4.39	4.57	1404721	18472418.00
2012/05/30	4.59	4.62	4.53	4.54	990795	13128114.00
2012/05/31	4.51	4.65	4.48	4.55	843336	11162456.00
2012/06/01	4.58	4.60	4.52	4.58	559350	7398578.50
2012/06/04	4.49	4.49	4.35	4.36	630375	8106472.00
2012/06/05	4.32	4.39	4.29	4.37	397222	5037643.50
2012/06/06	4.41	4.46	4.33	4.36	267525	3409302.50
2012/06/07	4.66	4.66	4.42	4.43	1120372	14746745.00
2012/06/08	4.49	4.49	4.34	4.37	518210	6635625.00
2012/06/11	4.39	4.46	4.35	4.46	337449	4338074.50
2012/06/12	4.44	4.51	4.40	4.46	285398	3692167.50
2012/06/13	4.51	4.56	4.43	4.55	605640	7958126.50
2012/06/14	4.61	4.61	4.49	4.49	501375	6525881.50
2012/06/15	4.53	4.53	4.45	4.52	365793	4709170.50
2012/06/18	4.53	4.59	4.53	4.56	640072	8372310.50
2012/06/19	4.56	4.59	4.55	4.57	358178	4681830.50
2012/06/20	4.57	4.66	4.57	4.61	614406	8118821.00
2012/06/21	4.62	4.62	4.51	4.54	368403	4816267.50
2012/06/25	4.54	4.54	4.36	4.37	514294	6517874.50
2012/06/26	4.37	4.61	4.34	4.61	1104438	14255758.00
2012/06/27	4.59	4.78	4.56	4.69	1911755	25564474.00
2012/06/28	4.70	4.94	4.58	4.88	3084838	42402416.00
2012/06/29	4.83	4.87	4.72	4.87	1047705	14372245.00
2012/07/02	4.98	5.16	4.95	4.98	2159644	30904276.00
2012/07/03	4.93	4.93	4.75	4.84	1457375	20109994.00
2012/07/04	4.82	4.91	4.76	4.89	849523	11686646.00
2012/07/05	4.88	4.88	4.60	4.66	717122	9647106.00
2012/07/06	4.67	4.75	4.56	4.73	691383	9242507.00
2012/07/09	4.69	4.73	4.58	4.60	572189	7588545.50
2012/07/10	4.58	4.58	4.36	4.41	721420	9175736.00
2012/07/11	4.40	4.48	4.39	4.44	423881	5403382.00
2012/07/12	4.44	4.54	4.36	4.50	609990	7825105.00
2012/07/13	4.50	4.54	4.39	4.43	369483	4725818.50
2012/07/16	4.40	4.45	4.13	4.19	732938	8994392.00
2012/07/17	4.19	4.30	4.15	4.21	281024	3419761.75
2012/07/18	4.15	4.26	4.15	4.26	339549	4124544.00
2012/07/19	4.21	4.33	4.21	4.29	404074	5003645.50
2012/07/20	4.28	4.29	4.18	4.23	307305	3751188.50
2012/07/23	4.22	4.52	4.14	4.45	988756	12362783.00
2012/07/24	4.35	4.93	4.29	4.88	1640898	21488414.00
2012/07/25	4.77	4.78	4.58	4.58	1194359	16043880.00
2012/07/26	4.50	4.88	4.46	4.82	1067810	14205803.00
2012/07/27	4.88	4.89	4.67	4.81	1038378	14115354.00
2012/07/30	4.84	4.84	4.52	4.54	899398	11994170.00
2012/07/31	4.54	4.55	4.23	4.43	894043	11208267.00
2012/08/01	4.35	4.52	4.35	4.47	473700	6081795.50
2012/08/02	4.42	4.49	4.28	4.32	386387	4867262.00
2012/08/03	4.34	4.45	4.33	4.45	512172	6486089.50
2012/08/06	4.46	4.75	4.45	4.74	1992137	26637156.00
2012/08/07	4.87	4.89	4.70	4.74	2070747	28192888.00
2012/08/08	4.75	4.79	4.65	4.77	1106444	14893681.00
2012/08/09	4.75	4.84	4.70	4.81	1522965	20780802.00
2012/08/10	4.83	4.89	4.74	4.77	1200057	16435764.00
2012/08/13	4.79	4.79	4.65	4.65	841559	11265299.00
2012/08/14	4.65	4.73	4.57	4.72	663624	8841298.00
2012/08/15	4.69	4.72	4.57	4.62	476238	6339653.50
2012/08/16	4.57	4.69	4.57	4.67	314316	4183376.75
2012/08/17	4.67	4.69	4.56	4.63	375399	4965985.50
2012/08/20	4.58	4.65	4.55	4.64	311740	4102790.50
2012/08/21	4.64	4.75	4.63	4.72	626736	8416581.00
2012/08/22	4.75	4.75	4.62	4.65	411718	5508824.00
2012/08/23	4.67	4.73	4.59	4.72	486658	6492872.00
2012/08/24	4.72	4.72	4.61	4.61	421490	5599177.00
2012/08/27	4.59	4.61	4.40	4.44	584832	7515580.00
2012/08/28	4.40	4.53	4.40	4.47	472159	6072493.50
2012/08/29	4.48	4.52	4.46	4.46	293565	3772669.00
2012/08/30	4.42	4.48	4.32	4.35	463866	5854249.50
2012/08/31	4.35	4.40	4.32	4.39	178991	2253756.25
2012/09/03	4.40	4.48	4.36	4.45	298073	3802269.00
2012/09/04	4.48	4.48	4.42	4.43	285269	3644566.00
2012/09/05	4.43	4.56	4.37	4.51	372786	4738712.00
2012/09/06	4.49	4.55	4.47	4.54	756556	9797470.00
2012/09/07	4.58	4.73	4.55	4.66	1046752	13942129.00
2012/09/10	4.66	4.73	4.63	4.70	968626	12981406.00
2012/09/11	4.70	4.75	4.62	4.72	644043	8609662.00
2012/09/12	4.73	4.77	4.65	4.71	454237	6086640.50
2012/09/13	4.70	4.90	4.67	4.76	1522018	20803730.00
2012/09/14	4.84	4.85	4.69	4.72	1009090	13737300.00
2012/09/17	4.71	4.73	4.61	4.62	578801	7697890.50
2012/09/18	4.58	4.73	4.58	4.70	529931	7080074.50
2012/09/19	4.73	4.95	4.71	4.80	2169128	29919294.00
2012/09/20	4.82	4.82	4.64	4.69	717239	9638689.00
2012/09/21	4.70	4.84	4.63	4.73	609253	8236831.50
2012/09/24	4.96	4.99	4.78	4.88	2962770	41177708.00
2012/09/25	4.91	4.92	4.70	4.73	1245543	16978368.00
2012/09/26	4.69	4.70	4.48	4.50	895392	11690625.00
2012/09/27	4.50	5.01	4.48	4.83	1306017	17685286.00
2012/09/28	4.77	4.88	4.74	4.81	910508	12449958.00
2012/10/08	5.08	5.08	4.78	4.85	1718396	24047226.00
2012/10/09	4.97	5.06	4.83	4.91	3573266	49790844.00
2012/10/10	4.85	4.92	4.84	4.92	1375929	19120044.00
2012/10/11	4.96	4.96	4.70	4.70	1391680	19084492.00
2012/10/12	4.71	4.74	4.61	4.72	993008	13272036.00
2012/10/15	4.71	4.73	4.57	4.62	540388	7142109.50
2012/10/16	4.63	4.69	4.60	4.61	483159	6413488.00
2012/10/17	4.61	4.65	4.60	4.61	430544	5687814.00
2012/10/18	4.66	4.69	4.63	4.66	868217	11575374.00
2012/10/19	4.66	4.71	4.61	4.65	899071	11956113.00
2012/10/22	4.61	4.66	4.61	4.66	462699	6135650.00
2012/10/23	4.65	4.66	4.53	4.54	597389	7835925.50
2012/10/24	4.54	4.57	4.50	4.52	309391	4024518.25
2012/10/25	4.54	4.57	4.52	4.54	266080	3463337.50
2012/10/26	4.54	4.58	4.40	4.41	329239	4209049.50
2012/10/29	4.40	4.45	4.38	4.41	325071	4115711.25
2012/10/30	4.43	4.45	4.38	4.39	234920	2976474.25
2012/10/31	4.38	4.41	4.34	4.39	303673	3810211.50
2012/11/01	4.39	4.49	4.39	4.47	399612	5109395.50
2012/11/02	4.47	4.49	4.46	4.48	238245	3061253.75
2012/11/05	4.47	4.51	4.39	4.45	284600	3634277.00
2012/11/06	4.44	4.44	4.34	4.41	399718	5024266.00
2012/11/07	4.43	4.43	4.34	4.34	364640	4582480.00
2012/11/08	4.32	4.34	4.23	4.23	419190	5185522.00
2012/11/09	4.19	4.25	4.18	4.23	221457	2699155.50
2012/11/12	4.23	4.30	4.23	4.27	195622	2406721.00
2012/11/13	4.29	4.29	4.20	4.25	164000	2006987.50
2012/11/14	4.26	4.33	4.24	4.31	192824	2391783.25
2012/11/15	4.27	4.29	4.17	4.20	166614	2036890.00
2012/11/16	4.18	4.24	4.17	4.20	157391	1911183.63
2012/11/19	4.20	4.25	4.19	4.25	128889	1569263.25
2012/11/20	4.25	4.27	4.22	4.23	115518	1418669.88
2012/11/21	4.29	4.29	4.19	4.28	156130	1916269.00
2012/11/22	4.22	4.33	4.22	4.29	183919	2274487.50
2012/11/23	4.28	4.32	4.27	4.28	144799	1791174.63
2012/11/26	4.26	4.28	4.19	4.23	106401	1299516.13
2012/11/27	4.21	4.23	4.03	4.04	339300	4040830.25
2012/11/28	4.03	4.03	3.82	3.88	299023	3388600.00
2012/11/29	3.90	3.92	3.43	3.59	526800	5753948.00
2012/11/30	3.55	3.66	3.44	3.66	247815	2619011.00
2012/12/03	3.65	3.65	3.46	3.49	148005	1555848.75
2012/12/04	3.40	3.59	3.40	3.56	222400	2310282.25
2012/12/05	3.52	3.97	3.52	3.73	503181	5530518.50
2012/12/06	3.68	3.81	3.68	3.72	255847	2809687.25
2012/12/07	3.70	3.80	3.70	3.79	362007	3995966.75
2012/12/10	3.82	3.85	3.76	3.84	600743	6680993.50
2012/12/11	3.84	3.84	3.79	3.81	371045	4149306.25
2012/12/12	3.81	3.82	3.75	3.81	291997	3246569.25
2012/12/13	3.81	3.81	3.71	3.73	264490	2914110.00
2012/12/14	3.76	4.00	3.71	3.87	1270447	14320069.00
2012/12/17	3.90	3.92	3.85	3.88	679184	7695885.00
2012/12/18	3.88	3.91	3.80	3.82	637797	7191021.50
2012/12/19	3.83	3.93	3.82	3.93	1049301	11933510.00
2012/12/20	3.93	3.97	3.89	3.93	715351	8195137.50
2012/12/21	3.95	3.99	3.88	3.96	763777	8771417.00
2012/12/24	3.93	3.95	3.87	3.91	1094111	12474878.00
2012/12/25	3.92	4.06	3.91	4.04	1917892	22326980.00
2012/12/26	4.06	4.21	4.01	4.17	1918594	22882404.00
2012/12/27	4.20	4.30	4.15	4.17	1703881	20743278.00
2012/12/28	4.15	4.25	4.10	4.21	779099	9385044.00
2012/12/31	4.28	4.29	4.15	4.21	1144299	13897794.00
2013/01/04	4.21	4.30	4.04	4.23	1243818	15037532.00
2013/01/07	4.22	4.30	4.15	4.28	1127934	13867924.00
2013/01/08	4.28	4.38	4.24	4.34	1372504	17118568.00
2013/01/09	4.31	4.38	4.26	4.36	1141469	14227156.00
2013/01/10	4.34	4.65	4.32	4.65	2202879	28121690.00
2013/01/11	4.55	4.70	4.48	4.48	3650633	48083996.00
2013/01/14	4.39	4.61	4.35	4.57	1924367	24842300.00
2013/01/15	4.60	4.67	4.54	4.61	1730182	22748146.00
2013/01/16	4.61	4.64	4.48	4.57	1219931	15898459.00
2013/01/17	4.55	4.59	4.46	4.50	1118599	14511182.00
2013/01/18	4.50	4.61	4.50	4.60	1564350	20439410.00
2013/01/21	4.62	4.80	4.61	4.79	3016358	40573464.00
2013/01/22	5.24	5.24	4.99	5.04	6389123	92384192.00
2013/01/23	5.08	5.49	5.00	5.38	5084301	74778784.00
2013/01/24	5.27	5.37	5.05	5.15	3887924	57443524.00
2013/01/25	5.13	5.28	5.06	5.16	2048990	29962362.00
2013/01/28	5.20	5.43	5.16	5.43	3101020	46870748.00
2013/01/29	5.42	5.99	5.40	5.77	4572257	73682312.00
2013/01/30	5.78	5.91	5.72	5.77	2918685	47277188.00
2013/01/31	5.71	5.81	5.59	5.71	1631700	25955792.00
2013/02/01	5.65	5.85	5.56	5.70	1932740	30815178.00
2013/02/04	5.67	5.74	5.36	5.37	2659437	40963996.00
2013/02/05	5.33	5.45	5.25	5.38	1405004	21253098.00
2013/02/06	5.38	5.47	5.27	5.30	2549627	38554596.00
2013/02/07	5.31	5.46	5.29	5.32	4618954	69653728.00
2013/02/08	5.36	5.70	5.22	5.65	5965698	91281128.00
2013/02/18	5.61	6.14	5.58	5.91	8021280	132675296.00
2013/02/19	5.87	5.94	5.66	5.73	4233735	68473496.00
2013/02/20	5.73	5.91	5.67	5.91	4672668	75588856.00
2013/02/21	5.82	5.85	5.67	5.76	3061020	49245096.00
2013/02/22	5.72	5.94	5.68	5.74	3526817	57544976.00
2013/02/25	5.74	5.83	5.67	5.79	2609794	41959104.00
2013/02/26	5.72	6.14	5.72	5.99	8514873	142647008.00
2013/02/27	5.99	6.03	5.83	5.95	4468310	73862904.00
2013/02/28	5.94	6.06	5.89	6.01	4392730	73194944.00
2013/03/01	5.99	6.27	5.95	6.10	3929857	67069144.00
2013/03/04	6.03	6.10	5.66	5.75	5032161	82314984.00
2013/03/05	5.78	5.89	5.74	5.87	2613656	42546528.00
2013/03/06	5.85	5.99	5.81	5.99	3459186	56995448.00
2013/03/07	5.96	6.09	5.76	5.87	3060928	50784796.00
2013/03/08	5.84	5.90	5.65	5.67	2558669	41256772.00
2013/03/11	5.70	5.73	5.59	5.70	1102298	17489062.00
2013/03/12	5.60	5.69	5.33	5.41	2478297	38133364.00
2013/03/13	5.39	5.43	5.24	5.36	1191410	17920516.00
2013/03/14	5.33	5.45	5.33	5.38	709375	10796453.00
2013/03/15	5.37	5.62	5.37	5.43	1565422	24222952.00
2013/03/18	5.37	5.44	5.24	5.25	1239893	18666224.00
2013/03/19	5.25	5.34	5.17	5.32	1009768	15040930.00
2013/03/20	5.37	5.60	5.37	5.56	1996459	31019472.00
2013/03/21	5.53	5.70	5.51	5.60	2155341	33933104.00
2013/03/22	5.59	5.67	5.51	5.60	1325085	20807148.00
2013/03/25	5.60	5.80	5.59	5.73	2119255	33969864.00
2013/03/26	5.71	5.76	5.57	5.72	1284517	20378352.00
2013/03/27	5.72	5.78	5.62	5.66	1129017	18006240.00
2013/03/28	5.61	5.61	5.40	5.40	1342187	20701366.00
2013/03/29	5.44	5.48	5.32	5.39	1079371	16360358.00
2013/04/01	5.39	5.53	5.35	5.50	637926	9818433.00
2013/04/02	5.50	5.56	5.34	5.36	907401	13896406.00
2013/04/03	5.34	5.41	5.22	5.28	827551	12355113.00
2013/04/08	5.27	5.31	5.14	5.30	634235	9315811.00
2013/04/09	5.32	5.40	5.28	5.39	598289	9041669.00
2013/04/10	5.36	5.44	5.34	5.44	638348	9699316.00
2013/04/11	5.55	5.90	5.55	5.64	3248010	52141944.00
2013/04/12	5.59	5.71	5.52	5.61	1595398	25109306.00
2013/04/15	5.61	5.79	5.56	5.69	1857814	29647580.00
2013/04/16	5.67	5.79	5.60	5.76	1255842	19994642.00
2013/04/17	5.76	5.87	5.70	5.82	1928532	31205458.00
2013/04/18	5.77	5.89	5.61	5.67	2464213	39513436.00
2013/04/19	5.67	5.94	5.66	5.94	4267567	69756544.00
2013/04/22	5.77	6.06	5.77	6.01	3592299	59244760.00
2013/04/23	5.99	5.99	5.64	5.67	2956957	47867580.00
2013/04/24	5.67	5.97	5.59	5.90	2547099	41599796.00
2013/04/25	5.85	6.03	5.77	5.77	3278411	54020288.00
2013/04/26	5.76	5.83	5.52	5.52	2250831	35581348.00
2013/05/02	5.36	5.48	5.24	5.32	1843279	27797734.00
2013/05/03	5.36	5.56	5.36	5.43	1819826	27876200.00
2013/05/06	5.52	5.69	5.43	5.64	2142704	33567944.00
2013/05/07	5.63	5.64	5.52	5.58	1272577	19905034.00
2013/05/08	5.55	5.88	5.55	5.87	3093242	49839416.00
2013/05/09	5.83	5.97	5.75	5.94	2951586	48217468.00
2013/05/10	5.89	6.29	5.85	6.22	5983013	101913512.00
2013/05/13	6.25	6.53	6.23	6.30	6200527	109555880.00
2013/06/04	6.30	6.30	5.74	5.92	6674830	110555472.00
2013/06/05	5.92	5.93	5.68	5.75	2557813	41417196.00
2013/06/06	5.72	6.03	5.72	5.92	3258104	53774212.00
2013/06/07	5.94	6.01	5.70	5.78	2343925	38209244.00
2013/06/13	5.61	6.30	5.24	6.24	4666482	76848704.00
2013/06/14	6.21	6.56	6.14	6.49	5588089	99135952.00
2013/06/17	6.53	6.87	6.33	6.38	7083079	129121704.00
2013/06/18	6.31	6.93	6.31	6.87	7124059	131227032.00
2013/06/19	6.81	6.96	6.63	6.89	6695339	126555432.00
2013/06/20	6.81	6.94	6.44	6.44	4841381	89143816.00
2013/06/21	6.25	7.00	5.98	6.93	5691009	102202696.00
2013/06/24	6.78	6.97	6.38	6.49	5499691	101359480.00
2013/06/25	6.32	6.83	5.79	6.63	6555071	115469944.00
2013/06/26	6.56	6.97	6.50	6.89	6441681	120589184.00
2013/06/27	6.81	7.27	6.81	6.89	8773686	170284992.00
2013/06/28	6.75	6.89	6.38	6.67	5829821	107279936.00
2013/07/01	6.65	7.12	6.53	7.12	6112322	116200992.00
2013/07/02	7.34	7.43	6.95	7.08	12000354	237706624.00
2013/07/03	6.95	7.02	6.69	6.96	7766497	147129072.00
2013/07/04	7.02	7.22	6.69	6.75	7182774	137779056.00
2013/07/05	6.70	6.88	6.42	6.45	4650274	85666232.00
2013/07/08	6.31	6.39	6.05	6.09	3849810	66312900.00
2013/07/09	6.18	6.39	5.98	6.28	4327941	74109240.00
2013/07/10	6.20	6.38	6.16	6.34	3478284	60783156.00
2013/07/11	6.32	6.55	6.29	6.31	6287111	65124876.00
2013/07/12	6.32	6.63	6.32	6.51	7891920	82837864.00
2013/07/15	6.59	6.97	6.58	6.87	10455507	114676984.00
2013/07/16	6.91	6.93	6.68	6.85	7034494	76779416.00
2013/07/17	6.96	7.11	6.60	6.60	9469268	104490408.00
2013/07/18	6.59	7.09	6.54	7.07	12833524	142861488.00
2013/07/19	7.09	7.18	6.81	6.81	12022861	135435872.00
2013/07/22	6.71	7.03	6.61	7.01	9025056	98688312.00
2013/07/23	6.99	7.20	6.92	7.11	10301488	116663416.00
2013/07/24	7.08	7.48	6.98	7.43	12869191	149280752.00
2013/07/25	7.43	7.51	7.03	7.09	10518534	121903344.00
2013/07/26	7.03	7.21	6.87	7.11	5557643	62748128.00
2013/07/29	7.08	7.08	6.75	6.76	4410362	48812556.00
2013/07/30	6.75	6.89	6.38	6.71	4674615	50196348.00
2013/07/31	6.71	6.85	6.70	6.71	3124779	34009032.00
2013/08/01	6.77	7.15	6.71	7.12	6122481	68488320.00
2013/08/02	7.27	7.34	7.07	7.07	6764410	77902728.00
2013/08/05	7.18	7.49	7.13	7.45	8559290	100471584.00
2013/08/06	7.44	7.63	7.38	7.47	8907260	107015880.00
2013/08/07	7.41	7.59	7.28	7.45	6640607	78759864.00
2013/08/08	7.43	7.71	7.38	7.61	7635152	92448776.00
2013/08/09	7.73	7.83	7.25	7.40	9311493	111504272.00
2013/08/12	7.38	7.50	7.24	7.39	5662288	66745876.00
2013/08/13	7.39	7.59	7.33	7.55	4770403	56985000.00
2013/08/14	7.53	7.58	7.37	7.43	4410150	52563240.00
2013/08/15	7.43	7.47	7.23	7.23	3982958	46551876.00
2013/08/16	7.17	7.37	7.03	7.10	4639157	53061552.00
2013/08/19	7.05	7.22	7.01	7.20	3067059	35130948.00
2013/08/20	7.17	7.35	7.17	7.22	3053579	35468816.00
2013/08/21	7.22	7.35	7.17	7.31	3177127	37039980.00
2013/08/22	7.27	7.34	7.15	7.19	3490963	40401008.00
2013/08/23	7.27	7.58	7.27	7.57	11890584	141744144.00
2013/08/26	7.52	7.69	7.42	7.67	9413072	114335256.00
2013/08/27	7.67	7.75	7.48	7.67	6810737	82668560.00
2013/08/28	7.61	7.61	7.38	7.39	9632778	115099480.00
2013/08/29	7.37	7.46	7.25	7.28	5158927	60355240.00
2013/08/30	7.31	7.39	7.01	7.08	6109396	70304176.00
2013/09/02	7.08	7.21	6.97	7.17	2849202	32423054.00
2013/09/03	7.17	7.23	7.12	7.23	3617858	41581280.00
2013/09/04	7.25	7.26	7.01	7.04	4501624	51125840.00
2013/09/05	7.03	7.15	6.98	7.14	3060101	34800536.00
2013/09/06	7.15	7.16	7.01	7.11	3366075	38150952.00
2013/09/09	7.08	7.14	7.03	7.11	3379570	38323308.00
2013/09/10	7.10	7.29	7.07	7.25	5318376	61563616.00
2013/09/11	7.29	7.32	6.83	6.89	6557461	73669224.00
2013/09/12	6.89	6.97	6.73	6.81	4575472	50240944.00
2013/09/13	6.75	6.82	6.60	6.81	3078677	33220828.00
2013/09/16	6.68	6.89	6.68	6.83	1878916	20606098.00
2013/09/17	6.84	6.90	6.71	6.71	1787976	19512248.00
2013/09/18	6.93	7.13	6.93	6.97	4769881	53734424.00
2013/09/23	6.87	7.07	6.87	7.03	3864383	43375940.00
2013/09/24	7.03	7.17	7.03	7.11	3981174	45385304.00
2013/09/25	7.12	7.16	6.94	7.01	3045585	34261056.00
2013/09/26	7.01	7.04	6.78	6.79	2698308	29938536.00
2013/09/27	6.79	6.87	6.68	6.71	2014959	21885294.00
2013/09/30	6.75	6.90	6.69	6.82	1573049	17214392.00
2013/10/08	6.79	7.05	6.73	7.03	2723057	30183818.00
2013/10/09	6.99	7.10	6.96	7.05	2342164	26420398.00
2013/10/10	7.05	7.05	6.91	6.93	2473330	27687698.00
2013/10/11	6.97	7.23	6.97	7.17	4922430	56320080.00
2013/10/14	7.23	7.63	7.13	7.53	10228305	120516872.00
2013/10/15	7.50	7.50	7.34	7.39	6378054	75488320.00
2013/10/16	7.32	7.48	7.11	7.15	4369671	50679016.00
2013/10/17	7.23	7.29	7.11	7.14	2905644	33455884.00
2013/10/18	7.11	7.23	7.10	7.14	2014894	23092116.00
2013/10/21	7.13	7.35	7.12	7.35	3647509	42515176.00
2013/10/22	7.36	7.41	7.17	7.21	3651791	42405016.00
2013/10/23	7.21	7.31	6.79	6.84	4056272	45529916.00
2013/10/24	6.83	6.95	6.78	6.85	1989484	21963686.00
2013/10/25	6.89	6.93	6.69	6.71	1939269	21089234.00
2013/10/28	6.77	6.87	6.75	6.83	1152551	12603007.00
2013/10/29	6.79	6.88	6.38	6.48	3446840	36371592.00
2013/10/30	6.51	6.54	6.45	6.51	1646910	17258222.00
2013/10/31	6.50	6.51	6.26	6.33	2476353	25415854.00
2013/11/01	6.35	6.39	6.25	6.31	1533451	15685729.00
2013/11/04	6.30	6.59	6.28	6.55	2157597	22480586.00
2013/11/05	6.60	6.65	6.43	6.58	2767461	29176310.00
2013/11/06	6.55	6.68	6.49	6.49	2590170	27457616.00
2013/11/07	6.49	6.57	6.43	6.49	2092331	21869088.00
2013/11/08	6.45	6.47	6.27	6.29	1474048	15086961.00
2013/11/11	6.29	6.38	6.20	6.35	952800	9716240.00
2013/11/12	6.41	6.49	6.39	6.45	1314360	13664670.00
2013/11/13	6.45	6.47	6.27	6.27	1377543	14150568.00
2013/11/14	6.24	6.46	6.20	6.43	1779447	18279816.00
2013/11/15	6.50	6.71	6.45	6.61	4293309	45795860.00
2013/11/18	6.67	6.75	6.61	6.70	2868997	30918664.00
2013/11/19	6.68	6.88	6.63	6.86	2838578	30995886.00
2013/11/20	6.84	6.87	6.77	6.83	2387986	26204594.00
2014/01/28	7.57	7.57	7.57	7.57	395451	4777048.00
2014/01/29	8.37	8.37	8.37	8.37	369712	4913472.50
2014/01/30	9.26	9.26	9.26	9.26	989108	14460759.00
2014/02/07	10.23	10.23	10.23	10.23	1045184	16806558.00
2014/02/10	11.31	11.31	11.31	11.31	1310544	23183524.00
2014/02/11	12.49	12.49	12.49	12.49	1754621	34144924.00
2014/02/14	13.79	13.79	12.87	13.79	49017616	1024209920.00
2014/02/17	14.18	15.03	13.83	14.56	33224161	738476672.00
2014/02/18	14.28	14.59	14.20	14.45	18890483	421396448.00
2014/02/19	14.68	14.97	14.23	14.51	20082015	453917024.00
2014/02/20	14.43	15.36	13.99	14.19	27413779	625934272.00
2014/02/21	13.91	14.56	13.60	14.39	17140481	376395104.00
2014/02/24	14.15	14.85	13.93	14.76	17782213	399338432.00
2014/02/25	15.01	15.23	13.23	13.23	25463958	556594112.00
2014/02/26	12.85	12.97	12.19	12.77	18777229	368777056.00
2014/02/27	12.72	13.15	12.25	12.95	16159718	321014432.00
2014/02/28	12.70	12.96	12.32	12.71	10447930	206342912.00
2014/03/03	12.53	13.10	12.46	12.82	8855471	176841056.00
2014/03/04	12.75	13.13	12.52	13.11	9655444	194001536.00
2014/03/05	13.18	13.45	12.91	13.16	9996625	204840224.00
2014/03/06	13.05	13.05	12.02	12.15	14252189	273652928.00
2014/03/07	12.21	12.65	12.16	12.54	9580540	185078880.00
2014/03/10	12.32	12.33	11.85	12.02	6881956	129772992.00
2014/03/11	12.18	12.31	11.63	11.83	5676479	106197376.00
2014/03/12	11.61	11.91	10.91	11.33	6511993	116259088.00
2014/03/13	11.27	11.79	11.21	11.64	4548795	81832912.00
2014/03/14	11.51	11.85	11.37	11.73	4081784	74396024.00
2014/03/17	11.71	12.61	11.55	12.51	8901631	169198560.00
2014/03/18	12.31	12.57	12.20	12.26	5514954	106239288.00
2014/03/19	12.18	12.50	11.87	12.34	4928114	93839792.00
2014/03/20	12.31	12.31	11.38	11.38	5412253	100628088.00
2014/03/21	11.25	11.88	11.18	11.78	6384676	115955504.00
2014/03/24	11.71	11.81	11.55	11.56	3467274	63205844.00
2014/03/25	11.45	11.77	11.42	11.59	2677673	48503000.00
2014/03/26	11.54	11.92	11.54	11.87	3001504	55226808.00
2014/03/27	11.88	11.88	11.12	11.29	4639896	82719328.00
2014/03/28	11.19	11.27	10.49	10.69	5273011	89689048.00
2014/03/31	10.65	10.83	10.52	10.72	2486467	41863648.00
2014/04/01	10.71	11.01	10.64	10.98	3657365	62138356.00
2014/04/02	10.90	11.26	10.85	10.88	5344038	92171216.00
2014/04/03	10.85	11.35	10.80	11.07	3721279	64737532.00
2014/04/04	10.96	11.16	10.79	11.13	3284615	56406516.00
2014/04/08	10.95	11.38	10.79	11.38	3874287	67673024.00
2014/04/09	11.38	11.83	11.33	11.63	6429079	116850080.00
2014/04/10	11.64	11.94	11.59	11.71	6812794	125416552.00
2014/04/11	11.51	11.64	11.29	11.35	4142327	73961288.00
2014/04/14	11.31	11.69	11.24	11.65	3294323	59235724.00
2014/04/15	11.65	12.29	11.47	11.97	8030655	149400992.00
2014/04/16	11.83	11.97	11.72	11.78	2839713	52332536.00
2014/04/17	11.80	12.01	11.71	11.73	2510722	46361508.00
2014/04/18	11.58	11.75	11.47	11.57	3166218	57219924.00
2014/04/21	11.41	11.45	11.09	11.11	3270554	57775312.00
2014/04/22	11.01	11.07	10.11	10.48	6284936	103811096.00
2014/04/23	10.43	10.63	10.35	10.49	2278418	37635612.00
2014/04/24	10.46	10.50	10.11	10.18	2730301	44093412.00
2014/04/25	10.17	10.43	10.02	10.13	2660822	42709104.00
2014/04/28	10.19	10.19	9.79	9.85	2134127	33553916.00
2014/04/29	9.88	10.09	9.83	10.03	1988233	31175580.00
2014/04/30	9.99	10.27	9.98	10.12	1764307	28135042.00
2014/05/05	10.14	10.39	10.10	10.38	1625833	26142398.00
2014/05/06	10.38	10.58	10.29	10.44	2436201	39849972.00
2014/05/07	10.37	10.52	10.26	10.34	2757374	45033652.00
2014/05/08	10.43	10.65	10.30	10.47	4460641	73610056.00
2014/05/09	10.41	10.45	9.78	9.87	4122543	64837672.00
2014/05/12	10.00	10.00	9.56	9.91	3857537	58918112.00
2014/05/13	9.91	10.09	9.85	10.04	2390621	37157384.00
2014/05/14	9.99	10.01	9.74	9.75	2374033	36433984.00
2014/05/15	9.77	9.88	9.47	9.50	2688331	40508740.00
2014/05/16	9.45	9.61	9.31	9.53	2224563	32814328.00
2014/05/19	9.50	9.78	9.39	9.73	2029408	30559434.00
2014/05/20	9.85	9.97	9.65	9.68	2174044	33268204.00
2014/05/21	9.63	9.93	9.58	9.93	2645128	40510424.00
2014/05/22	10.13	10.41	9.79	9.81	5679434	89024224.00
2014/05/23	9.78	9.99	9.60	9.98	3329947	50756648.00
2014/05/26	10.02	10.39	10.02	10.33	5517965	87827528.00
2014/05/27	10.33	10.33	10.11	10.19	2243975	35680460.00
2014/05/28	10.19	10.54	10.13	10.46	5589620	90294200.00
2014/05/29	10.51	10.53	10.11	10.18	3374565	53963592.00
2014/05/30	10.14	10.35	10.14	10.35	2610166	41716804.00
2014/06/03	10.41	10.88	10.38	10.45	6933242	114750368.00
2014/06/04	10.28	10.33	10.07	10.21	3465034	55008992.00
2014/06/16	11.27	11.27	11.27	11.27	1662851	29066636.00
2014/06/17	11.61	12.41	11.40	11.99	22729012	419863392.00
2014/06/18	11.77	11.91	11.41	11.43	11335005	203769248.00
2014/06/19	11.47	11.73	10.88	10.99	11089690	194292912.00
2014/06/20	11.03	11.25	10.91	11.23	5595883	96139208.00
2014/06/23	11.22	11.41	11.05	11.15	8501627	147791296.00
2014/06/24	11.15	11.73	11.07	11.59	9985366	178009888.00
2014/06/25	11.47	11.57	11.08	11.35	5757014	101246896.00
2014/06/26	11.35	11.91	11.32	11.75	9996058	181402880.00
2014/06/27	11.73	11.93	11.54	11.69	7844633	142470080.00
2014/06/30	11.62	11.93	11.51	11.67	6307000	113999144.00
2014/07/01	11.64	11.71	11.45	11.52	5275283	94383984.00
2014/07/02	11.53	12.71	11.52	12.09	13284512	249348608.00
2014/07/03	12.09	12.35	11.93	12.19	7367558	138554016.00
2014/07/04	12.40	12.95	12.39	12.79	15334015	301120480.00
2014/07/07	12.79	12.79	12.40	12.70	8781050	170773824.00
2014/07/08	12.68	12.69	12.15	12.67	7767996	150110368.00
2014/07/09	12.69	12.95	11.97	11.97	10010977	192576880.00
2014/07/10	11.95	12.01	11.54	11.55	7693758	140227072.00
2014/07/11	11.57	11.79	11.47	11.69	4483349	80583624.00
2014/07/14	11.72	11.95	11.53	11.88	6614906	120203120.00
2014/07/15	11.87	11.95	11.48	11.48	5294661	95569152.00
2014/07/16	11.41	11.48	10.97	11.08	6147916	106853160.00
2014/07/17	11.09	11.32	10.95	11.28	3935205	67898616.00
2014/07/18	11.14	11.27	11.08	11.15	2714728	47075628.00
2014/07/21	11.13	11.13	10.87	11.06	3661142	62455896.00
2014/07/22	11.05	11.43	11.01	11.41	4989415	87403056.00
2014/07/23	11.43	11.71	11.13	11.26	3928698	69829832.00
2014/07/24	11.18	11.33	10.96	11.23	3766450	64980504.00
2014/07/25	10.50	11.25	10.50	10.89	5280095	88949264.00
2014/07/28	10.85	10.97	10.69	10.93	5052285	84988496.00
2014/07/29	10.95	11.26	10.92	11.08	4235703	72877096.00
2014/07/30	11.18	11.31	11.08	11.27	3892120	67830088.00
2014/07/31	11.29	11.41	11.22	11.31	2779329	48707468.00
2014/08/01	11.28	11.33	10.98	11.01	4729048	81809808.00
2014/08/04	11.01	11.16	10.98	11.14	2117856	36458224.00
2014/08/05	11.12	11.45	10.99	11.39	6044601	105924656.00
2014/08/06	11.40	11.40	11.22	11.37	4153817	72942848.00
2014/08/07	11.35	11.45	11.28	11.28	3741699	66069572.00
2014/08/08	11.28	11.71	11.28	11.60	6946805	124451544.00
2014/08/11	11.63	12.02	11.63	11.81	5763429	105903536.00
2014/08/12	11.89	11.91	11.51	11.61	6413767	115503224.00
2014/08/13	11.59	11.67	11.37	11.65	4441217	79238432.00
2014/08/14	11.65	12.01	11.56	11.88	9321870	171202960.00
2014/08/15	11.88	12.15	11.81	12.01	7003654	130530472.00
2014/08/18	12.04	12.18	11.87	12.06	4980835	92686344.00
2014/08/19	12.05	12.05	11.82	12.02	5858535	108189416.00
2014/08/20	12.01	12.52	11.97	12.41	10338055	197486512.00
2014/08/21	12.40	12.75	12.21	12.61	11034025	213112000.00
2014/08/22	12.58	12.93	12.48	12.74	8759153	172419296.00
2014/08/25	12.73	12.73	12.31	12.33	5486751	105881432.00
2014/08/26	12.21	12.29	11.83	11.86	5590564	103938784.00
2014/08/27	11.87	12.07	11.81	11.87	3037980	56045600.00
2014/08/28	11.86	11.92	11.66	11.87	2998528	54665892.00
2014/08/29	11.88	12.08	11.83	12.08	2487257	46176124.00
2014/09/01	12.05	12.28	12.00	12.28	2856732	53878516.00
2014/09/02	12.35	12.47	12.28	12.40	4199748	80534320.00
2014/09/03	12.45	12.63	12.20	12.49	7600424	146077360.00
2014/09/04	12.49	12.54	12.35	12.47	4722614	90999048.00
2014/09/05	12.54	12.58	12.32	12.39	4202020	80584248.00
2014/09/09	12.40	12.41	12.23	12.33	3645596	69490496.00
2014/09/10	12.28	12.48	12.22	12.47	3877335	74429256.00
2014/09/11	12.45	12.68	12.41	12.49	7652041	148416480.00
2014/09/12	12.46	12.49	12.28	12.42	4371604	83730576.00
2014/09/15	12.41	12.91	12.37	12.79	8970568	176673776.00
2014/09/16	12.77	12.91	12.13	12.17	8296498	161777696.00
2014/09/17	12.20	12.27	11.88	12.08	4132333	77096200.00
2014/09/18	12.05	12.11	11.99	12.06	2362978	44117896.00
2014/09/19	12.08	12.24	11.96	12.12	2764907	51668896.00
2014/09/22	12.12	12.33	12.01	12.23	3595393	67883928.00
2014/09/23	12.17	12.50	12.11	12.50	3793500	72644720.00
2014/09/24	12.41	12.53	12.35	12.51	3628421	69844240.00
2014/09/25	12.53	12.58	12.23	12.25	4727672	90534200.00
2014/09/26	12.20	12.20	11.91	12.04	4615465	85908368.00
2014/09/29	12.03	12.18	12.03	12.08	3530531	65976756.00
2014/09/30	12.12	12.13	11.85	11.89	5011507	92591744.00
2014/10/08	11.91	12.08	11.91	12.08	3823987	71012088.00
2014/10/09	12.08	12.29	11.93	12.27	6084744	114118120.00
2014/10/10	12.19	12.21	11.99	12.09	3674464	68813712.00
2014/10/13	12.08	12.08	11.59	11.82	6509551	118276408.00
2014/10/14	11.79	11.80	11.49	11.54	5515645	99597592.00
2014/10/15	11.49	11.65	11.45	11.64	3338032	59761548.00
2014/10/16	11.55	11.75	11.52	11.54	3113399	56222024.00
2014/10/17	11.54	11.55	11.02	11.25	5025266	87507792.00
2014/10/20	11.24	11.40	11.15	11.36	2426224	42452052.00
2014/10/21	11.39	11.61	11.35	11.46	2483920	44218228.00
2014/10/22	11.35	11.46	11.13	11.14	3267779	57008920.00
2014/10/23	11.14	11.20	10.82	10.92	2626499	44773576.00
2014/10/24	10.92	11.15	10.89	11.07	1751856	30037910.00
2014/10/27	11.01	11.19	10.97	11.11	1406124	24225610.00
2014/10/28	11.17	11.51	11.15	11.46	3046572	53724560.00
2014/10/29	11.44	11.57	11.37	11.39	3757460	66710328.00
2014/10/30	11.47	11.51	11.35	11.37	2488059	44057764.00
2014/10/31	11.39	11.48	10.96	11.09	4529196	78309872.00
2014/11/03	11.11	11.71	11.07	11.69	8105065	143845872.00
2014/11/04	11.73	11.87	11.53	11.67	8477060	153853104.00
2014/11/05	11.70	11.86	11.61	11.71	4957276	90319352.00
2014/11/06	11.83	12.21	11.76	12.17	11114471	206705408.00
2014/11/07	12.28	12.54	11.90	11.99	12304416	233312688.00
2014/11/10	12.00	12.25	11.82	11.95	6176610	114812784.00
2014/11/11	11.95	12.00	11.32	11.39	7314575	131293848.00
2014/11/12	11.35	11.61	11.28	11.57	2941035	52289384.00
2014/11/13	11.52	11.55	11.07	11.31	4416475	76965504.00
2014/11/14	11.30	11.35	11.16	11.25	1770451	30947918.00
2014/11/17	11.20	11.63	11.16	11.47	3677578	65558784.00
2014/11/18	11.49	11.59	11.44	11.53	2294772	40884488.00
2014/11/19	11.51	11.69	11.35	11.54	3304428	58952312.00
2014/11/20	11.47	11.65	11.40	11.57	2725292	48768544.00
2014/11/21	11.55	11.81	11.51	11.70	3661052	66447308.00
2014/11/24	11.88	12.10	11.69	11.94	6789352	125281352.00
2014/11/25	11.94	12.87	11.89	12.73	18051264	347999744.00
2014/11/26	12.78	12.88	12.32	12.46	17604310	342095552.00
2014/11/27	12.39	12.81	12.09	12.78	19735412	378355424.00
2014/11/28	12.79	13.40	12.51	12.94	23078994	463592800.00
2014/12/01	12.88	13.53	12.81	13.11	15655733	319160256.00
2014/12/02	12.98	13.27	12.88	13.02	10991315	221232864.00
2014/12/03	12.98	13.01	12.59	12.78	11764228	231514448.00
2014/12/04	12.78	13.39	12.76	13.00	12626585	255047472.00
2014/12/05	12.88	12.88	12.09	12.35	12882230	248680112.00
2014/12/08	12.28	12.69	12.14	12.33	8989266	172577920.00
2014/12/09	12.31	12.31	11.61	11.67	11505745	213268800.00
2014/12/10	11.61	12.11	11.60	11.99	4812126	88678560.00
2014/12/11	12.00	12.41	11.89	12.25	6635175	125018144.00
2014/12/12	12.28	12.37	12.15	12.31	4590250	87151736.00
2014/12/15	12.33	12.67	12.22	12.60	6747759	130812264.00
2014/12/16	12.60	12.83	12.43	12.67	7430852	145021920.00
2014/12/17	12.62	13.01	12.41	12.95	11549458	227573456.00
2014/12/18	12.85	12.93	12.43	12.47	7712281	151031472.00
2014/12/19	12.41	12.52	11.73	11.97	7825798	146121152.00
2014/12/22	11.99	12.05	10.73	10.73	10007380	175217680.00
2014/12/23	10.91	11.31	10.82	10.95	6290746	108025344.00
2014/12/24	11.05	11.26	11.05	11.21	3147211	54527736.00
2014/12/25	11.25	11.28	11.05	11.19	3606531	62382328.00
2014/12/26	11.15	11.19	11.01	11.18	3148880	54233140.00
2014/12/29	11.10	11.17	10.85	10.89	4279440	72678568.00
2014/12/30	10.89	10.90	10.32	10.36	5479431	89535352.00
2014/12/31	10.31	10.57	10.26	10.51	2686234	43748840.00
2015/01/05	10.51	10.61	10.21	10.59	4624873	74726504.00
2015/01/06	10.60	11.11	10.60	11.03	4915138	83427320.00
2015/01/07	11.03	11.19	10.88	11.03	3269506	55947480.00
2015/01/08	11.03	11.17	10.79	10.95	2962380	50514652.00
2015/01/09	10.95	11.12	10.81	10.85	2868317	48907356.00
2015/01/12	10.69	10.94	10.69	10.75	1990823	33304948.00
2015/01/13	10.78	11.13	10.75	11.01	2956495	50435400.00
2015/01/14	11.01	11.11	10.87	10.98	2366834	40359840.00
2015/01/15	11.01	11.06	10.95	10.98	1797296	30673792.00
2015/01/16	10.98	11.28	10.95	11.21	3572512	61603796.00
2015/01/19	11.00	11.53	10.87	11.28	7801659	136359712.00
2015/01/20	11.22	11.73	11.22	11.69	6995851	125038480.00
2015/01/21	11.81	11.93	11.66	11.79	6633133	121308256.00
2015/01/22	12.28	12.28	12.00	12.03	10077925	188968208.00
2015/01/23	12.05	12.14	11.75	11.77	5437875	99957464.00
2015/01/26	11.77	12.08	11.75	12.02	3797166	70087872.00
2015/01/27	12.09	12.10	11.77	11.96	3377224	62355000.00
2015/01/28	11.93	12.20	11.83	12.01	4378500	81726112.00
2015/01/29	11.88	12.05	11.83	11.85	2372689	43747948.00
2015/01/30	11.92	12.07	11.83	11.87	3143374	58223764.00
2015/02/02	11.69	11.81	11.56	11.60	2364905	42866712.00
2015/02/03	11.63	11.91	11.61	11.83	2927163	53430696.00
2015/02/04	11.83	12.11	11.65	12.01	6002044	110601144.00
2015/02/05	12.05	12.26	11.96	12.08	6584644	123603352.00
2015/02/06	12.02	12.13	11.69	11.76	3896270	71854464.00
2015/02/09	11.75	11.86	11.46	11.47	2523722	45526336.00
2015/02/10	11.49	11.55	11.38	11.55	2107717	37481960.00
2015/02/11	11.57	11.72	11.53	11.67	2658339	48005656.00
2015/02/12	11.73	11.87	11.67	11.82	3709216	67661872.00
2015/02/13	11.88	12.11	11.85	11.97	4200949	77990344.00
2015/02/16	12.07	12.35	12.05	12.29	6088171	115344968.00
2015/02/17	12.31	12.35	12.07	12.22	4078384	76746960.00
2015/02/25	12.28	12.39	12.13	12.23	3997737	76042824.00
2015/02/26	12.21	12.30	12.03	12.20	3510298	65897852.00
2015/02/27	12.31	12.83	12.31	12.71	13407388	262343936.00
2015/03/02	12.75	12.99	12.57	12.95	10953467	216955408.00
2015/03/03	12.82	13.05	12.68	12.69	8744663	173157648.00
2015/03/04	12.73	12.89	12.61	12.85	6514685	128922336.00
2015/03/05	13.00	13.38	13.00	13.20	11745993	239693632.00
2015/03/06	13.15	13.53	12.77	12.81	9734104	196605376.00
2015/03/09	12.75	14.13	12.54	14.00	20337448	432189664.00
2015/03/10	13.95	14.42	13.89	14.01	14963508	325190912.00
2015/03/11	14.06	14.39	13.88	14.33	8956114	194802784.00
2015/03/12	14.27	14.76	13.63	13.85	12118298	263186816.00
2015/03/13	13.95	14.20	13.69	14.16	6439531	138544336.00
2015/03/16	14.41	14.84	14.35	14.41	12040458	269238816.00
2015/03/17	14.61	15.32	14.45	15.15	14409063	332070528.00
2015/03/18	15.08	15.78	14.81	15.68	12048565	284573472.00
2015/03/19	16.78	17.29	16.78	17.29	5964786	156863792.00
2015/03/20	17.61	17.85	16.81	17.10	18281912	484356256.00
2015/03/23	17.08	17.91	16.83	17.59	15713398	419596608.00
2015/03/24	17.61	19.31	16.99	18.71	25848686	713978240.00
2015/03/25	18.28	19.20	18.15	18.29	19993670	568984384.00
2015/03/26	18.19	18.19	16.63	16.99	19303655	515563904.00
2015/03/27	16.99	17.38	16.65	17.09	8398003	219835936.00
2015/03/30	17.09	17.49	16.99	17.24	9047169	239365632.00
2015/03/31	17.27	17.41	16.79	17.10	9845272	259238176.00
2015/04/01	17.06	18.18	16.95	17.81	13522100	366450816.00
2015/04/02	18.01	18.27	17.63	17.93	9187828	252225200.00
2015/04/03	17.69	18.54	17.61	18.47	10973082	303339232.00
2015/04/07	18.60	18.67	18.21	18.55	9757035	275791776.00
2015/04/08	18.63	19.07	18.15	18.56	13734570	392216992.00
2015/04/09	18.41	18.41	16.87	17.40	12667240	339074624.00
2015/04/10	17.35	17.77	17.02	17.65	7350300	197903840.00
2015/04/13	17.79	19.39	17.79	18.77	14024868	398923936.00
2015/04/14	18.83	19.11	18.22	18.47	9448197	270459360.00
2015/04/15	18.49	19.39	18.43	18.43	16517545	478113824.00
2015/04/16	17.68	18.65	17.13	18.15	9243897	254555456.00
2015/04/17	18.26	18.46	17.45	17.59	10533151	286778080.00
2015/04/20	17.33	17.68	16.98	17.09	8040588	213566816.00
2015/04/21	17.33	17.70	17.15	17.67	7170609	192530800.00
2015/04/22	17.75	18.30	17.73	18.17	9804405	271392928.00
2015/04/23	18.28	19.34	18.13	18.53	13455429	387073280.00
2015/04/24	18.41	20.26	18.15	19.87	20669470	604734272.00
2015/04/27	20.03	20.40	19.16	19.55	17344752	523839360.00
2015/04/28	19.55	19.71	18.01	18.17	15660383	446822880.00
2015/04/29	18.25	19.47	18.25	18.95	11267641	326915776.00
2015/04/30	18.91	19.30	18.62	18.76	9911461	286573056.00
2015/05/04	18.88	20.09	18.63	19.75	13332450	399795840.00
2015/05/05	19.81	21.26	19.29	20.65	20335843	637427840.00
2015/05/06	20.78	22.69	20.20	21.32	25212597	823310336.00
2015/05/07	20.88	21.95	19.51	19.56	15475163	490538560.00
2015/05/08	19.95	21.52	19.75	21.50	15308721	482911808.00
2015/05/11	21.95	23.19	21.51	23.10	17293977	598392448.00
2015/05/12	23.48	23.99	22.15	23.09	15840739	557793600.00
2015/05/13	22.65	23.49	22.19	23.20	12071573	421527808.00
2015/05/14	23.18	24.27	22.20	23.62	11811831	427393120.00
2015/05/15	23.06	24.13	22.67	23.13	19357196	685386368.00
2015/05/18	22.81	23.73	22.58	22.88	14852541	522444736.00
2015/05/19	22.88	25.15	22.06	25.07	21125985	749329216.00
2015/05/20	25.75	27.35	25.08	25.32	22185255	890155776.00
2015/05/21	25.55	26.68	24.78	25.95	13491649	528580000.00
2015/05/22	26.47	26.73	25.01	25.85	12511026	486848128.00
2015/05/25	25.61	26.23	24.98	25.81	10743296	419082368.00
2015/05/26	25.87	26.81	25.78	26.75	13690707	552270080.00
2015/05/27	26.76	28.07	25.48	27.61	13105014	530742944.00
2015/05/28	27.11	29.08	25.82	26.27	15739903	661396224.00
2015/05/29	26.25	26.95	24.55	25.67	10851813	429179232.00
2015/06/01	25.90	27.55	25.15	27.48	11519814	467908512.00
2015/06/02	27.61	30.15	26.95	30.08	14343758	625571968.00
2015/06/03	30.28	30.61	28.00	29.48	14275949	639914496.00
2015/06/04	29.01	29.88	26.49	28.95	10759253	468109664.00
2015/06/05	30.15	30.61	28.29	29.25	11284796	507568384.00
2015/06/08	29.25	29.55	27.98	28.11	11120549	482901408.00
2015/06/09	27.85	28.80	27.35	27.66	9264941	392915808.00
2015/06/10	27.75	30.27	27.61	29.76	14423109	642735744.00
2015/06/11	30.21	30.48	29.66	30.25	13039334	596967168.00
2015/06/12	30.58	32.03	30.23	30.65	25875722	813783936.00
2015/09/23	27.56	27.56	27.56	27.56	164500	4578035.00
2015/09/24	24.78	24.78	24.78	24.78	152000	3807600.00
2015/09/25	22.28	22.28	22.28	22.28	270800	6106540.00
2015/09/28	20.03	20.03	20.03	20.03	1000200	20304060.00
2015/09/29	18.00	18.00	18.00	18.00	8617200	157436240.00
2015/09/30	17.33	17.98	16.44	16.85	41273956	719025216.00
2015/10/08	17.13	18.02	16.63	17.92	38240646	675192448.00
2015/10/09	17.80	18.93	17.23	18.26	37493700	690206912.00
2015/10/12	18.28	19.56	18.27	19.28	31998293	620667456.00
2015/10/13	18.93	19.72	18.68	19.33	22699307	442862816.00
2015/10/14	19.09	19.59	18.83	18.91	20549273	399621184.00
2015/10/15	18.93	19.93	18.93	19.70	20467654	404415904.00
2015/10/16	19.98	20.12	19.23	19.66	21400783	425104320.00
2015/10/19	19.65	19.65	18.93	19.33	21882906	427222336.00
2015/10/20	19.95	21.29	19.95	21.29	9481845	200469616.00
2015/10/21	23.44	23.44	19.53	20.70	52150242	1159934720.00
2015/10/22	20.28	21.93	20.24	21.67	31846459	686023104.00
2015/10/23	22.25	23.86	21.83	23.86	41158028	952455424.00
2015/10/26	24.53	25.53	23.89	25.33	42699849	1073500672.00
2015/10/27	24.38	24.93	23.23	24.69	29798119	729785984.00
2015/10/28	24.43	25.66	24.01	24.33	27141191	681840064.00
2015/10/29	24.63	24.73	23.15	23.70	20697195	496834144.00
2015/10/30	23.32	23.60	22.53	22.85	17556073	409267328.00
2015/11/02	22.86	23.69	22.30	22.60	15005538	351010432.00
2015/11/03	22.72	22.96	21.84	21.94	14705494	329691328.00
2015/11/04	22.25	23.65	22.25	23.55	21005622	487634560.00
2015/11/05	23.74	23.83	22.64	22.88	20291850	474693280.00
2015/11/06	23.25	24.00	23.15	23.39	20064581	477480704.00
2015/11/09	23.38	23.83	22.58	23.81	23766114	562694336.00
2015/11/10	23.81	24.24	23.49	23.87	19397379	467421504.00
2015/11/11	23.73	24.68	23.63	24.58	21244112	521208608.00
2015/11/12	24.60	24.73	23.53	23.80	20910577	506590816.00
2015/11/13	23.53	24.37	23.33	23.96	22034111	531422624.00
2015/11/16	23.53	26.38	23.41	26.38	43174044	1117167360.00
2015/11/17	26.89	27.49	25.44	25.61	47236996	1263782656.00
2015/11/18	25.43	25.81	24.78	24.78	17943237	457530848.00
2015/11/19	25.22	26.20	25.20	25.87	21696834	563443136.00
2015/11/20	25.71	25.92	25.23	25.68	18173985	468607328.00
2015/11/23	25.88	26.61	25.63	25.89	22980397	605190976.00
2015/11/24	26.29	26.52	25.73	25.93	17622199	464117760.00
2015/11/25	25.73	25.73	25.28	25.67	17952551	462609632.00
2015/11/26	25.68	25.88	24.84	24.91	15527938	396442176.00
2015/11/27	24.61	25.39	22.52	22.61	17910834	435097056.00
2015/11/30	22.28	22.92	20.43	21.70	16380675	360323936.00
2015/12/01	21.83	22.12	21.35	21.92	10656168	234668032.00
2015/12/02	21.95	22.12	20.58	21.33	8732124	188792928.00
2015/12/03	21.35	21.89	21.35	21.83	10473468	230156208.00
2015/12/04	21.93	22.31	21.81	22.00	11623001	259842256.00
2015/12/07	22.12	22.12	21.54	21.94	7957676	175900992.00
2015/12/08	21.95	22.21	21.33	21.58	9576970	210514256.00
2015/12/09	21.43	21.59	20.85	20.94	7478020	160095888.00
2015/12/10	20.88	21.31	20.74	20.87	6085635	129476872.00
2015/12/11	20.92	21.03	20.74	20.86	5161728	109171400.00
2015/12/14	20.81	21.62	20.54	21.62	7351874	156037728.00
2015/12/15	21.70	21.90	21.51	21.70	7962898	175017552.00
2015/12/16	21.81	22.23	21.73	21.80	7447059	165412016.00
2015/12/17	22.03	22.83	21.93	22.70	15002598	340979936.00
2015/12/18	22.71	22.80	22.13	22.17	10664807	241436464.00
2015/12/21	22.24	22.38	21.83	22.18	8930225	199432480.00
2015/12/22	22.18	22.30	21.92	22.19	6907397	154473504.00
2015/12/23	22.51	22.97	22.38	22.43	15797302	362635200.00
2015/12/24	22.73	22.83	22.03	22.43	9771624	221236192.00
2015/12/25	22.62	22.62	22.26	22.37	6252416	141756032.00
2015/12/28	22.46	22.81	22.08	22.08	10384463	236259952.00
2015/12/29	21.95	22.11	21.43	21.88	7212653	158531344.00
2015/12/30	22.13	22.40	21.94	22.31	6867482	153974384.00
2015/12/31	22.31	22.43	21.71	21.72	5991135	133186504.00
2016/01/04	21.43	21.66	19.52	19.52	6582213	136189808.00
2016/01/05	18.23	19.51	17.91	18.83	10323122	196999776.00
2016/01/06	19.03	19.28	18.63	19.10	5548652	106897680.00
2016/01/07	18.83	18.83	17.16	17.16	2072100	37424744.00
2016/01/08	17.63	17.96	15.63	17.05	10088252	174520256.00
2016/01/11	16.67	16.80	15.32	15.32	9050328	147775280.00
2016/01/12	15.13	15.66	14.93	15.43	8149299	127083048.00
2016/01/13	15.60	15.72	14.44	14.49	6307157	98013784.00
2016/01/14	14.02	15.23	13.83	15.23	9007109	134569264.00
2016/01/15	15.29	15.53	14.15	14.24	8712645	132583616.00
2016/01/25	15.69	15.69	15.69	15.69	1661809	26522472.00
2016/01/26	16.17	17.18	15.47	15.82	26457087	440732288.00
2016/01/27	16.01	16.23	14.29	15.10	15306045	237207392.00
2016/01/28	14.53	14.63	13.56	13.57	11881217	169436528.00
2016/01/29	13.11	14.38	13.00	13.98	10799983	151129808.00
2016/02/01	13.78	14.13	13.19	13.55	6706351	94111120.00
2016/02/02	13.63	14.20	13.63	14.07	7587174	108464880.00
2016/02/03	13.89	14.12	13.66	14.05	5772724	81594104.00
2016/02/04	14.17	14.60	14.09	14.52	9695396	142209840.00
2016/02/05	14.45	14.79	14.29	14.49	6907249	102428608.00
2016/02/15	13.82	14.45	13.73	14.26	5128139	73519736.00
2016/02/16	14.43	15.22	14.43	15.11	9785599	148156400.00
2016/02/17	15.18	15.71	14.99	15.31	9474597	147510256.00
2016/02/18	15.54	15.83	15.05	15.42	12290940	192618192.00
2016/02/19	15.23	15.88	15.14	15.71	11964037	189319168.00
2016/02/22	16.05	16.18	15.75	15.88	9062849	146627392.00
2016/02/23	16.07	16.08	15.34	15.62	8609265	137585280.00
2016/02/24	15.50	15.82	15.06	15.81	8916158	140340464.00
2016/02/25	15.70	15.70	14.20	14.20	10429514	156965568.00
2016/02/26	14.33	14.46	13.68	14.13	7489678	107664896.00
2016/02/29	13.88	14.08	12.74	12.91	7667968	102582928.00
2016/03/01	12.98	13.37	12.71	13.26	6036318	80360896.00
2016/03/02	13.26	14.06	13.19	14.01	7926770	109974624.00
2016/03/03	14.11	14.43	14.00	14.02	9212291	133129720.00
2016/03/04	13.93	14.11	13.10	13.31	7748741	107697400.00
2016/03/07	13.61	13.88	13.51	13.64	5053274	70536032.00
2016/03/08	13.72	14.09	12.74	14.03	8527122	117460936.00
2016/03/09	13.70	14.00	13.50	13.94	6075757	85564800.00
2016/03/10	14.28	14.71	13.85	13.89	10905779	159232256.00
2016/03/11	13.24	13.68	13.09	13.48	6246191	85618696.00
2016/03/14	13.70	14.21	13.65	14.03	8536920	122079008.00
2016/03/15	13.94	14.11	13.74	13.82	5480458	77880928.00
2016/03/16	13.91	14.09	13.53	13.68	4631973	65043232.00
2016/03/17	13.73	14.53	13.73	14.39	12000151	174016784.00
2016/03/18	14.47	15.08	14.35	15.05	15132428	228412224.00
2016/03/21	15.29	15.59	15.13	15.38	14482944	226715040.00
2016/03/22	15.31	15.92	15.14	15.52	14329143	228636944.00
2016/03/23	15.59	15.85	15.28	15.66	10685093	169293792.00
2016/03/24	15.53	16.00	15.29	15.53	13918814	222661648.00
2016/03/25	15.39	15.66	15.11	15.37	8704562	135690016.00
2016/03/28	15.47	15.95	15.32	15.41	10882474	173271280.00
2016/03/29	15.64	15.93	15.36	15.86	17310090	275582656.00
2016/03/30	16.03	16.38	15.75	16.31	22296891	364774816.00
2016/03/31	16.31	16.43	15.94	16.08	14350976	236296496.00
2016/04/01	15.97	16.06	15.42	15.69	9356446	149236624.00
2016/04/05	15.71	17.21	15.58	17.21	22293816	374290944.00
2016/04/06	17.03	17.73	16.88	17.59	23923806	422623936.00
2016/04/07	17.83	17.83	16.74	16.77	15945508	277699904.00
2016/04/08	16.63	17.03	16.43	16.62	11009401	186583216.00
2016/04/11	16.90	17.21	16.86	17.11	10131135	175576656.00
2016/04/12	17.08	17.08	16.49	16.72	8273394	140530480.00
2016/04/13	16.78	17.08	16.78	16.86	9462120	163130608.00
2016/04/14	16.99	17.05	16.69	16.90	7378480	126123056.00
2016/04/15	16.95	17.02	16.64	16.75	7149899	122416024.00
2016/04/18	16.53	16.53	15.93	16.18	9062628	149170656.00
2016/04/19	16.32	16.40	16.03	16.33	6063085	100053472.00
2016/04/20	16.38	16.46	14.74	15.07	12220246	191919248.00
2016/04/21	14.94	15.15	14.64	14.69	5184948	78960152.00
2016/04/22	14.71	15.00	13.98	14.98	4835338	73020296.00
2016/04/25	14.98	15.06	14.43	14.63	4541001	67781672.00
2016/04/26	14.66	15.00	14.63	14.98	4470943	67500592.00
2016/04/27	15.09	16.07	15.09	15.44	11906371	189129104.00
2016/04/28	15.30	15.44	14.74	15.18	7943036	121979136.00
2016/04/29	15.03	15.31	14.93	15.21	4152122	64098848.00
2016/05/03	15.28	15.98	15.28	15.93	8265878	132121440.00
2016/05/04	15.74	16.20	15.74	15.86	7543064	122562328.00
2016/05/05	15.90	16.02	15.74	15.98	5341792	86372312.00
2016/05/06	15.98	16.19	15.43	15.80	12122849	194972096.00
2016/05/09	15.68	16.11	15.00	16.00	17062709	271920960.00
2016/05/10	16.03	16.50	15.50	16.39	27111339	444020512.00
2016/05/11	16.25	16.28	14.72	14.72	22221727	351199776.00
2016/05/12	14.04	14.28	13.54	14.09	11522116	163619344.00
2016/05/13	14.04	14.39	13.89	14.08	6170684	89073160.00
2016/05/16	14.03	14.41	13.97	14.30	4827326	69599816.00
2016/05/17	14.30	14.39	14.04	14.20	5402422	78264800.00
2016/05/18	14.08	14.10	13.43	13.57	6951793	97035536.00
2016/05/19	13.65	13.95	13.61	13.70	5436756	76612616.00
2016/05/20	13.58	13.88	13.44	13.87	4110736	57669112.00
2016/05/23	13.90	14.28	13.90	14.24	5366155	77475352.00
2016/05/24	14.26	14.31	13.89	14.00	3522019	50349628.00
2016/05/25	14.13	14.28	13.98	14.17	5411972	77985928.00
2016/05/26	14.14	14.20	13.63	14.07	5542130	78400408.00
2016/05/27	14.02	14.17	13.88	13.95	3867081	55276712.00
2016/05/30	13.88	14.01	13.63	13.80	2935325	41413032.00
2016/05/31	13.84	14.50	13.84	14.48	7932068	115519072.00
2016/06/01	14.47	14.83	14.46	14.54	8239473	123050640.00
2016/06/02	14.57	15.03	14.57	14.96	8915243	135099968.00
2016/06/03	15.01	15.05	14.75	14.88	6913563	104638168.00
2016/06/06	14.89	15.19	14.89	15.00	7063078	108136672.00
2016/06/07	15.00	15.14	14.82	14.96	4997393	75952296.00
2016/06/08	14.96	15.03	14.71	14.83	5851517	88558656.00
2016/06/13	14.49	14.67	13.85	13.89	6476204	94618984.00
2016/06/14	13.94	14.13	13.83	14.00	3176466	45139504.00
2016/06/15	13.73	14.58	13.61	14.44	6072717	88366872.00
2016/06/16	14.38	14.66	14.34	14.46	5257411	77719384.00
2016/06/17	14.46	14.84	14.45	14.64	5122277	76400840.00
2016/06/20	14.69	14.78	14.45	14.71	3625913	53481084.00
2016/06/21	14.83	14.95	14.33	14.37	5088844	75566848.00
2016/06/22	14.23	14.68	14.17	14.67	4188005	61206460.00
2016/06/23	14.67	15.32	14.66	15.20	15219892	231807712.00
2016/06/24	15.18	15.18	14.28	14.81	10352622	155292416.00
2016/06/27	14.52	15.23	14.52	15.17	8988567	136986576.00
2016/06/28	15.04	15.72	15.04	15.63	14551430	227104608.00
2016/06/29	15.58	15.82	15.39	15.45	9368570	146668128.00
2016/06/30	15.55	15.73	15.33	15.63	7906628	124644768.00
2016/07/01	15.69	15.92	15.53	15.54	6765604	107417600.00
2016/07/04	15.33	15.82	15.28	15.73	6785369	107164768.00
2016/07/05	15.73	15.87	15.56	15.72	6621677	104934936.00
2016/07/06	15.72	16.00	15.70	15.96	7970602	127903920.00
2016/07/07	15.93	16.02	15.56	15.72	7730229	123070936.00
2016/07/08	15.68	15.80	15.53	15.55	6905910	109003216.00
2016/07/11	15.58	15.86	15.43	15.49	7662755	121151000.00
2016/07/12	15.39	15.68	15.28	15.67	5888980	92215816.00
2016/07/13	15.73	15.99	15.68	15.84	7925994	126797488.00
2016/07/14	15.74	15.82	15.61	15.73	4370723	69356960.00
2016/07/15	15.71	15.85	15.56	15.59	4860429	76954768.00
2016/07/18	15.48	15.59	15.33	15.45	4648807	72489856.00
2016/07/19	15.44	15.63	15.34	15.62	3806718	59560660.00
2016/07/20	15.65	15.99	15.53	15.55	9492229	151405408.00
2016/07/21	15.56	15.80	15.53	15.57	6178518	97972976.00
2016/07/22	15.59	15.85	15.51	15.72	6156174	97646832.00
2016/07/25	15.75	16.43	15.71	16.31	15417614	252023056.00
2016/07/26	16.30	16.42	16.09	16.30	7982271	130835216.00
2016/07/27	16.35	16.48	14.96	15.09	15381627	244606672.00
2016/07/28	15.09	15.14	14.76	14.95	7104673	107462400.00
2016/07/29	14.95	15.03	14.82	14.86	3568982	53891268.00
2016/08/01	14.92	14.92	14.36	14.55	3523906	51857560.00
2016/08/02	14.56	14.79	14.51	14.70	2802160	41588424.00
2016/08/03	14.69	14.79	14.63	14.73	2429479	36153044.00
2016/08/04	14.73	14.81	14.60	14.75	2402514	35762488.00
2016/08/05	14.78	14.87	14.67	14.68	3262590	48723032.00
2016/08/08	14.65	14.81	14.58	14.80	2868205	42711100.00
2016/08/09	14.79	14.91	14.75	14.91	4078626	61223044.00
2016/08/10	14.97	15.07	14.81	14.83	4511973	68036600.00
2016/08/11	14.80	14.92	14.63	14.64	3955050	59106668.00
2016/08/12	14.58	14.84	14.58	14.83	2518343	37559960.00
2016/08/15	14.83	15.29	14.81	15.19	6304596	96291952.00
2016/08/16	15.20	15.28	15.11	15.21	4879330	74931096.00
2016/08/17	15.23	15.33	15.12	15.26	3465748	53366584.00
2016/08/18	15.20	15.35	15.12	15.19	3681909	56718680.00
2016/08/19	15.23	15.23	15.06	15.13	3172701	48549032.00
2016/08/22	15.13	15.25	14.94	14.96	3331388	50950520.00
2016/08/23	14.96	15.12	14.87	15.03	3388123	51306620.00
2016/08/24	15.07	15.13	14.95	14.99	2550851	38738588.00
2016/08/25	14.93	14.96	14.66	14.80	3401879	50786804.00
2016/08/26	14.89	15.01	14.79	14.85	2583972	38978636.00
2016/08/29	14.85	15.02	14.83	14.95	2688135	40603096.00
2016/08/30	14.97	15.05	14.85	14.99	3374250	51069512.00
2016/08/31	14.93	15.00	14.84	14.98	2889400	43616780.00
2016/09/01	14.90	14.96	14.63	14.65	4728096	70576816.00
2016/09/02	14.56	14.71	14.55	14.64	2640049	39054664.00
2016/09/05	14.66	14.76	14.51	14.58	2893430	42885000.00
2016/09/06	14.58	14.88	14.50	14.86	3071043	45649616.00
2016/09/07	14.83	14.95	14.80	14.84	3288904	49502700.00
2016/09/08	14.84	14.92	14.74	14.81	2692783	40356868.00
2016/09/09	14.87	14.94	14.77	14.81	3436886	51672580.00
2016/09/12	14.51	14.62	14.31	14.33	3568670	52239156.00
2016/09/13	14.36	14.46	14.32	14.40	1910948	27840104.00
2016/09/14	14.42	14.58	14.38	14.40	2137643	31272402.00
2016/09/19	14.42	14.65	14.42	14.56	2055741	30299082.00
2016/09/20	14.51	14.62	14.43	14.51	1867810	27425112.00
2016/09/21	14.52	14.55	14.41	14.49	1631619	23939864.00
2016/09/22	14.53	14.65	14.50	14.53	1750360	25818862.00
2016/09/23	14.58	14.62	14.49	14.54	1489840	21925422.00
2016/09/26	14.49	14.91	14.34	14.67	6464528	95641256.00
2016/09/27	14.63	14.80	14.38	14.72	5822958	86189152.00
2016/09/28	14.73	14.82	14.60	14.71	3488306	51930004.00
2016/09/29	14.74	14.79	14.66	14.73	2585367	38529472.00
2016/09/30	14.68	14.89	14.65	14.85	3225316	48196176.00
2016/10/10	14.92	15.11	14.85	15.07	5516809	83661832.00
2016/10/11	15.09	15.10	14.90	14.98	4505402	68260544.00
2016/10/12	14.98	15.19	14.94	15.17	6374369	97335472.00
2016/10/13	15.13	15.17	15.03	15.06	3621259	55278128.00
2016/10/14	15.10	15.11	14.86	15.00	3799374	57456036.00
2016/10/17	15.07	15.12	14.89	14.92	4531927	68682392.00
2016/10/18	14.86	15.06	14.86	15.06	4324725	65486156.00
2016/10/19	15.10	15.16	14.93	14.96	4560200	69389840.00
2016/10/20	14.97	15.32	14.92	15.29	9214898	141170464.00
2016/10/21	15.24	15.24	14.88	15.03	5288680	80623248.00
2016/10/24	14.99	15.16	14.99	15.09	4980983	75972896.00
2016/10/25	15.14	15.15	14.98	15.07	3996838	60822084.00
2016/10/26	15.05	15.13	14.98	15.05	3712060	56477564.00
2016/10/27	15.04	15.08	14.99	15.04	3025432	45973104.00
2016/10/28	15.06	15.08	14.72	14.74	4669535	70379576.00
2016/10/31	14.68	14.78	14.65	14.69	2424678	36046632.00
2016/11/01	14.69	14.81	14.68	14.81	3481694	51950888.00
2016/11/02	14.75	14.81	14.58	14.62	3795536	56347992.00
2016/11/03	14.58	14.87	14.58	14.71	3188464	47545864.00
2016/11/04	14.77	14.83	14.63	14.68	2696668	40178196.00
2016/11/07	14.68	14.76	14.62	14.67	2119260	31494348.00
2016/11/08	14.69	14.79	14.68	14.74	2566655	38266508.00
2016/11/09	14.74	14.79	14.34	14.47	4467932	65695456.00
2016/11/10	14.63	14.71	14.58	14.65	3824969	56655500.00
2016/11/11	14.66	14.79	14.65	14.74	3640430	54173532.00
2016/11/14	14.79	14.90	14.75	14.85	4040030	60655676.00
2016/11/15	14.86	14.99	14.81	14.96	3685097	55513924.00
2016/11/16	14.96	15.06	14.86	14.89	3696657	55951612.00
2016/11/17	14.90	15.03	14.86	14.94	3672758	55458456.00
2016/11/18	14.93	14.96	14.75	14.77	2879246	43240108.00
2016/11/21	14.82	14.96	14.76	14.94	4384609	66007992.00
2016/11/22	14.99	15.00	14.86	14.98	3674400	55457136.00
2016/11/23	14.93	15.03	14.87	14.88	3809624	57603332.00
2016/11/24	14.92	14.92	14.69	14.71	3407721	51061072.00
2016/11/25	14.72	15.03	14.60	15.03	6202489	93155744.00
2016/11/28	15.01	15.12	14.94	15.08	6439344	97871208.00
2016/11/29	15.04	15.08	14.79	14.83	6215396	93720192.00
2016/11/30	14.82	14.97	14.68	14.78	3953239	59261000.00
2016/12/01	14.80	14.89	14.75	14.88	3536796	53061228.00
2016/12/02	14.90	14.95	14.57	14.60	4587109	68418824.00
2016/12/05	14.53	14.68	14.34	14.48	2813262	41378868.00
2016/12/06	14.60	14.64	14.47	14.48	2023506	29761558.00
2016/12/07	14.44	14.61	14.42	14.60	2703828	39649188.00
2016/12/08	14.61	14.65	14.45	14.46	2145450	31609200.00
2016/12/09	14.47	14.55	14.43	14.46	1912604	28008790.00
2016/12/12	14.49	14.52	13.33	13.39	5961401	84295464.00
2016/12/13	13.46	13.49	13.20	13.35	3050740	41279572.00
2016/12/14	13.35	13.47	13.31	13.34	2744732	37192952.00
2016/12/15	13.24	13.52	13.21	13.41	3713015	50266216.00
2016/12/16	13.42	13.58	13.37	13.50	2228858	30465340.00
2016/12/19	13.41	13.49	13.35	13.45	1705168	23162780.00
2016/12/20	13.48	13.78	13.48	13.59	4949149	68431576.00
2016/12/21	13.55	13.64	13.52	13.62	2811449	38636540.00
2016/12/22	13.60	13.62	13.38	13.47	2959771	40331180.00
2016/12/23	13.48	13.48	13.21	13.25	2698432	36447132.00
2016/12/26	13.21	13.53	12.99	13.49	3955602	53242464.00
2016/12/27	13.46	13.52	13.37	13.39	1827478	24842172.00
2016/12/28	13.41	13.42	13.22	13.26	2535936	34219668.00
2016/12/29	13.26	13.31	13.15	13.23	2021858	27085392.00
2016/12/30	13.25	13.28	13.18	13.24	1752832	23480376.00
2017/01/03	13.28	13.35	13.24	13.33	2732886	36861392.00
2017/01/04	13.34	13.52	13.25	13.50	4475093	60848064.00
2017/01/05	13.48	13.52	13.42	13.44	2736996	37315984.00
2017/01/06	13.44	13.47	13.38	13.44	2398336	32608112.00
2017/01/09	13.44	13.77	13.39	13.67	3831734	52778404.00
2017/01/10	13.62	13.62	13.54	13.56	2033479	27948502.00
2017/01/11	13.57	13.59	13.33	13.35	2089694	28474772.00
2017/01/12	13.35	13.47	13.25	13.29	1882614	25476504.00
2017/01/13	13.29	13.32	13.01	13.05	2187100	29161004.00
2017/01/16	12.99	13.06	11.93	12.38	4390740	56149316.00
2017/01/17	12.37	12.53	12.18	12.48	1962134	24633454.00
2017/01/18	12.47	12.49	12.34	12.36	1474224	18547852.00
2017/01/19	12.24	12.42	12.14	12.29	1898146	23693480.00
2017/01/20	12.30	12.56	12.21	12.49	2207314	27850096.00
2017/01/23	12.44	12.65	12.44	12.58	2050566	26131384.00
2017/01/24	12.58	12.69	12.53	12.59	2278795	29182174.00
2017/01/25	12.68	12.69	12.55	12.64	985388	12622529.00
2017/01/26	12.66	12.77	12.65	12.75	772229	9964003.00
2017/02/03	12.72	12.78	12.59	12.68	1467025	18841050.00
2017/02/06	12.68	12.81	12.64	12.80	1281110	16540526.00
2017/02/07	12.81	12.81	12.62	12.71	1296402	16682800.00
2017/02/08	12.67	12.81	12.58	12.81	1800483	23146682.00
2017/02/09	12.74	12.97	12.72	12.91	1989323	25991058.00
2017/02/10	12.93	12.98	12.85	12.89	1826209	23863208.00
2017/02/13	12.88	13.00	12.85	12.95	1617055	21191008.00
2017/02/14	12.93	13.01	12.89	12.96	1756069	23052622.00
2017/02/15	12.96	13.03	12.79	12.80	2031651	26631076.00
2017/02/16	12.80	12.94	12.79	12.87	1574160	20490860.00
2017/02/17	12.87	12.95	12.73	12.74	1974774	25653142.00
2017/02/20	12.72	12.88	12.61	12.87	3382357	43541892.00
2017/02/21	12.85	12.98	12.81	12.97	3433240	44925756.00
2017/02/22	12.99	13.02	12.89	13.01	2583743	33938108.00
2017/02/23	12.98	13.07	12.91	13.07	2482738	32698502.00
2017/02/24	13.09	13.10	13.01	13.07	1929337	25518480.00
2017/02/27	13.06	13.58	12.95	13.39	9462305	127217544.00
2017/02/28	13.22	13.41	13.15	13.31	8492709	114113832.00
2017/03/01	13.25	13.39	13.15	13.18	5079795	68108232.00
2017/03/02	13.18	13.27	12.98	12.99	4217283	55936584.00
2017/03/03	13.00	13.08	12.83	13.02	3008844	39488652.00
2017/03/06	13.13	13.61	13.10	13.54	12764525	173242032.00
2017/03/07	13.55	13.93	13.46	13.86	18570242	258739824.00
2017/03/08	13.74	13.82	13.56	13.57	7106470	98272480.00
2017/03/09	13.53	13.67	13.39	13.51	6575166	90227984.00
2017/03/10	13.51	13.56	13.41	13.46	4179777	57054620.00
2017/03/13	13.54	13.75	13.51	13.58	8513471	117358656.00
2017/03/14	13.54	13.65	13.44	13.52	6449177	88284264.00
2017/03/15	13.51	13.51	13.28	13.32	4840023	65474840.00
2017/03/16	13.33	13.49	13.32	13.41	6222776	84397352.00
2017/03/17	13.46	13.64	13.33	13.33	7099539	97097352.00
2017/03/20	13.25	13.38	13.18	13.35	4400159	59136500.00
2017/03/21	13.33	13.35	13.19	13.25	3386384	45433360.00
2017/03/22	13.18	13.20	12.88	12.96	5275362	69584560.00
2017/03/23	12.95	13.03	12.76	12.90	3765476	49223080.00
2017/03/24	12.92	13.08	12.86	12.99	2538919	33287372.00
2017/03/27	13.01	13.09	12.96	12.99	2576406	33987976.00
2017/03/28	13.00	13.01	12.85	12.91	2459981	32168996.00
2017/03/29	12.91	12.96	12.82	12.84	2341161	30560994.00
2017/03/30	12.85	12.85	12.43	12.43	3699655	47245084.00
2017/03/31	12.52	12.62	12.46	12.53	2171463	27582736.00
2017/04/05	12.55	12.83	12.55	12.81	2433090	31421634.00
2017/04/06	12.83	12.89	12.78	12.84	2065693	26875768.00
2017/04/07	12.90	12.99	12.85	12.95	3735778	49034868.00
2017/04/10	12.89	12.95	12.58	12.63	3570774	46048280.00
2017/04/11	12.53	12.80	12.51	12.78	3227754	41243392.00
2017/04/12	12.73	12.79	12.63	12.63	2555231	32873030.00
2017/04/13	12.60	12.78	12.60	12.72	1988022	25620360.00
2017/04/14	12.67	12.74	12.41	12.46	2560111	32538476.00
2017/04/17	12.45	12.45	12.24	12.31	2211078	27640854.00
2017/04/18	12.31	12.41	12.16	12.17	1998640	24885172.00
2017/04/19	12.16	12.16	11.99	12.11	2509939	30721732.00
2017/04/20	12.12	12.19	12.00	12.06	1847296	22629798.00
2017/04/21	12.08	12.15	11.98	11.99	1381008	16846012.00
2017/04/24	12.02	12.06	11.39	11.42	3010042	35739408.00
2017/04/25	11.48	11.52	11.37	11.41	2072738	24058400.00
2017/04/26	11.44	11.46	11.18	11.33	2653365	30423434.00
2017/04/27	11.49	11.76	11.31	11.64	3778004	44356416.00
2017/04/28	11.53	11.63	11.44	11.50	2295567	26818202.00
2017/05/02	11.48	11.49	11.33	11.41	1814264	21003166.00
2017/05/03	11.41	11.48	11.36	11.45	1374631	15920630.00
2017/05/04	11.40	11.59	11.35	11.55	2929800	34281172.00
2017/05/05	11.56	11.61	11.42	11.44	1575803	18408666.00
2017/05/08	11.39	11.55	11.37	11.50	1858828	21647024.00
2017/05/09	11.45	11.69	11.44	11.64	2367117	27809400.00
2017/05/10	11.65	11.68	11.10	11.10	2587992	30058488.00
2017/05/11	11.14	11.16	10.54	10.88	3729693	41037312.00
2017/05/12	10.81	10.86	10.70	10.78	1704157	18655000.00
2017/05/15	10.78	11.02	10.77	10.80	1143513	12556811.00
2017/05/16	10.78	11.12	10.63	11.08	2352028	25970794.00
2017/05/17	11.06	11.16	11.01	11.11	2075480	23381004.00
2017/05/18	11.03	11.15	10.99	11.10	1698236	19119186.00
2017/05/19	11.11	11.23	11.04	11.19	1679141	18951550.00
2017/05/22	11.19	11.26	10.76	10.85	1887561	20952866.00
2017/05/23	10.86	10.86	10.48	10.54	1993974	21688110.00
2017/05/24	10.53	10.53	10.25	10.49	1818826	19187818.00
2017/05/25	10.49	10.66	10.33	10.62	2086623	22259158.00
2017/05/26	10.56	10.66	10.52	10.55	1510450	16232617.00
2017/05/31	10.63	10.70	10.48	10.48	1792962	19359900.00
2017/06/01	10.48	10.48	9.83	9.89	3745650	38532288.00
2017/06/02	9.89	10.17	9.83	10.07	1951615	19818068.00
2017/06/05	10.10	10.17	9.96	10.04	1904268	19460214.00
2017/06/06	10.01	10.19	10.01	10.14	1584406	16275447.00
2017/06/07	10.20	10.48	10.12	10.46	3247254	34111832.00
2017/06/08	10.47	10.47	10.30	10.35	2107833	22235782.00
2017/06/09	10.34	10.38	10.20	10.35	1953840	20413852.00
2017/06/12	10.24	10.28	10.02	10.03	2894281	29823144.00
2017/06/13	10.18	10.39	10.18	10.36	4244640	44433664.00
2017/06/14	10.31	10.39	10.23	10.30	2668966	27902412.00
2017/06/15	10.32	10.58	10.29	10.54	4415911	46628164.00
2017/06/16	10.55	10.55	10.42	10.52	1997729	21078992.00
2017/06/19	10.51	10.63	10.48	10.59	1701520	18106758.00
2017/06/20	10.66	10.69	10.52	10.56	2200843	23551082.00
2017/06/21	10.61	10.64	10.49	10.54	2137904	22688080.00
2017/06/22	10.56	10.78	10.51	10.52	4055669	43593280.00
2017/06/23	10.45	10.52	10.16	10.38	3472395	36127760.00
2017/06/26	10.29	10.52	10.29	10.50	2022881	21266418.00
2017/06/27	10.48	10.53	10.34	10.49	3743230	39391316.00
2017/06/28	10.50	10.51	10.33	10.37	1792661	18735140.00
2017/06/29	10.37	10.58	10.36	10.48	2256931	23819274.00
2017/06/30	10.44	10.57	10.41	10.56	1880213	19898568.00
2017/07/03	10.58	10.67	10.50	10.67	2083859	22269388.00
2017/07/04	10.66	10.72	10.56	10.69	2154898	23075598.00
2017/07/05	10.70	10.76	10.64	10.76	2026295	21833740.00
2017/07/06	10.77	10.81	10.67	10.73	2335081	25246408.00
2017/07/07	10.67	10.73	10.63	10.70	2377379	25516988.00
2017/07/10	10.70	10.71	10.58	10.68	1968949	21116796.00
2017/07/11	10.59	10.67	10.49	10.51	2261992	24074784.00
2017/07/12	10.51	10.57	10.23	10.38	2310058	24084584.00
2017/07/13	10.34	10.40	10.28	10.37	1508455	15706030.00
2017/07/14	10.41	10.69	10.30	10.54	2647324	27896596.00
2017/07/17	10.49	10.49	9.93	9.93	4109605	41670824.00
2017/07/18	9.94	10.03	9.76	9.92	2476702	24658618.00
2017/07/19	9.93	10.06	9.82	10.03	1858943	18587264.00
2017/07/20	10.03	10.18	9.94	10.05	1686405	17145310.00
2017/07/21	10.14	10.29	10.08	10.12	2108012	21618162.00
2017/07/24	10.07	10.12	9.97	10.11	2056377	20810876.00
2017/07/25	10.11	10.11	9.99	10.10	1751035	17717688.00
2017/07/26	10.09	10.10	9.99	10.04	1264931	12789790.00
2017/07/27	10.09	10.29	10.04	10.28	3681384	37762724.00
2017/07/28	10.26	10.38	10.21	10.33	2432476	25226526.00
2017/07/31	10.34	10.35	10.23	10.31	1738136	18008612.00
2017/08/01	10.28	10.34	10.23	10.26	1840255	19035010.00
2017/08/02	10.26	10.33	10.23	10.27	1838783	19038928.00
2017/08/03	10.26	10.29	10.17	10.23	1995112	20565516.00
2017/08/04	10.23	10.26	10.09	10.09	2150864	21967416.00
2017/08/07	10.09	10.17	10.00	10.15	1294840	13220573.00
2017/08/08	10.13	10.25	10.11	10.21	1659509	17030840.00
2017/08/09	10.20	10.40	10.18	10.30	2054882	21307862.00
2017/08/10	10.29	10.35	10.12	10.17	1881792	19350364.00
2017/08/11	10.13	10.18	10.01	10.05	1950643	19805182.00
2017/08/14	10.13	11.06	10.12	11.06	12726507	138915392.00
2017/08/15	11.26	11.30	10.80	10.87	13086500	144526768.00
2017/08/16	10.89	11.02	10.79	10.90	6608254	72420496.00
2017/08/17	10.83	11.58	10.82	11.28	12464182	140481824.00
2017/08/18	11.17	11.21	10.98	11.14	5802670	64827560.00
2017/08/21	11.14	11.33	11.05	11.16	5144228	57829284.00
2017/08/22	11.12	11.15	10.91	11.00	4278474	47399896.00
2017/08/23	11.00	11.30	10.92	10.96	7636234	85433160.00
2017/08/24	10.83	10.93	10.69	10.78	4946710	53618488.00
2017/08/25	10.76	10.96	10.75	10.95	3695498	40392916.00
2017/08/28	11.02	11.12	10.97	10.99	5195902	57701488.00
2017/08/29	11.04	11.10	10.81	10.85	4495474	49501232.00
2017/08/30	10.86	11.01	10.85	10.89	3761571	41372712.00
2017/08/31	10.88	11.04	10.81	11.01	3898017	42840412.00
2017/09/01	11.04	11.08	10.95	11.06	3960240	43890484.00
2017/09/04	11.06	11.47	11.06	11.40	10096500	115114968.00
2017/09/05	11.29	11.54	11.22	11.24	7564899	86259032.00
2017/09/06	11.17	11.41	11.14	11.40	5952746	67634688.00
2017/09/07	11.44	11.45	11.18	11.28	6014286	68592384.00
2017/09/08	11.23	11.33	11.17	11.30	2957147	33505842.00
2017/09/11	11.31	11.57	11.29	11.53	6251691	71886856.00
2017/09/12	11.54	11.63	11.40	11.46	6586670	76247632.00
2017/09/13	11.41	11.58	11.35	11.43	3585054	41216700.00
2017/09/14	11.36	11.45	11.24	11.30	4199951	47874244.00
2017/09/15	11.30	11.35	11.19	11.24	2740223	31069066.00
2017/09/18	11.24	11.37	11.19	11.35	2759971	31375696.00
2017/09/19	11.31	11.41	11.13	11.19	2747406	31212978.00
2017/09/20	11.19	11.51	11.19	11.48	5272938	60515160.00
2017/09/21	11.44	11.52	11.27	11.31	3572128	40922980.00
2017/09/22	11.32	11.32	10.97	11.11	3648988	40720836.00
2017/09/25	11.08	11.14	10.95	10.99	3413050	37927224.00
2017/09/26	11.00	11.13	10.77	11.00	3816924	42128204.00
2017/09/27	11.05	11.07	10.94	11.04	1641970	18208334.00
2017/09/28	11.03	11.16	10.97	11.13	2644186	29554912.00
2017/09/29	11.15	11.17	11.03	11.12	2310170	25799666.00
2017/10/09	11.23	11.38	11.15	11.31	4288183	48710364.00
2017/10/10	11.28	11.59	11.28	11.58	6575377	75729008.00
2017/10/11	11.60	11.62	11.41	11.43	5654215	65415612.00
2017/10/12	11.59	12.07	11.55	11.62	10951240	129759752.00
2017/10/13	11.58	11.68	11.46	11.57	5202802	60355868.00
2017/10/16	11.56	11.65	11.27	11.32	4764133	54655596.00
2017/10/17	11.28	11.39	11.17	11.20	2903381	32887972.00
2017/10/18	11.23	11.37	11.13	11.21	2436850	27637458.00
2017/10/19	11.28	11.28	11.01	11.10	3507105	39183320.00
2017/10/20	11.08	11.23	11.00	11.21	2095416	23476462.00
2017/10/23	11.18	11.31	11.14	11.26	2029332	22975342.00
2017/10/24	11.25	11.25	11.08	11.20	2131674	23903596.00
2017/10/25	11.13	11.27	11.11	11.25	2438128	27503782.00
2017/10/26	11.21	11.53	11.17	11.53	6612496	75810256.00
2017/10/27	11.51	11.59	11.44	11.53	4373103	50670500.00
2017/10/30	11.60	11.66	11.29	11.32	6649276	76491848.00
2017/10/31	11.33	11.88	11.31	11.81	11890659	139943232.00
2017/11/01	11.78	11.96	11.65	11.92	11045351	131356024.00
2017/11/02	11.99	12.06	11.73	11.83	11628955	138747520.00
2017/11/03	11.83	11.86	11.48	11.68	9950994	116645168.00
2017/11/06	11.48	11.68	11.35	11.65	13601006	158162784.00
2017/11/07	11.55	11.56	11.24	11.37	8520005	97329120.00
2017/11/08	11.37	11.45	11.30	11.33	5574697	63754304.00
2017/11/09	11.29	11.48	11.25	11.46	5753278	66070568.00
2017/11/10	11.46	11.68	11.38	11.66	7920750	92105936.00
2017/11/13	11.63	12.03	11.54	12.01	14280432	170631904.00
2017/11/14	12.06	12.07	11.78	11.84	9690732	115862816.00
2017/11/15	11.84	12.24	11.84	11.85	12861847	155739408.00
2017/11/16	11.86	12.47	11.65	12.43	18998132	233126272.00
2017/11/17	12.33	12.61	11.99	12.02	16417681	202677056.00
2017/11/20	11.85	12.24	11.60	12.24	12228363	145858864.00
2017/11/21	12.18	12.47	11.93	12.44	15384667	189205280.00
2017/11/22	12.51	12.68	12.26	12.50	15242598	191146016.00
2017/11/23	12.35	12.35	11.85	11.88	12793008	155573584.00
2017/11/24	11.82	11.98	11.68	11.79	6790088	80616528.00
2017/11/27	11.82	11.82	11.16	11.24	7312402	84752864.00
2017/11/28	11.25	11.40	11.08	11.35	5273409	59675764.00
2017/11/29	11.26	11.38	10.96	11.15	5943511	66555104.00
2017/11/30	11.05	11.20	10.99	11.05	3438100	38341836.00
2017/12/01	11.01	11.24	11.01	11.17	3185207	35769420.00
2017/12/04	11.17	11.17	10.13	10.30	9689909	104159808.00
2017/12/05	10.35	10.42	9.89	9.96	6722231	68457064.00
2017/12/06	9.98	10.19	9.96	10.14	3888983	39350828.00
2017/12/07	10.06	10.17	10.03	10.11	2335237	23746550.00
2017/12/08	10.09	10.28	10.07	10.20	2634950	27047712.00
2017/12/11	10.20	10.28	10.14	10.26	2466002	25367646.00
2017/12/12	10.26	10.26	10.00	10.03	3394550	34474260.00
2017/12/13	10.01	10.17	9.98	10.15	2102082	21352272.00
2017/12/14	10.16	10.19	10.08	10.17	1530271	15612755.00
2017/12/15	10.13	10.42	10.03	10.27	3618588	37387552.00
2017/12/18	10.21	10.27	10.07	10.16	1812310	18537378.00
2017/12/19	10.17	10.27	10.08	10.18	2001350	20526960.00
2017/12/20	10.16	10.23	10.00	10.02	2121564	21516244.00
2017/12/21	9.96	10.04	9.83	10.01	2316667	23238740.00
2017/12/22	9.97	10.04	9.90	9.93	1608540	16151633.00
2017/12/25	9.94	9.98	9.65	9.65	2999209	29393910.00
2017/12/26	9.61	9.71	9.61	9.67	2166953	21089582.00
2017/12/27	9.67	9.79	9.64	9.68	1833050	17953984.00
2017/12/28	9.77	9.84	9.68	9.73	1646334	16184362.00
2017/12/29	9.83	9.85	9.73	9.83	1358755	13421497.00
2018/01/02	10.04	10.18	10.02	10.08	2636504	26775152.00
2018/01/03	10.10	10.21	9.99	10.16	3155390	32071184.00
2018/01/04	10.23	10.23	10.02	10.08	2347550	23882852.00
2018/01/05	10.04	10.17	10.03	10.06	1662530	16882888.00
2018/01/08	10.05	10.06	9.91	9.99	2649450	26568816.00
2018/01/09	9.95	9.99	9.91	9.97	2251539	22558636.00
2018/01/10	9.97	10.03	9.86	9.87	2447362	24455856.00
2018/01/11	9.86	9.99	9.83	9.98	2193769	21892332.00
2018/01/12	9.96	9.98	9.86	9.89	1985810	19811554.00
2018/01/15	9.91	9.91	9.63	9.65	2922695	28644532.00
2018/01/16	9.65	9.73	9.63	9.66	1881201	18322988.00
2018/01/17	9.70	9.71	9.45	9.64	2830649	27249694.00
2018/01/18	9.65	9.69	9.56	9.60	1457701	14116081.00
2018/01/19	9.61	9.70	9.60	9.65	1616559	15713465.00
2018/01/22	9.61	9.87	9.53	9.82	3148212	30890316.00
2018/01/23	9.78	9.85	9.72	9.79	1830100	18022172.00
2018/01/24	9.74	9.85	9.66	9.83	2985550	29378110.00
2018/01/25	9.79	10.13	9.78	9.87	3734452	37440852.00
2018/01/26	9.85	9.95	9.79	9.81	2508183	24924402.00
2018/01/29	9.81	9.87	9.61	9.64	2432603	23864412.00
2018/01/30	9.59	9.70	9.56	9.69	1188226	11558569.00
2018/01/31	9.60	9.66	9.41	9.47	2435410	23400720.00
2018/02/01	9.50	9.55	9.01	9.02	2972468	27603734.00
2018/02/02	9.00	9.02	8.66	8.86	2838561	25339024.00
2018/02/05	8.81	8.89	8.64	8.81	1840350	16268022.00
2018/02/06	8.68	8.85	8.38	8.40	3108122	27133316.00
2018/02/07	8.81	8.81	8.36	8.57	1854049	15985144.00
2018/02/08	8.49	8.79	8.49	8.77	1480080	13015516.00
2018/02/09	8.48	8.66	8.43	8.57	2397900	20640620.00
2018/02/12	8.60	8.83	8.58	8.80	1462089	12871634.00
2018/02/13	8.85	8.86	8.74	8.76	1215650	10792062.00
2018/02/14	8.81	8.82	8.69	8.77	800750	7054318.50
2018/02/22	8.83	8.85	8.79	8.83	1104741	9831856.00
2018/02/23	8.78	8.85	8.78	8.82	995302	8843013.00
2018/02/26	8.82	9.08	8.82	9.02	2580881	23329876.00
2018/02/27	8.96	9.23	8.92	9.05	2512884	22906978.00
2018/02/28	9.03	9.09	8.89	9.03	1647670	14946990.00
2018/03/01	9.01	9.48	8.99	9.35	4748572	44357756.00
2018/03/02	9.28	9.61	9.26	9.37	4896709	46551752.00
2018/03/05	9.37	9.62	9.28	9.50	3348530	31889418.00
2018/03/06	9.45	9.55	9.37	9.51	2718336	25915208.00
2018/03/07	9.51	9.51	9.33	9.36	2599500	24660754.00
2018/03/08	9.29	9.38	9.25	9.33	2080111	19531832.00
2018/03/09	9.31	9.49	9.20	9.47	4512259	42596672.00
2018/03/12	9.66	9.76	9.53	9.56	5002700	48564268.00
2018/03/13	9.56	9.66	9.50	9.54	3302399	31912056.00
2018/03/14	9.54	9.68	9.46	9.46	2847723	27492776.00
2018/03/15	9.36	9.54	9.22	9.40	2759103	26081364.00
2018/03/16	9.40	9.48	9.36	9.38	2421319	22992148.00
2018/03/19	9.41	9.49	9.31	9.35	2051152	19403110.00
2018/03/20	9.41	9.50	9.30	9.50	2314653	21880904.00
2018/03/21	9.52	9.73	9.52	9.61	5809194	56363308.00
2018/03/22	9.59	9.67	9.49	9.58	3384619	32620518.00
2018/03/23	9.33	9.36	8.62	8.65	5770643	52084920.00
2018/03/26	8.40	8.74	8.36	8.73	3371584	29173060.00
2018/03/27	8.86	9.06	8.76	8.97	3187622	28712370.00
2018/03/28	8.83	9.05	8.77	8.89	2110950	19034338.00
2018/03/29	8.97	9.16	8.97	9.10	2764973	25373412.00
2018/03/30	9.09	9.41	9.09	9.37	4132273	38608392.00
2018/04/02	9.21	9.31	8.96	9.18	7460893	68629720.00
2018/04/03	9.03	9.05	8.79	8.89	4478880	40174152.00
2018/04/04	8.84	9.00	8.70	8.73	3103750	27634266.00
2018/04/09	8.63	8.83	8.59	8.79	2432069	21403760.00
2018/04/10	8.81	8.83	8.68	8.82	2097507	18533156.00
2018/04/11	8.83	8.90	8.77	8.85	2149100	19123130.00
2018/04/12	8.79	8.87	8.66	8.68	2286053	20226608.00
2018/04/13	8.71	8.82	8.65	8.71	2258574	19803654.00
2018/04/16	8.70	8.78	8.51	8.56	2412526	20984998.00
2018/04/17	8.58	8.65	8.40	8.41	1989700	17129450.00
2018/04/18	8.44	8.66	8.36	8.64	2217734	19035200.00
2018/04/19	8.60	8.65	8.54	8.60	1937676	16797788.00
2018/04/20	8.54	8.79	8.44	8.46	2607301	22645982.00
2018/04/23	8.41	8.50	7.91	7.98	4159576	34128676.00
2018/04/24	7.97	8.12	7.94	8.03	2890280	23475368.00
2018/04/25	8.03	8.12	7.98	8.11	2196928	17906470.00
2018/04/26	8.07	8.17	7.91	7.91	1963609	15870908.00
2018/04/27	7.91	8.06	7.88	7.90	1521357	12218321.00
2018/05/02	7.93	7.97	7.74	7.83	1784800	14167270.00
2018/05/03	7.86	7.96	7.65	7.91	2204350	17322350.00
2018/05/04	7.98	7.98	7.78	7.80	1829400	14475376.00
2018/05/07	7.80	8.00	7.80	7.96	2422547	19410058.00
2018/05/08	7.99	8.03	7.94	8.01	1908053	15364058.00
2018/05/09	8.00	8.12	7.97	8.09	2485273	20230616.00
2018/05/10	8.09	8.17	8.03	8.08	1604850	13103966.00
2018/05/11	8.15	8.15	8.00	8.03	1406685	11406483.00
2018/05/14	8.01	8.06	7.84	7.97	1523948	12268494.00
2018/05/15	7.95	8.08	7.88	8.08	1577742	12692359.00
2018/05/16	8.00	8.10	7.99	8.00	1368559	11099034.00
2018/05/17	7.98	8.28	7.94	8.18	4159897	34193812.00
2018/05/18	8.16	8.26	8.03	8.24	2063705	16909624.00
2018/05/21	8.24	8.26	8.16	8.21	3057891	25282938.00
2018/05/22	8.21	8.23	8.09	8.13	1552965	12735086.00
2018/05/23	8.13	8.13	7.97	7.98	2481103	20108886.00
2018/05/24	7.98	8.01	7.89	7.97	1811811	14511923.00
2018/05/25	7.97	7.97	7.83	7.83	3072823	24471044.00
2018/05/28	7.83	7.91	7.72	7.89	2164726	17084138.00
2018/05/29	8.21	8.69	8.21	8.24	16191336	137427392.00
2018/05/30	7.74	7.89	7.41	7.54	8941927	68921256.00
2018/05/31	7.59	7.70	7.54	7.66	3268450	25183172.00
2018/06/01	7.61	7.61	7.41	7.49	3306085	25006994.00
2018/06/04	7.52	7.53	7.41	7.48	2184350	16452348.00
2018/06/05	7.52	7.61	7.44	7.58	1611024	12228152.00
2018/06/06	8.35	8.35	8.35	8.35	4609818	38814668.00
2018/06/07	8.81	8.81	8.02	8.22	18334176	156534928.00
2018/06/08	7.97	8.17	7.97	8.04	6564252	53201636.00
2018/06/11	8.16	8.16	7.74	7.84	6107707	48885144.00
2018/06/12	7.88	8.29	7.88	8.09	6756157	55209480.00
2018/06/13	7.93	7.93	7.78	7.80	5342669	42293424.00
2018/06/14	7.74	7.86	7.67	7.72	2975650	23232878.00
2018/06/15	7.70	7.76	7.53	7.53	2907300	22270154.00
2018/06/19	7.56	7.83	6.84	7.06	6754350	50093536.00
2018/06/20	6.99	7.23	6.86	7.21	3341657	23942236.00
2018/06/21	7.17	7.27	6.94	6.96	2554600	18278944.00
2018/06/22	6.94	7.11	6.86	7.11	1918750	13589922.00
2018/06/25	7.17	7.28	7.10	7.12	2874000	20818864.00
2018/06/26	7.01	7.22	6.95	7.12	1757750	12578498.00
2018/06/27	7.12	7.13	6.97	6.99	2290900	16256736.00
2018/06/28	7.04	7.06	6.92	6.93	1785197	12594774.00
2018/06/29	6.98	7.21	6.96	7.19	2179564	15490601.00
2018/07/02	7.20	7.22	7.00	7.07	3124810	22291646.00
2018/07/03	7.08	7.20	6.99	7.15	3626885	25781672.00
2018/07/04	7.14	7.16	6.96	6.97	2308333	16276373.00
2018/07/05	6.97	7.06	6.58	6.63	5241803	35271212.00
2018/07/06	6.65	6.69	6.42	6.62	3342756	21994984.00
2018/07/09	6.54	6.73	6.54	6.71	1760937	11739107.00
2018/07/10	6.71	6.76	6.65	6.70	1563500	10462510.00
2018/07/11	6.60	6.60	6.35	6.39	2426950	15663136.00
2018/07/12	6.38	6.59	6.35	6.56	2036003	13269202.00
2018/07/13	6.53	6.57	6.50	6.52	1360123	8881854.00
2018/07/16	6.52	6.61	6.42	6.60	1710986	11153062.00
2018/07/17	6.60	6.61	6.53	6.59	1862516	12241854.00
2018/07/18	6.58	6.77	6.58	6.65	2478101	16561590.00
2018/07/19	6.69	6.69	6.44	6.49	1830100	11981450.00
2018/07/20	6.49	6.60	6.44	6.57	1452360	9501941.00
2018/07/23	6.57	6.71	6.40	6.68	2151213	14208735.00
2018/07/24	6.66	6.78	6.62	6.75	2301200	15505896.00
2018/07/25	6.74	6.88	6.70	6.86	2975197	20350154.00
2018/07/26	6.83	6.93	6.83	6.92	2240630	15421806.00
2018/07/27	6.93	6.96	6.81	6.83	1992427	13720743.00
2018/07/30	6.83	6.86	6.61	6.66	2070516	13847830.00
2018/07/31	6.65	6.70	6.63	6.66	1108650	7389132.00
2018/08/01	6.65	6.76	6.58	6.59	1369100	9164814.00
2018/08/02	6.58	6.58	6.34	6.34	2468327	15909075.00
2018/08/03	6.58	6.97	6.53	6.97	13497270	93773360.00
2018/08/06	6.94	6.98	6.46	6.50	11315776	75987456.00
2018/08/07	6.41	6.68	6.41	6.60	6410083	41987312.00
2018/08/08	6.55	6.57	6.40	6.41	4899052	31687668.00
2018/08/09	6.41	6.60	6.39	6.52	3534210	23057572.00
2018/08/10	6.53	6.64	6.47	6.61	3305858	21653078.00
2018/08/13	6.52	6.72	6.44	6.72	3632110	23923024.00
2018/08/14	6.66	6.80	6.65	6.69	3320152	22260298.00
2018/08/15	6.70	6.72	6.47	6.48	2898231	19033168.00
2018/08/16	6.44	6.51	6.38	6.44	1723910	11110145.00
2018/08/17	6.51	6.55	6.30	6.31	1950700	12483418.00
2018/08/20	6.32	6.43	6.26	6.41	1790950	11359411.00
2018/08/21	6.44	6.47	6.36	6.44	1095475	7045339.00
2018/08/22	6.45	6.46	6.37	6.42	881480	5658280.00
2018/08/23	6.42	6.46	6.31	6.44	1361544	8716473.00
2018/08/24	6.44	6.47	6.36	6.42	937100	6033146.00
2018/08/27	6.41	6.53	6.41	6.53	1752976	11385747.00
2018/08/28	6.56	6.56	6.48	6.51	1370800	8932172.00
2018/08/29	6.51	6.51	6.43	6.45	1126526	7274512.00
2018/08/30	6.42	6.52	6.35	6.38	1147400	7331382.50
2018/08/31	6.40	6.40	6.25	6.29	1368949	8633962.00
2018/09/03	6.30	6.34	6.18	6.23	1123152	7007489.00
2018/09/04	6.23	6.33	6.22	6.32	1111950	6979825.00
2018/09/05	6.31	6.33	6.23	6.26	1190377	7480826.00
2018/09/06	6.25	6.30	6.11	6.26	975676	6090548.50
2018/09/07	6.26	6.32	6.16	6.22	1149900	7193045.50
2018/09/10	6.20	6.21	6.05	6.07	1320881	8063807.50
2018/09/11	6.08	6.15	6.04	6.09	956473	5814379.50
2018/09/12	6.07	6.15	6.06	6.10	676923	4132771.50
2018/09/13	6.14	6.18	6.11	6.17	932306	5730097.00
2018/09/14	6.17	6.25	6.13	6.15	952820	5897245.50
2018/09/17	6.13	6.22	6.11	6.15	809700	4969028.00
2018/09/18	6.15	6.65	6.12	6.40	3319168	21154138.00
2018/09/19	6.31	6.42	6.28	6.36	2358014	14959697.00
2018/09/20	6.36	6.37	6.30	6.33	1360315	8606056.00
2018/09/21	6.31	6.38	6.26	6.36	1349350	8546301.00
2018/09/25	6.36	6.36	6.29	6.30	833000	5261899.00
2018/09/26	6.30	6.34	6.28	6.31	776250	4897933.00
2018/09/27	6.30	6.32	6.18	6.21	1067795	6667707.50
2018/09/28	6.22	6.30	6.19	6.28	800600	5003465.00
2018/10/08	6.26	6.26	6.07	6.12	1249300	7653069.00
2018/10/09	6.08	6.16	6.08	6.12	707350	4327627.00
2018/10/10	6.10	6.15	6.09	6.12	663334	4057748.50
2018/10/11	6.00	6.02	5.51	5.52	3332250	19073342.00
2018/10/12	5.53	5.60	5.13	5.36	1901493	10140939.00
2018/10/15	5.36	5.46	5.31	5.31	1347850	7259114.00
2018/10/16	5.31	5.41	5.03	5.10	873000	4557658.00
2018/10/17	5.25	5.25	5.08	5.16	1068000	5487024.00
2018/10/18	5.15	5.15	5.04	5.06	1385234	7027014.50
2018/10/19	5.00	5.18	4.95	5.15	1485937	7579962.00
2018/10/22	5.18	5.40	5.18	5.37	2600750	13788448.00
2018/10/23	5.32	5.36	5.19	5.22	1832510	9675809.00
2018/10/24	5.20	5.29	5.19	5.23	1684319	8814560.00
2018/10/25	5.10	5.21	5.01	5.21	1732410	8848702.00
2018/10/26	5.26	5.30	5.18	5.21	1658400	8661429.00
2018/10/29	5.20	5.23	5.13	5.14	880075	4562658.50
2018/10/30	5.16	5.28	5.13	5.26	1109185	5787125.50
2018/10/31	5.26	5.33	5.23	5.30	1489685	7891004.50
2018/11/01	5.49	5.55	5.34	5.36	2959339	16100172.00
2018/11/02	5.42	5.51	5.42	5.49	2841087	15537358.00
2018/11/05	5.49	5.63	5.47	5.56	2392978	13260247.00
2018/11/06	5.54	5.56	5.45	5.54	1603046	8818663.00
2018/11/07	5.58	5.58	5.50	5.52	1914322	10601015.00
2018/11/08	5.54	5.65	5.54	5.56	1885420	10536269.00
2018/11/09	5.53	5.58	5.50	5.53	1191746	6607365.50
2018/11/12	5.53	5.73	5.49	5.69	2578755	14576602.00
2018/11/13	5.62	5.85	5.61	5.82	3685250	21265044.00
2018/11/14	5.86	5.94	5.80	5.80	3104250	18203368.00
2018/11/15	5.86	5.97	5.85	5.95	2681250	15862980.00
2018/11/16	5.94	6.07	5.94	6.01	3434715	20672730.00
2018/11/19	5.96	6.07	5.94	6.02	2862540	17181896.00
2018/11/20	5.96	6.36	5.95	5.99	5210949	32000924.00
2018/11/21	5.90	6.03	5.79	6.02	3787344	22453560.00
2018/11/22	6.04	6.62	5.96	6.48	25333226	165169264.00
2018/11/23	6.42	6.55	5.96	6.03	22159117	138697760.00
2018/11/26	5.75	6.63	5.75	6.63	22299233	143969984.00
2018/11/27	6.87	7.29	6.55	6.73	39753070	275151584.00
2018/11/28	6.44	6.70	6.30	6.55	23504227	151922272.00
2018/11/29	6.43	6.68	6.09	6.10	17971900	114904000.00
2018/11/30	6.04	6.13	5.86	6.12	11499920	69269064.00
2018/12/03	6.26	6.73	6.19	6.51	15105783	97546128.00
2018/12/04	6.42	6.57	6.37	6.53	10606842	68713104.00
2018/12/05	6.31	6.39	6.20	6.24	8189334	51548608.00
2018/12/06	6.28	6.34	6.06	6.09	5997436	37210712.00
2018/12/07	6.09	6.14	5.98	6.04	4941400	29877394.00
2018/12/10	5.97	6.07	5.97	6.01	2702423	16275755.00
2018/12/11	6.05	6.08	5.99	6.03	3235927	19520538.00
2018/12/12	6.07	6.11	5.92	5.93	4073985	24399898.00
2018/12/13	5.96	6.02	5.90	5.98	3686483	22015732.00
2018/12/14	5.96	5.99	5.70	5.73	4737000	27669040.00
2018/12/17	5.78	5.78	5.59	5.74	3158472	17935592.00
2018/12/18	5.71	5.74	5.61	5.64	2447976	13835380.00
2018/12/19	5.68	5.68	5.54	5.55	2360500	13223107.00
2018/12/20	5.56	5.65	5.55	5.60	1869950	10459383.00
2018/12/21	5.59	5.59	5.45	5.50	2054900	11344435.00
2018/12/24	5.54	5.56	5.49	5.55	1426282	7896477.50
2018/12/25	5.49	5.52	5.35	5.49	2885001	15637919.00
2018/12/26	5.50	5.63	5.49	5.55	2175262	12084066.00
2018/12/27	5.66	5.68	5.35	5.39	2173400	11988778.00
2018/12/28	5.44	5.45	5.29	5.36	2305400	12349997.00
2019/01/02	5.35	5.38	5.31	5.34	1171700	6270737.50
2019/01/03	5.34	5.44	5.33	5.36	1417251	7639546.50
数据来源:通达信
