002588 史丹利 日线 前复权
      日期	    开盘	    最高	    最低	    收盘	    成交量	    成交额
2011/06/10	2.95	3.21	2.91	3.01	5010125	156320144.00
2011/06/13	2.87	2.91	2.75	2.82	2385608	70025720.00
2011/06/14	2.79	2.84	2.77	2.82	1453884	42597596.00
2011/06/15	2.79	2.88	2.79	2.81	1150908	33995488.00
2011/06/16	2.79	2.81	2.71	2.71	1035187	29705034.00
2011/06/17	2.70	2.74	2.65	2.65	876554	24773196.00
2011/06/20	2.61	2.64	2.54	2.61	1098931	29983906.00
2011/06/21	2.58	2.74	2.58	2.73	1343707	37703376.00
2011/06/22	2.71	2.71	2.65	2.67	755204	21260430.00
2011/06/23	2.67	2.81	2.61	2.78	1362124	39024220.00
2011/06/24	2.79	2.88	2.77	2.83	1595212	47107500.00
2011/06/27	2.90	3.10	2.90	2.96	1893728	58182436.00
2011/06/28	2.97	2.97	2.88	2.93	908799	27481630.00
2011/06/29	2.92	3.03	2.89	2.94	1446106	44367628.00
2011/06/30	2.93	3.03	2.90	3.02	1265990	39024776.00
2011/07/01	3.06	3.08	3.01	3.03	873254	27375234.00
2011/07/04	3.03	3.23	3.03	3.15	1385436	44495976.00
2011/07/05	3.14	3.22	3.08	3.13	980496	31680752.00
2011/07/06	3.10	3.28	3.10	3.24	1303897	42917972.00
2011/07/07	3.25	3.47	3.25	3.46	3722197	128817904.00
2011/07/08	3.42	3.45	3.35	3.42	1193525	41263456.00
2011/07/11	3.41	3.48	3.38	3.45	952761	33153278.00
2011/07/12	3.49	3.49	3.35	3.37	2284316	79142016.00
2011/07/13	3.40	3.48	3.37	3.45	2073890	72185656.00
2011/07/14	3.46	3.50	3.42	3.49	2599444	91223400.00
2011/07/15	3.50	3.58	3.45	3.54	3288490	117218176.00
2011/07/18	3.52	3.56	3.44	3.47	1741104	61413680.00
2011/07/19	3.46	3.46	3.30	3.33	2114132	72016120.00
2011/07/20	3.36	3.43	3.28	3.43	1352766	46239212.00
2011/07/21	3.42	3.49	3.40	3.44	1405737	49072980.00
2011/07/22	3.46	3.48	3.41	3.45	843662	29455278.00
2011/07/25	3.40	3.44	3.25	3.27	1400068	47564908.00
2011/07/26	3.25	3.35	3.24	3.32	859628	28942708.00
2011/07/27	3.32	3.58	3.28	3.53	2772091	97825280.00
2011/07/28	3.49	3.63	3.47	3.51	2655387	95204296.00
2011/07/29	3.54	3.63	3.51	3.56	3041285	109618096.00
2011/08/01	3.57	3.90	3.57	3.79	6652303	251289888.00
2011/08/02	3.73	4.09	3.67	4.05	6153422	238187440.00
2011/08/03	3.98	4.16	3.94	3.97	4701838	188396112.00
2011/08/04	3.95	4.06	3.86	4.01	3599852	142011120.00
2011/08/05	3.86	4.03	3.81	3.83	3646382	142035776.00
2011/08/08	3.80	3.90	3.60	3.71	3451930	130208088.00
2011/08/09	3.61	4.13	3.61	4.03	6075531	237384832.00
2011/08/10	4.10	4.18	3.97	4.02	5135953	207986304.00
2011/08/11	3.96	4.31	3.94	4.27	4830766	198686416.00
2011/08/12	4.27	4.40	4.21	4.33	3695695	156515232.00
2011/08/15	4.33	4.54	4.30	4.34	3474179	150822896.00
2011/08/16	4.33	4.37	4.24	4.26	2529753	107220768.00
2011/08/17	4.24	4.42	4.24	4.35	2399595	102627560.00
2011/08/18	4.34	4.37	4.21	4.22	1843533	77544232.00
2011/08/19	4.13	4.19	3.99	4.09	2649100	107253488.00
2011/08/22	4.10	4.31	4.06	4.19	2159991	89466504.00
2011/08/23	4.18	4.56	4.15	4.56	3633022	156433584.00
2011/08/24	4.56	4.60	4.42	4.45	2803396	124417904.00
2011/08/25	4.45	4.52	4.35	4.47	2220168	96611728.00
2011/08/26	4.45	4.67	4.40	4.54	2477000	110968528.00
2011/08/29	4.50	4.57	4.43	4.48	1668160	73431152.00
2011/08/31	4.36	4.39	4.23	4.33	2118935	89688680.00
2011/09/01	4.32	4.45	4.26	4.34	1734548	74363272.00
2011/09/02	4.33	4.35	4.19	4.22	1286966	53971548.00
2011/09/05	4.14	4.14	3.91	3.94	1931931	77268824.00
2011/09/06	3.88	4.00	3.85	3.90	1293914	50471400.00
2011/09/07	3.94	4.04	3.93	4.04	1644519	65218600.00
2011/09/08	4.05	4.05	3.82	3.83	1656229	64864956.00
2011/09/09	3.81	3.97	3.80	3.86	1194790	46411844.00
2011/09/13	3.79	3.97	3.68	3.71	2928931	111318232.00
2011/09/14	3.78	3.88	3.68	3.86	3542719	133075944.00
2011/09/15	3.83	3.89	3.82	3.85	2247294	86543384.00
2011/09/16	3.87	3.91	3.76	3.76	1548936	59349028.00
2011/09/19	3.71	3.71	3.53	3.54	2387518	86359216.00
2011/09/20	3.54	3.65	3.53	3.57	1488587	53695028.00
2011/09/21	3.56	3.83	3.55	3.79	2475799	92153984.00
2011/09/22	3.74	3.83	3.63	3.63	2422873	90830232.00
2011/09/23	3.53	3.64	3.50	3.60	2042703	73294168.00
2011/09/26	3.56	3.70	3.54	3.59	1687052	61587192.00
2011/09/27	3.64	3.66	3.48	3.54	1962945	70675880.00
2011/09/28	3.60	3.60	3.45	3.46	1517424	54032296.00
2011/09/29	3.41	3.43	3.29	3.34	1889340	64464516.00
2011/09/30	3.35	3.39	3.23	3.29	1361643	45731580.00
2011/10/10	3.32	3.41	3.30	3.35	1136521	38707900.00
2011/10/11	3.49	3.51	3.33	3.43	2044202	71218048.00
2011/10/12	3.38	3.76	3.32	3.71	3233285	117097328.00
2011/10/13	3.71	3.77	3.66	3.75	2518739	94144912.00
2011/10/14	3.71	3.91	3.69	3.89	3259402	124598920.00
2011/10/17	3.89	3.95	3.81	3.84	2078335	80217992.00
2011/10/19	3.69	3.90	3.63	3.86	3144365	117637680.00
2011/10/20	3.80	3.85	3.62	3.69	2263497	84158616.00
2011/10/21	3.70	3.78	3.58	3.60	2337657	86719880.00
2011/10/24	3.63	3.84	3.46	3.81	2568989	94143776.00
2011/10/25	3.79	4.01	3.77	3.96	3473848	134792304.00
2011/10/26	3.91	3.99	3.87	3.88	2697974	105747752.00
2011/10/27	3.89	4.05	3.89	3.91	2710658	107021016.00
2011/10/28	4.00	4.04	3.96	4.03	2486727	98837328.00
2011/10/31	4.01	4.11	3.99	4.03	1982675	79724496.00
2011/11/01	3.99	4.04	3.89	3.95	2030100	80003752.00
2011/11/02	3.87	4.06	3.83	4.03	2570230	100572384.00
2011/11/03	4.04	4.09	3.95	3.96	2746557	109850768.00
2011/11/04	3.98	4.05	3.95	4.02	1975731	78601736.00
2011/11/07	4.01	4.04	3.92	3.94	1615324	63839260.00
2011/11/08	3.95	4.05	3.92	3.98	2051363	81482464.00
2011/11/09	3.99	4.20	3.97	4.19	2877820	117059112.00
2011/11/10	4.15	4.19	4.08	4.09	2468024	100950048.00
2011/11/11	4.10	4.16	4.06	4.10	1451798	59157760.00
2011/11/14	4.19	4.32	4.14	4.29	2581688	108560536.00
2011/11/15	4.27	4.40	4.26	4.29	2508317	106856776.00
2011/11/16	4.29	4.30	4.11	4.13	2641497	109811008.00
2011/11/17	4.13	4.46	4.13	4.37	3407276	144889776.00
2011/11/18	4.32	4.42	4.26	4.29	2902022	123962816.00
2011/11/21	4.30	4.46	4.22	4.45	2298238	97994896.00
2011/11/22	4.38	4.53	4.34	4.50	2532977	109954056.00
2011/11/23	4.55	4.62	4.47	4.50	3191287	142009296.00
2011/11/24	4.44	4.71	4.39	4.71	3670570	164634496.00
2011/11/25	4.66	4.76	4.60	4.71	3192435	145981328.00
2011/11/28	4.68	4.71	4.56	4.64	2214471	100242152.00
2011/11/29	4.69	4.70	4.49	4.52	3174995	141680560.00
2011/11/30	4.52	4.52	4.08	4.21	4336531	183724560.00
2011/12/01	4.37	4.53	4.23	4.23	4852444	209370816.00
2011/12/02	4.14	4.22	4.05	4.20	2227982	91245736.00
2011/12/05	4.14	4.20	4.02	4.03	1852883	75388440.00
2011/12/06	4.02	4.20	4.00	4.17	2491042	101878688.00
2011/12/07	4.14	4.24	4.13	4.20	1962278	81457448.00
2011/12/08	4.17	4.34	4.06	4.30	2912740	121737912.00
2011/12/09	4.26	4.39	4.23	4.31	1941077	82743040.00
2011/12/12	4.29	4.35	4.19	4.20	1525176	64115364.00
2011/12/13	4.14	4.17	3.99	4.03	1880132	75567504.00
2011/12/14	4.00	4.09	3.85	3.87	1630946	64392476.00
2011/12/15	3.78	3.97	3.78	3.88	1825784	70662296.00
2011/12/16	3.91	3.96	3.65	3.94	2185027	84051248.00
2011/12/19	3.87	3.98	3.74	3.97	2116463	81372240.00
2011/12/20	3.93	4.01	3.89	3.89	1571514	61668476.00
2011/12/21	3.93	3.93	3.68	3.68	1779560	67957864.00
2011/12/22	3.60	3.72	3.48	3.64	1646493	59594480.00
2011/12/23	3.61	3.76	3.58	3.69	1343113	49705188.00
2011/12/26	3.67	3.76	3.63	3.63	842010	31229170.00
2011/12/27	3.59	3.62	3.43	3.45	1504883	53384884.00
2011/12/28	3.40	3.48	3.30	3.45	1429632	49116776.00
2011/12/29	3.43	3.55	3.40	3.53	1347893	47451732.00
2011/12/30	3.58	3.65	3.56	3.57	1590490	57650360.00
2012/01/04	3.61	3.61	3.37	3.38	1770577	62420828.00
2012/01/05	3.32	3.40	3.24	3.27	1472227	49689172.00
2012/01/06	3.27	3.47	3.24	3.45	1683536	57367524.00
2012/01/09	3.43	3.67	3.37	3.65	2354348	84286496.00
2012/01/10	3.63	3.78	3.61	3.72	2443639	90625184.00
2012/01/11	3.70	3.79	3.68	3.70	1670621	62256072.00
2012/01/12	3.67	3.77	3.67	3.69	1287029	47971364.00
2012/01/13	3.69	3.73	3.43	3.52	1929799	69621488.00
2012/01/16	3.48	3.62	3.45	3.47	1451682	51689100.00
2012/01/17	3.48	3.82	3.48	3.79	1784184	65459260.00
2012/01/18	3.80	3.80	3.58	3.59	1878798	69720256.00
2012/01/19	3.58	3.70	3.55	3.66	996781	36478880.00
2012/01/20	3.66	3.75	3.65	3.66	1132570	42125324.00
2012/01/30	3.68	3.78	3.58	3.69	1282754	47681140.00
2012/01/31	3.69	3.72	3.64	3.69	906146	33386440.00
2012/02/01	3.71	3.81	3.71	3.73	1619962	61057064.00
2012/02/02	3.73	3.80	3.71	3.79	1313948	49420704.00
2012/02/03	3.79	3.91	3.78	3.86	1827674	70142296.00
2012/02/06	3.86	3.89	3.80	3.86	1444290	55312380.00
2012/02/07	3.84	3.84	3.71	3.73	1187276	44625648.00
2012/02/08	3.73	3.85	3.71	3.85	1281911	48561568.00
2012/02/09	3.84	3.87	3.78	3.81	1393400	53295400.00
2012/02/10	3.82	3.91	3.81	3.86	1299669	50094800.00
2012/02/13	3.81	3.93	3.81	3.89	1416060	54812940.00
2012/02/14	3.88	3.93	3.84	3.93	1329606	51610740.00
2012/02/15	3.92	3.99	3.91	3.96	1351090	53149580.00
2012/02/16	3.96	3.97	3.84	3.89	1257524	48992384.00
2012/02/17	3.89	3.91	3.84	3.89	952112	36769468.00
2012/02/20	3.95	3.95	3.83	3.84	1199264	46514996.00
2012/02/21	3.84	3.90	3.82	3.90	1127942	43479028.00
2012/02/22	3.93	4.08	3.90	4.05	2517702	100618592.00
2012/02/23	4.06	4.08	3.99	4.03	1336440	53535712.00
2012/02/24	4.07	4.09	4.04	4.09	1223024	49372060.00
2012/02/27	4.06	4.18	4.05	4.05	1589014	64688724.00
2012/02/28	4.03	4.13	3.98	4.12	1503366	60195660.00
2012/02/29	4.07	4.11	4.00	4.01	1270298	50900908.00
2012/03/01	3.99	4.04	3.96	4.00	860893	34211664.00
2012/03/02	4.03	4.11	4.02	4.10	1118336	45167156.00
2012/03/05	4.12	4.25	4.07	4.18	2048554	83942416.00
2012/03/06	4.15	4.32	4.12	4.22	2110816	88172440.00
2012/03/07	4.16	4.25	4.14	4.14	1356618	56063068.00
2012/03/08	4.16	4.21	4.14	4.18	1088011	44898608.00
2012/03/09	4.18	4.25	4.14	4.24	1165542	48507680.00
2012/03/12	4.22	4.31	4.20	4.28	1163086	48930864.00
2012/03/13	4.26	4.32	4.23	4.30	1193148	50310620.00
2012/03/14	4.31	4.33	4.00	4.03	2570043	106176504.00
2012/03/15	4.04	4.08	3.94	3.99	1787285	71283576.00
2012/03/16	4.02	4.12	4.02	4.11	1462695	59012980.00
2012/03/19	4.11	4.31	4.11	4.30	1954204	82018848.00
2012/03/20	4.28	4.29	4.21	4.22	1306490	54766264.00
2012/03/21	4.24	4.29	4.07	4.20	1280762	53072948.00
2012/03/22	4.19	4.39	4.15	4.34	2125497	90597752.00
2012/03/23	4.34	4.39	4.24	4.31	1716438	72935072.00
2012/03/26	4.32	4.34	3.83	3.87	3961452	156168528.00
2012/03/27	3.84	3.89	3.71	3.77	3248682	123194464.00
2012/03/28	3.74	3.77	3.65	3.67	2193546	81364728.00
2012/03/29	3.64	3.69	3.49	3.66	1604188	58526900.00
2012/03/30	3.62	3.68	3.54	3.55	948646	34333932.00
2012/04/05	3.56	3.65	3.55	3.64	1116169	40637216.00
2012/04/06	3.64	3.68	3.61	3.63	973005	35561956.00
2012/04/09	3.62	3.64	3.55	3.56	1006936	36459436.00
2012/04/10	3.55	3.59	3.40	3.54	900906	31718786.00
2012/04/11	3.46	3.68	3.43	3.68	1445434	52539172.00
2012/04/12	3.67	3.71	3.63	3.71	939589	34723528.00
2012/04/13	3.71	3.72	3.67	3.69	1021630	37861900.00
2012/04/16	3.67	3.73	3.63	3.69	685031	25347886.00
2012/04/17	3.73	3.73	3.64	3.64	720346	26521646.00
2012/04/18	3.65	3.73	3.64	3.72	1108082	41184716.00
2012/04/20	3.74	3.77	3.72	3.75	1050452	39477504.00
2012/04/23	3.75	3.76	3.64	3.64	1008236	37421972.00
2012/04/24	3.57	3.66	3.43	3.54	974374	34630880.00
2012/04/25	3.52	3.54	3.45	3.52	794018	28145652.00
2012/04/26	3.53	3.59	3.53	3.57	556426	19988336.00
2012/04/27	3.58	3.61	3.56	3.57	451612	16321811.00
2012/05/02	3.64	3.65	3.57	3.62	991521	27560076.00
2012/05/03	3.62	3.64	3.59	3.62	707005	19661768.00
2012/05/04	3.60	3.82	3.60	3.80	1791984	51382164.00
2012/05/07	3.76	3.86	3.74	3.81	1472563	42820832.00
2012/05/08	3.84	3.84	3.74	3.77	1118737	32306730.00
2012/05/09	3.71	3.74	3.64	3.66	1070505	30325974.00
2012/05/10	3.63	3.73	3.63	3.73	673131	19122806.00
2012/05/11	3.72	3.74	3.65	3.65	696209	19707910.00
2012/05/14	3.70	3.82	3.67	3.77	1911181	55077652.00
2012/05/15	3.74	3.83	3.70	3.79	1139189	32913040.00
2012/05/16	3.79	3.82	3.72	3.72	757648	21794954.00
2012/05/17	3.69	3.77	3.69	3.75	572196	16406237.00
2012/05/18	3.70	3.73	3.64	3.65	738642	20859838.00
2012/05/21	3.64	3.72	3.64	3.68	621224	17585618.00
2012/05/22	3.66	3.80	3.66	3.79	1014959	29343794.00
2012/05/23	3.78	3.79	3.72	3.75	538342	15456858.00
2012/05/24	3.72	3.81	3.72	3.76	540743	15614516.00
2012/05/25	3.76	3.77	3.69	3.71	359401	10235678.00
2012/05/28	3.69	3.75	3.50	3.72	1049437	29310210.00
2012/05/29	3.70	3.74	3.64	3.72	998209	28308042.00
2012/05/30	3.70	3.72	3.67	3.68	601037	17027010.00
2012/05/31	3.63	3.67	3.62	3.63	779672	21822998.00
2012/06/01	3.64	3.69	3.60	3.62	568013	15899677.00
2012/06/04	3.55	3.55	3.47	3.47	1030484	27940000.00
2012/06/05	3.46	3.51	3.41	3.42	708035	18833612.00
2012/06/06	3.42	3.45	3.36	3.37	546031	14419036.00
2012/06/07	3.40	3.42	3.28	3.32	1049943	27157402.00
2012/06/08	3.34	3.34	3.29	3.30	492623	12721056.00
2012/06/11	3.27	3.40	3.27	3.39	529581	13844107.00
2012/06/12	3.36	3.39	3.35	3.37	324514	8485171.00
2012/06/13	3.38	3.49	3.38	3.43	1123769	29935570.00
2012/06/14	3.43	3.46	3.40	3.40	540645	14360641.00
2012/06/15	3.42	3.45	3.35	3.38	409095	10755735.00
2012/06/18	3.40	3.46	3.40	3.44	478442	12723384.00
2012/06/19	3.44	3.45	3.38	3.43	538414	14284569.00
2012/06/20	3.45	3.45	3.42	3.42	406958	10805601.00
2012/06/21	3.42	3.42	3.33	3.35	412936	10787890.00
2012/06/25	3.31	3.36	3.31	3.31	343823	8903661.00
2012/06/26	3.30	3.35	3.30	3.33	300219	7752864.00
2012/06/27	3.33	3.38	3.32	3.34	280798	7301028.00
2012/06/28	3.37	3.37	3.29	3.29	269278	6957954.00
2012/06/29	3.29	3.36	3.27	3.36	460332	11921744.00
2012/07/02	3.39	3.49	3.39	3.49	1207506	32421380.00
2012/07/03	3.50	3.69	3.46	3.66	2053642	57248660.00
2012/07/04	3.67	3.67	3.59	3.61	912027	25386020.00
2012/07/05	3.60	3.73	3.58	3.66	1440651	40457456.00
2012/07/06	3.65	3.68	3.58	3.66	1034311	28919806.00
2012/07/09	3.66	3.78	3.61	3.62	1858382	52959076.00
2012/07/10	3.58	3.72	3.58	3.65	1105349	31037740.00
2012/07/11	3.68	3.79	3.64	3.76	1415845	40596832.00
2012/07/12	3.76	3.83	3.73	3.79	1513561	43873800.00
2012/07/13	3.77	3.79	3.72	3.74	996615	28673728.00
2012/07/16	3.74	3.77	3.58	3.58	1150457	32167910.00
2012/07/17	3.55	3.70	3.54	3.70	795692	22254054.00
2012/07/18	3.68	3.84	3.68	3.83	2325437	67570328.00
2012/07/19	3.84	3.96	3.82	3.89	2032469	60611808.00
2012/07/20	3.89	3.93	3.80	3.86	1277969	37762144.00
2012/07/23	3.84	4.04	3.81	3.88	1953382	58872080.00
2012/07/24	3.88	3.93	3.82	3.91	823800	24406834.00
2012/07/25	3.86	4.01	3.86	3.91	1124480	33868988.00
2012/07/26	3.89	3.94	3.80	3.85	1145694	33690252.00
2012/07/27	3.87	3.90	3.74	3.81	1092121	31608932.00
2012/07/30	3.81	3.83	3.73	3.82	1020536	29604462.00
2012/07/31	3.74	3.74	3.47	3.47	1555985	42812456.00
2012/08/01	3.46	3.66	3.45	3.58	1234022	34267344.00
2012/08/02	3.58	3.68	3.58	3.64	1092008	30455640.00
2012/08/03	3.66	3.72	3.62	3.69	817739	23045834.00
2012/08/06	3.66	3.85	3.65	3.85	1380133	39917656.00
2012/08/07	3.88	3.89	3.80	3.87	897533	26351472.00
2012/08/08	3.87	3.92	3.81	3.84	708815	20888734.00
2012/08/09	3.84	3.94	3.81	3.92	890657	26438356.00
2012/08/10	3.89	3.93	3.84	3.85	675467	19973222.00
2012/08/13	3.81	3.97	3.81	3.89	1860027	55591796.00
2012/08/14	3.88	4.16	3.88	4.13	2734702	83618472.00
2012/08/15	4.13	4.13	4.02	4.05	1167564	35973008.00
2012/08/16	4.05	4.21	4.05	4.17	2086829	65823304.00
2012/08/17	4.11	4.19	4.11	4.16	1066638	33561784.00
2012/08/20	4.16	4.18	4.04	4.14	781255	24210172.00
2012/08/21	4.14	4.20	4.09	4.12	969033	30437682.00
2012/08/22	4.12	4.23	4.06	4.16	1330315	41846352.00
2012/08/23	4.14	4.21	4.06	4.21	1035192	32436796.00
2012/08/24	4.20	4.21	4.05	4.07	1253704	39287284.00
2012/08/27	4.04	4.10	3.95	4.07	1204473	36933152.00
2012/08/28	4.06	4.12	3.85	3.95	2083875	62626676.00
2012/08/29	3.92	3.99	3.88	3.93	729689	21887290.00
2012/08/30	3.93	3.98	3.82	3.94	954089	28292926.00
2012/08/31	3.94	3.96	3.89	3.95	463958	13907999.00
2012/09/03	3.95	4.11	3.93	4.09	1022681	31476772.00
2012/09/04	4.09	4.15	4.04	4.10	1261672	39201684.00
2012/09/05	4.16	4.16	3.94	3.94	1622935	49927840.00
2012/09/06	3.95	4.05	3.95	4.05	772534	23609348.00
2012/09/07	4.07	4.23	4.07	4.20	1313806	41433524.00
2012/09/10	4.20	4.20	4.13	4.14	1479592	46638052.00
2012/09/11	4.15	4.20	4.10	4.15	761526	23926818.00
2012/09/12	4.17	4.23	4.11	4.20	840251	26532462.00
2012/09/13	4.19	4.19	4.11	4.12	1247481	39075988.00
2012/09/14	4.10	4.16	3.97	4.01	1238151	37974760.00
2012/09/17	4.02	4.03	3.84	3.86	1659785	49209816.00
2012/09/18	3.84	3.90	3.84	3.89	465216	13754248.00
2012/09/19	3.89	3.91	3.86	3.89	260881	7736093.00
2012/09/20	3.91	3.95	3.79	3.84	1211974	35890516.00
2012/09/21	3.84	3.88	3.72	3.76	573789	16620176.00
2012/09/24	3.73	3.80	3.72	3.76	287711	8303537.00
2012/09/25	3.78	3.78	3.69	3.70	330610	9477477.00
2012/09/26	3.68	3.71	3.58	3.60	560989	15602471.00
2012/09/27	3.59	3.74	3.59	3.72	453432	12818683.00
2012/09/28	3.70	3.77	3.67	3.76	285828	8193887.00
2012/10/08	3.77	3.84	3.74	3.77	328209	9537626.00
2012/10/09	3.79	3.90	3.77	3.89	528941	15611073.00
2012/10/10	3.88	3.91	3.85	3.88	343560	10163847.00
2012/10/11	3.86	3.89	3.83	3.83	354794	10453318.00
2012/10/12	3.83	3.96	3.83	3.94	802043	23880598.00
2012/10/15	3.94	3.96	3.89	3.92	386217	11550572.00
2012/10/16	3.90	3.95	3.85	3.89	791695	23484032.00
2012/10/17	3.91	3.91	3.85	3.89	306902	9102706.00
2012/10/18	3.88	3.92	3.87	3.90	628726	18720534.00
2012/10/19	3.90	3.95	3.90	3.93	553885	16595181.00
2012/10/22	3.91	3.91	3.84	3.88	589680	17416254.00
2012/10/23	3.89	3.89	3.72	3.73	672674	19540960.00
2012/10/24	3.64	3.82	3.64	3.75	1287107	36736032.00
2012/10/25	3.72	3.78	3.69	3.69	328796	9387511.00
2012/10/26	3.69	3.69	3.59	3.61	666874	18611852.00
2012/10/29	3.60	3.68	3.59	3.62	478559	13373762.00
2012/10/30	3.64	3.71	3.63	3.68	463871	13098485.00
2012/10/31	3.68	3.77	3.67	3.76	581191	16602427.00
2012/11/01	3.76	3.85	3.75	3.83	881818	25665758.00
2012/11/02	3.85	3.85	3.79	3.82	670348	19572964.00
2012/11/05	3.79	3.83	3.79	3.82	358042	10441062.00
2012/11/06	3.80	3.82	3.70	3.75	422658	12096550.00
2012/11/07	3.76	3.81	3.70	3.71	388557	11170193.00
2012/11/08	3.70	3.71	3.63	3.63	553154	15566901.00
2012/11/09	3.63	3.67	3.63	3.66	297475	8349443.50
2012/11/12	3.67	3.72	3.63	3.65	332349	9388068.00
2012/11/13	3.66	3.70	3.64	3.65	319870	8998361.00
2012/11/14	3.68	3.68	3.62	3.66	266650	7481326.00
2012/11/15	3.64	3.67	3.59	3.60	400199	11161255.00
2012/11/16	3.60	3.62	3.49	3.54	377395	10291856.00
2012/11/19	3.55	3.58	3.49	3.57	175922	4784638.00
2012/11/20	3.58	3.61	3.57	3.60	176183	4862468.50
2012/11/21	3.60	3.64	3.54	3.63	277607	7684197.00
2012/11/22	3.61	3.65	3.55	3.59	268961	7477196.00
2012/11/23	3.60	3.68	3.57	3.64	278539	7819912.50
2012/11/26	3.64	3.67	3.62	3.63	190831	5353445.50
2012/11/27	3.56	3.58	3.44	3.46	469544	12721379.00
2012/11/28	3.46	3.49	3.33	3.33	493681	12944909.00
2012/11/29	3.38	3.38	3.31	3.31	262269	6825203.50
2012/11/30	3.32	3.40	3.31	3.36	588977	15300912.00
2012/12/03	3.36	3.38	3.33	3.33	585028	15275889.00
2012/12/04	3.33	3.38	3.30	3.36	331123	8606858.00
2012/12/05	3.36	3.51	3.35	3.43	1744550	46677532.00
2012/12/06	3.48	3.48	3.35	3.38	1701411	45080324.00
2012/12/07	3.39	3.53	3.36	3.52	1138365	30537210.00
2012/12/10	3.52	3.71	3.52	3.70	1876138	52534452.00
2012/12/11	3.70	3.70	3.62	3.66	677398	19017184.00
2012/12/12	3.67	3.73	3.62	3.68	747573	21163016.00
2012/12/13	3.67	3.76	3.67	3.72	996932	28534724.00
2012/12/14	3.69	3.85	3.69	3.82	952278	27705920.00
2012/12/17	3.82	3.84	3.77	3.81	965247	28116438.00
2012/12/18	3.82	3.84	3.72	3.76	791779	22964148.00
2012/12/19	3.76	3.78	3.73	3.76	388608	11181499.00
2012/12/20	3.75	3.89	3.73	3.83	852064	24894670.00
2012/12/21	3.86	3.90	3.78	3.89	909080	26740018.00
2012/12/24	3.86	3.92	3.84	3.86	1100672	32474214.00
2012/12/25	3.86	4.01	3.85	3.99	1484206	44852752.00
2012/12/26	3.97	4.08	3.97	4.06	1209697	37185476.00
2012/12/27	4.08	4.13	3.98	3.98	940130	28839210.00
2012/12/28	3.98	4.13	3.94	4.11	2190289	67107904.00
2012/12/31	4.11	4.16	4.09	4.10	1246070	38899172.00
2013/01/04	4.15	4.17	4.09	4.16	1547648	48457624.00
2013/01/07	4.12	4.20	4.10	4.16	1205436	37842564.00
2013/01/08	4.14	4.14	4.06	4.12	1083821	33736672.00
2013/01/09	4.11	4.11	4.03	4.09	1026469	31761350.00
2013/01/10	4.08	4.11	4.04	4.09	828185	25682872.00
2013/01/11	4.11	4.11	3.99	3.99	961405	29536756.00
2013/01/14	3.98	4.44	3.98	4.44	3573392	116906752.00
2013/01/15	4.41	4.63	4.40	4.60	4349874	148199952.00
2013/01/16	4.53	4.71	4.50	4.71	2417344	83003736.00
2013/01/17	4.71	4.75	4.55	4.66	1557967	54159404.00
2013/01/18	4.67	4.72	4.63	4.70	1000576	35069180.00
2013/01/21	4.69	4.82	4.53	4.69	978723	34483752.00
2013/01/22	4.68	4.71	4.48	4.53	1056238	36189376.00
2013/01/23	4.50	4.56	4.44	4.54	544269	18414630.00
2013/01/24	4.54	4.70	4.33	4.41	1354651	46135612.00
2013/01/25	4.38	4.45	4.38	4.43	591866	19689538.00
2013/01/28	4.43	4.82	4.42	4.81	1256562	43742856.00
2013/01/29	4.76	4.94	4.76	4.90	1520617	55114836.00
2013/01/30	4.88	4.95	4.84	4.84	1041896	37895560.00
2013/01/31	4.85	4.90	4.75	4.77	748847	26820566.00
2013/02/01	4.80	4.91	4.71	4.81	790587	28243874.00
2013/02/04	4.81	4.85	4.55	4.60	1273998	44206612.00
2013/02/05	4.60	4.83	4.54	4.73	1238355	43734164.00
2013/02/06	4.73	4.80	4.71	4.74	846660	29996244.00
2013/02/07	4.73	4.73	4.63	4.66	761683	26573956.00
2013/02/08	4.70	4.90	4.67	4.89	1003465	36218432.00
2013/02/18	4.88	4.97	4.84	4.91	875624	31997304.00
2013/02/19	4.91	4.93	4.79	4.84	778916	28124284.00
2013/02/20	4.85	5.06	4.81	5.04	1188895	43656340.00
2013/02/21	5.00	5.00	4.82	4.90	1060846	38753616.00
2013/02/22	4.86	4.94	4.83	4.86	631445	22913350.00
2013/02/25	4.86	4.94	4.75	4.90	844482	30604680.00
2013/02/26	4.83	4.91	4.78	4.78	514543	18561614.00
2013/02/27	4.78	4.86	4.55	4.60	1457423	50460288.00
2013/02/28	4.63	4.72	4.53	4.72	1004439	34931116.00
2013/03/01	4.71	4.82	4.66	4.76	920948	32577648.00
2013/03/04	4.73	4.78	4.53	4.58	1196752	41738376.00
2013/03/05	4.58	4.66	4.54	4.66	921135	31705378.00
2013/03/06	4.68	4.91	4.66	4.89	1530803	55136268.00
2013/03/07	4.91	4.91	4.74	4.80	1322215	47382920.00
2013/03/08	4.81	4.86	4.64	4.66	713874	25398390.00
2013/03/11	4.63	4.63	4.42	4.47	2387570	80692672.00
2013/03/12	4.47	4.55	4.29	4.34	1325912	43764856.00
2013/03/13	4.34	4.34	4.21	4.28	1322714	42698112.00
2013/03/14	4.28	4.43	4.28	4.37	1351048	44413656.00
2013/03/15	4.37	4.53	4.25	4.47	2271817	75878640.00
2013/03/18	4.44	4.45	4.26	4.31	895245	29407686.00
2013/03/19	4.23	4.35	4.20	4.30	599983	19270426.00
2013/03/20	4.31	4.56	4.31	4.53	1052043	35297280.00
2013/03/21	4.55	4.75	4.55	4.56	1972731	68726352.00
2013/03/22	4.70	4.74	4.60	4.71	2059613	72165840.00
2013/03/25	4.82	4.82	4.68	4.72	1159147	41047196.00
2013/03/26	4.69	4.78	4.61	4.73	1105196	38786784.00
2013/03/27	4.75	4.94	4.74	4.85	1633908	59169532.00
2013/03/28	4.78	4.81	4.63	4.69	1544439	54383228.00
2013/03/29	4.69	4.91	4.69	4.86	1681526	60563544.00
2013/04/01	4.85	5.10	4.80	5.05	2091771	77837088.00
2013/04/02	5.05	5.22	4.94	4.96	2643270	100185592.00
2013/04/03	4.97	5.03	4.80	4.97	1676271	61313380.00
2013/04/08	4.84	5.21	4.80	5.21	2135199	80367008.00
2013/04/09	5.25	5.40	5.18	5.34	2188958	86178808.00
2013/04/10	5.31	5.39	5.18	5.20	1729120	67571792.00
2013/04/11	5.20	5.28	5.15	5.20	647298	24990348.00
2013/04/12	5.21	5.26	5.02	5.04	1307802	49565540.00
2013/04/15	5.03	5.04	4.80	4.85	1573024	57290628.00
2013/04/16	4.80	5.22	4.77	5.22	1470232	54625192.00
2013/04/17	5.19	5.46	5.16	5.27	2227958	87968880.00
2013/04/18	5.36	5.42	5.22	5.34	1429003	56240584.00
2013/04/19	5.37	5.52	5.36	5.36	1671870	67168488.00
2013/04/22	5.35	5.56	5.28	5.50	2080033	83608784.00
2013/04/23	5.49	5.61	5.41	5.42	1321435	53427356.00
2013/04/24	5.43	5.79	5.43	5.79	1942613	80887992.00
2013/04/25	5.84	5.90	5.60	5.65	1576583	66837720.00
2013/04/26	5.65	5.75	5.59	5.59	865267	35971768.00
2013/05/02	5.53	5.77	5.49	5.68	840738	35029756.00
2013/05/03	5.68	5.79	5.60	5.64	1570050	65496668.00
2013/05/06	5.62	5.76	5.61	5.72	2145037	89324856.00
2013/05/07	5.71	5.71	5.39	5.43	2529323	102547632.00
2013/05/08	5.49	5.64	5.30	5.55	2482955	77180960.00
2013/05/09	5.49	5.57	5.36	5.47	1946360	59876960.00
2013/05/10	5.48	5.56	5.38	5.48	1565801	48332572.00
2013/05/13	5.52	5.52	5.34	5.40	1488921	45541232.00
2013/05/14	5.40	5.50	5.32	5.35	1712516	52323116.00
2013/05/15	5.35	5.62	5.35	5.61	2363264	73812720.00
2013/05/16	5.61	5.66	5.55	5.58	1751195	55336536.00
2013/05/17	5.58	5.61	5.42	5.53	2000779	62026872.00
2013/05/20	5.51	5.94	5.49	5.87	3072912	99380600.00
2013/05/21	5.85	5.85	5.74	5.85	2127142	69312584.00
2013/05/22	5.82	5.95	5.78	5.80	1848641	60925700.00
2013/05/23	5.76	5.83	5.69	5.69	1453541	47066420.00
2013/05/24	5.75	5.82	5.65	5.80	1306487	42142628.00
2013/05/27	5.76	5.85	5.69	5.82	1759016	57229940.00
2013/05/28	5.79	5.82	5.51	5.59	2362079	74623984.00
2013/05/29	5.61	5.65	5.52	5.58	1924997	60637644.00
2013/05/30	5.55	5.55	5.36	5.48	2955398	90989576.00
2013/05/31	5.45	5.49	5.41	5.44	1990798	61280336.00
2013/06/03	5.44	5.49	5.33	5.45	1219262	37217352.00
2013/06/04	5.41	5.45	5.22	5.25	1759888	52831712.00
2013/06/05	5.24	5.33	5.20	5.28	1213184	36261924.00
2013/06/06	5.28	5.30	5.01	5.05	2010855	58640856.00
2013/06/07	5.08	5.11	4.88	4.96	1686819	47727704.00
2013/06/13	4.87	4.87	4.59	4.74	2900130	78086696.00
2013/06/14	4.77	5.04	4.76	5.02	2151981	60085368.00
2013/06/17	5.02	5.16	4.95	5.12	2206204	63312696.00
2013/06/18	5.14	5.29	5.02	5.13	1862190	54685484.00
2013/06/19	5.08	5.10	4.91	5.00	1059523	30056764.00
2013/06/20	4.92	5.00	4.82	4.84	808462	22661022.00
2013/06/21	4.76	4.94	4.73	4.88	777583	21410330.00
2013/06/24	4.89	4.91	4.57	4.65	1046775	28264562.00
2013/06/25	4.59	4.75	4.28	4.70	1594551	41779644.00
2013/06/26	4.65	4.80	4.60	4.79	1352534	36382016.00
2013/06/27	4.80	5.02	4.75	4.82	1757337	49057276.00
2013/06/28	4.74	4.97	4.71	4.84	807064	22433128.00
2013/07/01	4.85	4.97	4.85	4.96	1037931	29091064.00
2013/07/02	5.01	5.04	4.91	5.03	1520771	43077224.00
2013/07/03	5.01	5.10	4.94	5.05	1198847	34254680.00
2013/07/04	5.08	5.16	5.01	5.10	1072591	31049834.00
2013/07/05	5.07	5.10	4.97	4.99	916262	26162698.00
2013/07/08	4.92	4.92	4.68	4.68	1052288	28742702.00
2013/07/09	4.68	4.76	4.66	4.68	471705	12692193.00
2013/07/10	4.68	4.86	4.68	4.86	749089	20425832.00
2013/07/11	4.85	5.10	4.82	5.03	1450636	41152428.00
2013/07/12	5.03	5.15	4.97	4.97	1370164	39443548.00
2013/07/15	4.96	5.09	4.95	5.06	1164037	33257942.00
2013/07/16	5.03	5.14	4.99	5.14	1446467	41761692.00
2013/07/17	5.12	5.14	4.96	4.98	1130504	32423836.00
2013/07/18	4.97	5.10	4.91	5.03	1019171	29071806.00
2013/07/19	4.97	5.10	4.94	4.94	897974	25684658.00
2013/07/22	4.85	5.03	4.76	5.02	938902	26362634.00
2013/07/23	5.02	5.17	5.02	5.15	1590036	46268532.00
2013/07/24	5.16	5.32	5.07	5.30	1756004	51778020.00
2013/07/25	5.29	5.43	5.24	5.33	1621057	48988620.00
2013/07/26	5.30	5.38	5.13	5.25	1461023	43216588.00
2013/07/29	5.26	5.28	5.12	5.20	1571588	46334432.00
2013/07/30	5.20	5.29	5.08	5.23	1588830	46891084.00
2013/07/31	5.25	5.29	5.07	5.08	1424704	41817292.00
2013/08/01	5.08	5.21	5.06	5.20	1821635	53309532.00
2013/08/02	5.19	5.30	5.18	5.25	1801799	53650192.00
2013/08/05	5.27	5.54	5.27	5.52	3312590	101632592.00
2013/08/06	5.49	5.62	5.37	5.40	3013966	93461608.00
2013/08/07	5.39	5.60	5.39	5.47	3531032	109761392.00
2013/08/08	5.46	5.57	5.40	5.45	1714469	53133656.00
2013/08/09	5.45	5.49	5.31	5.41	2580748	78568896.00
2013/08/12	5.41	5.56	5.37	5.55	2010797	62349856.00
2013/08/13	5.56	5.61	5.48	5.59	1827886	57222464.00
2013/08/14	5.60	5.60	5.45	5.46	1582365	49179800.00
2013/08/15	5.45	5.49	5.27	5.28	1749662	52990324.00
2013/08/16	5.26	5.36	5.03	5.05	2432522	71508984.00
2013/08/19	5.05	5.19	5.01	5.16	1738571	50231396.00
2013/08/20	5.14	5.19	5.01	5.10	1951054	56511088.00
2013/08/21	5.07	5.15	5.03	5.13	965908	27960002.00
2013/08/22	5.13	5.26	5.12	5.22	1851902	54851972.00
2013/08/23	5.23	5.33	5.11	5.14	1830582	54259852.00
2013/08/26	5.15	5.29	5.15	5.28	1562504	46355192.00
2013/08/27	5.28	5.32	5.23	5.28	1104154	33033828.00
2013/08/28	5.24	5.26	5.07	5.07	1893869	55385816.00
2013/08/29	5.05	5.13	4.97	5.00	1228672	35119572.00
2013/08/30	5.00	5.01	4.93	4.94	908176	25613528.00
2013/09/02	4.98	5.04	4.95	5.00	861974	24553264.00
2013/09/03	5.02	5.08	4.98	5.04	1351192	38587288.00
2013/09/04	5.05	5.29	5.05	5.27	4132081	122166896.00
2013/09/05	5.26	5.37	5.19	5.23	1946491	58027640.00
2013/09/06	5.30	5.47	5.23	5.46	4307843	131326552.00
2013/09/09	5.45	5.48	5.35	5.43	2387981	72851176.00
2013/09/10	5.45	5.45	5.18	5.20	3198672	95595744.00
2013/09/11	5.22	5.28	5.03	5.08	2410437	70076192.00
2013/09/12	5.09	5.14	5.01	5.14	1923306	55326040.00
2013/09/13	5.13	5.13	5.04	5.09	1120606	32298258.00
2013/09/16	5.09	5.20	5.09	5.14	1049593	30590074.00
2013/09/17	5.18	5.18	5.02	5.03	1179107	33930088.00
2013/09/18	5.05	5.05	4.93	4.99	1170790	33198490.00
2013/09/23	5.03	5.13	4.97	5.12	1739148	50007772.00
2013/09/24	5.12	5.12	5.00	5.05	1326835	38118136.00
2013/09/25	5.00	5.07	4.96	4.97	1092545	31088836.00
2013/09/26	4.99	5.00	4.80	4.80	1932882	53806508.00
2013/09/27	4.82	4.82	4.72	4.81	1994943	54169320.00
2013/09/30	4.82	4.84	4.73	4.79	1875786	51227572.00
2013/10/08	4.78	4.83	4.68	4.83	2152454	58512600.00
2013/10/09	4.79	4.90	4.76	4.87	2496575	69245752.00
2013/10/10	4.88	4.91	4.74	4.77	1780810	48839064.00
2013/10/11	4.79	4.92	4.78	4.91	2122149	58752168.00
2013/10/14	4.91	5.02	4.89	4.98	2026824	57227552.00
2013/10/15	4.98	4.99	4.88	4.93	1406228	39429076.00
2013/10/16	4.93	4.93	4.71	4.71	1955568	53309140.00
2013/10/17	4.78	4.83	4.72	4.73	2130814	57964944.00
2013/10/18	4.74	4.82	4.72	4.77	1080014	29423300.00
2013/10/21	4.78	4.97	4.75	4.96	2037880	56749932.00
2013/10/22	4.95	5.00	4.88	4.90	1962044	55149668.00
2013/10/23	4.91	4.96	4.78	4.79	1516828	41964196.00
2013/10/24	4.78	4.97	4.76	4.94	2160067	60404792.00
2013/10/25	5.01	5.01	4.85	4.86	2038268	57015260.00
2013/10/28	4.88	5.01	4.88	4.97	2116550	59789388.00
2013/10/29	4.97	5.00	4.70	4.87	2544234	70344744.00
2013/10/30	4.88	4.92	4.78	4.91	1682271	46571640.00
2013/10/31	4.88	5.03	4.79	5.01	3209726	90400544.00
2013/11/01	5.00	5.01	4.89	4.94	1699117	48022724.00
2013/11/04	4.94	5.10	4.94	5.00	1921395	54975904.00
2013/11/05	5.01	5.06	4.94	5.03	1602523	45715920.00
2013/11/06	5.05	5.10	4.96	4.96	1848055	52955412.00
2013/11/07	4.95	4.98	4.82	4.83	1417561	39591708.00
2013/11/08	4.82	4.84	4.74	4.80	1135063	31054026.00
2013/11/11	4.78	4.81	4.74	4.80	1286062	35107224.00
2013/11/12	4.80	4.87	4.80	4.86	1045010	28834126.00
2013/11/13	4.83	4.83	4.72	4.74	1380303	37629244.00
2013/11/14	4.74	5.06	4.74	5.03	3635030	102614176.00
2013/11/15	5.05	5.24	5.05	5.16	4790862	140428592.00
2013/11/18	5.24	5.36	5.16	5.30	4847685	145222224.00
2013/11/19	5.32	5.36	5.24	5.28	3221018	96421112.00
2013/11/20	5.28	5.35	5.19	5.30	2926992	87201240.00
2013/11/21	5.28	5.31	5.14	5.30	2957241	87765464.00
2013/11/22	5.35	5.88	5.35	5.88	5458289	176616192.00
2013/11/25	6.16	6.16	5.80	5.87	11465517	386012704.00
2013/11/26	5.81	6.44	5.72	6.25	8233113	280636544.00
2013/11/27	6.17	6.37	6.09	6.12	10614522	368522656.00
2013/11/28	6.15	6.37	6.14	6.24	9665301	337598368.00
2013/11/29	6.28	6.79	6.20	6.56	12196064	436518720.00
2013/12/02	6.14	6.48	5.95	6.16	10427949	365537984.00
2013/12/03	6.26	6.82	6.18	6.76	11087464	403434912.00
2013/12/04	6.65	7.38	6.64	6.82	14529891	568079488.00
2013/12/05	6.84	7.14	6.72	6.90	8026382	309733664.00
2013/12/06	6.88	6.98	6.63	6.87	7418315	279302912.00
2013/12/09	6.83	7.22	6.78	7.08	8706225	338801984.00
2013/12/10	7.06	7.16	6.84	6.97	5313526	205589008.00
2013/12/11	6.91	6.93	6.72	6.84	5808165	219668768.00
2013/12/12	6.82	6.91	6.63	6.81	6551220	246487040.00
2013/12/13	6.69	6.79	6.63	6.76	4389640	163936656.00
2013/12/16	6.82	6.83	6.38	6.39	6509785	237604208.00
2013/12/17	6.35	6.53	6.35	6.39	3209529	115135728.00
2013/12/18	6.40	6.44	6.18	6.19	3754283	131433320.00
2013/12/19	6.26	6.30	6.16	6.18	2770297	96481544.00
2013/12/20	6.19	6.45	6.16	6.38	4249334	150336304.00
2013/12/23	6.36	6.45	6.18	6.38	2998065	106216960.00
2013/12/24	6.36	6.56	6.31	6.49	4465301	161234464.00
2013/12/25	6.51	6.78	6.41	6.76	5520614	204773232.00
2013/12/26	6.74	6.83	6.38	6.41	4679556	172574864.00
2013/12/27	6.37	6.54	6.33	6.47	3097074	111572736.00
2013/12/30	6.51	6.72	6.49	6.60	3187118	117754632.00
2013/12/31	6.57	6.68	6.51	6.62	2614234	96219272.00
2014/01/02	6.59	6.63	6.55	6.61	2695742	98933152.00
2014/01/03	6.57	6.58	6.22	6.24	7203383	254392928.00
2014/01/06	6.28	6.33	5.98	6.04	4582603	155968928.00
2014/01/07	6.01	6.12	5.94	6.01	2759992	93243872.00
2014/01/08	6.03	6.13	5.96	6.08	2708524	92019936.00
2014/01/09	6.08	6.25	6.06	6.07	2944246	101471312.00
2014/01/10	6.01	6.02	5.83	5.86	2895903	96019280.00
2014/01/13	5.87	5.99	5.85	5.92	1946655	64546944.00
2014/01/14	5.94	6.07	5.88	6.07	2245143	75394456.00
2014/01/15	6.06	6.20	6.02	6.19	2749567	94240896.00
2014/01/16	6.19	6.22	6.08	6.12	2177012	74798736.00
2014/01/17	6.07	6.16	6.00	6.09	1712683	58249376.00
2014/01/20	6.12	6.25	5.97	6.01	2172455	74382448.00
2014/01/21	6.07	6.28	6.05	6.25	3670845	127033248.00
2014/01/22	6.26	6.43	6.26	6.36	3539674	125892864.00
2014/01/23	6.41	6.43	6.34	6.36	3094988	110134472.00
2014/01/24	6.34	6.47	6.31	6.41	2570729	92068776.00
2014/01/27	6.34	6.39	6.23	6.26	2561238	89967784.00
2014/01/28	6.24	6.33	6.19	6.25	1759136	61578740.00
2014/01/29	6.26	6.37	6.25	6.37	1574415	55629216.00
2014/01/30	6.39	6.39	6.24	6.26	1473133	51882948.00
2014/02/07	6.16	6.49	6.14	6.45	2419632	86029528.00
2014/02/10	6.51	6.62	6.41	6.56	3667137	133298512.00
2014/02/11	6.55	6.58	6.42	6.47	3073788	111438136.00
2014/02/12	6.47	6.88	6.43	6.81	5942182	222249600.00
2014/02/13	6.77	6.77	6.53	6.54	3687884	136738208.00
2014/02/14	6.54	6.68	6.46	6.64	2558038	93919608.00
2014/02/17	6.68	6.80	6.68	6.71	2518083	94265144.00
2014/02/18	6.73	6.77	6.60	6.64	2492553	92330160.00
2014/02/19	6.61	6.79	6.55	6.68	2821430	104701144.00
2014/02/20	6.64	6.69	6.43	6.45	2732055	99477264.00
2014/02/21	6.43	6.49	6.32	6.36	2171102	77673168.00
2014/02/24	6.29	6.36	6.22	6.25	2155784	75476056.00
2014/02/25	6.27	6.31	5.88	5.93	3662283	124652816.00
2014/02/26	5.93	5.93	5.73	5.81	4585909	150079808.00
2014/02/27	5.82	6.08	5.81	5.83	3349020	112037760.00
2014/02/28	5.88	5.99	5.82	5.97	1766872	58626908.00
2014/03/03	5.91	6.10	5.91	6.06	1852983	62664680.00
2014/03/04	6.00	6.04	5.86	5.95	1615288	53866164.00
2014/03/05	6.04	6.07	5.95	5.95	1325738	44619168.00
2014/03/06	5.93	5.93	5.80	5.85	1532168	50480444.00
2014/03/07	5.86	6.03	5.86	5.94	1550933	51794796.00
2014/03/10	5.88	5.88	5.64	5.65	1864770	60245528.00
2014/03/11	5.65	5.67	5.53	5.58	2800447	88144376.00
2014/03/12	5.56	5.63	5.48	5.62	1615280	50723196.00
2014/03/13	5.62	5.70	5.59	5.64	1477879	46988732.00
2014/03/14	5.63	5.67	5.59	5.63	1031410	32718458.00
2014/03/17	5.63	5.74	5.62	5.73	1357353	43560944.00
2014/03/18	5.76	6.00	5.76	5.87	2437436	80767144.00
2014/03/19	5.85	5.86	5.76	5.86	1352001	44151712.00
2014/03/20	5.85	5.91	5.78	5.78	1174999	38594316.00
2014/03/21	5.75	5.93	5.64	5.92	1789400	58290220.00
2014/03/24	5.93	6.04	5.90	5.94	2113590	70958456.00
2014/03/25	5.88	5.88	5.62	5.66	3328630	107362712.00
2014/03/26	5.67	5.70	5.62	5.65	1545022	49245080.00
2014/03/27	5.64	5.70	5.59	5.59	1306044	41580584.00
2014/03/28	5.53	5.61	5.47	5.47	1653395	51487460.00
2014/03/31	5.48	5.53	5.44	5.48	805994	24928880.00
2014/04/01	5.48	5.61	5.47	5.60	1034272	32415430.00
2014/04/02	5.60	5.63	5.49	5.55	1133238	35447492.00
2014/04/03	5.55	5.58	5.44	5.45	1439909	44806300.00
2014/04/04	5.46	5.54	5.44	5.52	900083	27936474.00
2014/04/08	5.54	5.61	5.50	5.59	1518258	47651304.00
2014/04/09	5.60	5.63	5.59	5.61	1346493	42587156.00
2014/04/10	5.60	5.68	5.60	5.64	1437947	45755580.00
2014/04/11	5.63	5.63	5.54	5.59	1296724	40721856.00
2014/04/14	5.58	5.63	5.56	5.63	971337	30621706.00
2014/04/15	5.62	5.66	5.56	5.63	1249912	39523160.00
2014/04/16	5.63	5.63	5.56	5.60	864648	27275500.00
2014/04/17	5.61	5.76	5.61	5.69	1971841	63320584.00
2014/04/18	5.68	5.73	5.65	5.72	995943	31887488.00
2014/04/21	5.68	5.68	5.55	5.58	1602082	50750380.00
2014/04/22	5.57	5.60	5.50	5.53	1130903	35298532.00
2014/04/23	5.56	5.60	5.53	5.55	617657	19374876.00
2014/04/24	5.55	5.55	5.45	5.48	761129	23582544.00
2014/04/25	5.47	5.48	5.29	5.29	1849664	55970400.00
2014/04/28	5.28	5.30	4.98	4.98	1514212	43602352.00
2014/04/29	4.99	5.08	4.99	5.07	936026	26757040.00
2014/04/30	5.07	5.16	5.05	5.15	834176	24277598.00
2014/05/05	5.15	5.22	5.13	5.22	639127	18799522.00
2014/05/06	5.25	5.29	5.21	5.25	801129	23824438.00
2014/05/07	5.24	5.25	5.13	5.15	774609	22681582.00
2014/05/08	5.15	5.25	5.11	5.13	911796	26786750.00
2014/05/09	5.07	5.13	4.92	4.94	1228790	26295752.00
2014/05/12	5.01	5.07	4.94	5.04	1045435	22552410.00
2014/05/13	5.06	5.10	5.02	5.03	749486	16262705.00
2014/05/14	5.02	5.03	4.98	5.00	870888	18697154.00
2014/05/15	4.98	5.18	4.95	5.07	2449431	53727768.00
2014/05/16	5.02	5.05	4.93	4.95	1265621	27102958.00
2014/05/19	4.94	4.96	4.87	4.89	834455	17568878.00
2014/05/20	4.95	4.99	4.88	4.92	674639	14342614.00
2014/05/21	4.95	4.99	4.88	4.98	759495	16161378.00
2014/05/22	4.99	5.06	4.93	4.94	906258	19491948.00
2014/05/23	4.96	5.00	4.91	4.99	728757	15524135.00
2014/05/26	4.99	5.04	4.94	5.03	1182260	25394052.00
2014/05/27	5.02	5.02	4.98	4.98	959449	20601612.00
2014/05/28	5.00	5.02	4.93	5.00	1445364	30936374.00
2014/05/29	5.00	5.03	4.94	4.94	1368462	29378888.00
2014/05/30	4.94	4.96	4.76	4.78	2283060	47550904.00
2014/06/03	4.81	4.82	4.78	4.78	925408	19126286.00
2014/06/04	4.78	4.81	4.74	4.77	966857	19888346.00
2014/06/05	4.68	4.77	4.67	4.76	1464562	29853362.00
2014/06/06	4.77	4.79	4.70	4.73	956030	19591354.00
2014/06/09	4.73	4.73	4.66	4.70	1109313	22493336.00
2014/06/10	4.72	4.89	4.72	4.88	2311669	48220088.00
2014/06/11	4.90	4.90	4.83	4.86	1156843	24209252.00
2014/06/12	4.86	4.86	4.80	4.82	1084654	22585316.00
2014/06/13	4.82	4.92	4.79	4.91	1807812	37983268.00
2014/06/16	4.91	4.93	4.88	4.91	1338935	28252134.00
2014/06/17	4.91	4.92	4.82	4.84	1211781	25338550.00
2014/06/18	4.84	4.84	4.69	4.69	1771121	36276344.00
2014/06/19	4.71	4.72	4.52	4.55	1528275	30645646.00
2014/06/20	4.55	4.62	4.53	4.61	893151	17704522.00
2014/06/23	4.60	4.65	4.59	4.61	881251	17605800.00
2014/06/24	4.61	4.72	4.59	4.70	1151353	23190924.00
2014/06/25	4.70	4.70	4.62	4.65	783491	15696543.00
2014/06/26	4.64	4.72	4.64	4.70	1352095	27402990.00
2014/06/27	4.72	4.79	4.68	4.76	1552114	31772436.00
2014/06/30	4.77	4.80	4.72	4.75	1148212	23545964.00
2014/07/01	4.78	4.89	4.74	4.88	2702925	56290496.00
2014/07/02	4.88	4.89	4.80	4.88	1928053	40317928.00
2014/07/03	4.88	4.96	4.84	4.94	2038054	43122388.00
2014/07/04	4.96	4.96	4.88	4.90	1476757	31149660.00
2014/07/07	4.90	4.94	4.85	4.93	1558554	32863140.00
2014/07/08	4.92	4.94	4.87	4.94	1583296	33446288.00
2014/07/09	4.93	4.99	4.85	4.86	2071431	43926748.00
2014/07/10	4.86	4.91	4.83	4.90	1528025	32135738.00
2014/07/11	4.88	5.00	4.87	4.99	1795140	38249040.00
2014/07/14	5.00	5.19	4.99	5.17	2944546	64785168.00
2014/07/15	5.15	5.22	5.08	5.16	2169827	47995832.00
2014/07/16	5.16	5.21	5.10	5.11	1403409	30911982.00
2014/07/17	5.08	5.15	5.03	5.09	1263809	27627134.00
2014/07/18	5.07	5.12	5.07	5.09	779877	17069256.00
2014/07/21	5.08	5.09	4.94	4.99	1258518	27034932.00
2014/07/22	4.95	5.09	4.95	5.08	1316653	28423378.00
2014/07/23	5.08	5.22	5.01	5.22	2709549	59805696.00
2014/07/24	5.20	5.24	5.06	5.15	1707018	37711792.00
2014/07/25	5.18	5.19	5.13	5.16	1104908	24427738.00
2014/07/28	5.18	5.29	5.18	5.28	2102963	47264924.00
2014/07/29	5.31	5.47	5.28	5.41	4021042	92707648.00
2014/07/30	5.40	5.43	5.34	5.41	2474325	57081144.00
2014/07/31	5.41	5.71	5.41	5.69	5645679	135474960.00
2014/08/01	5.73	6.19	5.73	5.98	11273096	288318112.00
2014/08/04	5.98	6.12	5.90	6.09	6109253	156624608.00
2014/08/05	6.05	6.08	5.96	6.03	3877396	99028736.00
2014/08/06	6.05	6.27	6.03	6.16	5791065	151499840.00
2014/08/07	6.16	6.20	5.90	5.91	4813863	123180752.00
2014/08/08	5.94	5.98	5.83	5.94	2938165	73782152.00
2014/08/11	5.96	6.14	5.89	6.08	3568880	91725760.00
2014/08/12	6.09	6.13	6.00	6.10	3011824	77546896.00
2014/08/13	6.09	6.09	5.94	6.00	2142848	54603900.00
2014/08/14	6.00	6.00	5.79	5.80	3736261	93275296.00
2014/08/15	5.80	5.88	5.80	5.85	1734861	43208024.00
2014/08/18	5.86	5.99	5.86	5.99	2215309	56061436.00
2014/08/19	6.01	6.06	5.92	6.01	2432354	62074192.00
2014/08/20	6.02	6.06	5.94	5.96	2219495	56627040.00
2014/08/21	5.96	6.01	5.88	5.95	1747289	44242416.00
2014/08/22	5.96	5.99	5.89	5.98	1637508	41412556.00
2014/08/25	5.98	6.10	5.98	6.06	2947504	75789280.00
2014/08/26	6.05	6.05	5.77	5.80	3345094	83887792.00
2014/08/27	5.83	5.86	5.74	5.76	1720857	42325360.00
2014/08/28	5.76	5.76	5.60	5.65	2420815	58376260.00
2014/08/29	5.64	5.71	5.62	5.71	1030426	24942554.00
2014/09/01	5.71	5.81	5.69	5.81	1373885	33714336.00
2014/09/02	5.84	5.86	5.81	5.86	2270439	56349792.00
2014/09/03	5.87	5.87	5.75	5.85	4517621	111985752.00
2014/09/04	5.80	5.94	5.80	5.93	3071572	76969624.00
2014/09/05	5.97	5.98	5.87	5.92	1879178	47236436.00
2014/09/09	5.92	5.92	5.84	5.88	2123054	53042092.00
2014/09/10	5.84	6.07	5.82	6.04	4566694	115766800.00
2014/09/11	6.01	6.12	5.99	6.10	5551206	143031424.00
2014/09/12	6.15	6.35	6.13	6.35	6740138	179625392.00
2014/09/15	6.38	6.39	6.23	6.32	4802103	128206880.00
2014/09/16	6.31	6.31	6.00	6.00	5214232	136542880.00
2014/09/17	6.00	6.05	5.91	6.03	1889526	48078240.00
2014/09/18	6.01	6.04	5.93	6.03	1689557	43050572.00
2014/09/19	6.02	6.35	6.00	6.29	4538540	120016632.00
2014/09/22	6.31	6.46	6.25	6.36	4809754	129608632.00
2014/09/23	6.31	6.60	6.29	6.55	5277427	145852000.00
2014/09/24	6.56	6.62	6.48	6.57	3310347	91937568.00
2014/09/25	6.60	6.63	6.49	6.51	2556044	70660624.00
2014/09/26	6.49	6.63	6.45	6.59	3379504	93533000.00
2014/09/29	6.63	6.65	6.55	6.65	2988283	83426840.00
2014/09/30	6.67	6.77	6.47	6.49	3765473	104815624.00
2014/10/08	6.49	6.54	6.45	6.53	2170270	59560000.00
2014/10/09	6.51	6.80	6.33	6.80	5085142	140685744.00
2014/10/10	6.70	6.94	6.68	6.93	5355958	154741312.00
2014/10/13	6.85	6.91	6.75	6.83	1888046	54361844.00
2014/10/14	6.84	6.92	6.70	6.88	2314474	66766816.00
2014/10/15	6.87	6.95	6.79	6.93	2169927	62980288.00
2014/10/17	6.88	7.38	6.73	7.31	4226209	124020128.00
2014/10/20	7.30	7.66	7.22	7.64	5281180	167303984.00
2014/10/21	7.63	7.66	7.43	7.53	2401973	75898520.00
2014/10/22	7.53	7.75	7.43	7.64	2087644	65934144.00
2014/10/23	7.60	7.60	7.14	7.51	3217196	99914104.00
2014/10/24	7.40	7.63	7.31	7.48	1767053	55620636.00
2014/10/27	7.40	7.65	7.40	7.56	1282783	40635120.00
2014/10/28	7.53	7.90	7.53	7.87	3334431	108953368.00
2014/10/29	7.91	7.96	7.75	7.88	1871109	61611608.00
2014/10/30	7.87	8.02	7.74	7.76	1682360	55434672.00
2014/10/31	7.80	7.86	7.56	7.58	2441396	78314608.00
2014/11/03	7.60	7.60	7.45	7.45	2142487	67440936.00
2014/11/04	7.45	7.61	7.35	7.53	3018606	95324328.00
2014/11/05	7.53	7.53	7.40	7.42	1521484	47462160.00
2014/11/06	7.44	7.77	7.43	7.76	2919686	92838480.00
2014/11/07	7.76	7.77	7.52	7.56	1783022	57223972.00
2014/11/10	7.52	7.60	7.38	7.41	1886436	59078796.00
2014/11/11	7.45	7.50	7.03	7.22	3517091	105887752.00
2014/11/12	7.13	7.42	7.13	7.39	2328086	71459408.00
2014/11/13	7.39	7.66	7.30	7.44	2869163	90625280.00
2014/11/14	7.38	7.46	7.18	7.23	1293445	39620528.00
2014/11/17	7.23	7.53	7.18	7.48	1386331	43220820.00
2014/11/18	7.40	7.62	7.40	7.60	1710636	54225372.00
2014/11/19	7.54	7.71	7.54	7.64	1438379	46116804.00
2014/11/20	7.62	8.00	7.60	7.92	3663648	120601816.00
2014/11/21	7.88	7.98	7.72	7.94	2364095	77578528.00
2014/11/24	7.94	7.96	7.78	7.85	2292083	75191744.00
2014/11/25	7.81	7.92	7.78	7.87	1444745	47415092.00
2014/11/26	7.86	7.95	7.79	7.82	1553507	51087812.00
2014/11/27	7.83	8.25	7.82	8.22	3423850	116055672.00
2014/11/28	8.22	8.34	8.13	8.28	2450540	84325368.00
2014/12/01	8.18	8.30	7.92	8.20	2075858	70544064.00
2014/12/02	8.13	8.33	8.10	8.28	1524955	52574924.00
2014/12/03	8.29	8.32	8.08	8.32	2398846	82375984.00
2014/12/04	8.32	8.48	8.21	8.37	1476602	51608228.00
2014/12/05	8.38	8.43	7.88	8.13	3603599	121788128.00
2014/12/08	7.94	8.10	7.74	8.01	4370075	143636560.00
2014/12/09	7.91	7.99	7.73	7.93	2923865	96135464.00
2014/12/10	8.76	8.76	8.38	8.76	8046290	290824320.00
2014/12/11	9.10	9.68	8.88	9.63	7979442	313669568.00
2014/12/12	9.38	9.63	9.22	9.39	4704069	183027440.00
2014/12/15	9.38	9.59	9.08	9.48	4392184	171338864.00
2014/12/16	9.38	9.40	9.15	9.27	3663869	141483632.00
2014/12/17	9.03	9.22	8.89	9.00	3663968	137224080.00
2014/12/18	8.97	9.18	8.90	8.96	2253758	85033376.00
2014/12/19	9.04	9.09	8.75	9.03	2723960	101267744.00
2014/12/22	9.05	9.05	8.60	8.91	2681594	98229424.00
2014/12/23	8.95	9.17	8.80	9.08	2830144	106108816.00
2014/12/24	9.09	10.02	9.09	10.02	8903984	358896512.00
2014/12/25	10.25	10.63	9.72	9.98	9086584	385071168.00
2014/12/26	9.74	10.02	9.60	9.78	4673297	189348048.00
2014/12/29	9.70	9.78	9.39	9.78	3507860	139216512.00
2014/12/30	9.63	9.63	9.02	9.41	8131505	314483680.00
2014/12/31	9.11	9.37	9.00	9.36	4732237	179900976.00
2015/01/05	9.30	9.30	8.82	8.95	5628032	210433488.00
2015/01/06	8.83	8.83	8.55	8.70	7107232	257167664.00
2015/01/07	8.70	9.00	8.59	8.90	5215635	191182768.00
2015/01/08	8.88	8.99	8.66	8.84	3471415	127884000.00
2015/01/09	8.80	9.02	8.75	8.82	3421511	127218040.00
2015/01/12	8.82	8.87	8.42	8.47	3536995	126916616.00
2015/01/13	8.46	8.76	8.44	8.73	3375829	121255128.00
2015/01/14	8.71	8.99	8.55	8.91	4412918	162660080.00
2015/01/15	8.87	9.23	8.83	8.92	4849627	182789072.00
2015/01/16	8.92	9.04	8.75	9.00	2760988	102813584.00
2015/01/19	8.82	9.33	8.63	8.88	5365348	202090304.00
2015/01/20	8.90	9.45	8.90	9.44	5992646	228473376.00
2015/01/21	9.46	9.62	9.33	9.50	6132737	240824336.00
2015/01/22	9.49	9.60	9.33	9.55	4451783	174946016.00
2015/01/23	9.55	9.70	9.38	9.42	4007480	158983456.00
2015/01/26	9.41	9.49	9.25	9.45	2941513	114899200.00
2015/01/27	9.45	9.69	9.38	9.69	6238190	248049600.00
2015/01/28	9.63	9.63	9.33	9.35	4665212	183494560.00
2015/01/29	9.13	9.25	8.84	8.86	5434963	203186240.00
2015/01/30	8.86	8.96	8.71	8.74	3535495	130406272.00
2015/02/02	8.87	8.87	8.44	8.56	6217861	223346368.00
2015/02/03	8.93	9.45	8.93	9.22	8516119	324810880.00
2015/02/04	9.13	9.52	9.12	9.43	6294456	246618064.00
2015/02/05	9.43	9.56	9.30	9.30	4024090	158213536.00
2015/02/06	9.28	9.45	8.88	8.92	3756301	143903744.00
2015/02/09	8.88	9.10	8.83	9.06	1798079	67617336.00
2015/02/10	8.89	9.20	8.89	9.18	1242955	46989660.00
2015/02/11	9.21	9.46	9.21	9.43	2656646	103491984.00
2015/02/12	9.41	9.44	9.25	9.44	2121415	82733256.00
2015/02/13	9.44	9.68	9.44	9.60	3761899	150061152.00
2015/02/16	9.60	9.66	9.50	9.60	1899613	75587168.00
2015/02/17	9.63	9.77	9.63	9.63	2476746	99733952.00
2015/02/25	9.62	9.63	9.40	9.40	1528259	60315004.00
2015/02/26	9.40	9.53	9.38	9.50	1478307	58190128.00
2015/02/27	9.48	9.61	9.40	9.61	2056017	81103040.00
2015/03/02	9.63	9.68	9.55	9.65	2752025	109757672.00
2015/03/03	9.63	10.21	9.55	9.99	4583353	188075056.00
2015/03/04	9.88	10.87	9.88	10.67	6992754	303120896.00
2015/03/05	11.13	11.17	10.38	10.60	4170793	183940016.00
2015/03/06	10.63	10.67	10.11	10.40	4323568	185855088.00
2015/03/09	10.25	10.84	10.05	10.73	2696042	117397800.00
2015/03/10	10.73	10.79	10.50	10.74	2122292	93970600.00
2015/03/11	10.74	10.74	10.32	10.40	1996561	86730376.00
2015/03/12	10.40	10.59	10.15	10.30	1728897	73945384.00
2015/03/13	10.29	10.53	10.21	10.48	1362604	58500032.00
2015/03/16	10.53	10.92	10.50	10.81	2847413	126416896.00
2015/03/17	10.75	11.14	10.73	10.85	2806497	126856640.00
2015/03/18	10.88	11.97	10.85	11.93	5522482	262999600.00
2015/03/19	11.93	12.38	11.68	11.83	3227431	159083024.00
2015/03/20	11.83	12.19	11.68	12.05	3186361	157198016.00
2015/03/23	12.05	12.59	12.00	12.48	3226166	163301696.00
2015/03/24	12.50	12.50	11.73	12.20	4054359	202448544.00
2015/03/25	12.13	12.58	11.80	12.47	3161599	160410736.00
2015/03/26	12.23	12.28	11.75	12.02	2468205	122768224.00
2015/03/27	12.01	12.50	11.85	12.37	2583078	129760144.00
2015/03/30	12.45	13.03	12.19	12.50	3562567	184420864.00
2015/03/31	12.52	12.54	12.00	12.13	3772776	189401616.00
2015/04/01	12.17	12.38	11.88	12.18	4909601	244495024.00
2015/04/02	12.28	12.95	12.11	12.86	7158586	369547680.00
2015/04/03	12.82	13.38	12.68	13.32	5523449	300150592.00
2015/04/07	13.44	14.13	13.13	14.10	5160887	290344576.00
2015/04/08	14.10	15.35	13.52	15.13	7298031	440639616.00
2015/04/09	15.21	15.21	13.63	14.68	4912831	293226688.00
2015/04/10	14.50	15.70	14.36	15.41	5063131	313024032.00
2015/04/13	15.36	16.17	15.01	15.64	3927075	251007696.00
2015/04/14	15.63	15.63	14.62	14.64	5630338	344464448.00
2015/04/15	14.50	14.50	13.15	13.35	3895051	223710160.00
2015/04/16	13.24	13.88	12.74	13.45	4657726	257822656.00
2015/04/17	13.63	13.87	13.05	13.34	4305790	236133760.00
2015/04/20	13.35	13.35	12.71	12.72	4277246	229421568.00
2015/04/21	12.73	13.89	12.73	13.84	4614951	253283456.00
2015/04/22	14.05	14.83	13.63	14.57	5803264	335676160.00
2015/04/23	14.65	14.88	14.26	14.31	3648694	216793744.00
2015/04/24	14.31	14.87	14.07	14.65	4993681	298048704.00
2015/04/27	14.75	15.92	14.75	15.19	5384965	337921920.00
2015/04/28	15.20	15.32	13.63	13.95	6945523	404326784.00
2015/04/29	13.78	14.22	13.64	14.05	2803772	161681488.00
2015/04/30	14.08	14.22	13.75	13.81	3729655	212715680.00
2015/05/04	13.82	13.94	13.00	13.03	8245590	221873264.00
2015/05/05	13.04	13.50	13.04	13.07	7360084	198479792.00
2015/05/06	13.29	13.38	12.65	12.83	5347047	143705936.00
2015/05/07	12.83	12.84	12.25	12.53	6585744	168597600.00
2015/05/08	12.56	13.53	12.56	13.43	7714461	206483168.00
2015/05/11	13.50	14.25	13.49	14.19	10637166	301431136.00
2015/05/12	14.25	14.36	13.77	14.32	8886525	254962384.00
2015/05/13	14.45	15.16	14.45	14.78	13453561	406969344.00
2015/05/14	14.85	15.33	14.36	14.97	10690179	322320288.00
2015/05/15	14.90	14.90	14.36	14.49	8979611	264851728.00
2015/05/18	14.25	14.90	13.99	14.89	10256669	303296736.00
2015/05/19	14.99	15.28	14.63	14.98	13724491	413706144.00
2015/05/20	14.93	16.00	14.75	15.68	17106462	539344704.00
2015/05/21	16.10	17.27	16.10	17.27	19706822	680176704.00
2015/05/22	18.30	18.46	16.75	17.24	23983097	859144704.00
2015/05/25	16.95	17.75	16.38	17.25	16815901	577155648.00
2015/05/26	17.25	17.75	17.03	17.58	15156494	538821440.00
2015/05/27	17.58	18.24	17.48	17.92	17224590	621346176.00
2015/05/28	17.93	17.93	16.10	16.10	16963022	587008128.00
2015/05/29	15.99	16.40	14.47	15.75	12920675	410632224.00
2015/06/01	15.70	16.45	15.70	16.42	10112821	330567520.00
2015/06/02	16.75	17.23	16.45	17.19	11758541	401389280.00
2015/06/03	17.19	17.21	16.25	16.63	10623746	359449888.00
2015/06/04	16.49	16.49	15.10	15.85	11133564	355846144.00
2015/06/05	16.05	16.41	15.86	16.16	9099907	298851040.00
2015/06/08	16.19	16.25	15.55	16.05	8045125	258397344.00
2015/06/09	15.96	16.55	15.61	16.42	9287508	306734240.00
2015/06/10	16.39	17.90	16.10	17.48	17914435	627121664.00
2015/06/11	17.48	19.25	17.43	18.93	20282589	745030528.00
2015/06/12	18.93	19.28	18.35	18.88	16814441	641620480.00
2015/06/15	18.87	18.87	17.30	17.37	16242856	591997376.00
2015/06/16	17.10	18.10	16.43	17.37	10121799	349954656.00
2015/06/17	17.25	17.74	16.68	17.53	7790950	272244192.00
2015/06/18	17.53	17.80	16.43	16.55	7445044	261029616.00
2015/06/26	14.87	14.87	14.87	14.87	1523000	46040288.00
2015/06/29	14.48	14.48	13.36	13.36	10884282	299950272.00
2015/06/30	12.25	14.33	12.00	14.13	11923336	317588064.00
2015/07/01	13.75	14.20	12.69	12.69	10009597	274938080.00
2015/07/02	12.83	12.83	11.40	11.40	7911453	189817808.00
2015/07/03	10.91	11.25	10.23	10.23	9861641	210822080.00
2015/07/06	11.28	11.28	9.36	10.60	12487304	263479104.00
2015/07/07	10.25	10.57	9.52	9.52	8685430	175751904.00
2015/07/08	8.54	9.69	8.54	9.42	29574725	541717056.00
2015/07/09	9.43	10.39	9.43	10.39	10631980	221214544.00
2015/07/10	11.34	11.45	10.95	11.45	4142194	96271968.00
2015/07/13	12.29	12.62	12.10	12.62	9288024	236694288.00
2015/07/14	13.00	13.74	12.69	12.77	13751833	368910112.00
2015/07/15	12.42	12.95	11.47	11.47	8944641	221284896.00
2015/07/16	11.47	12.50	10.70	12.04	9418246	227152912.00
2015/07/17	12.16	13.15	12.15	13.08	6796342	176450416.00
2015/07/20	13.15	13.88	13.01	13.50	9783362	269613184.00
2015/07/21	13.25	13.51	13.05	13.35	6320559	171343824.00
2015/07/22	13.36	13.59	12.70	13.18	8311704	222207600.00
2015/07/23	13.02	14.25	13.02	14.06	10744687	299128992.00
2015/07/24	14.05	14.44	13.56	13.65	9081809	260643520.00
2015/07/27	13.35	13.54	12.26	12.26	8817899	232236000.00
2015/07/28	11.95	12.88	11.01	12.42	12423334	302578816.00
2015/07/29	12.35	12.90	12.17	12.90	6036188	154044160.00
2015/07/30	13.06	13.35	12.39	12.44	6068425	160847856.00
2015/07/31	12.24	12.69	12.19	12.59	4484734	113705400.00
2015/08/03	12.28	12.73	11.62	12.20	4594014	114199688.00
2015/08/04	12.25	13.02	12.13	13.00	6463669	166753584.00
2015/08/05	13.03	13.14	12.71	12.79	5307896	139645056.00
2015/08/06	12.30	12.77	12.30	12.60	2673100	68610832.00
2015/08/07	12.63	12.96	12.63	12.93	3525146	92312216.00
2015/08/10	13.10	13.65	13.10	13.50	6387531	173904704.00
2015/08/11	13.55	13.64	12.99	13.27	6145174	166998928.00
2015/08/12	13.19	13.55	13.00	13.03	4323686	116926400.00
2015/08/13	13.00	13.24	12.65	13.22	4257243	112768664.00
2015/08/14	13.40	13.90	13.28	13.34	6046459	167508832.00
2015/08/17	13.29	13.59	12.90	13.44	5046486	134923200.00
2015/08/18	13.40	13.43	12.11	12.23	6157181	160562768.00
2015/08/19	12.15	12.59	11.74	12.49	4434272	110140760.00
2015/08/20	12.48	12.48	12.01	12.08	2868401	71690096.00
2015/08/21	11.87	11.93	10.94	11.01	5308888	123335536.00
2015/08/24	10.31	10.48	9.88	9.88	9835087	200657648.00
2015/08/25	9.25	10.27	9.06	9.20	6582886	129769832.00
2015/08/26	9.75	9.93	9.25	9.50	5711043	112642112.00
2015/08/27	9.85	10.25	9.54	10.24	3795241	76772592.00
2015/08/28	10.35	11.29	10.35	11.29	5705102	127606688.00
2015/08/31	11.25	11.25	10.75	10.80	3722478	83526096.00
2015/09/01	10.76	10.80	9.75	10.25	4285459	90004184.00
2015/09/02	9.75	10.96	9.65	10.96	6619091	143417440.00
2015/09/07	11.09	11.48	9.84	10.08	15528721	331248448.00
2015/09/08	10.00	10.53	9.66	10.50	4360560	90971904.00
2015/09/09	10.52	11.05	10.36	10.44	15382576	332994208.00
2015/09/10	10.40	10.61	10.25	10.37	5356155	114939824.00
2015/09/11	10.28	10.44	10.08	10.32	5418163	113800920.00
2015/09/14	10.34	10.46	9.45	9.90	5934440	121574904.00
2015/09/15	9.60	9.85	9.18	9.25	5042449	98076680.00
2015/09/16	9.43	10.20	9.20	9.96	4940871	97705360.00
2015/09/17	9.95	10.13	9.80	9.80	4066298	83195712.00
2015/09/18	9.83	9.95	9.71	9.81	2422044	48769828.00
2015/09/21	9.75	10.40	9.70	10.25	4357605	90251464.00
2015/09/22	10.38	10.59	10.27	10.34	4032476	86074472.00
2015/09/23	10.20	10.58	10.06	10.51	4369336	93345120.00
2015/09/24	10.51	10.65	10.40	10.50	3348142	72100984.00
2015/09/25	10.53	10.66	10.23	10.33	4080541	87819832.00
2015/09/28	10.35	10.58	10.25	10.58	2454280	52574408.00
2015/09/29	10.48	10.71	10.33	10.50	2669050	57510584.00
2015/09/30	10.52	10.72	10.50	10.65	2257256	49071008.00
2015/10/08	11.05	11.60	11.05	11.14	5376365	124181416.00
2015/10/09	11.14	11.50	11.00	11.42	3345782	77394888.00
2015/10/12	11.53	12.49	11.51	12.24	6805354	167401008.00
2015/10/13	12.29	12.70	12.05	12.38	5170815	130918136.00
2015/10/14	12.42	12.71	12.21	12.26	4573545	116366624.00
2015/10/15	12.29	12.55	11.89	12.52	6357488	158807232.00
2015/10/16	12.58	12.59	12.05	12.43	6194678	155568736.00
2015/10/19	12.35	12.40	12.00	12.13	3378053	83903264.00
2015/10/20	12.24	12.50	12.13	12.48	4260105	107517512.00
2015/10/21	12.48	12.50	11.25	11.46	4783105	116309824.00
2015/10/22	11.45	11.89	11.45	11.83	3020079	72288616.00
2015/10/23	11.83	11.97	11.63	11.91	5193483	125489824.00
2015/10/26	12.12	13.13	12.01	12.92	15552653	402141248.00
2015/10/27	12.65	13.03	12.19	12.99	8637295	222567856.00
2015/10/28	12.75	13.23	12.48	12.58	4858659	127579232.00
2015/10/29	12.63	13.00	12.48	12.73	4895403	127280144.00
2015/10/30	12.73	12.99	12.40	12.70	5327071	138410736.00
2015/11/02	12.50	13.55	12.31	13.17	8921949	238360832.00
2015/11/03	13.26	13.75	13.26	13.73	9901005	273839136.00
2015/11/04	13.73	14.10	13.35	14.04	8255305	231509056.00
2015/11/05	13.88	14.15	13.57	13.73	6384443	179322432.00
2015/11/06	13.67	13.99	13.59	13.88	5750180	161739808.00
2015/11/09	13.75	13.84	13.44	13.74	5334583	148129408.00
2015/11/10	13.85	14.29	13.65	13.92	8274410	234913888.00
2015/11/11	14.14	14.14	13.69	13.94	4491315	126909936.00
2015/11/12	13.94	13.98	13.72	13.78	7606714	213570272.00
2015/11/13	13.75	13.75	13.08	13.42	5276925	144352944.00
2015/11/16	13.25	13.54	13.14	13.54	3946674	107510368.00
2015/11/17	13.68	14.60	13.65	14.30	9735599	282106208.00
2015/11/18	14.30	15.03	14.06	14.78	10473238	310601728.00
2015/11/19	14.80	15.53	14.62	14.85	6973027	212052000.00
2015/11/20	14.64	14.85	14.41	14.68	5368165	159606256.00
2015/11/23	14.59	15.95	14.46	15.56	7145309	222348672.00
2015/11/24	15.27	16.23	15.25	15.93	6921132	222924608.00
2015/11/25	16.08	16.18	15.55	15.95	4861886	157308528.00
2015/11/26	15.76	15.88	15.21	15.45	5073790	160929568.00
2015/11/27	15.29	15.44	14.40	14.50	5235681	160183456.00
2015/11/30	14.65	15.69	14.35	15.33	6980931	213827808.00
2015/12/01	15.33	16.09	15.11	16.00	8790697	281877920.00
2015/12/02	16.01	16.20	14.65	15.94	5591958	176472128.00
2015/12/03	15.64	16.14	15.60	15.98	3891041	126246032.00
2015/12/04	15.98	16.93	15.78	16.73	8381549	281777888.00
2015/12/07	16.65	17.18	16.36	16.58	6130448	208356352.00
2015/12/08	16.30	16.58	15.65	15.90	4920304	161036256.00
2015/12/09	15.90	17.00	15.80	17.00	7142614	241004656.00
2015/12/10	17.03	17.35	16.55	16.82	4354088	149604496.00
2015/12/11	16.75	17.31	16.55	17.09	4529813	156656080.00
2015/12/14	16.84	17.43	16.71	17.04	3850650	133537984.00
2015/12/15	16.95	17.31	16.85	17.09	3179504	110031144.00
2015/12/16	16.98	17.22	16.59	16.63	3881181	132452696.00
2015/12/17	16.70	17.08	16.70	16.95	4471970	152909760.00
2015/12/18	16.94	18.50	16.53	17.53	8257311	291610368.00
2015/12/21	17.40	18.00	17.16	17.39	5355905	189788112.00
2015/12/22	17.49	17.72	17.30	17.40	3997389	141611392.00
2015/12/23	17.40	17.40	16.95	17.07	3675589	127952160.00
2015/12/24	16.90	17.20	16.84	17.15	2438994	84343840.00
2015/12/25	17.25	17.54	16.88	16.99	4036547	140805296.00
2015/12/28	16.97	17.08	15.75	15.88	9652062	320862560.00
2015/12/29	15.89	16.24	15.26	16.23	4948586	157987280.00
2015/12/30	16.42	16.42	15.89	16.08	2717965	88734072.00
2015/12/31	16.05	16.29	15.55	16.02	4528398	146108944.00
2016/01/04	16.01	16.02	14.44	14.49	2866619	90499376.00
2016/01/05	14.05	15.27	13.49	15.18	5508056	166058016.00
2016/01/06	15.11	15.34	14.76	15.33	3344768	103106856.00
2016/01/07	15.01	15.05	13.77	13.82	807341	23579490.00
2016/01/08	14.35	14.72	13.29	14.50	5200859	150752256.00
2016/01/11	14.25	14.85	14.15	14.21	4265266	125597840.00
2016/01/12	14.30	14.53	14.06	14.20	3996107	115804520.00
2016/01/13	14.19	14.34	13.37	13.63	4329298	122054480.00
2016/01/14	12.76	13.94	12.76	13.65	3830045	105272800.00
2016/01/15	13.50	13.60	12.95	13.02	3373182	90971000.00
2016/01/18	12.72	13.33	12.66	13.01	3028152	80344104.00
2016/01/19	12.99	13.85	12.86	13.70	5463194	150245632.00
2016/01/20	13.60	14.45	13.52	13.85	5072729	145136864.00
2016/01/21	13.39	14.12	13.39	13.84	3885052	109174488.00
2016/01/22	13.86	14.10	13.51	13.88	2726767	76510544.00
2016/01/25	14.21	14.29	13.74	13.84	2044884	58118656.00
2016/01/26	13.67	13.83	12.84	13.06	3028394	82127728.00
2016/01/27	13.37	13.37	12.05	12.82	3437033	88572968.00
2016/01/28	12.90	13.30	12.56	12.66	3539417	93368720.00
2016/01/29	12.65	13.27	12.56	13.01	2804105	74009488.00
2016/02/01	13.00	13.08	12.50	12.75	2871116	75063112.00
2016/02/02	12.75	13.32	12.70	13.18	3071015	82276952.00
2016/02/03	12.95	13.50	12.93	13.44	2160081	58277888.00
2016/02/04	13.50	13.84	13.35	13.74	2079525	58103912.00
2016/02/05	13.75	13.88	13.65	13.86	1945846	54681888.00
2016/02/15	13.26	13.92	13.26	13.81	1428576	39617640.00
2016/02/16	13.89	14.28	13.76	14.21	2975044	85345736.00
2016/02/17	14.24	14.24	13.88	14.14	2408881	68919952.00
2016/02/18	14.13	14.22	13.95	13.98	1915428	54910172.00
2016/02/19	13.85	14.07	13.80	14.03	1908353	54167520.00
2016/02/22	14.20	14.23	14.00	14.18	2303704	66180512.00
2016/02/23	14.40	14.40	13.93	14.14	1930962	55644228.00
2016/02/24	14.09	14.14	13.69	13.93	1826844	51697448.00
2016/02/25	13.87	13.87	12.51	12.54	3821681	102021520.00
2016/02/26	12.74	12.90	12.47	12.58	1982821	51152784.00
2016/02/29	12.64	12.64	11.55	11.71	2266585	55073744.00
2016/03/01	11.75	12.39	11.55	12.38	2917073	71027152.00
2016/03/02	12.37	12.88	12.22	12.78	2989711	76847784.00
2016/03/03	12.92	12.92	12.65	12.72	2180978	56858500.00
2016/03/04	12.66	12.75	12.04	12.23	2247754	56651220.00
2016/03/07	12.25	12.55	12.19	12.30	1618957	40897096.00
2016/03/08	12.30	12.44	11.84	12.34	1963887	48577576.00
2016/03/09	12.21	12.31	11.91	12.02	2007644	49356708.00
2016/03/10	12.00	12.14	11.76	11.81	1189629	29026164.00
2016/03/11	11.81	11.86	11.55	11.69	2110817	50417756.00
2016/03/14	11.87	12.35	11.85	12.09	3224005	79992128.00
2016/03/15	12.03	12.18	11.94	11.97	1426518	35043720.00
2016/03/16	12.05	12.17	11.78	11.84	1776213	43280988.00
2016/03/17	11.84	12.26	11.84	12.23	2621905	64986584.00
2016/03/18	12.24	12.83	12.24	12.65	3264987	83731912.00
2016/03/21	12.92	12.97	12.68	12.88	2938250	76725584.00
2016/03/22	12.71	12.94	12.65	12.88	3139097	81670864.00
2016/03/23	12.76	13.73	12.60	13.73	4829603	128436208.00
2016/03/24	13.70	13.95	13.29	13.45	7822127	218377776.00
2016/03/25	13.32	13.38	12.70	12.98	5021572	133746336.00
2016/03/28	13.00	13.42	12.95	13.03	3315352	88976384.00
2016/03/29	13.03	13.03	12.60	12.68	2424583	63022044.00
2016/03/30	12.80	13.25	12.78	13.16	2835837	74942904.00
2016/03/31	13.15	13.30	13.01	13.30	3395537	91228064.00
2016/04/01	13.20	13.26	12.95	13.26	3325742	88956288.00
2016/04/05	13.39	13.56	13.13	13.48	4089252	111891136.00
2016/04/06	13.44	13.60	13.16	13.30	3861434	105178248.00
2016/04/07	13.32	13.43	12.95	12.96	3744649	99971504.00
2016/04/08	12.96	13.12	12.75	13.03	3415034	90274160.00
2016/04/11	13.14	13.34	13.11	13.20	3023352	81510344.00
2016/04/12	14.14	14.14	13.38	13.58	18479603	514529088.00
2016/04/13	13.65	13.94	13.47	13.68	12611453	351871808.00
2016/04/14	13.74	13.77	13.51	13.66	6584168	182388384.00
2016/04/15	13.69	13.69	13.54	13.63	3969195	109916056.00
2016/04/18	13.58	13.58	13.15	13.19	6392649	172338736.00
2016/04/19	13.25	13.43	13.03	13.18	4600333	123518192.00
2016/04/20	13.15	13.26	12.18	12.37	6643839	171878528.00
2016/04/21	12.40	12.49	12.25	12.26	3353436	84567464.00
2016/04/22	12.25	12.38	12.11	12.35	2407440	60165100.00
2016/04/25	12.34	12.34	12.04	12.22	3146169	78079336.00
2016/04/26	12.22	12.40	12.19	12.40	2247173	56269656.00
2016/04/27	12.42	12.53	12.23	12.27	3135807	79174960.00
2016/04/28	12.27	12.40	12.16	12.38	2120813	53163088.00
2016/04/29	12.33	12.38	12.19	12.21	3381410	84608896.00
2016/05/03	12.09	12.50	12.09	12.48	4682704	117983544.00
2016/05/04	12.45	12.77	12.40	12.67	5109607	130957840.00
2016/05/05	12.52	12.75	12.50	12.71	3772678	96976928.00
2016/05/06	12.66	12.80	12.30	12.35	4190545	107302648.00
2016/05/09	12.33	12.33	11.87	11.95	2882908	70994032.00
2016/05/10	11.95	12.08	11.92	11.95	1624100	39692528.00
2016/05/11	12.07	12.20	11.95	12.12	2268104	55942124.00
2016/05/12	11.95	12.14	11.75	12.07	2487140	60855656.00
2016/05/13	12.04	12.20	11.97	12.08	2488903	61387192.00
2016/05/16	12.05	12.48	12.00	12.45	3890497	97888592.00
2016/05/17	12.38	12.50	12.31	12.40	2366067	59844360.00
2016/05/18	12.34	12.34	11.90	12.04	2663844	65554164.00
2016/05/19	12.04	12.19	11.93	11.98	1974380	48639364.00
2016/05/20	11.94	12.05	11.84	12.04	1503431	36683020.00
2016/05/23	12.05	12.23	11.99	12.10	2304401	56999228.00
2016/05/24	12.23	12.30	12.06	12.22	3220911	79985120.00
2016/05/25	12.22	12.35	12.16	12.22	2856806	71498936.00
2016/05/26	12.18	12.23	11.85	12.06	2904008	70946336.00
2016/05/27	12.05	12.05	11.90	11.94	2499594	60998456.00
2016/05/30	11.94	11.94	11.78	11.80	2491572	60263840.00
2016/05/31	11.85	12.17	11.80	12.16	9437984	115144344.00
2016/06/01	12.18	12.23	12.04	12.08	7368897	90296232.00
2016/06/02	12.08	12.11	11.82	11.97	10098238	121969984.00
2016/06/03	11.98	12.17	11.91	12.16	11601662	141573232.00
2016/06/06	12.20	12.42	12.13	12.33	11615818	144181744.00
2016/06/07	12.30	12.30	12.13	12.17	6149337	75860704.00
2016/06/08	12.15	12.15	11.93	12.00	7277133	88472272.00
2016/06/13	11.85	11.85	11.47	11.51	7781009	91808552.00
2016/06/14	11.43	11.58	11.34	11.48	4273678	49652016.00
2016/06/15	11.36	11.70	11.31	11.61	8274205	97113224.00
2016/06/16	11.58	11.64	11.35	11.39	6717571	78081416.00
2016/06/17	11.43	11.65	11.42	11.60	6667764	78068832.00
2016/06/20	11.60	12.71	11.51	12.49	22929086	285262528.00
2016/06/21	12.54	12.99	12.40	12.52	19177841	247427520.00
2016/06/22	12.55	12.76	12.42	12.63	11832178	151241824.00
2016/06/23	12.58	12.90	12.35	12.67	11024087	141647008.00
2016/06/24	12.65	12.83	11.85	12.22	11793370	147987952.00
2016/06/27	12.08	12.37	11.83	12.29	12218381	150147744.00
2016/06/28	12.25	12.49	12.13	12.39	7353050	91928736.00
2016/06/29	12.41	12.53	12.20	12.26	7470455	93019544.00
2016/06/30	12.26	12.32	12.06	12.20	6890815	84926248.00
2016/07/01	12.24	12.31	12.17	12.25	5488416	68080424.00
2016/07/04	12.26	12.54	12.20	12.43	10843346	136497408.00
2016/07/05	12.44	12.89	12.35	12.83	17527729	225326000.00
2016/07/06	12.75	12.77	12.55	12.71	8167447	104456936.00
2016/07/07	12.73	12.73	12.55	12.64	7504411	95950344.00
2016/07/08	12.65	12.79	12.59	12.70	4884285	62633196.00
2016/07/11	12.65	12.79	12.35	12.56	7959098	102277976.00
2016/07/12	12.56	12.69	12.40	12.67	8401895	106536064.00
2016/07/13	12.77	13.95	12.73	13.95	41637094	576945408.00
2016/07/14	13.98	13.98	13.41	13.45	29601647	407357536.00
2016/07/15	13.55	13.94	13.26	13.67	25919545	356314080.00
2016/07/18	13.53	13.80	13.45	13.66	13592880	187167056.00
2016/07/19	13.56	13.63	13.33	13.38	14050096	190912128.00
2016/07/20	13.40	13.53	13.32	13.40	6512459	88287040.00
2016/07/21	13.45	13.93	13.44	13.59	15887524	220007952.00
2016/07/22	13.60	13.63	13.39	13.40	6616946	89907104.00
2016/07/25	13.40	13.41	13.16	13.31	6765202	90842392.00
2016/07/26	13.28	13.65	13.21	13.62	7714751	105205520.00
2016/07/27	13.58	13.62	12.73	13.08	11148678	148753968.00
2016/07/28	13.08	13.34	13.06	13.23	7633817	101867696.00
2016/07/29	13.23	13.23	12.90	12.91	7466156	98384984.00
2016/08/01	12.91	13.00	12.64	12.71	5234018	67697000.00
2016/08/02	12.80	12.97	12.71	12.85	6167075	80015048.00
2016/08/03	12.78	12.94	12.76	12.87	3872288	50372448.00
2016/08/04	12.88	12.97	12.57	12.77	8658689	111340312.00
2016/08/05	12.71	12.77	12.63	12.70	5012014	64383844.00
2016/08/08	12.60	12.75	12.54	12.71	7772912	99396704.00
2016/08/09	12.69	12.90	12.63	12.89	8723420	113005352.00
2016/08/10	12.90	12.90	12.77	12.78	5382129	69762048.00
2016/08/11	12.76	12.76	12.55	12.62	5909096	75520352.00
2016/08/12	12.60	12.73	12.55	12.70	7412689	94562368.00
2016/08/15	12.71	13.04	12.67	13.03	10657184	139182304.00
2016/08/16	13.00	13.14	12.91	13.03	6421206	84597712.00
2016/08/17	13.08	13.24	12.97	13.10	5925789	78398264.00
2016/08/18	13.07	13.10	12.93	12.96	5593376	73489496.00
2016/08/19	12.92	12.99	12.91	12.97	3779161	49508128.00
2016/08/22	12.98	13.04	12.65	12.67	6188149	80140976.00
2016/08/23	12.67	12.80	12.60	12.72	4330964	55692864.00
2016/08/24	12.73	12.89	12.69	12.77	3635272	47095384.00
2016/08/25	12.73	12.73	12.43	12.55	9556473	121197264.00
2016/08/26	12.57	12.70	12.54	12.64	5471093	69806776.00
2016/08/29	12.57	12.69	12.56	12.64	2702854	34575300.00
2016/08/30	12.63	12.72	12.55	12.55	6022824	77031048.00
2016/08/31	12.60	12.62	12.45	12.60	6291945	79673352.00
2016/09/01	12.58	12.83	12.51	12.79	8281888	106379200.00
2016/09/02	12.81	12.99	12.67	12.80	8218911	106890152.00
2016/09/05	12.80	12.85	12.69	12.72	4619112	59727408.00
2016/09/06	12.72	12.92	12.50	12.85	6999381	90090344.00
2016/09/07	12.82	12.90	12.71	12.72	5154422	66756432.00
2016/09/08	12.66	12.83	12.66	12.80	3225952	41588384.00
2016/09/09	12.82	12.95	12.67	12.67	3593083	46390984.00
2016/09/12	12.46	12.57	12.33	12.41	6033902	75823144.00
2016/09/13	12.45	12.50	12.27	12.36	3889283	48688976.00
2016/09/14	12.27	12.39	12.24	12.26	2851156	35476760.00
2016/09/19	12.29	12.41	12.29	12.40	2663853	33350188.00
2016/09/20	12.43	12.44	12.23	12.34	3392910	42300668.00
2016/09/21	12.38	12.38	12.25	12.31	2385839	29723824.00
2016/09/22	12.36	12.39	12.31	12.36	2998668	37496648.00
2016/09/23	12.35	12.39	12.23	12.24	3212357	39900884.00
2016/09/26	12.26	12.26	11.82	11.87	9772175	118337064.00
2016/09/27	11.87	11.94	11.78	11.93	2779643	33359410.00
2016/09/28	11.93	12.07	11.92	11.95	3462573	42041196.00
2016/09/29	12.02	12.02	11.91	11.96	2807984	34009668.00
2016/09/30	11.98	12.08	11.85	12.05	3257803	39418592.00
2016/10/10	12.08	12.34	12.07	12.32	3968903	49238748.00
2016/10/11	12.26	12.34	12.25	12.32	3510978	43698476.00
2016/10/12	12.17	12.25	11.83	12.00	26293128	317292064.00
2016/10/13	11.79	11.79	11.55	11.64	27291402	321375072.00
2016/10/14	11.62	11.68	11.53	11.59	13981411	164309648.00
2016/10/17	11.62	11.65	11.50	11.55	12443158	145773680.00
2016/10/18	11.55	11.63	11.47	11.62	16721283	195513216.00
2016/10/19	11.63	11.65	11.54	11.56	11755982	137766528.00
2016/10/20	11.56	11.61	11.48	11.59	11615033	135680160.00
2016/10/21	11.57	11.64	11.51	11.56	10196107	119578784.00
2016/10/24	11.56	11.60	11.50	11.56	10570209	123697224.00
2016/10/25	11.57	11.68	11.55	11.67	13604596	160315600.00
2016/10/26	11.67	11.67	11.54	11.60	10278136	120543888.00
2016/10/27	11.60	11.60	11.52	11.58	8271798	96693016.00
2016/10/28	11.55	11.60	11.52	11.52	6494103	75969040.00
2016/10/31	11.52	11.54	11.34	11.38	10567124	121898704.00
2016/11/01	11.36	11.44	11.36	11.44	6063321	70022704.00
2016/11/02	11.40	11.42	11.34	11.36	7248427	83497144.00
2016/11/03	11.32	11.44	11.31	11.39	7277535	83947704.00
2016/11/04	11.37	11.44	11.34	11.38	6064560	70000520.00
2016/11/07	11.40	11.40	11.27	11.29	7603763	87137584.00
2016/11/08	11.33	11.36	11.27	11.32	8889623	101795168.00
2016/11/09	11.32	11.33	11.04	11.15	9847305	111761440.00
2016/11/10	11.19	11.33	11.17	11.30	13592110	154614688.00
2016/11/11	11.30	11.63	11.27	11.57	27972540	326779008.00
2016/11/14	11.54	11.65	11.47	11.57	15985178	187167264.00
2016/11/15	11.55	11.70	11.47	11.65	16110417	189808544.00
2016/11/16	11.63	12.02	11.62	11.80	24092529	288751872.00
2016/11/17	11.75	11.75	11.61	11.68	8231799	97253280.00
2016/11/18	11.68	11.68	11.56	11.58	6765857	79476608.00
2016/11/21	11.58	11.65	11.37	11.43	13513814	157150080.00
2016/11/22	11.42	11.54	11.42	11.53	10683068	124255272.00
2016/11/23	11.54	11.58	11.46	11.48	7829535	91229752.00
2016/11/24	11.48	11.82	11.46	11.74	18848409	223148512.00
2016/11/25	11.75	11.77	11.50	11.67	12690370	149743216.00
2016/11/28	11.71	11.76	11.60	11.71	10226799	120931200.00
2016/11/29	11.71	11.74	11.52	11.54	10713068	126089560.00
2016/11/30	11.54	11.59	11.44	11.47	8219170	95688112.00
2016/12/01	11.46	11.52	11.45	11.51	6360991	73949712.00
2016/12/02	11.48	11.60	11.44	11.45	7046318	82026912.00
2016/12/05	11.39	11.46	11.30	11.31	6902330	79446312.00
2016/12/06	11.32	11.39	11.21	11.25	6444154	73596120.00
2016/12/07	11.25	11.36	11.16	11.35	5469704	62394600.00
2016/12/08	11.35	11.35	11.26	11.27	3404001	39009544.00
2016/12/09	11.26	11.36	11.23	11.25	4474621	51166108.00
2016/12/12	11.36	11.58	11.00	11.01	19487710	224151808.00
2016/12/13	10.95	11.45	10.45	11.34	14959617	168688816.00
2016/12/14	11.35	12.04	11.31	11.85	43149256	515759360.00
2016/12/15	11.75	12.03	11.56	11.94	21784943	260464272.00
2016/12/16	11.83	12.00	11.76	11.83	14755801	177248160.00
2016/12/19	11.83	12.27	11.78	12.15	26342167	322197664.00
2016/12/20	12.08	12.15	11.76	11.90	13475937	162521072.00
2016/12/21	11.91	12.32	11.79	11.93	15727121	191350544.00
2016/12/22	11.93	12.14	11.79	12.01	12497324	151711536.00
2016/12/23	11.96	12.14	11.83	11.89	10433789	126492888.00
2016/12/26	11.85	11.91	11.58	11.77	10501172	124645880.00
2016/12/27	11.77	11.91	11.69	11.77	7387923	88123280.00
2016/12/28	11.83	11.83	11.60	11.68	8609545	101974784.00
2016/12/29	11.69	11.69	11.42	11.48	7192557	84238488.00
2016/12/30	11.49	11.53	11.15	11.20	10759394	122983832.00
2017/01/03	11.22	11.43	11.17	11.32	7385169	84670128.00
2017/01/04	11.33	11.76	11.25	11.68	14691272	171541088.00
2017/01/05	11.67	11.69	11.57	11.57	5784078	68129880.00
2017/01/06	11.55	11.65	11.46	11.59	4174465	48821472.00
2017/01/09	11.58	11.63	11.34	11.63	8354200	97004128.00
2017/01/10	11.63	11.75	11.57	11.65	6580142	77699240.00
2017/01/11	11.65	11.65	11.40	11.42	5172150	60163968.00
2017/01/12	11.40	11.41	11.10	11.12	8856728	100738640.00
2017/01/13	11.12	11.24	11.06	11.10	4664692	52707492.00
2017/01/16	11.10	11.17	10.03	10.64	7475022	81253880.00
2017/01/17	10.53	10.79	10.35	10.68	3744780	40143972.00
2017/01/18	10.68	10.68	10.54	10.56	2356183	25332180.00
2017/01/19	10.48	10.52	10.35	10.42	4313716	45573868.00
2017/01/20	10.41	10.56	10.34	10.56	3661342	38942920.00
2017/01/23	10.56	10.75	10.46	10.71	4617350	49973980.00
2017/01/24	10.73	10.75	10.60	10.67	3701243	40027700.00
2017/01/25	10.61	10.80	10.61	10.80	2604599	28224446.00
2017/01/26	10.81	10.93	10.76	10.85	3132015	34518420.00
2017/02/03	10.93	10.93	10.66	10.83	2917439	31934108.00
2017/02/06	10.85	11.13	10.85	11.00	4517058	50323764.00
2017/02/07	11.05	11.06	10.76	10.86	6853620	75471872.00
2017/02/08	10.89	10.89	10.70	10.80	6791168	74085720.00
2017/02/09	10.80	10.92	10.75	10.85	6132931	67410304.00
2017/02/10	10.87	10.90	10.80	10.86	4450772	48934840.00
2017/02/13	10.85	10.90	10.77	10.89	4730179	52085976.00
2017/02/14	10.85	10.90	10.77	10.79	5302741	58095388.00
2017/02/15	10.80	10.83	10.72	10.75	5435442	59417324.00
2017/02/16	10.67	10.78	10.67	10.76	4119521	44777124.00
2017/02/17	10.76	10.77	10.50	10.54	7021539	75588808.00
2017/02/20	10.54	10.69	10.54	10.69	6812624	73172640.00
2017/02/21	10.73	10.76	10.68	10.75	6111814	66426588.00
2017/02/22	10.70	10.81	10.70	10.81	5094961	55579852.00
2017/02/23	10.82	10.82	10.61	10.68	7124149	77228904.00
2017/02/24	10.68	10.71	10.59	10.66	7616583	82200696.00
2017/02/27	10.66	10.71	10.63	10.68	5559426	60157496.00
2017/02/28	10.67	10.67	10.48	10.58	8467811	90629392.00
2017/03/01	10.58	10.61	10.45	10.54	5118401	54758348.00
2017/03/02	10.53	10.58	10.47	10.55	4790673	51170724.00
2017/03/03	10.52	10.58	10.46	10.57	4207408	44918312.00
2017/03/06	10.57	10.73	10.52	10.72	6029657	65051360.00
2017/03/07	10.72	10.77	10.61	10.67	6937184	75139904.00
2017/03/08	10.64	10.75	10.63	10.69	6602013	71661064.00
2017/03/09	10.72	10.73	10.54	10.58	4824508	51770896.00
2017/03/10	10.59	10.60	10.54	10.56	2882234	30865472.00
2017/03/13	10.57	10.57	10.38	10.53	5296131	56262468.00
2017/03/14	10.51	10.58	10.51	10.51	3316810	35458868.00
2017/03/15	10.54	10.54	10.45	10.48	2823204	29994826.00
2017/03/16	10.48	10.57	10.47	10.54	5593996	59685512.00
2017/03/17	10.56	10.56	10.45	10.47	5858731	62453836.00
2017/03/20	10.45	10.46	10.36	10.42	4661091	49164400.00
2017/03/21	10.43	10.46	10.28	10.35	6953391	73085912.00
2017/03/22	10.34	10.34	10.16	10.19	8622315	89329624.00
2017/03/23	10.20	10.32	10.18	10.24	5119870	53230780.00
2017/03/24	10.25	10.27	10.13	10.20	5075593	52436172.00
2017/03/27	10.21	10.23	10.15	10.16	4617692	47621236.00
2017/03/28	10.16	10.22	10.12	10.19	4450084	45911996.00
2017/03/29	10.18	10.20	10.03	10.07	6834022	70144608.00
2017/03/30	10.07	10.07	9.80	9.85	9755263	97787728.00
2017/03/31	9.79	9.91	9.79	9.87	5413751	54137420.00
2017/04/05	9.87	10.02	9.87	9.97	4951670	50081600.00
2017/04/06	9.96	10.19	9.93	10.05	6645454	67870872.00
2017/04/07	10.10	10.12	10.01	10.05	5121393	52289936.00
2017/04/10	10.07	10.07	9.94	9.97	4558797	46168332.00
2017/04/11	9.95	9.99	9.86	9.98	4259837	42888896.00
2017/04/12	9.95	9.98	9.86	9.92	3412130	34364328.00
2017/04/13	9.88	9.99	9.88	9.92	3891080	39242224.00
2017/04/14	9.92	9.92	9.85	9.87	4238743	42463540.00
2017/04/17	9.85	9.85	9.65	9.72	5640329	55823780.00
2017/04/18	9.70	9.72	9.46	9.48	6661086	64965284.00
2017/04/19	9.42	9.42	9.18	9.26	7321680	68788400.00
2017/04/20	9.20	9.28	8.97	9.05	7573775	70252768.00
2017/04/21	9.10	9.10	8.88	8.92	9787003	89192352.00
2017/04/24	8.92	8.94	8.56	8.66	8479205	74893416.00
2017/04/25	8.69	8.81	8.60	8.75	4161402	37057108.00
2017/04/26	8.76	8.83	8.65	8.82	3305511	29539020.00
2017/04/27	8.75	8.75	8.40	8.63	9044730	78596488.00
2017/04/28	8.64	8.64	8.53	8.55	4792280	41745184.00
2017/05/02	8.57	8.57	8.47	8.55	3445379	29853544.00
2017/05/03	8.56	8.62	8.51	8.62	3788090	32987826.00
2017/05/04	8.57	8.70	8.51	8.57	4083924	35756696.00
2017/05/05	8.55	8.56	8.34	8.40	4700722	40399784.00
2017/05/08	8.35	8.35	7.93	8.01	9751234	80838888.00
2017/05/09	7.95	8.06	7.80	8.00	8184813	66101276.00
2017/05/10	7.99	8.04	7.76	7.79	5152591	41677280.00
2017/05/11	7.75	7.75	7.37	7.55	9667893	74341256.00
2017/05/12	7.55	7.60	7.46	7.53	4785363	36840896.00
2017/05/15	7.53	7.62	7.46	7.48	4872273	37383184.00
2017/05/16	7.49	7.83	7.41	7.81	9086624	70239488.00
2017/05/17	7.78	7.81	7.66	7.68	6548817	51672692.00
2017/05/18	7.61	7.70	7.55	7.60	4784454	37218192.00
2017/05/19	7.62	7.69	7.60	7.63	3851938	29974892.00
2017/05/22	7.73	7.83	7.55	7.56	6517371	51189144.00
2017/05/23	7.55	7.56	7.22	7.24	5872105	44152940.00
2017/05/24	7.21	7.32	7.06	7.31	4182062	30753874.00
2017/05/25	7.27	7.42	7.16	7.39	4485851	33475298.00
2017/05/26	7.35	7.41	7.35	7.41	2709780	20410526.00
2017/05/31	7.47	7.51	7.37	7.38	3988579	30263784.00
2017/06/01	7.37	7.39	7.27	7.28	3221138	24102234.00
2017/06/02	7.23	7.36	7.14	7.35	5403991	39969060.00
2017/06/05	7.36	7.46	7.34	7.40	3869479	29220526.00
2017/06/06	7.40	7.48	7.35	7.46	4289398	32538168.00
2017/06/07	7.44	7.66	7.42	7.65	6824134	52785872.00
2017/06/08	7.68	7.72	7.60	7.64	5674497	43762528.00
2017/06/09	7.64	7.65	7.53	7.64	4067369	31034352.00
2017/06/12	7.59	7.60	7.54	7.55	3503861	26680884.00
2017/06/13	7.53	7.62	7.51	7.61	4990779	38084816.00
2017/06/14	7.59	7.62	7.55	7.60	3708391	28300880.00
2017/06/15	7.58	7.79	7.58	7.75	10337922	80062840.00
2017/06/16	7.75	7.75	7.60	7.64	6982229	53794248.00
2017/06/19	7.62	7.73	7.60	7.68	4605059	35504012.00
2017/06/20	7.68	7.71	7.65	7.67	5152683	39814196.00
2017/06/21	7.67	7.70	7.58	7.63	4245879	32645622.00
2017/06/22	7.63	7.69	7.51	7.52	3950296	30255482.00
2017/06/23	7.47	7.54	7.40	7.50	4749121	35714368.00
2017/06/26	7.48	7.58	7.46	7.56	3302422	25069780.00
2017/06/27	7.59	7.68	7.57	7.67	5600018	43123556.00
2017/06/28	7.65	7.65	7.58	7.60	2891116	22147910.00
2017/06/29	7.60	7.68	7.59	7.61	4041877	31074242.00
2017/06/30	7.59	7.65	7.55	7.64	3681143	28163778.00
2017/07/03	7.65	7.67	7.60	7.66	4097524	31515008.00
2017/07/04	7.64	7.74	7.64	7.73	7923632	61273584.00
2017/07/05	7.70	7.73	7.63	7.73	7270784	56193100.00
2017/07/06	7.71	7.74	7.65	7.68	6040553	46795980.00
2017/07/07	7.68	7.74	7.63	7.71	5178929	40097612.00
2017/07/10	7.70	7.74	7.65	7.67	6727538	52078708.00
2017/07/11	7.68	7.69	7.54	7.55	7336408	56275572.00
2017/07/12	7.54	7.57	7.39	7.46	7353244	55164524.00
2017/07/13	7.45	7.50	7.38	7.46	3837317	28785560.00
2017/07/14	7.24	7.36	7.21	7.22	9538529	69789752.00
2017/07/17	7.20	7.20	6.65	6.70	10833413	74879104.00
2017/07/18	6.70	6.76	6.61	6.72	6765436	45512036.00
2017/07/19	6.73	6.80	6.67	6.79	7817773	52955960.00
2017/07/20	6.78	6.85	6.75	6.80	6039585	41393276.00
2017/07/21	6.79	6.81	6.75	6.78	5636278	38489268.00
2017/07/24	6.75	6.83	6.72	6.82	5021086	34291560.00
2017/07/25	6.79	6.89	6.78	6.82	4207898	28933788.00
2017/07/26	6.81	6.84	6.75	6.84	4307114	29498190.00
2017/07/27	6.80	7.53	6.80	7.53	15663230	116111888.00
2017/07/28	7.74	7.92	7.51	7.78	46170211	358884992.00
2017/07/31	7.70	8.30	7.57	8.08	38565052	306193088.00
2017/08/01	8.00	8.08	7.80	7.91	23410967	186363840.00
2017/08/02	7.88	7.88	7.67	7.85	17840787	139937920.00
2017/08/03	7.80	7.87	7.66	7.82	13661322	106892424.00
2017/08/04	7.79	7.85	7.68	7.80	11748943	91785232.00
2017/08/07	7.78	7.97	7.72	7.84	14189212	112375192.00
2017/08/08	7.84	8.20	7.76	8.08	24924775	200469936.00
2017/08/09	8.00	8.05	7.85	7.95	14718551	117573040.00
2017/08/10	7.94	7.94	7.55	7.68	14777995	115001552.00
2017/08/11	7.60	7.73	7.54	7.58	9365168	71739408.00
2017/08/14	7.56	7.70	7.56	7.68	7860264	60526988.00
2017/08/15	7.70	7.70	7.60	7.68	5822940	44788328.00
2017/08/16	7.67	7.75	7.61	7.69	7546398	58348152.00
2017/08/17	7.66	7.75	7.56	7.74	8274498	63825196.00
2017/08/18	7.71	7.73	7.62	7.62	6757146	52094520.00
2017/08/21	7.55	7.65	7.54	7.63	5370743	41140028.00
2017/08/22	7.63	7.65	7.56	7.56	5110200	38990796.00
2017/08/23	7.56	7.58	7.25	7.32	9458060	70465152.00
2017/08/24	7.32	7.37	7.23	7.25	5543724	40698788.00
2017/08/25	7.26	7.44	7.20	7.42	9243059	67966592.00
2017/08/28	7.40	7.48	7.37	7.45	6652940	49839512.00
2017/08/29	7.47	7.47	7.31	7.34	7073325	52593732.00
2017/08/30	7.34	7.40	7.31	7.37	4280931	31690202.00
2017/08/31	7.35	7.39	7.32	7.36	3539322	26179432.00
2017/09/01	7.36	7.40	7.32	7.33	4962632	36705164.00
2017/09/04	7.32	7.45	7.31	7.44	7617908	56815428.00
2017/09/05	7.44	7.45	7.37	7.41	4410219	32899346.00
2017/09/06	7.39	7.51	7.39	7.44	8264861	61966944.00
2017/09/07	7.45	7.60	7.40	7.50	10710547	81111232.00
2017/09/08	7.50	7.55	7.48	7.54	6208336	46972896.00
2017/09/11	7.51	7.66	7.49	7.66	9809961	75022856.00
2017/09/12	7.68	7.69	7.50	7.53	9563500	72903744.00
2017/09/13	7.49	7.78	7.49	7.77	12460806	96075864.00
2017/09/14	7.80	8.32	7.80	8.09	48874620	398979328.00
2017/09/15	8.10	8.10	7.86	7.96	18219376	145646992.00
2017/09/18	7.94	7.94	7.78	7.91	11723647	92653752.00
2017/09/19	7.88	8.13	7.87	7.93	13533169	108944360.00
2017/09/20	7.91	7.95	7.81	7.94	7521281	59592260.00
2017/09/21	7.93	7.93	7.71	7.71	9951222	78194808.00
2017/09/22	7.71	7.80	7.62	7.78	5934787	45919408.00
2017/09/25	7.78	7.80	7.66	7.67	4069800	31645852.00
2017/09/26	7.66	7.74	7.65	7.73	3945994	30581280.00
2017/09/27	7.72	7.87	7.69	7.84	6896079	54213140.00
2017/09/28	7.82	7.87	7.74	7.75	5278368	41296132.00
2017/09/29	7.72	7.81	7.67	7.69	4408358	34332624.00
2017/10/09	7.73	7.99	7.73	7.98	16042665	128040440.00
2017/10/10	7.96	8.01	7.89	8.00	8950787	71729040.00
2017/10/11	8.00	8.07	7.89	7.93	8679369	69656200.00
2017/10/12	7.96	8.07	7.90	7.99	10094019	81179264.00
2017/10/13	8.00	8.03	7.88	8.03	9083310	72940584.00
2017/10/16	8.03	8.07	7.89	7.95	8835439	70832568.00
2017/10/17	7.89	7.94	7.78	7.83	6343400	50036696.00
2017/10/18	7.82	7.88	7.71	7.72	6844545	53631156.00
2017/10/19	7.70	7.83	7.64	7.73	6655550	51781972.00
2017/10/20	7.74	7.80	7.67	7.78	4072470	31793488.00
2017/10/23	7.78	7.83	7.74	7.81	3528429	27644168.00
2017/10/24	7.81	8.30	7.79	8.23	32678690	267065552.00
2017/10/25	8.13	8.15	8.00	8.13	20736358	168397168.00
2017/10/26	8.10	8.10	7.93	8.06	14948497	120730960.00
2017/10/27	8.05	8.08	7.89	7.91	11169863	89505400.00
2017/10/30	7.87	7.89	7.49	7.53	15584307	119205872.00
2017/10/31	7.47	7.58	7.32	7.44	10036088	75114128.00
2017/11/01	7.43	7.49	7.38	7.41	4764600	35613768.00
2017/11/02	7.38	7.40	7.25	7.33	5975397	43896812.00
2017/11/03	7.30	7.32	7.01	7.10	9572092	68902216.00
2017/11/06	7.09	7.21	7.09	7.20	4537649	32723694.00
2017/11/07	7.20	7.21	7.13	7.18	3681377	26578702.00
2017/11/08	7.19	7.27	7.14	7.26	4325782	31479112.00
2017/11/09	7.25	7.28	7.19	7.27	3555904	25929576.00
2017/11/10	7.27	7.29	7.15	7.17	3773619	27322528.00
2017/11/13	7.17	7.29	7.15	7.20	3891671	28303158.00
2017/11/14	7.18	7.25	7.15	7.21	4499395	32573204.00
2017/11/15	7.20	7.20	7.03	7.05	4768825	34134240.00
2017/11/16	7.00	7.09	7.00	7.06	2040718	14506238.00
2017/11/17	7.04	7.06	6.76	6.84	6907684	47905800.00
2017/11/20	6.84	6.84	6.65	6.77	4375432	29620922.00
2017/11/21	6.77	6.89	6.75	6.77	3787135	25965248.00
2017/11/22	6.78	6.84	6.73	6.84	3209830	21981974.00
2017/11/23	6.85	6.91	6.77	6.79	4406347	30347062.00
2017/11/24	6.79	7.10	6.71	7.01	7267219	50716128.00
2017/11/27	6.98	7.06	6.85	7.02	7240068	50825212.00
2017/11/28	6.96	7.03	6.94	7.03	4619334	32520694.00
2017/11/29	6.99	7.03	6.92	6.98	3314039	23240254.00
2017/11/30	6.97	6.98	6.85	6.95	3740052	26068584.00
2017/12/01	6.91	6.98	6.90	6.95	2209828	15456196.00
2017/12/04	6.93	6.95	6.75	6.77	3446083	23757400.00
2017/12/05	6.79	6.82	6.61	6.65	3663251	24712292.00
2017/12/06	6.61	6.70	6.55	6.68	3314048	22125782.00
2017/12/07	6.65	6.72	6.62	6.69	1836297	12347045.00
2017/12/08	6.67	6.80	6.65	6.77	2536804	17236456.00
2017/12/11	6.77	6.83	6.73	6.78	1971596	13464496.00
2017/12/12	6.79	6.79	6.71	6.75	1695901	11529260.00
2017/12/13	6.74	6.78	6.72	6.78	1499140	10192813.00
2017/12/14	6.77	6.78	6.72	6.77	1611906	10958315.00
2017/12/15	6.75	6.76	6.62	6.66	2437700	16390268.00
2017/12/18	6.68	6.73	6.61	6.67	1931028	12950992.00
2017/12/19	6.65	6.83	6.65	6.81	2878158	19538768.00
2017/12/20	6.79	6.80	6.70	6.77	2350600	15961218.00
2017/12/21	6.75	6.78	6.62	6.67	2803642	18875440.00
2017/12/22	6.67	6.72	6.62	6.62	1958300	13151370.00
2017/12/25	6.62	6.66	6.53	6.54	3098255	20500284.00
2017/12/26	6.55	6.63	6.55	6.62	3204168	21302528.00
2017/12/27	6.63	6.78	6.60	6.71	5573293	37562504.00
2017/12/28	6.75	6.78	6.63	6.66	6467340	43576680.00
2017/12/29	6.61	6.66	6.59	6.64	4625354	30844916.00
2018/01/02	6.63	7.12	6.61	6.84	11738825	81107736.00
2018/01/03	6.81	6.93	6.77	6.91	8428381	58052140.00
2018/01/04	6.90	6.90	6.84	6.84	3776978	26075138.00
2018/01/05	6.83	6.96	6.80	6.89	5743627	39835968.00
2018/01/08	6.87	6.90	6.76	6.83	4708007	32333284.00
2018/01/09	6.84	6.86	6.77	6.78	3556447	24388756.00
2018/01/10	6.75	6.77	6.62	6.66	5186920	34946188.00
2018/01/11	6.66	6.68	6.62	6.65	5828076	39040296.00
2018/01/12	6.66	6.69	6.60	6.61	5267936	35230100.00
2018/01/15	6.63	6.75	6.61	6.67	7435850	50026712.00
2018/01/16	6.65	6.79	6.65	6.77	7318496	49712548.00
2018/01/17	6.77	6.85	6.65	6.78	6762977	46022652.00
2018/01/18	6.73	6.90	6.73	6.88	8613419	59378648.00
2018/01/19	6.89	6.89	6.79	6.83	6290952	43316764.00
2018/01/22	6.83	6.84	6.72	6.82	6314192	43149572.00
2018/01/23	6.80	6.87	6.79	6.83	5253259	36200192.00
2018/01/24	6.83	6.98	6.79	6.94	7799121	54276340.00
2018/01/25	6.99	7.12	6.91	6.99	10441667	74104160.00
2018/01/26	7.00	7.12	6.97	7.00	8884958	63155796.00
2018/01/29	7.03	7.10	6.99	7.08	7640328	54323392.00
2018/01/30	7.07	7.17	7.02	7.16	7780523	55733692.00
2018/01/31	7.16	7.16	6.86	6.95	8377396	58962896.00
2018/02/01	6.91	6.94	6.60	6.62	7640700	52033528.00
2018/02/02	6.62	6.74	6.56	6.70	4512279	30373876.00
2018/02/05	6.71	7.30	6.64	7.10	13795905	98334696.00
2018/02/06	7.00	7.25	6.96	7.04	15249775	109565464.00
2018/02/07	7.15	7.43	7.05	7.35	19933504	146248224.00
2018/02/08	7.40	7.40	7.16	7.27	12069303	88025024.00
2018/02/09	7.05	7.15	6.76	6.96	12622360	88185736.00
2018/02/12	6.95	7.35	6.85	7.35	13875544	100526168.00
2018/02/13	7.32	7.48	7.23	7.24	9992582	73602664.00
2018/02/14	7.19	7.30	7.15	7.24	5346796	38946228.00
2018/02/22	7.29	7.53	7.25	7.53	13323808	99228464.00
2018/02/23	7.54	7.61	7.40	7.53	11487491	86759424.00
2018/02/26	7.54	7.61	7.42	7.57	10624278	80548488.00
2018/02/27	7.58	7.58	7.36	7.45	9975362	74763088.00
2018/02/28	7.28	7.53	7.23	7.42	8092351	60347084.00
2018/03/01	7.37	7.45	7.33	7.38	6276472	46600580.00
2018/03/02	7.34	7.35	7.24	7.24	5797630	42515744.00
2018/03/05	7.25	7.47	7.24	7.43	8039070	59745528.00
2018/03/06	7.37	7.44	7.25	7.37	8544018	62920984.00
2018/03/07	7.34	7.34	7.11	7.15	9677490	70403552.00
2018/03/08	7.15	7.21	7.02	7.17	7430061	53206844.00
2018/03/09	7.15	7.27	7.14	7.23	5936896	43082104.00
2018/03/12	7.24	7.42	7.18	7.41	9219690	68170496.00
2018/03/13	7.40	7.40	7.31	7.31	5409579	40009568.00
2018/03/14	7.27	7.36	7.13	7.13	5009600	36545392.00
2018/03/15	7.12	7.18	7.05	7.16	3960523	28363720.00
2018/03/16	7.17	7.24	7.11	7.13	3024461	21826410.00
2018/03/19	7.10	7.17	7.06	7.16	2823131	20260520.00
2018/03/20	7.10	7.21	7.06	7.16	3949231	28340472.00
2018/03/21	7.16	7.31	7.13	7.24	5489485	39976748.00
2018/03/22	7.23	7.50	7.16	7.40	9179110	67815544.00
2018/03/23	7.25	7.47	7.00	7.06	12545210	91451544.00
2018/03/26	6.95	7.16	6.41	7.05	10258253	71030696.00
2018/03/27	7.06	7.16	7.02	7.10	6306336	44984736.00
2018/03/28	7.06	7.08	6.83	6.88	5587529	39119764.00
2018/03/29	6.85	6.96	6.81	6.93	3154284	21940828.00
2018/03/30	6.91	6.98	6.87	6.90	2965343	20638268.00
2018/04/02	6.96	6.99	6.90	6.92	2604211	18162424.00
2018/04/03	6.86	6.93	6.80	6.87	3446354	23863594.00
2018/04/04	6.87	6.94	6.85	6.90	2608454	18107356.00
2018/04/09	6.83	6.89	6.65	6.67	5889382	40014820.00
2018/04/10	6.66	6.73	6.58	6.69	4676488	31285764.00
2018/04/11	6.71	6.75	6.67	6.73	2423832	16416047.00
2018/04/12	6.70	6.78	6.69	6.71	2656179	18038882.00
2018/04/13	6.71	6.79	6.71	6.76	2440110	16608319.00
2018/04/16	6.75	6.75	6.61	6.65	2998725	20157384.00
2018/04/17	6.68	6.69	6.51	6.52	2910245	19296312.00
2018/04/18	6.55	6.63	6.45	6.58	2296600	15155969.00
2018/04/19	6.57	6.62	6.54	6.59	1806304	11996384.00
2018/04/20	6.61	6.62	6.35	6.49	2199493	14478313.00
2018/04/23	6.44	6.52	6.35	6.38	2525619	16341125.00
2018/04/24	6.39	6.51	6.39	6.49	1979304	12909478.00
2018/04/25	6.50	6.69	6.49	6.60	3626626	24175428.00
2018/04/26	6.60	6.60	6.51	6.53	2005880	13223505.00
2018/04/27	6.55	6.57	6.46	6.51	1894800	12425866.00
2018/05/02	6.52	6.54	6.44	6.45	2708334	17689434.00
2018/05/03	6.47	6.61	6.37	6.56	3645800	23888060.00
2018/05/04	6.56	6.59	6.48	6.52	1603167	10543336.00
2018/05/07	6.52	6.63	6.51	6.62	2584712	17188866.00
2018/05/08	6.62	6.68	6.61	6.63	1996600	13354668.00
2018/05/09	6.62	6.66	6.59	6.66	1896296	12663217.00
2018/05/10	6.66	6.66	6.62	6.65	2533488	16938090.00
2018/05/11	6.65	6.65	6.57	6.60	2097200	13974901.00
2018/05/14	6.55	6.65	6.55	6.61	1995716	13289768.00
2018/05/15	6.60	6.66	6.58	6.65	3203648	21372686.00
2018/05/16	6.64	6.66	6.55	6.58	3236700	21565352.00
2018/05/17	6.61	6.64	6.56	6.63	2352593	15650908.00
2018/05/18	6.75	6.75	6.64	6.70	4176285	28146776.00
2018/05/21	6.69	6.79	6.67	6.73	4006546	27168832.00
2018/05/22	6.73	6.74	6.69	6.73	2160351	14618877.00
2018/05/23	6.72	6.74	6.58	6.61	3312500	22199912.00
2018/05/24	6.61	6.65	6.49	6.53	2537800	16794452.00
2018/05/25	6.52	6.55	6.45	6.48	2406876	15719997.00
2018/05/28	6.47	6.58	6.42	6.51	2307811	15104610.00
2018/05/29	6.55	6.56	6.45	6.47	1677537	10973542.00
2018/05/30	6.42	6.43	6.34	6.34	2722446	17471646.00
2018/05/31	6.34	6.41	6.33	6.36	2292043	14708252.00
2018/06/01	6.36	6.36	5.84	5.97	8826111	54303372.00
2018/06/04	5.95	5.99	5.86	5.88	3464074	20693064.00
2018/06/05	5.89	5.95	5.87	5.95	2295554	13680056.00
2018/06/06	5.94	5.94	5.90	5.93	1532700	9161831.00
2018/06/07	5.93	5.96	5.88	5.89	1936580	11547272.00
2018/06/08	5.84	5.88	5.60	5.66	3628888	20700212.00
2018/06/11	5.66	5.70	5.61	5.62	2139700	12087841.00
2018/06/12	5.62	5.67	5.47	5.66	3596838	20008204.00
2018/06/13	5.63	5.64	5.48	5.49	3169304	17596820.00
2018/06/14	5.50	5.59	5.46	5.52	2377103	13153398.00
2018/06/15	5.52	5.54	5.30	5.46	3110718	16843686.00
2018/06/19	5.30	5.43	4.93	5.00	4514304	23480068.00
2018/06/20	5.00	5.23	5.00	5.18	3589939	18472190.00
2018/06/21	5.22	5.26	5.11	5.11	2776751	14385511.00
2018/06/22	5.11	5.28	5.06	5.24	2204600	11512426.00
2018/06/25	5.28	5.30	5.18	5.22	1837300	9606419.00
2018/06/26	5.18	5.21	5.04	5.17	2606100	13366855.00
2018/06/27	5.17	5.19	5.08	5.12	1921900	9866006.00
2018/06/28	5.13	5.18	5.00	5.05	2867611	14626014.00
2018/06/29	5.08	5.21	5.06	5.18	2157403	11123820.00
2018/07/02	5.17	5.26	5.17	5.21	2531957	13213168.00
2018/07/03	5.18	5.28	5.06	5.22	2469400	12782452.00
2018/07/04	5.18	5.24	5.13	5.19	2092300	10856497.00
2018/07/05	5.18	5.22	5.02	5.02	2079495	10625359.00
2018/07/06	5.06	5.15	5.00	5.13	2629519	13395705.00
2018/07/09	5.13	5.20	5.08	5.19	1893337	9788578.00
2018/07/10	5.24	5.24	5.16	5.21	1542464	8000837.50
2018/07/11	5.16	5.17	5.07	5.13	1856908	9492671.00
2018/07/12	5.14	5.29	5.10	5.24	3648085	18999996.00
2018/07/13	5.25	5.25	5.16	5.20	2359400	12255011.00
2018/07/16	5.19	5.19	5.12	5.14	2033632	10461410.00
2018/07/17	5.14	5.18	5.11	5.17	1322853	6800719.50
2018/07/18	5.18	5.29	5.15	5.21	3195706	16713726.00
2018/07/19	5.23	5.24	5.12	5.12	2295020	11805721.00
2018/07/20	5.11	5.19	5.11	5.18	1601052	8263330.00
2018/07/23	5.19	5.22	5.09	5.22	2140600	11088194.00
2018/07/24	5.21	5.32	5.19	5.31	5375674	28369086.00
2018/07/25	5.28	5.35	5.28	5.31	4053724	21529190.00
2018/07/26	5.32	5.72	5.28	5.48	9889986	54126648.00
2018/07/27	5.42	5.43	5.31	5.34	4784224	25601026.00
2018/07/30	5.30	5.33	5.22	5.24	3711940	19520486.00
2018/07/31	5.24	5.28	5.22	5.27	2303540	12101367.00
2018/08/01	5.25	5.30	5.07	5.09	5103500	26393678.00
2018/08/02	5.08	5.08	4.74	4.86	6668604	32626134.00
2018/08/03	4.84	4.90	4.83	4.83	1526600	7415957.00
2018/08/06	4.82	4.89	4.76	4.84	2473406	11934587.00
2018/08/07	4.81	5.06	4.81	5.02	4755738	23700196.00
2018/08/08	5.03	5.03	4.90	4.91	3381300	16727404.00
2018/08/09	4.86	5.00	4.85	4.97	3266284	16220336.00
2018/08/10	4.96	5.07	4.94	5.02	2613269	13068509.00
2018/08/13	4.94	4.94	4.53	4.87	5263100	25436730.00
2018/08/14	4.85	4.96	4.81	4.92	3635671	17867042.00
2018/08/15	4.94	5.03	4.90	4.95	4286602	21287694.00
2018/08/16	4.93	4.93	4.73	4.80	3775877	18265652.00
2018/08/17	4.82	4.89	4.75	4.77	2677908	12928797.00
2018/08/20	4.79	4.85	4.59	4.73	3591510	16821388.00
2018/08/21	4.73	4.80	4.70	4.77	2513668	11972415.00
2018/08/22	4.77	4.82	4.69	4.73	2617500	12439549.00
2018/08/23	4.70	4.78	4.69	4.75	1940737	9197687.00
2018/08/24	4.79	4.79	4.65	4.66	1940017	9092476.00
2018/08/27	4.67	4.79	4.67	4.77	3018718	14364511.00
2018/08/28	4.80	4.85	4.80	4.84	2129004	10262431.00
2018/08/29	4.84	4.91	4.73	4.81	3707688	17870414.00
2018/08/30	4.80	4.81	4.74	4.74	1594600	7594097.00
2018/08/31	4.74	4.76	4.65	4.68	3017629	14137061.00
2018/09/03	4.66	4.69	4.61	4.69	1467400	6820299.00
2018/09/04	4.70	4.72	4.64	4.70	2500725	11711513.00
2018/09/05	4.69	4.69	4.62	4.63	1787700	8322329.00
2018/09/06	4.61	4.65	4.55	4.59	1931010	8885842.00
2018/09/07	4.59	4.65	4.57	4.59	1655302	7636555.00
2018/09/10	4.60	4.62	4.50	4.51	2617622	11935849.00
2018/09/11	4.51	4.61	4.49	4.55	2472000	11225481.00
2018/09/12	4.57	4.61	4.55	4.58	1933512	8863970.00
2018/09/13	4.60	4.67	4.52	4.59	2383000	10876940.00
2018/09/14	4.59	4.63	4.55	4.59	2592143	11894560.00
2018/09/17	4.58	4.58	4.42	4.45	3666499	16440052.00
2018/09/18	4.45	4.51	4.41	4.49	3182960	14183064.00
2018/09/19	4.46	4.57	4.46	4.53	4278620	19374840.00
2018/09/20	4.53	4.58	4.50	4.55	3088300	14020578.00
2018/09/21	4.57	4.59	4.52	4.58	3799263	17312542.00
2018/09/25	4.55	4.57	4.52	4.56	3261600	14841305.00
2018/09/26	4.56	4.58	4.50	4.54	4367800	19845232.00
2018/09/27	4.55	4.55	4.46	4.47	3152000	14212852.00
2018/09/28	4.48	4.53	4.44	4.52	3746400	16801736.00
2018/10/08	4.48	4.48	4.32	4.33	4679264	20563572.00
2018/10/09	4.35	4.37	4.31	4.34	1879500	8160957.00
2018/10/10	4.34	4.37	4.30	4.34	1989179	8632425.00
2018/10/11	4.20	4.25	3.91	3.91	7496640	30368132.00
2018/10/12	3.91	3.94	3.70	3.82	5038500	19242518.00
2018/10/15	3.83	3.87	3.76	3.79	3793100	14474741.00
2018/10/16	3.80	3.83	3.70	3.73	3393993	12713611.00
2018/10/17	3.75	3.77	3.64	3.73	2761529	10266112.00
2018/10/18	3.70	3.71	3.53	3.57	3693922	13331954.00
2018/10/19	3.54	3.67	3.46	3.65	3249088	11678606.00
2018/10/22	3.65	3.87	3.65	3.82	6149002	23332020.00
2018/10/23	3.83	3.86	3.73	3.77	3104346	11777725.00
2018/10/24	3.75	3.84	3.74	3.79	2880157	10935151.00
2018/10/25	3.72	3.81	3.67	3.81	3304847	12311562.00
2018/10/26	3.78	3.86	3.78	3.82	3805723	14521065.00
2018/10/29	3.80	3.82	3.73	3.75	2184400	8235350.00
2018/10/30	3.73	3.84	3.72	3.81	3331113	12594518.00
2018/10/31	3.83	3.92	3.83	3.88	4129715	16041477.00
2018/11/01	3.87	3.98	3.86	3.88	4654862	18266352.00
2018/11/02	3.91	4.03	3.91	4.00	6082916	24165208.00
2018/11/05	3.98	4.07	3.98	4.07	5102654	20522444.00
2018/11/06	4.06	4.06	3.94	4.02	3748652	14967583.00
2018/11/07	4.02	4.10	4.00	4.05	4961870	20114558.00
2018/11/08	4.07	4.08	3.99	4.01	3853784	15528084.00
2018/11/09	3.98	4.03	3.97	3.98	3099525	12402032.00
2018/11/12	4.00	4.17	4.00	4.15	6421197	26306510.00
2018/11/13	4.10	4.33	4.10	4.27	6695494	28347814.00
2018/11/14	4.29	4.34	4.24	4.25	5040185	21594846.00
2018/11/15	4.31	4.35	4.27	4.34	4376494	18910448.00
2018/11/16	4.37	4.52	4.33	4.38	6134076	27058878.00
2018/11/19	4.39	4.44	4.29	4.38	4937089	21508532.00
2018/11/20	4.38	4.40	4.24	4.26	5179940	22306878.00
2018/11/21	4.20	4.32	4.20	4.30	3976188	16928822.00
2018/11/22	4.29	4.31	4.22	4.26	3981482	16985742.00
2018/11/23	4.26	4.29	4.08	4.10	4707425	19505488.00
2018/11/26	4.07	4.15	4.00	4.02	3637322	14787600.00
2018/11/27	4.03	4.20	4.03	4.16	5175187	21428094.00
2018/11/28	4.19	4.21	4.08	4.17	3622892	15028428.00
2018/11/29	4.21	4.21	4.03	4.06	3825384	15776543.00
2018/11/30	4.02	4.23	4.02	4.14	3281319	13445940.00
2018/12/03	4.23	4.30	4.18	4.25	6041161	25681120.00
2018/12/04	4.25	4.33	4.21	4.33	4219370	18082886.00
2018/12/05	4.24	4.30	4.18	4.27	3930976	16741221.00
2018/12/06	4.26	4.27	4.17	4.20	3274971	13794208.00
2018/12/07	4.19	4.23	4.17	4.20	2618600	11010710.00
2018/12/10	4.23	4.27	4.13	4.14	4720560	19838160.00
2018/12/11	4.13	4.32	4.13	4.28	5678268	24136430.00
2018/12/12	4.35	4.35	4.21	4.22	3745230	15935445.00
2018/12/13	4.25	4.29	4.20	4.26	3854100	16384574.00
2018/12/14	4.26	4.28	4.12	4.15	3932800	16479899.00
2018/12/17	4.17	4.20	4.05	4.16	3048900	12573659.00
2018/12/18	4.15	4.15	4.02	4.06	3894066	15870614.00
2018/12/19	4.09	4.09	4.00	4.01	3149900	12681503.00
2018/12/20	4.01	4.04	3.93	4.02	3867688	15485113.00
2018/12/21	3.98	4.06	3.97	4.02	2114747	8481965.00
2018/12/24	4.03	4.03	3.95	4.00	2882600	11516671.00
2018/12/25	3.96	3.97	3.79	3.93	4892659	18949752.00
2018/12/26	3.91	3.95	3.88	3.93	2134752	8352025.00
2018/12/27	3.98	4.02	3.87	3.87	2619593	10315035.00
2018/12/28	3.92	3.93	3.86	3.89	1706875	6644549.50
2019/01/02	3.90	3.90	3.80	3.81	2841500	10898284.00
2019/01/03	3.78	3.86	3.76	3.79	1771038	6738482.00
数据来源:通达信
