002861 瀛通通讯 日线 前复权
      日期	    开盘	    最高	    最低	    收盘	    成交量	    成交额
2017/04/13	19.90	24.04	19.90	24.04	8500	208035.00
2017/04/14	26.52	26.52	26.52	26.52	3520	96166.40
2017/04/17	29.25	29.25	29.25	29.25	8360	251218.00
2017/04/18	32.26	32.26	32.26	32.26	4700	155382.00
2017/04/19	35.57	35.57	35.57	35.57	10520	382612.41
2017/04/20	39.21	39.21	39.21	39.21	26704	1068427.00
2017/04/21	43.21	43.21	43.21	43.21	114090	5021101.00
2017/04/26	44.20	46.98	41.05	41.89	13151766	586536768.00
2017/04/27	40.21	45.68	40.21	44.28	12116298	529180864.00
2017/04/28	45.10	46.47	43.08	44.65	9665210	440459008.00
2017/05/02	43.19	43.41	41.50	41.90	7633491	329655552.00
2017/05/03	41.20	45.70	41.03	44.85	9416341	415331744.00
2017/05/04	43.70	44.19	41.20	42.41	7370596	321818592.00
2017/05/05	42.45	42.75	38.09	38.09	7233800	296482144.00
2017/05/08	37.19	37.89	35.58	35.82	4447481	167412848.00
2017/05/09	35.76	37.55	35.70	37.10	4018899	151100416.00
2017/05/10	37.20	37.43	34.60	34.70	4440690	163525552.00
2017/05/11	34.20	35.70	33.90	35.54	4227442	151109776.00
2017/05/12	35.53	36.05	34.76	35.73	3680267	133414680.00
2017/05/15	35.50	37.02	35.13	36.26	4414739	162531648.00
2017/05/16	35.70	36.87	34.83	36.87	4693386	172243424.00
2017/05/17	36.76	37.80	36.42	36.56	4385570	165766192.00
2017/05/18	35.58	36.20	35.05	35.10	3116300	113599688.00
2017/05/19	34.95	35.35	34.35	34.42	2153495	76590832.00
2017/05/22	34.27	34.50	30.90	31.15	4479427	149139088.00
2017/05/23	31.14	31.67	29.42	29.95	3040848	95301616.00
2017/05/24	29.96	30.88	29.68	30.63	2425359	75793728.00
2017/05/25	30.63	30.79	29.43	30.60	2770009	85978720.00
2017/05/26	30.65	31.77	30.49	31.34	2952697	94489008.00
2017/05/31	32.80	33.70	32.04	32.04	4520845	152192336.00
2017/06/01	31.70	31.70	29.50	29.58	2929412	91610600.00
2017/06/02	29.19	30.72	29.00	30.51	2067534	63776184.00
2017/06/05	31.35	31.70	30.70	30.75	2046787	65655132.00
2017/06/06	30.20	30.80	29.90	30.80	1223252	38212808.00
2017/06/07	30.90	32.09	30.73	31.90	2754017	89414776.00
2017/06/08	31.80	32.14	31.35	31.52	2446884	79416008.00
2017/06/09	31.51	31.66	30.91	31.59	2205375	70709600.00
2017/06/12	30.88	30.88	29.86	29.95	2357645	73355080.00
2017/06/13	30.20	30.89	30.06	30.68	1431065	45001768.00
2017/06/14	30.69	30.79	30.20	30.49	1409890	44100600.00
2017/06/15	30.55	31.72	30.40	31.38	2727021	87658912.00
2017/06/16	31.50	32.13	31.10	31.90	2541292	82358872.00
2017/06/19	32.08	32.08	31.45	31.85	1676246	54525664.00
2017/06/20	31.98	31.99	31.45	31.46	1945410	62386212.00
2017/06/21	31.59	31.75	31.20	31.59	1263765	40093080.00
2017/06/22	31.59	31.60	29.70	30.38	1537378	48254112.00
2017/06/23	30.30	30.60	29.41	30.06	1571188	47535928.00
2017/06/26	29.99	30.59	29.70	30.57	1067738	32620856.00
2017/06/27	30.72	30.98	30.42	30.61	883720	27391838.00
2017/06/28	30.48	30.48	29.77	29.90	886429	26882676.00
2017/06/29	30.06	30.20	29.92	30.01	726172	22039874.00
2017/06/30	29.80	30.74	29.73	30.47	1319770	40479000.00
2017/07/03	30.30	30.97	30.24	30.78	1151072	35657708.00
2017/07/04	30.71	30.96	30.43	30.60	1008912	31252660.00
2017/07/05	30.68	32.18	30.62	31.96	3400125	108441496.00
2017/07/06	31.75	32.59	31.35	32.32	3184300	102672912.00
2017/07/07	32.21	33.38	32.14	32.97	3647462	121142712.00
2017/07/10	32.43	32.45	31.38	31.41	2654954	85127016.00
2017/07/11	31.38	31.55	30.40	30.44	1883079	58919904.00
2017/07/12	30.40	30.95	29.92	30.91	1358461	41826164.00
2017/07/13	34.03	34.03	34.03	34.03	4821579	165524800.00
2017/07/14	34.89	35.20	33.25	33.31	8896576	307347520.00
2017/07/17	32.49	32.88	29.95	29.95	5360467	168039536.00
2017/07/18	28.70	30.98	28.32	30.15	3946357	118244256.00
2017/07/19	29.88	30.80	29.15	30.03	3056754	92354496.00
2017/07/20	29.70	30.65	29.51	29.52	2604118	79041688.00
2017/07/21	29.29	29.60	28.77	28.91	1960037	57689656.00
2017/07/24	28.50	29.55	28.44	29.26	1547818	45395520.00
2017/07/25	29.12	29.69	29.09	29.44	1325659	39378704.00
2017/07/26	29.50	29.99	29.35	29.58	1512840	45393796.00
2017/07/27	29.57	31.18	29.25	30.95	3187545	98106576.00
2017/07/28	30.80	31.00	30.28	30.30	1965346	60715288.00
2017/07/31	30.10	30.58	29.86	30.23	1192508	36514260.00
2017/08/01	30.39	30.64	30.00	30.46	996148	30554186.00
2017/08/02	30.46	30.67	29.60	29.60	1250646	37959340.00
2017/08/03	29.54	30.18	29.36	29.59	1098410	33018236.00
2017/08/04	29.81	29.90	29.36	29.38	1186204	35436716.00
2017/08/07	29.60	29.90	26.41	29.06	2055041	60535832.00
2017/08/08	29.24	29.35	28.51	28.65	1249588	36396828.00
2017/08/09	28.65	28.95	28.60	28.62	790180	22925674.00
2017/08/10	28.62	28.86	28.44	28.72	982199	28444174.00
2017/08/11	28.59	28.59	27.90	27.90	939024	26872914.00
2017/08/14	27.71	28.90	27.71	28.73	1105057	31826616.00
2017/08/15	28.79	29.27	28.60	29.02	1211464	35448464.00
2017/08/16	28.92	29.85	28.92	29.60	1856429	55291464.00
2017/08/17	29.45	30.00	29.40	29.76	1402726	42172496.00
2017/08/18	29.30	29.70	29.23	29.49	1079524	32137584.00
2017/08/21	29.49	32.47	29.49	32.47	5281838	167335456.00
2017/08/22	32.80	34.55	32.62	33.28	6713450	226607728.00
2017/08/23	31.90	33.20	30.73	32.89	6129415	197351504.00
2017/08/24	32.28	33.83	31.60	32.57	5535192	182513072.00
2017/08/25	32.00	35.86	31.82	35.86	9231713	323803904.00
2017/08/28	37.50	38.28	35.87	36.92	13365855	499279872.00
2017/08/29	36.20	37.35	35.32	35.51	9326613	339755360.00
2017/08/30	34.83	35.26	34.04	34.30	5566250	194231216.00
2017/08/31	34.50	36.06	34.50	36.06	6423251	229571584.00
2017/09/01	36.21	37.18	35.31	36.03	5903550	214722112.00
2017/09/04	36.18	36.91	35.20	36.59	6028042	220500256.00
2017/09/05	36.46	37.86	35.90	37.86	7397857	275391360.00
2017/09/06	37.10	37.69	36.00	36.20	6009002	221227232.00
2017/09/07	36.20	36.57	35.20	35.27	4312236	155857648.00
2017/09/08	34.73	35.77	34.30	34.98	3074262	108598672.00
2017/09/11	35.05	35.94	35.05	35.81	2442219	87754920.00
2017/09/12	35.81	35.90	34.51	34.75	3042271	107316384.00
2017/09/13	34.90	35.12	34.41	34.80	1884478	65973772.00
2017/09/14	34.60	34.70	33.70	33.93	2760644	95199064.00
2017/09/15	34.00	34.05	33.29	33.35	1654894	55992044.00
2017/09/18	33.30	33.88	33.11	33.79	1462600	49555988.00
2017/09/19	33.79	34.54	33.30	34.06	1896478	64990272.00
2017/09/20	33.99	34.64	33.76	34.60	2028128	70208568.00
2017/09/21	34.64	35.09	33.25	33.42	2703904	94090200.00
2017/09/22	33.20	35.67	32.50	35.13	5059747	175157664.00
2017/09/25	34.80	36.20	34.60	35.61	6146647	220776048.00
2017/09/26	35.50	35.50	32.88	33.45	4136537	141376848.00
2017/09/27	33.58	36.83	33.30	36.83	8234813	298952160.00
2017/09/28	36.33	37.78	35.99	37.45	11079423	413157920.00
2017/09/29	36.93	38.67	36.40	37.18	9242586	349805024.00
2017/10/09	37.60	38.03	36.50	37.38	5811125	218041440.00
2017/10/10	36.75	39.20	36.12	38.90	8623608	328209888.00
2017/10/11	38.31	38.33	36.71	37.05	5468248	207362208.00
2017/10/12	37.01	37.97	36.40	37.14	3388812	126925848.00
2017/10/13	36.89	37.10	36.25	36.55	3073131	113726400.00
2017/10/16	36.36	36.85	33.70	33.84	4530804	160537392.00
2017/10/17	33.94	34.57	33.80	34.42	2185550	75532880.00
2017/10/18	34.58	34.96	33.19	33.58	2547284	87425768.00
2017/10/19	33.50	33.60	32.06	32.90	2020078	67056736.00
2017/10/20	32.00	32.48	31.60	32.20	3677503	118644632.00
2017/10/23	32.20	32.59	32.01	32.48	1814749	59274484.00
2017/10/24	32.40	32.44	30.43	31.24	2796034	88385232.00
2017/10/25	31.08	31.90	31.08	31.86	1814909	57985812.00
2017/10/26	31.88	32.45	31.77	32.12	1993527	64636244.00
2017/10/27	32.02	32.30	31.83	32.25	1448739	46924248.00
2017/10/30	32.90	34.50	32.12	32.45	3635452	121365560.00
2017/10/31	31.62	32.66	30.70	32.65	2272595	72648488.00
2017/11/01	32.44	33.30	32.07	32.87	2352022	77741184.00
2017/11/02	32.90	33.25	32.16	32.20	2370488	78453552.00
2017/11/03	32.06	32.30	30.93	31.35	2012843	64048224.00
2017/11/06	31.62	31.88	31.21	31.82	1417747	45299044.00
2017/11/07	31.82	31.82	31.05	31.58	1566395	49551512.00
2017/11/08	31.47	32.10	31.42	31.60	1568839	50397364.00
2017/11/09	31.60	32.17	31.60	32.07	1516878	48898176.00
2017/11/10	32.02	33.22	31.92	33.00	3242177	107118424.00
2017/11/13	33.36	34.63	33.00	34.45	5256363	180231600.00
2017/11/14	34.23	34.23	33.27	33.58	2882568	97871344.00
2017/11/15	33.75	34.15	32.80	34.01	3056112	103447976.00
2017/11/16	33.67	33.70	32.59	32.62	2250100	75187744.00
2017/11/17	32.68	32.77	29.33	29.49	3050953	94671872.00
2017/11/20	29.40	29.90	27.91	29.72	1689420	49263428.00
2017/11/21	29.69	30.12	28.72	29.19	1488994	44247780.00
2017/11/22	28.97	29.39	28.70	28.83	1332638	39063328.00
2017/11/23	28.90	28.90	27.45	27.50	1378915	39208096.00
2017/11/24	26.85	27.88	26.85	27.20	1110764	30818090.00
2017/11/27	27.19	27.43	26.20	26.42	1200067	32499580.00
2017/11/28	26.31	27.08	26.28	27.00	975487	26443088.00
2017/11/29	27.28	27.28	26.10	26.85	1108020	29818880.00
2017/11/30	26.85	27.17	26.40	26.88	879250	23989878.00
2017/12/01	26.88	27.40	26.88	27.29	938629	25800192.00
2017/12/04	27.29	27.30	25.96	26.04	1213760	32432202.00
2017/12/05	26.13	26.30	24.60	24.81	1231360	31524458.00
2017/12/06	25.10	25.58	24.83	25.47	729260	18584468.00
2017/12/07	25.30	25.85	25.23	25.69	881320	22809858.00
2017/12/08	25.67	27.06	25.48	26.58	1629900	43668384.00
2017/12/11	26.73	26.88	26.31	26.59	1095684	29407382.00
2017/12/12	26.60	26.60	25.73	25.83	858380	22642416.00
2017/12/13	25.79	26.43	25.70	26.38	707504	18717730.00
2017/12/14	26.14	26.38	25.92	26.23	524480	13852734.00
2017/12/15	26.03	26.20	25.75	25.98	689972	18121138.00
2017/12/18	25.84	26.02	25.33	25.52	551525	14333551.00
2017/12/19	25.50	26.07	25.50	26.05	566253	14843726.00
2017/12/20	25.92	26.04	25.20	25.22	599438	15450788.00
2017/12/21	25.33	25.96	24.82	25.72	796063	20562840.00
2017/12/22	25.55	25.78	25.24	25.36	542768	14011159.00
2017/12/25	25.23	25.49	24.37	24.77	926052	23181836.00
2017/12/26	24.69	25.77	24.57	25.66	1169487	30026082.00
2017/12/27	25.70	25.83	25.40	25.50	890194	23072948.00
2017/12/28	25.49	26.30	25.26	25.90	1181382	31001830.00
2017/12/29	25.70	26.97	25.70	26.65	1934615	51724948.00
2018/01/02	26.39	26.84	26.36	26.57	1184223	31752884.00
2018/01/03	26.45	26.77	26.10	26.47	1153791	30838774.00
2018/01/04	26.47	26.52	26.12	26.20	843803	22449862.00
2018/01/05	26.18	26.40	26.02	26.28	623900	16555437.00
2018/01/08	27.00	28.35	27.00	27.42	3575990	99631872.00
2018/01/09	27.07	27.15	26.58	26.75	1825417	49468400.00
2018/01/10	26.54	26.70	25.90	26.17	1347460	35839428.00
2018/01/11	26.13	27.23	26.00	27.08	1954645	53094296.00
2018/01/12	26.92	27.00	26.39	26.40	1104869	29698304.00
2018/01/15	26.38	26.38	24.88	25.05	1328293	34322344.00
2018/01/16	25.11	25.74	25.11	25.49	911218	23524250.00
2018/01/17	25.68	26.22	25.20	26.10	1189579	31122372.00
2018/01/18	25.81	26.09	25.75	26.04	834767	21894700.00
2018/01/19	26.08	26.52	25.87	25.99	923867	24510836.00
2018/01/22	26.00	26.00	25.10	25.58	971623	25024474.00
2018/01/23	25.50	25.86	25.45	25.57	656688	16983182.00
2018/01/24	25.51	26.10	25.22	26.02	964161	25154936.00
2018/01/25	26.09	26.23	25.70	25.70	1016379	26674506.00
2018/01/26	25.60	27.00	25.50	26.63	2101288	55843332.00
2018/01/29	26.70	27.63	26.42	26.89	3291523	89979384.00
2018/01/30	25.70	26.50	24.81	25.54	1914285	49427872.00
2018/01/31	25.16	25.38	24.31	24.35	1424108	35785808.00
2018/02/01	24.21	24.52	22.80	23.18	1244700	29704056.00
2018/02/02	22.98	23.40	22.44	22.85	604187	14044853.00
2018/02/05	22.38	22.90	22.38	22.54	596560	13656332.00
2018/02/06	21.95	22.53	20.50	20.53	1023900	22335368.00
2018/02/07	21.22	21.60	19.80	20.88	694764	14694254.00
2018/02/08	20.70	21.69	20.20	21.38	493519	10697259.00
2018/02/09	20.70	21.36	20.32	20.90	805003	17100490.00
2018/02/12	21.68	22.36	21.40	22.01	884500	19674194.00
2018/02/13	21.98	22.60	21.82	21.91	602401	13439245.00
2018/02/14	21.70	22.18	21.65	21.88	372600	8248483.00
2018/02/22	22.32	22.32	21.90	22.20	463260	10388976.00
2018/02/23	22.20	22.20	21.92	22.08	414660	9266452.00
2018/02/26	22.20	23.00	22.20	22.96	1167300	26893100.00
2018/02/27	22.72	22.89	22.56	22.65	1138280	26138818.00
2018/02/28	22.48	22.70	22.30	22.55	445155	10160732.00
2018/03/01	22.54	23.37	22.34	23.33	1501275	35059444.00
2018/03/02	23.04	23.58	22.98	23.10	958575	22552294.00
2018/03/05	23.25	23.60	22.75	23.60	1077618	25570958.00
2018/03/06	24.18	24.54	23.76	24.05	2006986	49079508.00
2018/03/07	23.71	24.25	23.62	23.88	1151020	27742544.00
2018/03/08	24.15	25.59	23.94	24.74	1761367	44151132.00
2018/03/09	27.24	27.24	27.24	27.24	1542458	42479292.00
2018/03/12	29.70	29.99	29.00	29.99	3311254	99463048.00
2018/03/13	30.50	30.50	28.50	28.63	7788538	231072560.00
2018/03/14	28.15	30.49	27.78	29.35	6466591	190118272.00
2018/03/15	28.20	29.20	27.28	28.40	4387224	125519128.00
2018/03/16	28.12	31.20	28.08	30.20	7173917	215205344.00
2018/03/19	29.65	29.99	28.36	29.76	4544748	134919088.00
2018/03/20	29.46	29.46	28.30	28.94	3829453	111560128.00
2018/03/21	29.26	30.94	28.65	29.91	6643744	199604736.00
2018/03/22	29.89	29.93	28.70	29.68	4005017	118911608.00
2018/03/23	28.03	28.68	26.68	26.68	4129715	114753840.00
2018/03/26	25.49	26.91	24.28	26.65	2717600	70747120.00
2018/03/27	26.80	27.88	26.80	27.40	3146694	87232416.00
2018/03/28	26.83	27.75	26.40	26.90	2216748	60872140.00
2018/03/29	27.24	27.63	26.10	26.62	1756540	47611076.00
2018/03/30	25.09	26.68	25.09	26.66	3811253	99946384.00
2018/04/02	26.48	27.70	25.95	26.88	3417152	92828048.00
2018/04/03	26.10	26.66	25.70	26.35	2000029	52972988.00
2018/04/04	26.41	27.55	26.08	27.47	3449157	93725072.00
2018/04/09	27.15	27.50	25.20	26.75	2289872	61869216.00
2018/04/10	26.70	26.80	25.55	26.04	2188673	57557020.00
2018/04/11	25.96	26.86	25.60	26.77	1914900	51261104.00
2018/04/12	26.70	26.70	25.71	25.90	1976360	52228248.00
2018/04/13	26.10	26.40	25.80	25.97	1271960	33463242.00
2018/04/16	26.20	26.20	25.50	25.51	1174228	30614752.00
2018/04/17	25.70	26.05	23.42	23.87	1896804	47377536.00
2018/04/18	23.95	24.40	23.29	24.25	1529668	36908500.00
2018/04/19	24.10	24.10	23.67	23.69	1439028	34759580.00
2018/04/20	23.51	23.52	22.60	22.68	1634672	38051244.00
2018/04/23	22.41	23.14	22.02	22.68	940984	21725562.00
2018/04/24	22.61	23.66	22.61	23.52	1207535	28598902.00
2018/04/25	23.31	24.10	23.28	23.82	1544808	37308344.00
2018/04/26	23.67	25.10	23.35	23.72	1991680	48739832.00
2018/04/27	23.48	24.00	23.36	23.56	1129389	27039880.00
2018/05/02	24.00	24.47	23.01	23.04	887140	21087080.00
2018/05/03	23.08	24.36	22.94	24.19	1569264	37707772.00
2018/05/04	24.30	24.33	23.62	23.80	1274217	30811142.00
2018/05/07	24.05	24.50	23.88	24.42	1436611	35334680.00
2018/05/08	24.50	24.95	24.16	24.95	1592412	39563252.00
2018/05/09	25.07	25.07	24.46	24.73	1188744	29722386.00
2018/05/10	24.74	25.01	24.53	24.95	1282859	32189454.00
2018/05/11	24.95	25.01	24.28	24.31	1073704	26645252.00
2018/05/14	24.50	25.63	24.50	24.86	1910277	48350904.00
2018/05/15	24.61	24.85	24.00	24.65	1532360	37703652.00
2018/05/16	24.43	24.43	23.92	23.93	1326849	32373738.00
2018/05/17	23.52	23.98	23.47	23.62	1025554	24541282.00
2018/05/18	23.62	23.89	23.17	23.58	1077834	25631924.00
2018/05/21	23.82	24.58	23.82	24.19	1342394	32876376.00
2018/05/22	24.20	25.16	23.95	24.88	2582674	64478216.00
2018/05/23	24.79	24.96	24.40	24.45	1599560	40033740.00
2018/05/24	24.67	25.23	24.52	24.90	1957140	49414716.00
2018/05/25	24.87	25.72	24.71	25.66	3671369	94018312.00
2018/05/28	25.81	27.28	25.20	25.69	4496486	118765968.00
2018/05/29	25.22	25.65	24.79	24.82	2019268	51196648.00
2018/05/30	24.48	24.48	22.34	22.67	2122864	49077624.00
2018/05/31	23.23	23.64	23.03	23.29	1155300	26922198.00
2018/06/01	23.21	23.54	22.82	23.19	861120	19982354.00
2018/06/04	23.60	23.72	23.18	23.37	740520	17317364.00
2018/06/05	23.49	24.58	23.38	24.32	1651448	39741580.00
2018/06/06	24.21	24.99	24.14	24.60	1673280	41193768.00
2018/06/07	25.00	25.00	24.32	24.70	1293500	31859596.00
2018/06/08	24.70	27.00	24.36	25.80	3927560	100173608.00
2018/06/11	26.31	28.00	25.55	25.70	5235541	140226736.00
2018/06/12	24.89	27.00	24.00	26.99	5908341	150831456.00
2018/06/13	26.06	26.70	24.90	25.22	3926977	101696760.00
2018/06/14	24.62	27.61	24.61	26.35	5381554	142134256.00
2018/06/15	25.70	27.95	25.52	27.10	6932176	185784144.00
2018/06/19	24.60	25.76	24.39	24.39	4271937	105875888.00
2018/06/20	24.00	24.40	22.80	23.87	3443320	81369304.00
2018/06/21	24.67	26.00	24.30	24.51	4843877	121299704.00
2018/06/22	22.06	23.70	22.06	22.91	4611052	105254776.00
2018/06/25	22.97	23.66	22.70	22.87	2744198	63453196.00
2018/06/26	22.34	23.51	22.30	23.43	2432695	56223872.00
2018/06/27	24.01	24.31	23.12	23.24	2563378	60396012.00
2018/06/28	23.67	23.98	22.42	22.61	2189278	50396048.00
2018/06/29	22.68	23.40	22.55	23.25	1966077	45350888.00
2018/07/02	23.23	23.90	22.97	23.33	2365735	55501452.00
2018/07/03	23.37	24.28	23.00	24.16	2579139	60999200.00
2018/07/04	23.98	24.16	22.90	23.05	2300897	54048600.00
2018/07/05	22.95	23.08	22.12	22.17	1498600	33829072.00
2018/07/06	22.16	22.75	21.70	22.27	1286380	28732342.00
2018/07/09	22.27	22.99	22.27	22.90	1101000	25028074.00
2018/07/10	22.90	23.50	22.71	23.29	1189544	27612832.00
2018/07/11	22.75	22.98	21.60	22.26	1805024	40153712.00
2018/07/12	22.41	23.25	22.41	22.88	1582800	36301800.00
2018/07/13	22.90	23.23	22.50	22.93	1176518	26989506.00
2018/07/16	23.20	23.31	22.88	23.12	1069858	24744926.00
2018/07/17	23.00	25.43	22.52	25.43	6531661	160628864.00
2018/07/18	25.50	26.38	25.00	25.11	6794501	173916048.00
2018/07/19	26.10	26.19	24.81	25.23	5187604	131662992.00
2018/07/20	25.27	26.26	25.22	25.94	6456981	166427920.00
2018/07/23	25.80	25.94	23.62	25.02	4509680	112434832.00
2018/07/24	24.68	24.92	24.03	24.89	3371401	82498592.00
2018/07/25	24.70	25.06	24.58	24.78	1828424	45304620.00
2018/07/26	24.75	24.76	24.04	24.10	1590600	38554020.00
2018/07/27	24.18	24.45	23.95	23.95	1205384	29084102.00
2018/07/30	23.93	24.30	22.87	22.94	1791900	41973776.00
2018/07/31	23.22	23.29	22.81	23.07	965100	22230552.00
2018/08/01	23.07	23.29	22.52	22.53	975000	22342944.00
2018/08/02	22.53	22.87	21.42	22.35	1442284	32096904.00
2018/08/03	22.10	22.42	21.84	21.84	703620	15492938.00
2018/08/06	21.84	22.05	21.39	21.68	647900	14071475.00
2018/08/07	21.75	22.29	21.40	22.14	916918	20119548.00
2018/08/08	22.15	22.23	21.63	21.70	675000	14802335.00
2018/08/09	21.70	22.50	21.58	22.27	851560	18967788.00
2018/08/10	22.28	22.49	22.08	22.38	785760	17526880.00
2018/08/13	22.10	22.83	21.80	22.58	912719	20486806.00
2018/08/14	22.50	22.79	22.31	22.39	653060	14713006.00
2018/08/15	22.32	22.46	21.60	21.61	817400	17945268.00
2018/08/16	21.58	21.58	19.45	20.70	1006625	21053956.00
2018/08/17	20.68	21.00	19.92	20.00	769419	15716753.00
2018/08/20	20.01	20.01	19.06	19.70	1650260	32109904.00
2018/08/21	19.67	19.81	19.20	19.54	1532700	29856988.00
2018/08/22	19.70	20.50	19.70	19.93	1697600	34036804.00
2018/08/23	19.48	20.30	19.39	20.07	1221060	24387006.00
2018/08/24	19.74	20.05	19.62	19.68	934900	18533136.00
2018/08/27	19.68	20.25	19.68	20.20	1170220	23541798.00
2018/08/28	20.26	20.57	20.08	20.25	998640	20306608.00
2018/08/29	20.27	20.52	20.00	20.27	645920	13033628.00
2018/08/30	20.42	20.42	19.90	19.90	616400	12408016.00
2018/08/31	19.89	20.22	19.80	19.90	600200	11991530.00
2018/09/03	19.37	19.74	18.96	19.47	667600	12938864.00
2018/09/04	19.47	20.10	19.31	19.99	689000	13662615.00
2018/09/05	19.83	20.17	19.65	19.65	698200	13904600.00
2018/09/06	19.65	20.04	19.56	19.66	539000	10688290.00
2018/09/07	19.88	20.10	19.68	19.70	502146	9983045.00
2018/09/10	19.67	19.67	19.08	19.10	642860	12369129.00
2018/09/11	19.03	19.33	18.84	19.21	391820	7521953.50
2018/09/12	19.25	19.45	19.20	19.35	406100	7843805.00
2018/09/13	19.50	19.65	19.15	19.43	499460	9679008.00
2018/09/14	19.43	19.58	18.75	18.77	609800	11652833.00
2018/09/17	18.77	18.90	18.26	18.26	502846	9288249.00
2018/09/18	18.38	18.64	18.05	18.61	627919	11561573.00
2018/09/19	19.29	20.26	19.10	19.46	1501626	29518352.00
2018/09/20	19.26	19.27	18.80	18.86	976506	18563290.00
2018/09/21	18.86	19.07	18.70	18.94	682800	12924731.00
2018/09/25	18.98	19.18	18.90	19.08	578000	11033604.00
2018/09/26	19.00	19.15	18.98	19.07	439960	8394355.00
2018/09/27	19.07	19.26	18.55	18.55	630700	11962390.00
2018/09/28	18.58	18.94	18.58	18.92	284460	5348522.50
2018/10/08	18.75	18.75	18.24	18.30	475360	8824517.00
2018/10/09	18.31	18.65	18.30	18.42	423460	7814108.50
2018/10/10	18.60	18.74	18.41	18.74	397284	7385099.00
2018/10/11	18.20	18.20	16.87	17.05	967044	17016068.00
2018/10/12	17.08	17.42	16.70	17.28	700700	12016792.00
2018/10/15	17.20	17.73	17.20	17.42	385020	6739209.00
2018/10/16	17.22	17.50	16.77	16.88	439906	7511640.00
2018/10/17	17.05	17.31	16.71	17.09	346960	5919263.50
2018/10/18	16.99	17.13	16.59	16.61	369300	6217995.50
2018/10/19	16.30	16.99	16.22	16.95	435882	7303501.50
2018/10/22	16.99	17.96	16.95	17.66	763900	13428505.00
2018/10/23	17.65	17.65	17.20	17.35	461460	8034890.00
2018/10/24	17.03	17.48	17.03	17.24	372786	6442965.50
2018/10/25	16.55	16.99	16.55	16.87	384883	6445030.00
2018/10/26	17.10	17.20	16.85	17.01	300700	5109027.00
2018/10/29	17.40	17.40	16.89	17.08	351200	6025180.00
2018/10/30	17.02	17.20	16.64	17.19	479400	8129603.00
2018/10/31	17.17	17.62	17.01	17.56	720500	12510128.00
2018/11/01	17.67	19.32	17.41	18.05	1949582	35715448.00
2018/11/02	17.85	19.07	17.85	18.57	1872960	34370964.00
2018/11/05	18.41	18.68	18.28	18.59	1420382	26256836.00
2018/11/06	18.59	18.59	18.03	18.37	610500	11172187.00
2018/11/07	18.38	18.86	18.23	18.37	801900	14898793.00
2018/11/08	18.56	18.68	18.20	18.20	750000	13846517.00
2018/11/09	18.01	18.51	18.01	18.30	601800	11030727.00
2018/11/12	18.48	18.78	18.29	18.72	920819	17160156.00
2018/11/13	18.72	19.05	18.59	18.81	1083782	20405442.00
2018/11/14	18.75	19.10	18.68	18.75	768482	14486792.00
2018/11/15	18.66	19.50	18.66	19.49	1372700	26403212.00
2018/11/16	19.54	20.58	19.28	20.09	1639982	32531796.00
2018/11/19	20.00	20.08	19.43	19.64	1080400	21278634.00
2018/11/20	19.50	19.85	18.92	18.92	944800	18327776.00
2018/11/21	18.66	19.19	18.62	19.17	637000	12059196.00
2018/11/22	19.23	19.23	18.70	18.97	1128800	21355180.00
2018/11/23	18.83	18.92	18.02	18.17	972100	17996012.00
2018/11/26	18.28	18.39	17.88	17.91	659500	11971888.00
2018/11/27	18.30	18.38	17.92	18.24	500744	9102879.00
2018/11/28	18.40	18.84	17.93	18.66	715100	13211979.00
2018/11/29	18.60	18.84	17.98	18.17	635182	11790400.00
2018/11/30	18.03	18.28	17.89	18.20	391800	7105231.00
2018/12/03	18.73	19.09	18.39	19.07	894000	16873548.00
2018/12/04	19.01	19.20	18.83	19.20	539400	10244903.00
2018/12/05	18.88	21.00	18.76	20.80	2248800	44569072.00
2018/12/06	20.75	20.75	19.02	19.15	2571594	50900780.00
2018/12/07	19.15	19.65	19.15	19.23	715600	13891101.00
2018/12/10	18.94	19.56	18.87	18.94	534144	10260741.00
2018/12/11	18.88	19.32	18.80	19.06	489300	9323469.00
2018/12/12	19.11	19.15	18.57	18.71	488100	9150690.00
2018/12/13	18.83	19.10	18.60	18.91	493800	9334676.00
2018/12/14	18.75	18.96	18.40	18.50	524900	9767476.00
2018/12/17	18.26	18.56	18.26	18.37	316360	5818253.00
2018/12/18	18.24	18.47	18.15	18.40	241260	4424263.50
2018/12/19	18.60	18.72	18.42	18.50	317200	5897270.00
2018/12/20	18.26	18.64	18.26	18.58	217200	4017672.00
2018/12/21	18.61	18.70	18.29	18.44	238600	4423818.00
2018/12/24	18.43	19.14	18.42	19.14	835119	15789347.00
2018/12/25	18.55	19.88	18.55	19.60	1309660	25246766.00
2018/12/26	19.40	19.58	19.05	19.10	808519	15574105.00
2018/12/27	19.24	19.49	19.00	19.00	597300	11477196.00
2018/12/28	18.85	19.04	18.40	18.55	504500	9447078.00
2019/01/02	18.55	20.00	18.50	19.35	1122700	21548248.00
2019/01/03	19.37	19.71	18.68	18.89	1028444	19672698.00
数据来源:通达信
