002580 圣阳股份 日线 前复权
      日期	    开盘	    最高	    最低	    收盘	    成交量	    成交额
2011/05/06	5.61	5.94	5.58	5.66	3918956	93713024.00
2011/05/09	5.60	6.24	5.54	6.24	3157982	78738344.00
2011/05/10	6.35	6.73	6.25	6.57	7362387	195622000.00
2011/05/11	6.38	6.62	6.32	6.48	4296328	114420664.00
2011/05/12	6.37	6.76	6.28	6.50	4583742	124734840.00
2011/05/13	6.53	7.16	6.41	7.16	6032700	170805488.00
2011/05/16	7.14	7.22	6.83	6.91	4988318	144436976.00
2011/05/17	6.85	7.08	6.58	6.77	4328778	122772496.00
2011/05/18	6.66	6.72	6.41	6.49	3208434	86497016.00
2011/05/19	6.52	6.64	6.43	6.61	2388697	64563812.00
2011/05/20	6.52	6.52	6.23	6.29	2946708	77288456.00
2011/05/23	6.22	6.40	6.05	6.15	2058629	52912292.00
2011/05/24	6.22	6.40	6.09	6.22	2087686	54051836.00
2011/05/25	6.20	6.20	5.80	5.84	2740895	67520224.00
2011/05/26	5.84	5.93	5.65	5.69	1930578	46319396.00
2011/05/27	5.66	5.72	5.44	5.57	1364303	31493646.00
2011/05/30	5.53	5.71	5.47	5.56	1107447	25746196.00
2011/05/31	5.57	5.73	5.57	5.71	1293199	30408812.00
2011/06/01	5.71	5.98	5.68	5.91	2419059	58951816.00
2011/06/02	5.85	5.85	5.57	5.66	1740942	41285984.00
2011/06/03	5.61	5.80	5.60	5.73	1194473	28328064.00
2011/06/07	5.66	5.73	5.63	5.71	924990	21832798.00
2011/06/08	5.72	5.74	5.53	5.60	1316203	30641210.00
2011/06/09	5.60	5.60	5.24	5.24	1879020	42188024.00
2011/06/10	5.21	5.24	5.06	5.16	1132028	24126050.00
2011/06/13	5.06	5.28	5.06	5.25	943318	20471632.00
2011/06/14	5.25	5.44	5.19	5.35	946802	20972856.00
2011/06/15	5.31	5.45	5.26	5.27	633835	14114334.00
2011/06/16	5.25	5.27	5.16	5.23	526739	11403764.00
2011/06/17	5.21	5.27	5.16	5.16	525695	11409949.00
2011/06/20	5.11	5.16	5.04	5.12	385498	8166197.00
2011/06/21	5.12	5.36	5.11	5.32	1030640	22646838.00
2011/06/22	5.32	5.35	5.22	5.31	681997	14981740.00
2011/06/23	5.33	5.61	5.25	5.54	1528639	34784008.00
2011/06/24	5.49	5.66	5.46	5.58	1291533	29887130.00
2011/06/27	5.58	5.69	5.54	5.61	1108299	25864712.00
2011/06/28	5.61	5.65	5.49	5.57	638110	14689928.00
2011/06/29	5.54	5.62	5.46	5.48	750468	17243864.00
2011/06/30	5.48	5.64	5.44	5.60	767666	17760920.00
2011/07/01	5.61	6.18	5.61	6.07	2844592	70243536.00
2011/07/04	6.42	6.52	6.18	6.39	3810672	100086608.00
2011/07/05	6.39	6.40	6.16	6.23	3225690	83512552.00
2011/07/06	6.17	6.39	6.09	6.35	2156623	55880448.00
2011/07/07	6.30	6.64	6.30	6.40	2612670	69726248.00
2011/07/08	6.39	6.39	6.08	6.17	1791411	45795236.00
2011/07/11	6.16	6.26	6.07	6.16	936405	24001308.00
2011/07/12	6.07	6.30	6.05	6.16	1277689	32857242.00
2011/07/13	6.20	6.40	6.12	6.34	1702807	44328560.00
2011/07/14	6.35	6.99	6.35	6.85	4817710	136366512.00
2011/07/15	6.79	6.98	6.70	6.76	2858430	80562144.00
2011/07/18	6.81	7.07	6.78	6.90	2929385	83737696.00
2011/07/19	6.78	7.57	6.73	7.32	4559813	134594944.00
2011/07/20	7.25	7.33	6.99	7.10	2492604	73407176.00
2011/07/21	7.02	7.35	6.94	6.95	2082625	61747264.00
2011/07/22	6.94	7.25	6.78	7.12	1825943	52943916.00
2011/07/25	6.98	7.02	6.39	6.41	2619426	72735464.00
2011/07/26	6.28	6.63	6.28	6.59	1596154	43016172.00
2011/07/27	6.56	7.14	6.40	6.97	1629695	46562788.00
2011/07/28	6.80	6.89	6.62	6.84	1258958	35183300.00
2011/07/29	6.68	6.81	6.68	6.73	989830	27559736.00
2011/08/01	6.73	6.90	6.57	6.85	1116952	31249692.00
2011/08/02	6.78	7.02	6.54	6.98	1592460	44712916.00
2011/08/03	6.89	6.98	6.70	6.95	1092860	31078766.00
2011/08/04	6.95	7.14	6.87	6.90	1060300	30686836.00
2011/08/05	6.56	6.71	6.56	6.58	1412254	38682340.00
2011/08/08	6.56	6.65	6.03	6.17	1436603	37601432.00
2011/08/09	5.94	6.22	5.69	6.03	1288984	31846514.00
2011/08/10	6.17	6.38	6.08	6.25	1739632	44855844.00
2011/08/11	6.11	6.32	5.98	6.25	1571720	40424300.00
2011/08/12	6.27	6.46	6.27	6.38	1306035	34446524.00
2011/08/15	6.49	6.82	6.49	6.67	2189783	60295944.00
2011/08/16	6.59	6.73	6.56	6.61	1223666	33460158.00
2011/08/17	6.57	6.89	6.57	6.79	1665053	46467800.00
2011/08/18	6.74	6.77	6.55	6.55	1118657	30858824.00
2011/08/19	6.37	6.51	6.33	6.45	879740	23328020.00
2011/08/22	6.44	6.65	6.44	6.50	719857	19550048.00
2011/08/23	6.53	6.85	6.48	6.85	1305474	36068848.00
2011/08/24	6.85	6.99	6.79	6.85	1954705	55657908.00
2011/08/25	6.84	6.94	6.72	6.87	1254115	35451876.00
2011/08/26	6.87	7.02	6.87	6.95	1360816	39085652.00
2011/08/29	6.92	7.00	6.88	6.90	1082297	30962246.00
2011/08/30	6.92	6.99	6.63	6.63	1176407	33228634.00
2011/08/31	6.66	6.69	6.41	6.47	1365020	36857532.00
2011/09/01	6.47	6.55	6.42	6.47	692919	18607228.00
2011/09/02	6.50	6.68	6.43	6.55	903573	24573254.00
2011/09/05	6.39	6.65	6.39	6.49	726440	19486494.00
2011/09/06	6.47	6.49	6.13	6.25	960087	25182780.00
2011/09/07	6.30	6.47	6.25	6.43	719156	19002358.00
2011/09/08	6.44	6.48	6.24	6.26	591066	15566442.00
2011/09/09	6.25	6.39	6.15	6.15	520890	13438951.00
2011/09/13	6.04	6.09	5.97	6.03	524408	13104236.00
2011/09/14	6.08	6.15	5.96	6.10	641642	16077130.00
2011/09/15	6.16	6.32	6.14	6.21	1286004	33289282.00
2011/09/16	6.18	6.23	6.05	6.05	819839	20795170.00
2011/09/19	6.06	6.06	5.76	5.78	672886	16282241.00
2011/09/20	5.76	5.83	5.71	5.78	446651	10676975.00
2011/09/21	5.76	6.14	5.76	6.02	915536	22554546.00
2011/09/22	5.98	6.03	5.78	5.78	655719	16073892.00
2011/09/23	5.73	5.81	5.63	5.80	418526	9952459.00
2011/09/26	5.80	5.88	5.70	5.73	493112	11815455.00
2011/09/27	5.76	5.83	5.68	5.78	413911	9917608.00
2011/09/28	5.83	5.87	5.71	5.71	311520	7500352.00
2011/09/29	5.71	5.73	5.40	5.43	523155	11946752.00
2011/09/30	5.53	5.56	5.26	5.39	456955	10141984.00
2011/10/10	5.41	5.45	5.29	5.31	443971	9862859.00
2011/10/11	5.49	5.49	5.13	5.18	943485	20950838.00
2011/10/12	5.06	5.41	5.04	5.37	828238	18137846.00
2011/10/13	5.35	5.63	5.31	5.52	1528057	34924384.00
2011/10/14	5.48	5.48	5.37	5.48	622656	14075711.00
2011/10/17	5.46	5.63	5.42	5.61	969495	22433342.00
2011/10/18	5.55	5.68	5.47	5.53	1015347	23432232.00
2011/10/19	5.53	5.61	5.36	5.36	576148	13094526.00
2011/10/20	5.33	5.34	5.10	5.21	607898	13223781.00
2011/10/21	5.23	5.29	5.12	5.27	483103	10435456.00
2011/10/24	5.21	5.46	5.10	5.45	947434	20835296.00
2011/10/25	5.40	5.63	5.37	5.60	1159921	26585862.00
2011/10/26	5.54	5.71	5.51	5.59	1360435	31722406.00
2011/10/27	5.56	6.13	5.56	5.77	2160963	52179096.00
2011/10/28	5.86	5.98	5.76	5.89	1739785	42168016.00
2011/10/31	5.91	6.13	5.90	5.98	2155687	53740004.00
2011/11/01	5.91	6.18	5.83	6.05	2444562	60649472.00
2011/11/02	5.87	6.11	5.81	6.06	2693940	66176740.00
2011/11/03	6.08	6.27	5.95	5.96	2594548	65541404.00
2011/11/04	5.96	6.15	5.89	6.04	1940850	48294932.00
2011/11/07	6.04	6.13	6.01	6.04	1043905	26249644.00
2011/11/08	6.04	6.10	5.90	5.93	1016793	25241590.00
2011/11/09	5.96	6.18	5.91	6.17	1555223	38985532.00
2011/11/10	6.10	6.30	6.08	6.11	2033761	52161508.00
2011/11/11	6.13	6.25	6.10	6.16	1477010	37786732.00
2011/11/14	6.25	6.57	6.25	6.46	2456226	65253320.00
2011/11/15	6.41	6.47	6.34	6.42	1208444	31990496.00
2011/11/16	6.42	6.45	6.13	6.14	1540652	39922012.00
2011/11/17	6.17	6.28	6.08	6.20	1273832	32647626.00
2011/11/18	6.13	6.14	5.92	5.95	1116945	27855918.00
2011/11/21	5.95	6.06	5.87	6.03	648929	16089803.00
2011/11/22	5.98	6.13	5.91	6.12	821480	20575046.00
2011/11/23	6.13	6.22	6.09	6.11	1161099	29593428.00
2011/11/24	6.03	6.15	5.95	6.07	745987	18679876.00
2011/11/25	6.03	6.32	5.98	6.29	2095140	53903232.00
2011/11/28	6.27	6.35	6.16	6.23	1138352	29381698.00
2011/11/29	6.30	6.43	6.23	6.42	2059153	54023212.00
2011/11/30	6.38	6.40	5.84	5.96	1905210	48476436.00
2011/12/01	6.18	6.29	6.07	6.08	1499609	38410416.00
2011/12/02	6.08	6.08	5.84	5.86	1071097	26364450.00
2011/12/05	5.77	5.85	5.51	5.53	864207	20296412.00
2011/12/06	5.52	5.68	5.52	5.62	532891	12434573.00
2011/12/07	5.61	5.69	5.54	5.65	338602	7938231.50
2011/12/08	5.62	5.75	5.48	5.70	764259	17906942.00
2011/12/09	5.65	5.78	5.64	5.70	487851	11532512.00
2011/12/12	5.70	5.83	5.68	5.73	679824	16253534.00
2011/12/13	5.61	5.71	5.53	5.53	778073	18069098.00
2011/12/14	5.49	5.63	5.37	5.39	638588	14519850.00
2011/12/15	5.36	5.47	5.30	5.35	670761	15120951.00
2011/12/16	5.35	5.63	5.35	5.62	823826	18836132.00
2011/12/19	5.55	5.72	5.47	5.72	1041958	24121840.00
2011/12/20	5.65	5.76	5.58	5.60	727060	17113960.00
2011/12/21	5.67	5.71	5.35	5.38	722789	16763923.00
2011/12/22	5.29	5.36	5.06	5.27	885325	19079222.00
2011/12/23	5.24	5.40	5.19	5.30	492058	10863990.00
2011/12/26	5.31	5.34	5.17	5.17	368293	8058100.00
2011/12/28	4.68	4.84	4.64	4.79	791703	15645891.00
2011/12/29	4.69	4.84	4.64	4.82	304917	6103312.50
2011/12/30	4.85	4.90	4.80	4.85	311736	6324496.50
2012/01/04	4.87	4.96	4.66	4.67	455800	9139843.00
2012/01/05	4.67	4.68	4.31	4.34	545822	10180029.00
2012/01/06	4.34	4.41	4.12	4.37	445411	7956681.50
2012/01/09	4.37	4.59	4.26	4.57	703197	13215388.00
2012/01/10	4.57	4.79	4.55	4.75	694491	13628312.00
2012/01/11	4.77	4.89	4.70	4.78	668967	13411808.00
2012/01/12	4.78	4.85	4.72	4.74	378145	7546756.50
2012/01/13	4.73	4.75	4.37	4.44	668344	12646505.00
2012/01/16	4.39	4.44	4.20	4.21	272789	4948257.00
2012/01/17	4.21	4.59	4.18	4.55	493990	9098967.00
2012/01/18	4.58	4.86	4.43	4.47	874636	16941414.00
2012/01/19	4.30	4.58	4.25	4.52	671251	12469505.00
2012/01/20	4.49	4.60	4.49	4.54	434971	8278351.00
2012/01/30	4.54	4.61	4.52	4.53	309988	5912694.00
2012/01/31	4.52	4.64	4.51	4.61	552705	10609124.00
2012/02/01	4.62	4.66	4.53	4.57	398100	7663591.50
2012/02/02	4.63	4.65	4.52	4.64	435830	8364513.00
2012/02/03	4.60	4.76	4.60	4.72	648313	12711905.00
2012/02/06	4.74	4.75	4.67	4.72	518364	10210463.00
2012/02/07	4.68	4.70	4.54	4.57	513050	9873076.00
2012/02/08	4.59	4.71	4.52	4.69	614086	11920259.00
2012/02/09	4.66	4.79	4.66	4.74	748852	14856485.00
2012/02/10	4.74	4.81	4.72	4.81	707725	14101171.00
2012/02/13	4.75	4.91	4.73	4.88	832425	16828970.00
2012/02/14	4.90	4.90	4.81	4.86	500874	10126793.00
2012/02/15	4.85	5.00	4.79	4.99	892628	18283906.00
2012/02/16	4.94	5.07	4.88	5.03	753787	15641330.00
2012/02/17	5.02	5.16	4.95	5.01	849619	17876474.00
2012/02/20	5.07	5.11	4.97	4.99	641057	13410155.00
2012/02/21	4.96	5.08	4.94	5.06	829488	17339240.00
2012/02/22	5.04	5.19	5.04	5.18	1009653	21600534.00
2012/02/23	5.19	5.25	5.11	5.17	836756	18052030.00
2012/02/24	5.15	5.24	5.15	5.23	746080	16156299.00
2012/02/27	5.24	5.33	5.18	5.19	1037028	22704620.00
2012/02/28	5.19	5.21	5.03	5.06	787711	16715150.00
2012/02/29	5.05	5.11	5.00	5.02	480793	10120991.00
2012/03/01	5.03	5.31	4.99	5.31	1318760	28492446.00
2012/03/02	5.32	5.48	5.27	5.45	1664738	37211624.00
2012/03/05	5.39	5.48	5.39	5.44	917741	20751724.00
2012/03/06	5.43	5.58	5.29	5.49	1286792	29403456.00
2012/03/07	5.44	5.53	5.27	5.27	1024881	22961358.00
2012/03/08	5.35	5.43	5.29	5.35	674435	15021491.00
2012/03/09	5.38	5.51	5.30	5.47	991886	22270602.00
2012/03/12	5.46	5.56	5.45	5.51	826303	18934644.00
2012/03/13	5.55	5.55	5.44	5.50	621707	14168404.00
2012/03/16	5.26	5.49	5.17	5.46	1493463	33190094.00
2012/03/19	5.42	5.52	5.32	5.52	1034477	23337298.00
2012/03/20	5.52	5.52	5.30	5.31	734409	16459802.00
2012/03/21	5.36	5.42	5.23	5.38	699683	15560611.00
2012/03/22	5.38	5.38	5.26	5.27	439581	9726307.00
2012/03/23	5.24	5.33	5.14	5.18	401586	8734517.00
2012/03/26	5.19	5.28	5.16	5.21	355827	7728963.50
2012/03/27	5.23	5.34	5.22	5.24	482779	10583578.00
2012/03/28	5.04	5.14	4.70	4.70	1278668	25668810.00
2012/03/29	4.59	4.65	4.48	4.51	759673	14413434.00
2012/03/30	4.51	4.54	4.45	4.51	379908	7163690.00
2012/04/05	4.54	4.63	4.48	4.62	562751	10728564.00
2012/04/06	4.59	4.65	4.55	4.61	439312	8440325.00
2012/04/09	4.60	4.60	4.51	4.52	329068	6239623.50
2012/04/10	4.51	4.51	4.32	4.48	500032	9216729.00
2012/04/11	4.43	4.51	4.39	4.50	418780	7810249.00
2012/04/12	4.50	4.63	4.48	4.61	539303	10322187.00
2012/04/13	4.62	4.66	4.60	4.65	590596	11433452.00
2012/04/16	4.63	4.68	4.58	4.61	458281	8860966.00
2012/04/17	4.62	4.62	4.52	4.52	349661	6677983.50
2012/04/18	4.53	4.66	4.51	4.63	447501	8568015.00
2012/04/19	4.65	4.78	4.65	4.70	763351	15053836.00
2012/04/23	4.69	4.74	4.44	4.49	628868	12058633.00
2012/04/24	4.46	4.52	4.30	4.40	557095	10273323.00
2012/04/25	4.39	4.51	4.36	4.48	513517	9542988.00
2012/04/26	4.49	4.49	4.41	4.48	362557	6758485.50
2012/04/27	4.46	4.48	4.42	4.44	246931	4594641.50
2012/05/02	4.48	4.59	4.42	4.54	499898	9423092.00
2012/05/03	4.54	4.56	4.50	4.56	516911	9779989.00
2012/05/04	4.56	4.64	4.56	4.63	535160	10307579.00
2012/05/07	4.63	4.84	4.60	4.83	1071117	21317726.00
2012/05/08	4.82	4.83	4.71	4.82	739516	14727679.00
2012/05/09	4.78	4.78	4.70	4.75	480605	9520694.00
2012/05/10	4.74	4.84	4.73	4.75	651106	13002598.00
2012/05/11	4.74	4.75	4.58	4.58	661593	9078116.00
2012/05/14	4.63	4.63	4.55	4.56	493617	6714421.50
2012/05/15	4.50	4.60	4.48	4.59	500302	6732746.50
2012/05/16	4.59	4.59	4.50	4.52	284430	3828934.25
2012/05/17	4.52	4.59	4.51	4.57	371900	5029936.00
2012/05/18	4.52	4.70	4.49	4.57	757249	10334229.00
2012/05/21	4.52	4.58	4.47	4.47	480432	6442546.50
2012/05/22	4.49	4.55	4.49	4.52	371812	4961674.00
2012/05/23	4.50	4.50	4.31	4.39	836960	10910315.00
2012/05/24	4.39	4.81	4.32	4.62	1692674	22808734.00
2012/05/25	4.53	4.56	4.33	4.39	1173233	15521263.00
2012/05/28	4.36	4.38	4.17	4.35	613937	7778378.00
2012/05/29	4.31	4.47	4.31	4.44	593954	7771761.50
2012/05/30	4.44	4.71	4.41	4.65	1446460	19630570.00
2012/05/31	4.63	4.80	4.56	4.72	1888468	26167872.00
2012/06/01	4.69	4.70	4.56	4.61	983924	13504158.00
2012/06/04	4.55	4.56	4.40	4.44	907854	12003943.00
2012/06/05	4.44	4.49	4.35	4.41	539334	7054337.00
2012/06/06	4.43	4.49	4.40	4.43	366619	4824531.50
2012/06/07	4.48	4.49	4.35	4.40	353740	4646931.50
2012/06/08	4.45	4.55	4.37	4.49	843517	11229590.00
2012/06/11	4.48	4.61	4.42	4.60	931731	12500050.00
2012/06/12	4.59	4.66	4.56	4.61	1170858	16023800.00
2012/06/13	4.59	4.73	4.59	4.67	1725614	23946806.00
2012/06/14	4.63	4.70	4.53	4.55	1124719	15406025.00
2012/06/15	4.56	4.65	4.52	4.65	1124896	15288955.00
2012/06/18	4.66	4.71	4.63	4.68	1128583	15573958.00
2012/06/19	4.66	4.67	4.60	4.61	515534	7069526.00
2012/06/20	4.62	4.69	4.60	4.67	1172376	16149538.00
2012/06/25	4.54	4.58	4.35	4.37	891401	11766907.00
2012/06/26	4.28	4.82	4.28	4.82	2442272	34149632.00
2012/06/27	5.08	5.31	4.93	4.98	7737930	115987136.00
2012/06/28	4.91	5.35	4.91	5.06	6061243	91938768.00
2012/06/29	4.89	5.04	4.69	5.02	4189871	60461792.00
2012/07/02	4.99	5.20	4.88	5.18	3903241	58499052.00
2012/07/03	5.11	5.20	5.05	5.08	3328131	50123080.00
2012/07/04	5.09	5.17	5.01	5.16	2718747	40776392.00
2012/07/05	5.09	5.13	4.83	4.84	2381252	34959260.00
2012/07/06	4.87	5.02	4.84	4.99	1728248	25298726.00
2012/07/09	4.94	4.99	4.78	4.78	1516701	21894552.00
2012/07/10	4.84	4.84	4.30	4.38	2226536	29845650.00
2012/07/11	4.33	4.45	4.33	4.41	1220426	15897973.00
2012/07/12	4.39	4.47	4.06	4.43	2666870	33653180.00
2012/07/13	4.33	4.38	4.19	4.21	1777804	22651348.00
2012/07/16	4.11	4.15	3.90	3.92	1539606	18351648.00
2012/07/17	3.90	4.01	3.86	3.98	715911	8423487.00
2012/07/18	3.94	4.08	3.90	4.06	842683	9955175.00
2012/07/19	4.04	4.15	4.01	4.05	1065621	12963458.00
2012/07/20	4.04	4.15	4.04	4.07	740410	9011267.00
2012/07/23	4.03	4.07	3.91	4.01	725296	8596161.00
2012/07/24	3.99	4.08	3.95	4.04	641171	7670603.00
2012/07/25	4.03	4.15	4.00	4.08	780865	9482368.00
2012/07/26	4.11	4.15	4.06	4.09	772907	9428357.00
2012/07/27	4.11	4.12	3.97	4.03	763767	9164993.00
2012/07/30	4.06	4.07	3.89	3.92	505569	5963837.50
2012/07/31	3.92	3.99	3.84	3.94	486814	5666640.00
2012/08/01	3.88	4.10	3.88	4.03	790201	9475841.00
2012/08/02	4.02	4.03	3.92	3.96	547951	6479429.50
2012/08/03	3.96	4.06	3.94	4.06	656676	7826055.50
2012/08/06	4.03	4.22	4.01	4.19	1392713	17170324.00
2012/08/07	4.17	4.25	4.13	4.24	1374913	17144712.00
2012/08/08	4.21	4.26	4.14	4.17	838600	10432864.00
2012/08/09	4.18	4.36	4.16	4.31	1545115	19611634.00
2012/08/10	4.29	4.39	4.21	4.30	1214980	15506127.00
2012/08/13	4.30	4.33	4.15	4.17	897744	11324821.00
2012/08/14	4.17	4.22	4.05	4.19	651891	8021489.50
2012/08/15	4.18	4.23	4.14	4.14	521248	6460174.50
2012/08/16	4.11	4.14	4.06	4.08	569001	6920718.00
2012/08/17	4.07	4.11	4.05	4.10	349885	4247002.00
2012/08/20	4.08	4.16	4.03	4.13	407025	4962322.00
2012/08/21	4.13	4.25	4.10	4.22	934492	11676941.00
2012/08/22	4.25	4.30	4.15	4.17	631233	7912994.00
2012/08/23	4.17	4.27	4.14	4.25	827239	10356516.00
2012/08/24	4.23	4.24	4.13	4.13	786175	9741718.00
2012/08/27	4.04	4.13	4.02	4.03	646979	7796334.00
2012/08/28	4.02	4.08	3.96	4.03	450067	5384017.00
2012/08/29	4.03	4.12	4.01	4.07	602702	7318315.00
2012/08/30	4.04	4.21	3.92	3.98	637126	7629671.50
2012/08/31	3.96	4.04	3.95	4.01	307304	3648776.25
2012/09/03	3.96	4.28	3.95	4.19	1162958	14345443.00
2012/09/04	4.17	4.19	4.09	4.11	646180	7955148.00
2012/09/05	4.13	4.26	4.09	4.21	1133824	14175788.00
2012/09/06	4.25	4.35	4.19	4.29	1758999	22404944.00
2012/09/07	4.30	4.43	4.30	4.40	2347267	30416630.00
2012/09/10	4.52	4.52	4.35	4.39	1510686	19688218.00
2012/09/11	4.35	4.51	4.32	4.51	1876182	24527978.00
2012/09/12	4.51	4.55	4.42	4.50	1627441	21694946.00
2012/09/13	4.47	4.50	4.34	4.35	1049948	13783660.00
2012/09/14	4.38	4.72	4.33	4.47	2138273	28606736.00
2012/09/17	4.42	4.49	4.27	4.30	1294958	16787350.00
2012/09/18	4.25	4.35	4.24	4.27	568671	7243586.50
2012/09/19	4.31	4.32	4.25	4.30	434344	5527022.50
2012/09/20	4.26	4.31	4.10	4.11	651279	8153208.00
2012/09/21	4.11	4.14	4.03	4.04	627867	7612157.00
2012/09/24	3.97	4.08	3.97	4.05	310060	3722554.25
2012/09/25	4.02	4.08	4.01	4.05	236682	2844669.75
2012/09/26	4.06	4.06	3.81	3.86	1194839	13836375.00
2012/09/27	3.87	3.98	3.80	3.94	556190	6449932.50
2012/09/28	3.92	4.11	3.91	4.10	782233	9403965.00
2012/10/08	4.10	4.10	4.04	4.05	264131	3190827.75
2012/10/09	4.06	4.17	4.06	4.17	591173	7275736.00
2012/10/10	4.15	4.26	4.14	4.25	534226	6676714.00
2012/10/11	4.27	4.27	4.14	4.16	613153	7671908.00
2012/10/12	4.19	4.23	4.11	4.23	675478	8407903.00
2012/10/15	4.23	4.24	4.09	4.13	450484	5544845.50
2012/10/16	4.14	4.32	4.14	4.21	847792	10667624.00
2012/10/17	4.21	4.28	4.17	4.25	545750	6846750.00
2012/10/18	4.28	4.45	4.28	4.36	1404832	18270920.00
2012/10/19	4.35	4.35	4.27	4.30	792867	10111977.00
2012/10/22	4.28	4.38	4.28	4.34	743266	9539113.00
2012/10/23	4.33	4.34	4.19	4.21	744320	9443273.00
2012/10/24	4.20	4.27	4.16	4.25	524728	6575381.00
2012/10/25	4.25	4.28	4.20	4.20	391324	4924218.00
2012/10/26	4.20	4.25	4.09	4.17	550612	6815852.50
2012/10/29	4.17	4.52	4.17	4.35	2430935	31550890.00
2012/10/30	4.36	4.47	4.30	4.40	1230924	15941172.00
2012/10/31	4.37	4.41	4.30	4.39	751584	9730249.00
2012/11/01	4.40	4.64	4.38	4.56	2333762	31382134.00
2012/11/02	4.54	4.59	4.48	4.55	1075276	14432884.00
2012/11/05	4.50	4.59	4.41	4.50	890025	11813924.00
2012/11/06	4.50	4.66	4.41	4.65	1614805	21707276.00
2012/11/07	4.61	4.68	4.56	4.57	1313091	17970526.00
2012/11/08	4.56	4.90	4.39	4.42	2171428	29404346.00
2012/11/09	4.36	4.47	4.35	4.43	1049272	13733325.00
2012/11/12	4.42	4.47	4.37	4.42	707671	9258978.00
2012/11/13	4.48	4.48	4.18	4.20	992930	12686454.00
2012/11/14	4.14	4.24	4.07	4.17	633514	7825249.50
2012/11/15	4.14	4.16	4.02	4.03	623794	7581141.50
2012/11/16	4.01	4.09	4.01	4.07	392739	4733023.50
2012/11/19	4.06	4.23	4.06	4.19	605787	7505136.50
2012/11/20	4.23	4.23	4.14	4.18	358396	4439055.50
2012/11/21	4.18	4.29	4.14	4.27	663940	8327150.00
2012/11/22	4.27	4.30	4.20	4.26	399890	5050282.50
2012/11/23	4.24	4.28	4.20	4.25	567767	7149293.50
2012/11/26	4.38	4.38	4.23	4.26	300369	3817893.50
2012/11/27	4.35	4.35	4.01	4.02	498879	6077736.00
2012/11/28	4.02	4.10	3.95	3.95	367589	4385461.00
2012/11/29	3.97	4.04	3.89	3.89	286711	3376467.25
2012/11/30	3.94	3.97	3.90	3.93	271599	3183570.00
2012/12/03	3.93	3.96	3.86	3.86	291298	3400037.00
2012/12/04	3.83	3.91	3.73	3.89	614215	6934131.50
2012/12/05	3.89	4.07	3.83	4.01	760945	9050151.00
2012/12/06	4.00	4.05	3.98	4.01	351961	4212755.00
2012/12/07	4.03	4.16	3.98	4.13	569812	6936570.50
2012/12/10	4.13	4.17	4.08	4.16	756093	9293970.00
2012/12/11	4.19	4.19	4.09	4.09	613897	7509531.50
2012/12/12	4.14	4.15	4.00	4.05	632303	7618543.00
2012/12/13	4.07	4.31	4.02	4.15	2305795	28458928.00
2012/12/14	4.10	4.30	4.06	4.28	2742871	34449868.00
2012/12/17	4.28	4.44	4.22	4.32	2581472	33049324.00
2012/12/18	4.29	4.34	4.21	4.25	1467055	18622940.00
2012/12/19	4.24	4.36	4.20	4.35	1652678	21131194.00
2012/12/20	4.34	4.41	4.31	4.36	1605337	20758490.00
2012/12/21	4.38	4.47	4.29	4.35	2147330	27811250.00
2012/12/24	4.30	4.38	4.27	4.34	1231684	15809199.00
2012/12/25	4.38	4.48	4.35	4.47	1837180	24146758.00
2012/12/26	4.52	4.52	4.45	4.49	1606737	21363108.00
2012/12/27	4.52	4.55	4.37	4.38	2038072	26749126.00
2012/12/28	4.40	4.42	4.32	4.40	1379009	17890612.00
2012/12/31	4.42	4.43	4.34	4.38	1301931	16889150.00
2013/01/04	4.41	4.51	4.37	4.44	2035416	26798596.00
2013/01/07	4.43	4.48	4.36	4.47	1824039	23912236.00
2013/01/08	4.48	4.60	4.43	4.55	2370925	31751706.00
2013/01/09	4.53	4.57	4.45	4.51	1713469	22925158.00
2013/01/10	4.49	4.58	4.48	4.57	1710598	22967752.00
2013/01/11	4.56	4.61	4.46	4.47	1715281	22981606.00
2013/01/14	4.40	4.64	4.40	4.63	2163707	29223380.00
2013/01/15	4.63	4.74	4.61	4.68	1936338	26867336.00
2013/01/16	4.68	4.80	4.55	4.60	2270636	31272216.00
2013/01/17	4.57	4.61	4.48	4.51	1864388	25016862.00
2013/01/18	4.54	4.65	4.50	4.62	1705976	23167534.00
2013/01/21	4.63	4.65	4.57	4.61	1547598	21116074.00
2013/01/22	4.61	4.64	4.45	4.47	1595625	21426664.00
2013/01/23	4.45	4.48	4.36	4.44	1143306	14989914.00
2013/01/24	4.47	4.52	4.28	4.32	1551691	20237488.00
2013/01/25	4.33	4.39	4.28	4.34	841905	10875074.00
2013/01/28	4.37	4.46	4.34	4.45	757121	9927504.00
2013/01/29	4.46	4.55	4.43	4.50	1270674	16916396.00
2013/01/30	4.50	4.53	4.44	4.50	1048454	13941995.00
2013/01/31	4.49	4.51	4.42	4.46	548813	7244487.50
2013/02/01	4.43	4.50	4.43	4.49	788560	10466160.00
2013/02/04	4.62	4.63	4.49	4.50	1511506	20338138.00
2013/02/05	4.49	4.50	4.42	4.49	902152	11920698.00
2013/02/06	4.49	4.57	4.48	4.52	992451	13294296.00
2013/02/07	4.52	4.56	4.47	4.55	866724	11608634.00
2013/02/08	4.55	4.66	4.53	4.63	1541450	21014864.00
2013/02/18	4.64	4.70	4.58	4.69	1634214	22551196.00
2013/02/19	4.65	4.68	4.57	4.59	1114710	15228488.00
2013/02/20	4.59	4.75	4.57	4.73	1855183	25713632.00
2013/02/21	4.69	4.80	4.62	4.73	2882726	40322864.00
2013/02/22	4.77	4.77	4.63	4.63	1248116	17311434.00
2013/02/25	4.64	4.76	4.64	4.74	1423533	19841876.00
2013/02/26	4.70	4.74	4.56	4.60	1715644	23732912.00
2013/02/27	4.57	4.65	4.57	4.61	887396	12091398.00
2013/02/28	4.65	4.75	4.59	4.71	1770523	24563916.00
2013/03/01	4.73	4.83	4.68	4.83	2183886	30766170.00
2013/03/04	4.78	4.83	4.65	4.69	1756834	24643862.00
2013/03/05	4.69	4.91	4.68	4.88	2342123	33431368.00
2013/03/06	4.90	5.00	4.83	4.86	2588486	37515932.00
2013/03/07	4.90	4.91	4.74	4.75	1725617	24581886.00
2013/03/08	4.75	4.83	4.69	4.70	1025925	14430863.00
2013/03/11	4.69	4.76	4.69	4.72	857722	11999605.00
2013/03/12	4.76	4.85	4.50	4.57	1753704	24264838.00
2013/03/13	4.57	4.59	4.50	4.51	871254	11713844.00
2013/03/14	4.51	4.62	4.50	4.54	858643	11631603.00
2013/03/15	4.54	4.71	4.51	4.63	1460782	20056598.00
2013/03/18	4.63	4.65	4.49	4.53	787215	10648104.00
2013/03/19	4.56	4.56	4.28	4.44	974047	12793256.00
2013/03/20	4.44	4.60	4.43	4.60	900875	12066284.00
2013/03/21	4.60	4.75	4.57	4.72	1497362	20724448.00
2013/03/22	4.68	4.83	4.66	4.76	1419441	19918718.00
2013/03/25	4.77	4.83	4.68	4.73	1083806	15251294.00
2013/03/26	4.73	4.83	4.59	4.82	1587825	22180872.00
2013/03/27	4.82	4.85	4.75	4.78	1361340	19300698.00
2013/03/28	4.62	4.62	4.46	4.48	1479859	19901050.00
2013/03/29	4.50	4.58	4.47	4.54	792518	10639018.00
2013/04/01	4.53	4.60	4.52	4.55	654583	8845391.00
2013/04/02	4.55	4.59	4.41	4.44	891135	11813589.00
2013/04/03	4.48	4.48	4.36	4.37	563137	7367766.50
2013/04/08	4.31	4.32	4.19	4.31	607824	7690103.50
2013/04/09	4.28	4.37	4.28	4.33	526688	6775626.00
2013/04/10	4.34	4.34	4.22	4.24	723211	9157310.00
2013/04/11	4.28	4.28	4.24	4.25	399401	5045544.50
2013/04/12	4.24	4.27	4.22	4.23	313670	3956781.25
2013/04/15	4.21	4.25	4.14	4.16	288958	3585832.50
2013/04/16	4.12	4.24	4.11	4.22	343715	4272752.50
2013/04/17	4.24	4.27	4.22	4.26	409865	5169408.50
2013/04/18	4.25	4.33	4.23	4.31	384478	4887518.00
2013/04/19	4.33	4.38	4.26	4.35	594871	7670681.50
2013/04/22	4.33	4.36	4.29	4.32	610128	7810802.50
2013/04/23	4.28	4.31	4.17	4.21	600801	7550304.50
2013/04/24	4.24	4.34	4.19	4.33	647468	8211572.00
2013/04/25	4.30	4.36	4.26	4.27	605982	7736565.50
2013/04/26	4.30	4.30	4.11	4.11	444246	5538473.00
2013/05/02	4.11	4.17	4.10	4.14	350823	4279299.00
2013/05/03	4.17	4.50	4.17	4.35	1119683	14394974.00
2013/05/06	4.34	4.51	4.33	4.44	1221916	15945685.00
2013/05/07	4.45	4.52	4.40	4.47	687791	8994222.00
2013/05/08	4.47	4.53	4.42	4.52	1174225	15462292.00
2013/05/09	4.52	4.68	4.48	4.64	2487693	33735840.00
2013/05/10	4.61	4.71	4.55	4.64	1544272	20945590.00
2013/05/13	4.64	4.64	4.55	4.59	1099030	14792913.00
2013/05/14	4.58	4.61	4.52	4.57	966800	12981533.00
2013/05/15	4.58	4.67	4.54	4.65	1093422	14869863.00
2013/05/16	4.65	4.78	4.61	4.63	1919573	26559644.00
2013/05/17	4.59	4.72	4.59	4.69	1523195	20875310.00
2013/05/20	4.72	4.82	4.70	4.80	1751480	24597004.00
2013/05/21	4.81	4.83	4.72	4.80	1485300	20886598.00
2013/05/22	4.80	4.83	4.69	4.69	1510309	21066366.00
2013/05/23	4.67	5.13	4.67	4.80	2127376	30099988.00
2013/05/24	4.75	5.00	4.75	4.93	3294731	47321128.00
2013/05/27	4.96	5.00	4.90	4.98	2390310	34700924.00
2013/05/28	4.97	4.99	4.82	4.88	1614703	23131032.00
2013/05/29	4.87	5.30	4.87	5.13	4018315	60100932.00
2013/05/30	5.09	5.14	5.03	5.09	2052057	30641722.00
2013/05/31	5.08	5.14	5.01	5.10	1823867	27128892.00
2013/06/03	5.08	5.12	4.91	4.94	1870787	27609928.00
2013/06/04	4.91	4.93	4.71	4.74	1793663	25248222.00
2013/06/05	4.71	4.84	4.71	4.80	1006736	14149341.00
2013/06/06	4.73	4.81	4.67	4.74	1008006	14044945.00
2013/06/07	4.74	4.81	4.63	4.80	1098106	15294366.00
2013/06/13	4.80	5.07	4.72	4.98	3741625	54011332.00
2013/06/14	4.76	5.14	4.59	5.11	6621972	96083632.00
2013/06/17	5.09	5.20	4.97	5.18	4502023	67941968.00
2013/06/18	5.15	5.20	5.01	5.07	3039246	45510788.00
2013/06/19	5.09	5.12	4.95	5.10	2218457	32839688.00
2013/06/20	5.07	5.07	4.75	4.75	1834987	26426500.00
2013/06/21	4.63	4.74	4.50	4.71	2279975	30966524.00
2013/06/24	4.75	4.75	4.36	4.49	1475664	19954934.00
2013/06/25	4.39	4.47	4.03	4.40	1602639	20076876.00
2013/06/26	4.35	4.64	4.30	4.60	1433207	18904266.00
2013/06/27	4.57	4.72	4.44	4.44	1211646	16377631.00
2013/06/28	4.43	4.85	4.35	4.69	1692947	22777272.00
2013/07/01	4.71	4.94	4.59	4.92	3621013	50729880.00
2013/07/02	4.81	4.99	4.74	4.84	3152570	44809052.00
2013/07/03	4.81	4.95	4.64	4.87	2151297	30342422.00
2013/07/04	4.83	5.30	4.80	5.07	4977481	73798784.00
2013/07/05	5.06	5.13	4.90	4.91	2791458	41049424.00
2013/07/08	4.85	5.04	4.52	4.76	2565678	36389972.00
2013/07/09	4.69	4.75	4.55	4.66	1480096	20189524.00
2013/07/10	4.68	4.86	4.59	4.81	2036436	28173154.00
2013/07/11	4.82	4.93	4.73	4.89	1965183	27854916.00
2013/07/12	4.83	4.98	4.83	4.90	2292074	33049896.00
2013/07/15	4.93	5.01	4.85	5.01	2786492	40341240.00
2013/07/16	4.97	4.99	4.85	4.95	3327002	48116536.00
2013/07/17	4.93	5.02	4.88	5.02	3000245	43676512.00
2013/07/18	5.02	5.42	5.00	5.23	6727930	102647056.00
2013/07/19	5.18	5.23	4.99	5.01	3776535	57047600.00
2013/07/22	4.93	5.29	4.86	5.28	3907395	59005136.00
2013/07/23	5.31	5.37	5.19	5.28	4480195	69298976.00
2013/07/24	5.25	5.51	5.22	5.39	3786468	59710464.00
2013/07/25	5.35	5.35	5.02	5.02	3624667	55162140.00
2013/07/26	4.98	5.23	4.92	5.16	2136629	31852042.00
2013/07/29	5.11	5.20	5.01	5.05	1769886	26422748.00
2013/07/30	5.02	5.09	4.87	4.99	1678403	24430456.00
2013/07/31	4.99	5.06	4.94	4.94	1242278	18242476.00
2013/08/01	4.96	5.18	4.95	5.15	2137499	32020154.00
2013/08/02	5.15	5.28	5.11	5.19	2745013	41978712.00
2013/08/05	5.20	5.41	5.17	5.30	2121592	32899356.00
2013/08/06	5.35	5.49	5.32	5.44	3376586	53517592.00
2013/08/07	5.41	5.41	5.15	5.20	3849621	58973920.00
2013/08/08	5.20	5.39	5.15	5.37	3078401	47630020.00
2013/08/09	5.37	5.41	5.20	5.26	2414589	37377368.00
2013/08/12	5.31	5.32	5.18	5.26	2078912	31993380.00
2013/08/13	5.28	5.56	5.20	5.49	4220550	67190192.00
2013/08/14	5.46	5.61	5.41	5.56	3855779	62497920.00
2013/08/15	5.59	5.59	5.36	5.40	3022639	48323068.00
2013/08/16	5.35	5.45	5.07	5.12	2752145	42757972.00
2013/08/19	5.09	5.30	5.06	5.26	1333226	20450126.00
2013/08/20	5.24	5.32	5.17	5.22	1492538	22896428.00
2013/08/21	5.19	5.31	5.13	5.31	1311262	20151574.00
2013/08/22	5.28	5.41	5.25	5.35	1666796	26093818.00
2013/08/23	5.35	5.44	5.14	5.24	2092427	32331726.00
2013/08/26	5.24	5.31	5.15	5.30	2024485	30975206.00
2013/08/27	5.24	5.26	5.17	5.23	1416361	21653396.00
2013/08/28	5.18	5.18	5.09	5.09	1839991	27693324.00
2013/08/29	5.06	5.19	5.06	5.13	943629	14182959.00
2013/08/30	5.12	5.15	4.84	4.87	1451477	21294620.00
2013/09/02	4.92	4.96	4.85	4.95	1082670	15644873.00
2013/09/03	4.97	5.02	4.92	5.00	1044692	15277070.00
2013/09/04	4.99	5.05	4.94	5.00	783864	11519807.00
2013/09/05	4.97	5.01	4.94	4.97	725746	10607248.00
2013/09/06	4.97	5.07	4.94	5.05	1165520	17152758.00
2013/09/09	5.04	5.11	5.02	5.05	1049780	15603354.00
2013/09/10	5.06	5.09	5.02	5.07	763478	11314986.00
2013/09/11	5.07	5.13	4.84	4.92	1242880	18116424.00
2013/09/12	4.91	4.97	4.84	4.90	720888	10372107.00
2013/09/13	4.90	4.97	4.86	4.95	834974	12097508.00
2013/09/16	4.97	5.01	4.90	4.92	737923	10752784.00
2013/09/17	4.91	4.94	4.79	4.79	725056	10358827.00
2013/09/18	4.79	4.85	4.73	4.81	525968	7394906.50
2013/09/23	4.86	4.98	4.82	4.97	671571	9688630.00
2013/09/24	4.97	4.99	4.90	4.99	771232	11224940.00
2013/09/25	4.99	5.01	4.90	4.92	626405	9111459.00
2013/09/26	4.90	4.95	4.88	4.89	471935	6807066.50
2013/09/27	4.89	4.93	4.79	4.89	529796	7573382.00
2013/09/30	4.87	4.99	4.87	4.98	691951	10039676.00
2013/10/08	4.98	5.07	4.97	5.03	854346	12562750.00
2013/10/09	5.02	5.10	5.01	5.08	955030	14170135.00
2013/10/10	5.08	5.10	5.03	5.05	918500	13643430.00
2013/10/11	5.06	5.10	5.01	5.07	936165	13880240.00
2013/10/14	5.09	5.11	5.04	5.07	907375	13506360.00
2013/10/15	5.06	5.09	5.01	5.04	759299	11233656.00
2013/10/16	5.03	5.03	4.85	4.86	972632	14041843.00
2013/10/17	4.91	4.92	4.86	4.90	567177	8143941.50
2013/10/18	4.93	5.11	4.87	5.10	1562949	23055824.00
2013/10/21	5.11	5.19	5.08	5.17	2535444	38255236.00
2013/10/22	5.13	5.28	5.08	5.18	1865921	28344504.00
2013/10/23	5.18	5.26	5.04	5.07	1813711	27394018.00
2013/10/24	5.06	5.35	5.06	5.24	2776517	42664584.00
2013/10/25	5.25	5.27	5.01	5.08	1570193	23691112.00
2013/10/28	5.04	5.04	4.57	4.57	2700679	37053224.00
2013/10/29	4.56	4.56	4.21	4.32	2144948	27677176.00
2013/10/30	4.33	4.38	4.29	4.37	917483	11715381.00
2013/10/31	4.37	4.37	4.26	4.33	738096	9359821.00
2013/11/01	4.31	4.38	4.26	4.37	841584	10739321.00
2013/11/04	4.37	4.49	4.32	4.42	877611	11410553.00
2013/11/05	4.39	4.49	4.36	4.47	753596	9842009.00
2013/11/06	4.45	4.49	4.41	4.41	786348	10251242.00
2013/11/07	4.41	4.45	4.33	4.43	762705	9884447.00
2013/11/08	4.43	4.43	4.31	4.31	646502	8297966.50
2013/11/11	4.32	4.35	4.26	4.34	516662	6549800.50
2013/11/12	4.33	4.40	4.33	4.40	548989	7064297.00
2013/11/13	4.38	4.39	4.29	4.31	480692	6155034.00
2013/11/14	4.23	4.42	4.23	4.41	639007	8181479.00
2013/11/15	4.41	4.86	4.41	4.80	3067811	41737420.00
2013/11/18	4.85	5.29	4.74	4.92	5482580	79946872.00
2013/11/19	4.80	4.84	4.70	4.81	2721769	38128468.00
2013/11/20	4.76	4.82	4.75	4.81	1412866	19883784.00
2013/11/21	4.79	4.81	4.61	4.75	1191859	16535537.00
2013/11/22	4.74	4.76	4.68	4.69	793594	10983386.00
2013/11/25	4.66	4.76	4.66	4.73	465921	6477151.00
2013/11/26	4.70	4.81	4.68	4.78	829351	11637864.00
2013/11/27	4.76	4.82	4.75	4.77	769143	10799023.00
2013/11/28	4.80	4.81	4.75	4.76	1071343	15047201.00
2013/11/29	4.80	4.92	4.76	4.91	1747513	25042846.00
2013/12/02	4.73	4.75	4.41	4.41	2624999	34895528.00
2013/12/03	4.38	4.52	4.33	4.50	1111346	14499320.00
2013/12/04	4.46	4.63	4.46	4.57	1011511	13622757.00
2013/12/05	4.58	4.66	4.57	4.63	839137	11405157.00
2013/12/06	4.60	4.66	4.57	4.59	489799	6647083.50
2013/12/09	4.59	4.70	4.59	4.68	919050	12585510.00
2013/12/10	4.69	4.74	4.66	4.70	1127664	15584125.00
2013/12/11	4.72	4.72	4.57	4.60	945616	12845721.00
2013/12/12	4.62	4.67	4.57	4.63	688322	9373410.00
2013/12/13	4.57	4.66	4.57	4.65	696915	9503446.00
2013/12/16	4.63	4.66	4.48	4.51	827361	11136908.00
2013/12/17	4.52	4.55	4.50	4.51	528129	7028777.00
2013/12/18	4.48	4.55	4.48	4.52	492742	6554167.50
2013/12/19	4.55	4.58	4.49	4.52	497263	6636201.00
2013/12/20	4.49	4.53	4.38	4.40	623533	8151708.00
2013/12/23	4.37	4.40	4.30	4.37	492627	6320448.00
2013/12/24	4.38	4.49	4.37	4.47	546823	7152192.50
2013/12/25	4.44	4.62	4.44	4.59	642536	8610219.00
2013/12/26	4.56	4.63	4.51	4.55	701563	9406713.00
2013/12/27	4.56	4.66	4.52	4.65	1033897	14047130.00
2013/12/30	4.66	4.72	4.65	4.67	779540	10718633.00
2013/12/31	4.67	4.67	4.60	4.64	465701	6340503.50
2014/01/02	4.59	4.70	4.56	4.69	703934	9664732.00
2014/01/03	4.69	4.72	4.62	4.64	828034	11337692.00
2014/01/06	4.65	4.65	4.51	4.51	735645	9843032.00
2014/01/08	4.63	4.72	4.57	4.64	1029395	14079021.00
2014/01/09	4.66	4.66	4.49	4.50	889527	11992803.00
2014/01/10	4.46	4.53	4.40	4.44	724496	9534300.00
2014/01/13	4.41	4.50	4.41	4.47	538514	7055626.00
2014/01/14	4.47	4.57	4.44	4.57	587885	7830200.00
2014/01/15	4.57	4.71	4.56	4.69	1227074	16834774.00
2014/01/16	4.67	4.75	4.66	4.68	831462	11470511.00
2014/01/17	4.67	4.69	4.62	4.67	593309	8135033.00
2014/01/20	4.66	4.73	4.57	4.67	723166	9908776.00
2014/01/21	4.64	4.82	4.63	4.80	1365887	19110900.00
2014/01/22	4.78	4.82	4.76	4.81	1135376	15995805.00
2014/01/23	4.81	4.90	4.78	4.85	1168159	16658362.00
2014/01/24	4.83	4.94	4.83	4.89	1056588	15201918.00
2014/01/27	4.89	5.01	4.83	4.85	1221207	17636410.00
2014/01/28	4.85	4.91	4.73	4.78	1037813	14639628.00
2014/01/29	4.82	4.92	4.78	4.91	908996	13015766.00
2014/01/30	4.89	4.91	4.80	4.83	628588	8955342.00
2014/02/07	4.79	5.03	4.79	4.98	1221788	17831964.00
2014/02/10	5.01	5.21	4.97	5.17	2472391	37321508.00
2014/02/11	5.24	5.28	5.05	5.14	2457765	37321936.00
2014/02/12	5.10	5.31	5.10	5.28	2009308	30888188.00
2014/02/13	5.23	5.35	5.11	5.11	1984877	30600832.00
2014/02/14	5.15	5.35	5.04	5.34	2192764	33365952.00
2014/02/17	5.41	5.49	5.31	5.41	2341874	37044744.00
2014/02/18	5.43	5.97	5.29	5.97	3691585	61400956.00
2014/02/19	6.26	6.57	6.06	6.32	12302540	229103696.00
2014/02/20	6.17	6.28	5.84	5.94	6487598	114328064.00
2014/02/21	5.99	6.03	5.72	5.84	3761122	64201428.00
2014/02/24	5.78	5.92	5.74	5.87	2452165	41906304.00
2014/02/25	5.86	5.94	5.32	5.43	4791829	79056384.00
2014/02/26	5.43	5.70	5.32	5.67	4243901	69060320.00
2014/02/27	5.80	6.07	5.51	5.53	5955388	102513176.00
2014/02/28	5.41	5.84	5.33	5.84	3625721	59225260.00
2014/03/03	5.90	6.07	5.85	5.96	4533016	78925984.00
2014/03/04	5.86	6.28	5.75	6.10	5044711	89453128.00
2014/03/05	6.02	6.10	5.88	5.93	2615502	45829456.00
2014/03/06	5.91	5.98	5.65	5.77	2104348	35522460.00
2014/03/07	5.77	5.90	5.70	5.80	1712020	29122042.00
2014/03/10	5.69	5.71	5.38	5.39	2202432	35582700.00
2014/03/11	5.39	5.49	5.30	5.36	1219376	19299770.00
2014/03/12	5.34	5.41	5.04	5.27	1613187	24749396.00
2014/03/13	5.25	5.34	5.23	5.31	999480	15484834.00
2014/03/14	5.31	5.39	5.21	5.38	1072781	16720652.00
2014/03/17	5.38	5.58	5.35	5.54	1171219	18863372.00
2014/03/18	5.53	5.59	5.45	5.49	1080924	17519256.00
2014/03/19	5.46	5.57	5.40	5.49	1099234	17694500.00
2014/03/20	5.44	5.62	5.38	5.39	1111750	17938372.00
2014/03/21	5.33	5.51	5.26	5.49	914361	14479556.00
2014/03/24	5.52	5.54	5.43	5.45	824213	13249727.00
2014/03/25	5.42	5.52	5.36	5.42	899712	14320425.00
2014/03/26	5.41	5.51	5.41	5.50	698147	11219287.00
2014/03/27	5.48	5.48	5.34	5.34	941627	14907622.00
2014/03/28	5.33	5.40	5.15	5.17	772284	11889437.00
2014/03/31	5.11	5.17	5.07	5.13	498567	7513681.50
2014/04/01	5.12	5.31	5.09	5.30	562713	8621538.00
2014/04/02	5.24	5.28	5.14	5.17	764774	11662290.00
2014/04/03	5.15	5.26	5.15	5.26	500587	7647627.00
2014/04/04	5.26	5.29	5.22	5.28	487791	7522700.00
2014/04/08	5.23	5.35	5.22	5.32	604787	9423277.00
2014/04/09	5.34	5.44	5.32	5.38	505537	7976600.50
2014/04/10	5.36	5.50	5.35	5.42	1062848	16934590.00
2014/04/11	5.42	5.50	5.30	5.49	977817	15581616.00
2014/04/14	5.49	5.73	5.43	5.68	1614464	26531364.00
2014/04/15	5.68	5.69	5.50	5.59	1185587	19360752.00
2014/04/16	5.57	5.57	5.49	5.55	522158	8458499.00
2014/04/17	5.51	5.58	5.50	5.51	482349	7831842.50
2014/04/18	5.51	5.56	5.49	5.54	483696	7834671.00
2014/04/21	5.53	5.58	5.39	5.40	806579	12940206.00
2014/04/22	5.40	5.44	5.15	5.23	812695	12522180.00
2014/04/23	5.17	5.25	5.17	5.20	376332	5748702.50
2014/04/24	5.20	5.22	5.15	5.20	394369	6000227.00
2014/04/25	5.18	5.18	4.97	5.05	642196	9519503.00
2014/04/28	5.01	5.03	4.71	4.71	547798	7750501.00
2014/04/29	4.76	4.78	4.68	4.78	518530	7231937.00
2014/04/30	4.78	4.86	4.76	4.85	317261	4492702.00
2014/05/05	4.84	4.99	4.70	4.99	605850	8614889.00
2014/05/06	4.95	5.35	4.88	5.30	1756583	26116412.00
2014/05/07	5.21	5.35	5.11	5.15	3632750	55827564.00
2014/05/08	5.12	5.12	4.82	4.84	2178788	31302036.00
2014/05/09	4.85	4.89	4.69	4.76	1036309	14595290.00
2014/05/12	4.76	5.00	4.74	4.95	1965167	28235706.00
2014/05/13	4.90	4.93	4.77	4.88	1389771	19877986.00
2014/05/14	4.88	4.90	4.81	4.83	801805	11408085.00
2014/05/15	4.82	4.84	4.56	4.57	2123312	29040774.00
2014/05/16	4.57	4.60	4.47	4.54	1370316	18181480.00
2014/05/19	4.53	4.53	4.48	4.52	614582	8148953.50
2014/05/20	4.55	4.60	4.54	4.55	677300	9106359.00
2014/05/21	4.56	4.62	4.50	4.61	764580	10323572.00
2014/05/22	4.61	4.68	4.59	4.59	808920	11019730.00
2014/05/23	4.59	4.61	4.54	4.61	905415	12184313.00
2014/05/26	4.63	4.76	4.63	4.72	1842779	25562722.00
2014/05/27	4.73	4.88	4.70	4.81	1968797	27849824.00
2014/05/28	4.82	4.83	4.72	4.80	1636707	22970182.00
2014/05/29	4.78	4.78	4.65	4.67	1352597	18763342.00
2014/05/30	4.61	4.72	4.61	4.69	1197465	16437735.00
2014/06/03	4.69	4.76	4.67	4.70	868492	12032236.00
2014/06/04	4.71	4.71	4.55	4.62	1011386	13757843.00
2014/06/05	4.59	4.69	4.59	4.69	588552	8073846.50
2014/06/06	4.70	4.80	4.69	4.74	1281743	17882288.00
2014/06/09	4.71	4.78	4.71	4.74	1017582	14201710.00
2014/06/13	5.13	5.15	4.89	4.92	4830434	70438016.00
2014/06/16	4.90	4.95	4.85	4.89	3573841	51372960.00
2014/06/17	4.88	4.91	4.82	4.82	2377513	33996468.00
2014/06/18	4.82	4.93	4.81	4.87	2107959	30259824.00
2014/06/19	4.86	4.89	4.59	4.65	1759065	24622996.00
2014/06/20	4.66	4.77	4.65	4.77	1138533	15819985.00
2014/06/23	4.78	4.92	4.77	4.88	1897495	27223840.00
2014/06/24	4.87	4.93	4.83	4.92	1767410	25457126.00
2014/06/25	4.90	4.94	4.86	4.93	1311635	18866202.00
2014/06/26	4.93	4.98	4.91	4.96	2204940	32108236.00
2014/06/27	4.97	5.13	4.95	5.04	3602443	53351636.00
2014/06/30	5.04	5.08	4.90	5.06	2797788	41200496.00
2014/07/01	5.04	5.23	5.03	5.16	4408957	66285584.00
2014/07/02	5.15	5.26	5.06	5.26	6316840	95744264.00
2014/07/03	5.32	5.32	5.19	5.23	5131529	79027472.00
2014/07/04	5.21	5.27	5.17	5.19	2720420	41574180.00
2014/07/07	5.20	5.23	5.13	5.18	2403219	36494820.00
2014/07/08	5.17	5.31	5.13	5.25	4207425	64751596.00
2014/07/09	5.24	5.32	5.16	5.16	3943180	60825640.00
2014/07/10	5.17	5.27	5.11	5.21	3072902	46787660.00
2014/07/11	5.19	5.30	5.17	5.28	2729121	42101484.00
2014/07/14	5.32	5.66	5.28	5.59	9294619	149369424.00
2014/07/15	5.53	5.53	5.38	5.43	4978059	79419592.00
2014/07/16	5.43	5.46	5.22	5.28	3543184	55348624.00
2014/07/17	5.28	5.29	5.20	5.29	2214946	34055684.00
2014/07/18	5.25	5.36	5.25	5.26	1789503	27797644.00
2014/07/21	5.25	5.28	5.20	5.24	1630645	25015002.00
2014/07/22	5.23	5.49	5.23	5.39	4046741	64025740.00
2014/07/23	5.44	5.46	5.30	5.37	2513762	39466152.00
2014/07/24	5.33	5.39	5.12	5.21	1871620	28736708.00
2014/07/25	5.20	5.34	5.19	5.26	1803445	27811406.00
2014/07/28	5.29	5.34	5.20	5.30	2906555	44907972.00
2014/07/29	5.32	5.41	5.28	5.37	3220307	50520752.00
2014/07/30	5.39	5.40	5.30	5.38	2183944	34282856.00
2014/07/31	5.39	5.51	5.38	5.42	2651940	42327736.00
2014/08/01	5.40	5.58	5.37	5.44	4601562	73927352.00
2014/08/04	5.45	5.53	5.43	5.52	3457075	55534384.00
2014/08/05	5.49	5.58	5.46	5.56	3737778	60430760.00
2014/08/06	5.56	5.61	5.51	5.59	3134247	51076220.00
2014/08/07	5.59	5.60	5.46	5.48	2561746	41569532.00
2014/08/08	5.47	5.59	5.47	5.51	1587258	25742558.00
2014/08/11	5.51	5.61	5.49	5.59	2291789	37332020.00
2014/08/12	5.59	5.72	5.57	5.67	2511344	41623904.00
2014/08/13	5.67	5.69	5.55	5.60	2496993	40941856.00
2014/08/14	5.60	5.63	5.53	5.53	1945357	31836360.00
2014/08/15	5.50	5.63	5.48	5.58	2915652	47420912.00
2014/08/18	5.58	5.86	5.58	5.76	4834928	81559080.00
2014/08/19	5.76	5.91	5.73	5.87	3942538	67171512.00
2014/08/20	5.88	6.18	5.84	6.08	7044773	125388088.00
2014/08/21	6.25	6.25	5.88	6.00	3182435	55806088.00
2014/08/22	5.98	6.00	5.82	5.91	2946492	51077932.00
2014/08/25	5.85	6.02	5.85	5.90	2527686	44033860.00
2014/08/26	5.90	6.16	5.88	5.94	4223166	74284840.00
2014/08/27	6.26	6.53	6.04	6.10	6129674	110717440.00
2014/08/28	6.05	6.10	5.88	5.91	2857862	49961700.00
2014/08/29	5.98	6.10	5.91	6.08	2279589	40271388.00
2014/09/01	6.05	6.17	5.98	6.15	3279345	58378232.00
2014/09/02	6.16	6.21	6.08	6.15	4133503	74355528.00
2014/09/03	6.15	6.19	5.95	6.04	5947785	105515368.00
2014/09/04	6.04	6.32	6.04	6.25	5880076	106863680.00
2014/09/05	6.22	6.25	6.16	6.24	3309436	60007260.00
2014/09/09	6.24	6.31	6.15	6.24	2817786	51308636.00
2014/09/10	6.24	6.35	6.19	6.35	3514645	64704140.00
2014/09/11	6.35	6.45	6.20	6.32	4692215	86973736.00
2014/09/12	6.26	6.48	6.22	6.45	3596138	66858004.00
2014/09/15	6.50	6.52	6.40	6.48	2555403	48317804.00
2014/09/16	6.45	6.48	6.20	6.26	4092513	75755328.00
2014/09/17	6.22	6.29	5.93	6.15	4644706	82733312.00
2014/09/18	6.15	6.32	6.07	6.31	4665994	84387800.00
2014/09/19	6.32	6.40	6.27	6.35	3775468	69969640.00
2014/09/22	6.30	6.38	6.19	6.19	3495426	64144320.00
2014/09/23	6.17	6.34	6.16	6.31	2457428	45100880.00
2014/09/24	6.26	6.41	6.19	6.40	6011580	111150000.00
2014/09/25	6.38	6.74	6.38	6.54	8725907	166481504.00
2014/09/26	6.50	6.64	6.43	6.50	4873835	93413304.00
2014/09/29	6.50	6.56	6.40	6.53	3944911	74695544.00
2014/09/30	6.57	6.57	6.46	6.56	2353161	44839752.00
2014/10/08	6.53	6.80	6.47	6.75	4453484	86677344.00
2014/10/09	6.74	6.83	6.61	6.70	3349286	65571652.00
2014/10/10	6.67	6.83	6.65	6.78	4724001	93016560.00
2014/10/13	6.84	7.36	6.78	7.25	10803700	222854528.00
2014/10/14	7.23	7.27	7.08	7.26	4676666	98051120.00
2014/10/15	7.22	7.34	7.08	7.30	2725156	57157324.00
2014/10/16	7.30	7.63	7.20	7.34	6212361	135114272.00
2014/10/17	7.30	7.43	6.96	7.12	4650745	97054080.00
2014/10/20	7.13	7.43	7.06	7.35	3018899	64134236.00
2014/10/21	7.29	7.48	6.99	6.99	4282657	90141864.00
2014/10/22	6.99	7.06	6.76	6.82	4935455	99225184.00
2014/10/23	6.82	6.84	6.46	6.50	5238350	101110856.00
2014/10/24	6.49	6.70	6.47	6.64	4063638	78306528.00
2014/10/27	6.61	6.74	6.55	6.72	1989335	38701004.00
2014/10/28	6.74	7.00	6.74	6.95	4108347	82987392.00
2014/10/29	6.95	7.09	6.85	6.95	3794620	77485744.00
2014/10/30	6.95	7.17	6.89	7.00	3221332	66520640.00
2014/10/31	7.02	7.12	6.86	6.98	2959036	59924108.00
2014/11/03	7.01	7.04	6.90	7.02	1773675	36176956.00
2014/11/04	7.03	7.23	6.95	7.23	3226589	67208928.00
2014/11/05	7.23	7.36	7.13	7.29	2666669	56372632.00
2014/11/06	7.27	7.50	7.23	7.41	4687910	101039872.00
2014/11/07	7.43	7.70	7.31	7.41	4507319	99248640.00
2014/11/10	7.40	7.63	7.40	7.48	2455953	53712236.00
2014/11/11	7.52	7.52	6.91	6.97	5449239	112758112.00
2014/11/12	6.97	7.08	6.85	7.02	2140222	43765184.00
2014/11/13	7.06	7.07	6.76	6.76	2810995	56197408.00
2014/11/14	6.71	6.76	6.57	6.71	1960133	38212444.00
2014/11/17	6.73	6.96	6.69	6.90	2177246	43600944.00
2014/11/18	6.88	7.00	6.78	6.94	2382020	48084464.00
2014/11/19	6.88	7.38	6.86	7.31	4733692	98798104.00
2014/11/20	7.24	7.39	7.17	7.23	2012715	42805920.00
2014/11/21	7.18	7.36	7.15	7.31	1899227	40297420.00
2014/11/24	7.33	7.50	7.26	7.44	3063405	66280472.00
2014/11/25	7.47	8.19	7.47	8.04	8764244	206242528.00
2014/11/26	7.89	8.05	7.75	7.98	4407069	101683416.00
2014/11/27	7.93	8.29	7.89	7.91	2951520	69540832.00
2014/11/28	7.93	8.11	7.85	7.98	2682006	62313136.00
2014/12/01	8.06	8.06	7.51	7.75	4866714	109020760.00
2014/12/02	7.68	7.96	7.62	7.75	3053047	69427192.00
2014/12/03	7.72	7.87	7.45	7.87	2859822	63740276.00
2014/12/04	7.84	7.94	7.68	7.83	2359088	53738040.00
2014/12/05	7.82	7.82	7.30	7.51	4450909	96814672.00
2014/12/08	7.40	7.51	7.24	7.24	3231335	69035384.00
2014/12/09	7.13	7.22	6.78	6.78	3576443	73579280.00
2014/12/10	6.77	7.23	6.75	7.22	2769414	56691712.00
2014/12/11	7.22	7.31	7.07	7.19	1724770	36127952.00
2014/12/12	7.22	7.36	7.19	7.31	1805302	38468740.00
2014/12/15	7.30	7.44	7.24	7.42	1899088	40826504.00
2014/12/16	7.42	7.48	7.25	7.33	1765475	37690780.00
2014/12/17	7.31	7.36	7.05	7.11	2411727	50045956.00
2014/12/18	7.17	7.17	6.89	6.90	2299494	46714296.00
2014/12/19	6.86	6.88	6.43	6.60	4463427	85738808.00
2014/12/22	6.60	6.60	5.97	6.05	3857360	69458032.00
2014/12/23	6.05	6.21	6.00	6.12	1626380	29163640.00
2014/12/24	6.21	6.33	6.08	6.25	2502313	45486640.00
2014/12/25	6.29	6.38	6.23	6.30	1596577	29435724.00
2014/12/26	6.26	6.34	6.19	6.23	1631691	29799784.00
2014/12/29	6.24	6.26	5.77	5.82	4010021	69643424.00
2014/12/30	5.82	5.91	5.70	5.78	3043322	51568872.00
2014/12/31	5.81	5.92	5.71	5.90	2838185	48392396.00
2015/01/05	5.89	6.06	5.74	5.95	2409887	41480180.00
2015/01/06	5.95	6.18	5.88	6.10	2789746	49262300.00
2015/01/07	6.10	6.19	6.01	6.13	3095433	55298544.00
2015/01/08	6.12	6.18	6.02	6.12	1516920	27022078.00
2015/01/09	6.12	6.15	5.93	5.93	1751121	31061018.00
2015/01/12	5.91	5.96	5.81	5.84	1620400	27797868.00
2015/01/13	5.84	6.07	5.83	6.06	1802494	31508926.00
2015/01/14	6.07	6.18	6.00	6.09	1875470	33415194.00
2015/01/15	6.13	6.22	6.08	6.11	1464205	26294792.00
2015/01/16	6.11	6.19	6.08	6.19	2042485	36638324.00
2015/01/19	6.03	6.29	5.81	6.06	2668501	47675172.00
2015/01/20	6.00	6.26	6.00	6.24	2313123	41810488.00
2015/01/21	6.25	6.53	6.22	6.44	3683730	69002328.00
2015/01/22	6.44	6.73	6.44	6.65	3882276	75018576.00
2015/01/23	6.65	6.65	6.45	6.52	2490668	47591836.00
2015/01/26	6.51	6.67	6.50	6.67	2052688	39573904.00
2015/01/27	6.66	6.81	6.60	6.69	2801062	54879940.00
2015/01/28	6.73	6.93	6.67	6.74	2620881	52090100.00
2015/01/29	6.76	6.76	6.52	6.53	1647122	31738592.00
2015/01/30	6.57	6.60	6.36	6.46	1659959	31301530.00
2015/02/02	6.39	6.67	6.34	6.62	1779855	34109908.00
2015/02/03	6.64	6.76	6.50	6.72	1315825	25619002.00
2015/02/04	6.74	6.76	6.64	6.67	1101600	21537500.00
2015/02/05	6.74	6.74	6.52	6.58	1437982	27906704.00
2015/02/06	6.52	6.58	6.31	6.31	1374760	25865674.00
2015/02/09	6.37	6.39	6.21	6.31	1211734	22386944.00
2015/02/10	6.34	6.34	6.22	6.32	805811	14810503.00
2015/02/11	6.30	6.62	6.25	6.58	1981333	37677236.00
2015/02/12	6.58	7.25	6.52	7.25	4969214	101063456.00
2015/02/13	7.42	7.49	7.27	7.41	6611966	142572944.00
2015/02/16	7.39	7.82	7.28	7.65	5160722	114150200.00
2015/02/17	7.65	7.65	7.44	7.51	2310796	50709936.00
2015/02/25	7.56	7.56	7.14	7.20	3089146	65688660.00
2015/02/26	7.23	7.35	7.06	7.34	1933551	41051864.00
2015/02/27	7.33	7.53	7.16	7.52	2459976	52546724.00
2015/03/02	7.51	7.74	7.44	7.66	3039083	67386664.00
2015/03/03	7.68	7.97	7.46	7.47	4547861	103126120.00
2015/03/04	7.47	7.82	7.41	7.66	2143813	47705564.00
2015/03/05	7.63	7.78	7.46	7.71	2254186	50013676.00
2015/03/06	7.68	7.75	7.26	7.45	2422224	52855184.00
2015/03/09	7.38	7.54	7.33	7.45	1425510	30992454.00
2015/03/10	7.40	7.70	7.37	7.64	2082943	46116604.00
2015/03/11	7.64	7.89	7.52	7.78	2258436	51040832.00
2015/03/12	7.81	7.88	7.42	7.53	1714133	38120180.00
2015/03/13	7.50	7.60	7.42	7.57	1511435	33027294.00
2015/03/16	7.65	7.99	7.58	7.92	3988658	91407640.00
2015/03/17	8.10	8.46	7.99	8.34	5285726	127473888.00
2015/03/18	8.41	8.44	8.13	8.34	2675273	64459484.00
2015/03/19	8.39	8.39	8.17	8.30	1542550	37131324.00
2015/03/20	8.36	8.67	8.31	8.52	2199225	54732288.00
2015/03/23	8.61	9.28	8.50	9.01	3020858	77639480.00
2015/03/24	9.00	9.31	8.60	9.09	3270670	86084760.00
2015/03/25	9.11	10.01	8.93	10.01	4508894	125068312.00
2015/03/26	10.15	11.02	9.70	9.76	6425633	192564016.00
2015/03/27	9.73	10.35	9.56	10.13	3390591	98181496.00
2015/03/30	10.10	10.20	9.23	9.95	5402274	152690880.00
2015/03/31	9.76	9.94	8.95	9.65	5102293	139267264.00
2015/04/01	9.47	10.18	9.28	10.13	5679301	162834352.00
2015/04/02	10.04	11.06	10.01	10.75	5832257	179715280.00
2015/04/03	10.67	11.36	10.60	11.12	4559553	145694656.00
2015/04/07	11.00	11.49	10.82	11.47	5795606	190284944.00
2015/04/08	11.47	11.47	10.42	10.88	4400129	139424384.00
2015/04/09	10.72	10.97	9.95	10.63	4578839	138075888.00
2015/04/10	10.46	11.23	10.46	10.71	4033594	127240240.00
2015/04/13	10.74	11.04	10.39	10.72	5468328	172486544.00
2015/04/14	10.69	11.57	10.50	11.41	5923249	190886080.00
2015/04/15	11.36	11.45	10.26	10.26	4902600	151870848.00
2015/04/16	9.87	10.46	9.45	10.18	2619456	76529104.00
2015/04/17	10.25	11.00	10.25	10.91	6819488	211648160.00
2015/04/20	10.74	11.07	10.70	11.03	6869992	217634448.00
2015/04/21	11.03	11.22	10.88	11.22	4901494	157828112.00
2015/04/22	11.19	11.84	11.17	11.20	14404580	477698048.00
2015/04/23	11.19	11.32	11.12	11.16	6145657	200044720.00
2015/04/24	11.15	11.24	10.84	10.95	3838189	122861512.00
2015/04/27	10.95	11.66	10.95	11.49	7571101	250038016.00
2015/04/28	11.54	11.66	10.62	10.93	6124795	196536336.00
2015/04/29	10.75	11.18	10.66	11.03	2470029	79028392.00
2015/04/30	11.28	11.36	11.01	11.01	4412397	143534800.00
2015/05/04	11.50	12.12	11.21	12.12	13173785	247782656.00
2015/05/05	12.29	13.23	12.29	12.49	17294997	352420384.00
2015/05/06	12.74	13.61	11.69	11.99	14642432	297735200.00
2015/05/07	11.69	11.81	10.79	10.79	9305923	167316592.00
2015/05/08	10.97	11.30	10.39	11.30	12852640	224207216.00
2015/05/11	11.38	12.44	11.38	12.44	13213591	257834368.00
2015/05/12	12.44	12.92	12.22	12.68	13313735	269546016.00
2015/05/13	12.56	12.86	12.25	12.69	9074747	183438672.00
2015/05/14	12.69	13.61	12.50	13.41	11563482	243704256.00
2015/05/15	13.34	13.85	12.58	13.68	13991139	296222624.00
2015/05/18	13.32	14.90	13.32	14.56	15995101	359098880.00
2015/05/19	14.31	14.50	14.00	14.39	8768500	201121872.00
2015/05/20	14.46	15.33	14.19	14.32	8987996	212858032.00
2015/05/21	14.32	15.13	13.88	14.80	13396218	309795232.00
2015/05/22	14.87	14.98	13.94	14.31	12063831	278734368.00
2015/05/25	13.88	14.23	13.69	14.16	9891739	222768512.00
2015/05/26	14.13	14.86	14.06	14.76	10968701	256680064.00
2015/05/27	14.76	15.68	14.33	15.45	14475925	346657408.00
2015/05/28	15.27	15.80	13.90	13.90	12311923	298781760.00
2015/05/29	13.90	14.24	12.77	13.79	8839850	194980736.00
2015/06/01	13.79	15.18	13.66	15.18	11906422	281758528.00
2015/06/02	15.19	16.70	15.07	16.69	14675655	376969312.00
2015/06/03	16.70	18.31	15.61	18.01	15241095	409153088.00
2015/06/04	18.39	18.39	16.63	17.63	16450209	468928000.00
2015/06/05	17.63	18.14	16.82	17.43	12198602	345694752.00
2015/06/08	17.11	17.11	15.95	16.24	11701477	308156640.00
2015/06/09	16.05	16.26	15.56	16.16	7287645	186126240.00
2015/06/10	16.19	17.13	16.06	16.83	9411487	253815584.00
2015/06/11	16.72	17.43	16.64	17.36	9792714	267357680.00
2015/06/12	17.24	17.75	17.00	17.46	11303620	314735808.00
2015/06/15	17.44	17.64	15.99	16.33	10000378	271864352.00
2015/06/16	16.06	16.06	14.69	14.71	10992928	268834432.00
2015/06/17	14.81	16.19	14.31	16.19	9688713	237913376.00
2015/06/18	16.63	17.23	15.92	16.94	13495054	360508608.00
2015/06/19	16.56	17.44	15.24	15.24	13291170	352592288.00
2015/06/23	14.78	15.31	13.71	14.48	7622899	173773040.00
2015/06/24	14.69	15.20	13.91	14.74	7596203	176979408.00
2015/06/25	14.68	14.68	13.27	13.50	8506341	190837840.00
2015/06/26	12.82	12.85	12.14	12.14	5015208	99175280.00
2015/06/29	12.31	12.44	10.93	10.93	5506093	99081288.00
2015/06/30	9.97	11.28	9.83	11.03	11538484	197187760.00
2015/07/01	10.88	11.19	9.92	9.92	11695349	200556384.00
2015/07/02	9.81	9.81	8.92	8.92	7671592	113216264.00
2015/07/03	8.19	9.12	8.02	8.02	8709800	116902136.00
2015/07/06	8.75	8.75	7.21	7.21	8780158	108989248.00
2015/07/07	6.59	6.79	6.49	6.49	3176806	33479124.00
2015/07/14	7.14	7.14	7.14	7.14	127355	1468403.13
2015/07/15	7.86	7.86	7.44	7.86	17917696	225094928.00
2015/07/16	7.86	8.55	7.19	8.22	17080298	222430944.00
2015/07/17	8.23	9.05	8.23	9.05	13887715	195538592.00
2015/07/20	9.22	9.62	9.05	9.54	15705799	236402144.00
2015/07/21	9.30	10.11	9.13	9.85	11835563	183799216.00
2015/07/22	9.78	10.05	9.44	9.74	8404067	132020464.00
2015/07/23	9.74	10.10	9.61	10.06	8251748	131646032.00
2015/07/24	10.06	10.53	9.74	9.91	9837244	162962240.00
2015/07/27	9.63	10.09	8.91	8.91	10166282	154818768.00
2015/07/28	8.22	8.97	8.01	8.04	10847977	144448656.00
2015/07/29	8.18	8.81	7.63	8.81	8859767	117222552.00
2015/07/30	8.68	9.11	8.44	8.88	10458119	150091360.00
2015/07/31	8.54	8.84	8.24	8.63	7317421	101477336.00
2015/08/03	8.46	8.48	7.83	8.07	5728048	75062336.00
2015/08/04	8.12	8.88	8.08	8.88	8140887	111844096.00
2015/08/05	8.88	9.58	8.74	9.31	13807364	205271760.00
2015/08/06	9.08	10.24	8.96	10.24	29067715	471090784.00
2015/08/07	10.24	11.09	9.96	11.03	37261503	621169600.00
2015/08/10	10.89	11.49	10.78	11.18	24131494	434057472.00
2015/08/11	10.99	11.27	10.76	10.89	16801098	298402336.00
2015/08/12	10.61	11.04	10.41	10.43	10947097	188672080.00
2015/08/13	10.31	11.48	10.31	11.48	16094754	282944576.00
2015/08/14	11.66	11.80	11.18	11.18	15517997	286241920.00
2015/08/17	11.19	11.43	10.94	11.33	10588686	191343136.00
2015/08/18	11.38	11.43	10.19	10.19	11052936	191316928.00
2015/08/19	9.80	10.56	9.17	10.28	13226723	205828832.00
2015/08/20	10.03	10.36	9.58	9.59	8382046	134336288.00
2015/08/21	9.19	9.56	8.66	8.69	10860799	157551200.00
2015/08/24	8.09	8.35	7.82	7.82	4890277	62400504.00
2015/08/25	7.03	7.35	7.03	7.03	6799052	77888592.00
2015/08/26	7.13	7.56	6.53	7.34	11555834	132285920.00
2015/08/27	7.28	7.80	7.08	7.78	11254525	135435312.00
2015/08/28	7.83	8.37	7.75	8.25	11666707	150385936.00
2015/08/31	8.06	8.06	7.42	7.42	9336243	116674464.00
2015/09/01	7.17	7.43	6.67	6.67	8710006	96271384.00
2015/09/02	6.24	6.98	6.11	6.24	8074761	84765080.00
2015/09/07	6.44	6.81	5.88	6.43	7167627	75727624.00
2015/09/08	6.38	7.05	6.29	6.98	7281725	78107464.00
2015/09/09	7.09	7.41	7.01	7.34	10339716	121371072.00
2015/09/10	7.20	7.91	7.13	7.65	15097484	184736688.00
2015/09/11	7.55	8.42	7.51	8.42	18744828	245016912.00
2015/09/14	8.43	8.49	7.57	7.57	10057927	129180088.00
2015/09/15	7.28	7.69	6.85	7.59	8990695	104459408.00
2015/09/16	7.46	8.34	7.44	8.30	16651874	212263264.00
2015/09/17	8.18	8.38	7.67	7.69	20406270	267149120.00
2015/09/18	7.72	7.85	7.32	7.59	10254966	124913568.00
2015/09/21	7.49	8.05	7.34	8.03	8571720	106849712.00
2015/09/22	8.01	8.19	7.75	7.86	9847440	126190128.00
2015/09/23	7.69	8.36	7.61	8.19	14354740	186390240.00
2015/09/24	8.24	8.49	7.99	8.12	13177180	174775584.00
2015/09/25	7.98	8.07	7.30	7.44	10791526	133305656.00
2015/09/28	7.43	7.72	7.26	7.68	5760770	70130664.00
2015/09/29	7.52	7.81	7.48	7.61	6771365	83475680.00
2015/09/30	7.70	7.88	7.63	7.73	6510314	81321408.00
2015/10/08	8.06	8.26	7.91	8.13	9331596	122245056.00
2015/10/09	8.07	8.57	8.07	8.45	11814944	159248096.00
2015/10/12	8.56	9.30	8.45	9.30	16885075	243166192.00
2015/10/13	9.18	10.23	9.05	10.07	16703233	254958160.00
2015/10/14	10.06	10.06	9.41	9.44	16291318	253064848.00
2015/10/15	9.31	10.39	9.26	10.39	23005968	370362816.00
2015/10/16	10.88	11.28	10.06	10.53	29509407	509327488.00
2015/10/19	10.53	10.98	10.13	10.38	23552334	398486368.00
2015/10/20	10.50	10.83	10.31	10.55	15755607	267580176.00
2015/10/21	10.51	10.51	9.49	9.49	17201992	277097792.00
2015/10/22	9.46	10.23	9.07	10.01	17653154	272985952.00
2015/10/23	10.18	10.34	9.80	10.18	17172714	279815200.00
2015/10/26	10.30	10.75	10.07	10.38	16105682	270213504.00
2015/10/27	10.28	10.34	9.45	10.19	11006979	177080480.00
2015/10/28	10.01	10.45	10.01	10.09	11453023	189541552.00
2015/10/29	10.24	10.63	9.88	10.58	14313015	236953376.00
2015/10/30	10.50	11.08	10.17	10.66	16547728	285002912.00
2015/11/02	10.22	11.03	10.18	10.29	13855067	235118688.00
2015/11/03	10.32	10.50	10.01	10.28	10678893	177178224.00
2015/11/04	10.36	11.32	10.36	11.32	17154630	302441568.00
2015/11/05	11.47	12.18	11.05	11.79	33780428	629555968.00
2015/11/06	11.59	12.25	11.59	11.81	21555054	410882464.00
2015/11/09	11.53	12.11	11.32	11.74	18909382	356733184.00
2015/11/10	11.50	12.50	11.46	12.22	23660474	454492992.00
2015/11/11	12.09	12.53	11.94	12.28	21791860	429318464.00
2015/11/12	12.52	13.52	12.50	12.99	29434852	620267264.00
2015/11/13	12.64	13.06	11.82	12.27	23300686	465161024.00
2015/11/16	11.84	12.56	11.83	12.46	12000461	234046560.00
2015/11/17	12.55	12.88	11.91	11.94	15156369	301520256.00
2015/11/18	11.99	12.18	11.47	11.59	10894599	208196304.00
2015/11/19	11.66	12.31	11.50	12.21	11732185	224029648.00
2015/11/20	12.13	12.41	11.93	12.13	12131948	237617792.00
2015/11/23	12.00	12.16	11.68	11.78	11023126	211170336.00
2015/11/24	11.97	12.08	11.73	12.01	9925645	189981184.00
2015/11/25	12.01	12.63	11.88	12.55	15989294	319596192.00
2015/11/26	12.88	12.88	12.09	12.20	12081294	241516512.00
2015/11/27	12.16	12.22	10.98	11.02	12634690	236306496.00
2015/11/30	11.02	11.33	10.34	11.23	11412012	202428128.00
2015/12/01	11.25	11.64	11.13	11.28	8866725	162623136.00
2015/12/02	11.25	11.28	10.39	10.95	6340297	111303152.00
2015/12/03	10.94	11.37	10.88	11.31	6716442	120566624.00
2015/12/04	11.19	11.49	11.11	11.34	7067259	129094256.00
2015/12/07	11.38	11.78	11.20	11.77	8433621	157072512.00
2015/12/08	11.68	11.72	11.21	11.25	8493758	156071728.00
2015/12/09	11.24	11.97	11.16	11.95	15997412	301952544.00
2015/12/10	11.93	12.11	11.55	11.63	11491485	217838000.00
2015/12/11	11.49	11.49	11.13	11.14	7576100	137397024.00
2015/12/14	10.91	11.39	10.86	11.38	4600669	82583704.00
2015/12/15	11.41	11.74	11.41	11.60	5576781	104225944.00
2015/12/16	11.66	11.79	11.59	11.61	5294030	99587144.00
2015/12/17	11.77	12.11	11.76	11.99	9834599	189158336.00
2015/12/18	12.06	12.16	11.84	12.11	9803640	189766480.00
2015/12/21	12.23	12.24	11.88	12.00	7785390	150563888.00
2015/12/22	12.04	12.38	11.94	12.31	9092312	177871216.00
2015/12/23	12.29	12.34	11.88	11.89	8079766	156764800.00
2015/12/24	11.85	11.93	11.23	11.71	6465515	120325856.00
2015/12/25	11.71	12.04	11.66	11.94	6268066	119951784.00
2015/12/28	11.98	12.23	11.55	11.81	9090577	175634192.00
2015/12/29	11.67	12.56	11.50	12.51	17306691	338239072.00
2015/12/30	12.44	12.44	12.23	12.41	13536323	268812736.00
2015/12/31	12.47	12.99	12.42	12.44	17747952	361931552.00
2016/01/04	12.33	12.33	11.19	11.19	9945696	185703248.00
2016/01/05	10.56	11.16	10.07	10.50	11884321	202838832.00
2016/01/06	10.69	10.89	10.28	10.88	8870355	152146448.00
2016/01/07	10.59	10.61	9.78	9.79	2852800	46575172.00
2016/01/08	9.95	10.18	9.00	9.83	8459289	132877840.00
2016/01/11	9.46	9.62	8.84	8.84	8666554	128675864.00
2016/01/12	8.81	9.06	8.69	8.94	6053772	87226920.00
2016/01/13	9.01	9.13	8.31	8.43	4638673	66177696.00
2016/01/14	8.06	8.93	7.94	8.83	8092329	111276040.00
2016/01/15	8.72	8.90	8.12	8.30	7179617	99631856.00
2016/01/18	8.03	8.66	7.96	8.49	5892627	80132000.00
2016/01/19	8.42	8.87	8.41	8.84	6872388	95992424.00
2016/01/20	8.81	9.43	8.66	9.38	11670601	168372016.00
2016/01/21	9.06	9.38	8.75	8.75	10752127	157565152.00
2016/01/22	8.86	8.93	8.49	8.85	6450965	90873984.00
2016/01/25	8.94	9.05	8.81	8.89	4882900	70294784.00
2016/01/26	8.69	8.79	7.99	7.99	6635542	89718576.00
2016/01/27	8.06	8.12	7.24	7.73	6904096	84936320.00
2016/01/28	7.58	8.11	7.51	7.81	10143349	128627784.00
2016/01/29	7.64	8.36	7.64	8.26	5822634	75800808.00
2016/03/14	8.13	8.81	7.79	8.51	14548561	195934432.00
2016/03/15	8.38	8.71	8.26	8.30	9092265	123863744.00
2016/03/16	8.50	8.81	8.43	8.48	12561738	174619104.00
2016/03/17	8.63	9.13	8.44	9.13	14089165	200090576.00
2016/03/18	8.94	9.40	8.91	9.28	13821579	205392432.00
2016/03/21	9.41	10.22	9.20	10.21	19696764	303812800.00
2016/03/22	9.88	10.13	9.70	9.91	12075990	192555040.00
2016/03/23	9.81	10.30	9.75	10.20	13253755	215142832.00
2016/03/24	10.06	10.18	9.80	9.80	10205482	163456608.00
2016/03/25	9.72	9.94	9.59	9.83	6423612	100605096.00
2016/03/28	9.84	10.13	9.73	9.78	6174709	98800072.00
2016/03/29	9.94	10.07	9.57	9.68	6745679	106870760.00
2016/03/30	9.79	10.33	9.71	10.23	10198964	164794832.00
2016/03/31	10.20	10.54	10.03	10.12	10612757	174938512.00
2016/04/01	10.11	10.17	9.74	9.93	6412119	102118144.00
2016/04/05	9.94	10.48	9.93	10.34	8591439	141823552.00
2016/04/06	10.34	10.66	10.22	10.66	12540172	211433680.00
2016/04/07	10.69	10.69	10.30	10.43	8822465	149032320.00
2016/04/08	10.31	10.74	10.00	10.69	9527741	158840064.00
2016/04/11	10.80	11.16	10.72	10.91	9248414	163593088.00
2016/04/12	10.80	11.15	10.58	11.08	8330885	145863696.00
2016/04/13	11.06	11.31	10.91	10.97	9655704	173556448.00
2016/04/14	11.01	11.30	10.97	11.19	7781156	139082128.00
2016/04/15	11.19	11.66	11.13	11.43	9921526	182422704.00
2016/04/18	11.34	11.37	10.97	11.07	5670841	101651648.00
2016/04/19	11.19	11.31	10.85	11.25	7770337	138719072.00
2016/04/20	11.25	11.34	10.18	10.41	8458537	146387872.00
2016/04/21	10.39	10.69	10.20	10.25	6838964	115400512.00
2016/04/22	10.32	10.56	10.09	10.53	5430649	90844352.00
2016/04/25	10.49	10.49	10.25	10.42	3334075	55746640.00
2016/04/26	10.44	10.94	10.38	10.89	6824548	117415184.00
2016/04/27	10.88	11.43	10.82	10.99	8947733	160545472.00
2016/04/28	10.91	11.08	10.51	10.86	6233949	108363432.00
2016/04/29	10.86	11.29	10.81	11.16	7475575	133834040.00
2016/05/03	11.09	11.28	11.01	11.25	18998045	339622432.00
2016/05/04	11.16	11.16	10.84	10.95	11357083	201039744.00
2016/05/05	10.88	11.03	10.76	10.99	8354356	146430992.00
2016/05/06	10.96	11.03	9.88	9.89	15999709	267546688.00
2016/05/09	9.68	9.68	9.01	9.06	9623281	143375696.00
2016/05/10	9.06	9.20	8.91	8.94	5105506	74576072.00
2016/05/11	9.09	9.22	8.81	8.95	5241797	76334928.00
2016/05/12	8.69	9.13	8.56	9.09	6521569	93477024.00
2016/05/13	9.05	9.58	9.00	9.28	9832167	148216928.00
2016/05/16	9.31	9.86	9.21	9.79	11431038	176575520.00
2016/05/17	9.70	9.83	9.51	9.57	8796085	136773008.00
2016/05/18	9.41	9.53	8.69	8.99	8278030	122178704.00
2016/05/19	8.99	9.34	8.97	9.15	6747577	99813280.00
2016/05/20	9.05	9.32	8.92	9.31	4773918	70801904.00
2016/05/23	9.32	9.59	9.31	9.54	7496405	114342040.00
2016/05/24	9.48	9.52	9.14	9.29	5468695	82170248.00
2016/05/25	9.38	9.46	9.13	9.17	4557213	68299168.00
2016/05/26	9.13	9.51	9.00	9.51	7267949	108450128.00
2016/05/27	9.33	9.48	9.30	9.36	4768357	72063096.00
2016/05/30	9.34	9.38	9.09	9.23	3010709	44813132.00
2016/05/31	9.24	9.69	9.24	9.63	7589400	116857280.00
2016/06/01	9.64	10.32	9.64	10.05	13215623	213085216.00
2016/06/02	10.12	10.41	9.96	10.34	12516928	205707088.00
2016/06/03	10.41	10.47	10.21	10.22	10514717	174581184.00
2016/06/06	10.19	10.71	10.16	10.68	10929091	183729536.00
2016/06/07	10.72	11.27	10.61	11.08	18608759	327213120.00
2016/06/08	10.94	12.06	10.68	11.71	28773400	529504640.00
2016/06/13	11.43	11.69	10.54	10.54	20172363	364887456.00
2016/06/14	10.44	11.46	10.44	11.46	19365944	343673440.00
2016/06/15	11.19	12.59	11.14	12.18	27668750	543260160.00
2016/06/16	11.81	12.75	11.81	12.43	31188707	624193088.00
2016/06/17	12.57	12.74	11.75	12.16	23208057	457394752.00
2016/06/20	12.09	12.22	11.83	12.13	13802133	266887680.00
2016/06/21	12.06	12.19	11.63	11.73	16619024	317439424.00
2016/06/22	11.58	12.41	11.58	12.31	18864271	366753952.00
2016/06/23	12.21	12.35	11.68	11.79	14135533	270371456.00
2016/06/24	11.78	12.00	11.03	11.73	14235921	265345440.00
2016/06/27	11.64	12.26	11.47	12.13	12464375	239983648.00
2016/06/28	12.08	12.08	11.84	11.91	9586700	183645360.00
2016/06/29	11.93	12.16	11.67	11.85	13158611	250248864.00
2016/06/30	11.88	11.89	11.53	11.82	10367941	193853008.00
2016/07/01	11.74	11.84	11.56	11.70	6546764	123047888.00
2016/07/04	11.53	11.86	11.42	11.71	11154645	209095744.00
2016/07/05	11.69	12.01	11.68	11.96	14976075	285016160.00
2016/07/06	11.88	12.24	11.76	11.79	14208539	273033856.00
2016/07/07	11.70	11.95	11.45	11.90	14043455	263068576.00
2016/07/08	11.83	12.03	11.71	11.71	9613243	182414416.00
2016/07/11	11.72	12.00	11.51	11.74	12374204	233259408.00
2016/07/12	11.70	11.84	11.29	11.68	8997415	167189472.00
2016/07/13	11.75	12.08	11.60	12.04	14024881	267969712.00
2016/07/14	12.08	12.08	11.88	11.94	8517776	163434048.00
2016/07/15	11.93	12.06	11.69	11.76	8816583	167316064.00
2016/07/18	11.72	11.76	11.37	11.38	9910267	182788832.00
2016/07/19	11.38	11.53	11.33	11.51	5335741	97813640.00
2016/07/20	11.47	11.69	11.46	11.62	6703034	124784040.00
2016/07/21	11.61	11.74	11.54	11.56	6196758	115628640.00
2016/07/22	11.55	11.56	11.31	11.41	6647412	121818056.00
2016/07/25	11.39	11.48	11.28	11.33	5043827	91935928.00
2016/07/26	11.39	11.63	11.33	11.60	6431754	118634208.00
2016/07/27	11.64	11.81	10.78	10.94	12327057	225385296.00
2016/07/28	10.93	11.09	10.49	10.74	7227960	125062800.00
2016/07/29	10.71	10.77	10.41	10.58	4422375	75114776.00
2016/08/01	10.61	10.61	10.14	10.32	6418263	105840392.00
2016/08/02	10.32	10.37	10.28	10.34	4404247	72945656.00
2016/08/03	10.33	10.34	10.22	10.31	3498211	57828972.00
2016/08/04	10.31	10.62	10.24	10.56	5785930	97117864.00
2016/08/05	10.52	10.54	10.28	10.35	4506517	75121408.00
2016/08/08	10.29	10.41	10.06	10.41	3770990	61936868.00
2016/08/09	10.38	10.56	10.36	10.51	4016460	67475688.00
2016/08/10	10.51	10.69	10.50	10.53	4337124	73592168.00
2016/08/11	10.52	10.52	10.22	10.22	3970510	65752296.00
2016/08/12	10.25	10.38	10.20	10.34	3159021	52175796.00
2016/08/15	10.34	10.65	10.28	10.59	5114068	86121888.00
2016/08/16	10.65	10.94	10.58	10.76	4938116	85669680.00
2016/08/17	10.76	10.81	10.62	10.73	3731271	64133868.00
2016/08/18	10.73	10.78	10.65	10.76	3137369	53951356.00
2016/08/19	10.79	10.79	10.66	10.68	3831585	65884136.00
2016/08/22	10.69	10.89	10.64	10.64	5758536	99537200.00
2016/08/23	10.66	10.74	10.41	10.53	4893532	82868912.00
2016/08/24	10.53	10.73	10.51	10.70	4055921	69229360.00
2016/08/25	10.63	10.63	10.41	10.59	4986094	84039952.00
2016/08/26	10.72	10.88	10.65	10.68	6624346	114471072.00
2016/08/29	10.64	10.75	10.61	10.72	3357213	57575220.00
2016/08/30	10.70	10.78	10.61	10.68	3878280	66565964.00
2016/08/31	10.68	10.71	10.53	10.60	4781947	81484728.00
2016/09/01	10.64	10.66	10.48	10.53	4027722	68330880.00
2016/09/02	10.52	10.69	10.47	10.59	3771121	64162988.00
2016/09/05	10.61	10.73	10.58	10.64	3319400	56781340.00
2016/09/06	10.64	10.88	10.61	10.88	7123691	123282464.00
2016/09/07	10.94	10.96	10.78	10.83	4628399	80630632.00
2016/09/08	10.81	10.94	10.68	10.88	3644845	63463404.00
2016/09/09	11.03	11.59	11.03	11.36	15904717	290237920.00
2016/09/12	11.09	11.17	10.59	10.63	10425018	182098256.00
2016/09/13	10.74	11.36	10.69	11.31	11916566	210819344.00
2016/09/14	11.23	11.47	11.11	11.45	12017352	218087776.00
2016/09/19	11.48	11.59	11.27	11.38	8238872	150747856.00
2016/09/20	11.41	11.44	11.22	11.25	4684068	84738664.00
2016/09/21	11.20	11.29	11.09	11.13	4787277	85933240.00
2016/09/22	11.20	11.36	11.17	11.21	6300296	113837856.00
2016/09/23	11.23	11.44	11.07	11.38	11126526	201463280.00
2016/09/26	11.34	11.47	11.14	11.24	9194504	166799504.00
2016/09/27	11.23	11.31	10.89	11.17	5302695	93925704.00
2016/09/28	11.29	11.31	11.12	11.20	3775875	68027712.00
2016/09/29	11.18	11.50	11.13	11.46	7825638	142758704.00
2016/10/12	11.84	12.09	11.59	11.63	19622077	370545440.00
2016/10/13	11.63	11.68	11.34	11.49	12247809	225361776.00
2016/10/14	11.48	11.58	11.31	11.44	6525740	119633568.00
2016/10/17	11.48	11.55	11.24	11.27	7040589	128729192.00
2016/10/18	11.23	11.49	11.23	11.43	6566354	119991208.00
2016/10/19	11.41	11.54	11.31	11.36	6437881	117958000.00
2016/10/20	11.38	11.49	11.33	11.39	7311625	133609664.00
2016/10/21	11.44	11.47	11.13	11.44	10654521	193472448.00
2016/10/24	11.29	11.42	11.24	11.38	7855251	142835424.00
2016/10/25	11.37	11.51	11.33	11.47	6417422	117890624.00
2016/10/26	11.50	11.50	11.21	11.31	7980230	144970320.00
2016/10/27	11.28	11.36	11.26	11.29	3728282	67674752.00
2016/10/28	11.30	11.33	11.07	11.08	7043101	126522464.00
2016/10/31	11.06	11.16	10.84	11.12	3514470	62353232.00
2016/11/01	11.12	11.69	11.12	11.64	17544193	323972992.00
2016/11/02	11.63	11.75	11.48	11.57	8476902	157743824.00
2016/11/03	11.61	12.66	11.58	12.07	26882128	520637024.00
2016/11/04	12.16	12.38	11.97	12.27	13469923	262395168.00
2016/11/07	12.26	12.58	12.08	12.13	10861982	214261360.00
2016/11/08	12.15	12.44	12.06	12.33	9376886	184174432.00
2016/11/09	12.32	12.45	11.83	12.04	8774204	170932240.00
2016/11/10	12.18	12.46	12.10	12.43	10876358	214489296.00
2016/11/11	12.43	12.69	12.28	12.56	10891675	218607040.00
2016/11/14	12.48	12.75	12.26	12.61	9472873	189441200.00
2016/11/15	12.68	12.68	12.31	12.47	6279988	125697984.00
2016/11/16	12.48	12.60	12.27	12.30	6977438	138464560.00
2016/11/17	12.30	12.34	12.06	12.28	5961917	116727632.00
2016/11/18	12.25	12.33	12.16	12.26	4345579	85252128.00
2016/11/21	12.18	12.44	12.17	12.39	5579305	110193592.00
2016/11/22	12.42	13.02	12.42	12.66	11502708	235384176.00
2016/11/23	12.69	12.87	12.48	12.51	7602842	154155728.00
2016/11/24	12.53	12.63	12.13	12.24	8928369	176244480.00
2016/11/25	12.16	12.27	11.88	12.16	5871434	113369624.00
2016/11/28	12.16	12.22	11.82	11.97	5919994	113876040.00
2016/11/29	11.91	12.11	11.81	11.81	4832746	92686680.00
2016/11/30	11.84	12.10	11.69	12.00	5187751	99428176.00
2016/12/01	11.91	12.05	11.79	12.02	4641373	88736432.00
2016/12/02	11.93	12.01	11.49	11.53	5430647	101829168.00
2016/12/05	11.47	11.67	11.41	11.49	3651934	67526624.00
2016/12/06	11.58	11.60	11.41	11.52	3911204	72266504.00
2016/12/07	11.52	11.79	11.49	11.77	3638582	68231960.00
2016/12/08	11.78	11.79	11.63	11.71	2830213	53138872.00
2016/12/09	11.71	11.90	11.62	11.73	3085975	58202508.00
2016/12/12	11.73	11.78	10.66	10.66	6053720	108357720.00
2016/12/13	10.63	10.81	10.50	10.74	3984359	68310592.00
2016/12/14	10.75	10.90	10.52	10.90	5323586	91278080.00
2016/12/15	10.71	11.28	10.66	11.13	5575655	99213128.00
2016/12/16	11.09	11.75	11.01	11.29	3270996	59547776.00
2016/12/19	11.22	11.58	11.22	11.54	4220615	77537632.00
2016/12/20	11.47	11.56	11.39	11.49	1808417	33205748.00
2016/12/21	11.47	11.67	11.46	11.50	2572464	47752524.00
2016/12/22	11.34	11.47	11.27	11.38	2620313	47731840.00
2016/12/23	11.34	11.44	11.22	11.23	1872722	33962480.00
2016/12/26	11.23	11.28	11.04	11.25	2856279	51196160.00
2016/12/27	11.27	11.38	11.25	11.29	2579809	46796332.00
2016/12/28	11.22	11.34	11.08	11.09	2457320	44235040.00
2016/12/29	11.10	11.25	11.02	11.10	3107882	55587280.00
2016/12/30	11.13	11.31	11.10	11.16	2393534	43064720.00
2017/01/03	11.13	11.56	11.13	11.50	4423687	81242832.00
2017/01/04	11.47	11.73	11.45	11.66	5879818	109630992.00
2017/01/05	11.54	11.80	11.54	11.71	3658676	68478808.00
2017/01/06	11.71	11.82	11.48	11.53	2916844	54377584.00
2017/01/09	11.47	11.71	11.47	11.58	3015244	56119220.00
2017/01/10	11.54	11.62	11.48	11.48	2045607	37925380.00
2017/01/11	11.48	11.59	11.38	11.47	1917285	35401476.00
2017/01/12	11.47	11.65	11.21	11.26	3091010	56762496.00
2017/01/13	11.22	11.36	10.97	11.08	2853967	51322640.00
2017/01/16	10.98	10.99	9.97	10.23	5926062	99231080.00
2017/01/17	10.16	10.46	10.09	10.41	2971646	49066396.00
2017/01/18	10.41	10.41	10.16	10.19	3311262	54531248.00
2017/01/19	10.17	10.27	10.06	10.26	1653030	27009820.00
2017/01/20	10.21	10.51	10.19	10.50	2787624	46494924.00
2017/01/23	10.48	10.64	10.42	10.63	2590572	43893716.00
2017/01/24	10.57	10.63	10.49	10.56	1585115	26836000.00
2017/01/25	10.56	10.64	10.48	10.62	1412479	24020634.00
2017/01/26	10.69	10.87	10.61	10.77	2637820	45420632.00
2017/02/03	10.78	10.78	10.58	10.72	1184682	20295408.00
2017/02/06	10.72	10.80	10.61	10.79	2254300	38790220.00
2017/02/07	10.76	10.93	10.73	10.81	2391488	41555952.00
2017/02/08	10.84	10.91	10.73	10.87	1725949	30022808.00
2017/02/09	10.81	10.98	10.80	10.95	2921920	51148284.00
2017/02/10	10.95	10.98	10.83	10.94	2657016	46452228.00
2017/02/13	10.90	10.99	10.80	10.99	3065246	53670204.00
2017/02/14	10.97	11.06	10.85	10.93	3860445	67749904.00
2017/02/15	10.88	11.03	10.76	10.90	2881746	50414120.00
2017/02/16	10.83	10.93	10.82	10.88	1926605	33628304.00
2017/02/17	10.88	11.21	10.81	10.91	2698920	47220864.00
2017/02/20	10.91	10.96	10.84	10.91	2914185	50916268.00
2017/02/21	11.07	11.20	10.97	11.13	6232519	111175096.00
2017/02/22	11.09	11.11	10.96	11.08	3829015	67791152.00
2017/02/23	11.09	11.09	10.91	11.00	3232073	57018652.00
2017/02/24	10.99	11.03	10.91	11.00	2494575	43952176.00
2017/02/27	11.08	11.26	11.02	11.06	5575772	99542144.00
2017/02/28	11.26	11.26	11.06	11.19	5311895	95257512.00
2017/03/01	11.26	11.26	11.03	11.17	4512760	80557392.00
2017/03/02	11.18	11.25	10.94	10.96	4407145	78055976.00
2017/03/03	11.00	11.19	10.88	11.16	4523430	80407224.00
2017/03/06	11.21	11.44	11.13	11.23	7858313	142091024.00
2017/03/07	11.21	11.26	11.09	11.18	4277073	76524072.00
2017/03/08	11.16	11.19	11.02	11.06	3815293	67792672.00
2017/03/09	11.06	11.16	10.94	10.99	3757051	66553212.00
2017/03/10	10.96	11.13	10.95	11.04	3795792	67235848.00
2017/03/13	11.02	11.08	10.91	10.97	5032870	88499712.00
2017/03/14	10.98	11.06	10.91	10.94	3798919	66922996.00
2017/03/15	10.91	11.00	10.90	10.94	2808263	49322244.00
2017/03/16	10.97	11.12	10.97	11.08	6041577	107161808.00
2017/03/17	11.08	11.15	11.06	11.06	5535968	98621992.00
2017/03/20	11.07	11.12	10.96	11.11	4019381	71264136.00
2017/03/21	11.13	11.18	11.07	11.11	4846852	86374528.00
2017/03/22	11.06	11.17	10.76	10.88	7123273	124953640.00
2017/03/23	10.92	11.04	10.74	10.88	5091272	89055824.00
2017/03/24	10.89	10.92	10.74	10.77	4540376	78696136.00
2017/03/27	10.81	10.88	10.71	10.76	3532159	61161064.00
2017/03/28	10.79	10.87	10.73	10.82	2533077	43968032.00
2017/03/29	10.81	10.86	10.59	10.63	4660460	80166008.00
2017/03/30	10.63	10.65	10.28	10.32	4095462	68518704.00
2017/03/31	10.40	10.43	10.31	10.34	4008338	66600956.00
2017/04/05	10.38	10.56	10.37	10.53	4238980	71359752.00
2017/04/06	10.55	10.61	10.47	10.58	4136499	70024640.00
2017/04/07	10.58	10.60	10.51	10.52	2953982	50008956.00
2017/04/10	10.52	10.52	10.25	10.38	4594464	76325216.00
2017/04/11	10.41	10.66	10.38	10.59	4653932	78823320.00
2017/04/12	10.62	10.68	10.53	10.53	3011520	51096488.00
2017/04/13	10.53	10.58	10.41	10.44	2674186	45087256.00
2017/04/14	10.44	10.50	10.26	10.34	2736526	45475436.00
2017/04/17	10.34	10.38	10.09	10.12	3011836	49384824.00
2017/04/18	10.20	10.20	9.58	9.58	6108450	60411952.00
2017/04/19	9.55	9.55	9.15	9.49	6424893	60007708.00
2017/04/20	9.47	9.55	9.02	9.25	5824600	54089356.00
2017/04/21	9.08	9.22	8.70	8.75	10031611	89398448.00
2017/04/24	8.74	8.74	8.02	8.28	7131100	59934944.00
2017/04/25	8.30	8.43	8.27	8.35	5690198	47557052.00
2017/04/26	8.39	8.45	8.33	8.34	3976362	33329302.00
2017/04/27	8.34	8.53	8.04	8.46	7056151	58424416.00
2017/04/28	8.43	8.70	8.43	8.59	5667686	48646300.00
2017/05/02	8.60	8.64	8.50	8.56	3406671	29227434.00
2017/05/03	8.58	8.64	8.34	8.45	3882857	33012304.00
2017/05/04	8.41	8.60	8.41	8.47	4164650	35389268.00
2017/05/05	8.45	8.50	8.27	8.28	4138289	34638796.00
2017/05/08	8.26	8.26	8.07	8.07	3622176	29528424.00
2017/05/09	8.08	8.16	7.79	8.12	5501093	43888168.00
2017/05/10	8.08	8.25	7.93	7.95	4753987	38549016.00
2017/05/11	7.90	7.93	7.46	7.70	7527934	57946144.00
2017/05/12	7.72	7.79	7.56	7.66	3800919	29095060.00
2017/05/15	7.69	7.74	7.63	7.72	3658309	28149556.00
2017/05/16	7.71	7.98	7.64	7.98	7291176	56798552.00
2017/05/17	7.96	8.13	7.92	7.98	8230987	66034372.00
2017/05/18	7.96	7.98	7.83	7.88	6037823	47853216.00
2017/05/19	7.88	7.92	7.79	7.82	4673757	36627108.00
2017/05/22	7.80	7.82	7.32	7.40	6319327	47860780.00
2017/05/23	7.36	7.50	7.15	7.16	6052871	44356128.00
2017/05/24	7.16	7.31	7.05	7.30	5238901	37769760.00
2017/05/25	7.25	7.46	7.18	7.40	6192065	45363004.00
2017/05/26	7.41	7.44	7.36	7.39	3293784	24348006.00
2017/05/31	7.49	7.51	7.36	7.37	3824236	28410624.00
2017/06/01	7.35	7.38	6.93	6.99	5400136	38901472.00
2017/06/02	6.98	7.23	6.90	7.18	5108734	35987408.00
2017/06/05	7.20	7.32	7.15	7.25	4389826	31799176.00
2017/06/06	7.25	7.35	7.21	7.31	3750664	27378892.00
2017/06/07	7.31	7.63	7.27	7.60	9987266	75006856.00
2017/06/08	7.60	7.78	7.46	7.50	7671792	58234492.00
2017/06/09	7.50	7.62	7.42	7.60	7373880	55414908.00
2017/06/12	7.52	7.52	7.27	7.32	6674527	49391324.00
2017/06/13	7.30	7.56	7.28	7.50	6531890	48751072.00
2017/06/14	7.50	7.65	7.47	7.57	8382053	63500876.00
2017/06/15	7.56	7.81	7.54	7.75	9798765	75608376.00
2017/06/16	7.74	7.87	7.65	7.75	5774594	44697856.00
2017/06/19	7.75	7.80	7.70	7.75	5045988	39046164.00
2017/06/20	7.79	8.03	7.77	7.92	9729249	77076440.00
2017/06/21	7.90	8.08	7.86	7.96	9352068	74670520.00
2017/06/22	7.97	7.98	7.65	7.66	7900628	61795044.00
2017/06/23	7.66	8.00	7.57	8.00	9036311	69943056.00
2017/06/26	8.00	8.23	7.90	8.19	11041507	89437248.00
2017/06/27	8.15	8.29	8.06	8.13	8085816	65963152.00
2017/06/28	8.13	8.13	7.93	7.97	6102762	48739228.00
2017/06/29	7.97	8.06	7.93	7.95	4030923	32142234.00
2017/06/30	7.90	8.03	7.85	7.99	4131215	32804072.00
2017/07/03	8.00	8.10	7.95	8.07	4236088	34069104.00
2017/07/04	8.10	8.11	7.97	8.02	4225098	33934040.00
2017/07/05	8.01	8.06	7.94	8.05	5035503	40294372.00
2017/07/06	8.07	8.36	8.01	8.17	10205446	83368928.00
2017/07/07	8.17	8.17	8.03	8.12	6505211	52638908.00
2017/07/10	8.07	8.10	7.92	7.98	6679224	53326448.00
2017/07/11	7.97	7.97	7.78	7.79	5290890	41670804.00
2017/07/12	7.76	7.84	7.57	7.71	6884751	52836008.00
2017/07/13	7.73	7.84	7.67	7.71	3759000	29095402.00
2017/07/14	7.70	7.74	7.58	7.66	4051071	30926352.00
2017/07/17	7.65	7.65	6.89	6.90	10827525	77192680.00
2017/07/18	6.88	7.01	6.73	6.97	5932796	40739064.00
2017/07/19	6.94	7.04	6.90	7.00	6477974	45164220.00
2017/07/20	7.01	7.18	6.99	7.00	7051130	49968064.00
2017/07/21	7.00	7.58	6.98	7.29	13331872	97156280.00
2017/07/24	7.23	7.38	7.16	7.26	7745466	56098104.00
2017/07/25	7.23	7.34	7.18	7.21	4402540	31864492.00
2017/07/26	7.22	7.30	7.18	7.24	4823705	34903364.00
2017/07/27	7.22	7.42	7.14	7.34	7662071	55845456.00
2017/07/28	7.31	7.45	7.29	7.31	6663597	49024884.00
2017/07/31	7.32	7.35	7.21	7.30	5704959	41595608.00
2017/08/01	7.30	7.48	7.24	7.37	7527603	55401648.00
2017/08/02	7.37	7.64	7.29	7.53	13393912	100026936.00
2017/08/03	7.46	7.50	7.37	7.48	7483216	55632532.00
2017/08/04	7.46	7.48	7.28	7.28	7127639	52560632.00
2017/08/07	7.26	7.40	7.25	7.40	6112440	44647216.00
2017/08/08	7.40	7.48	7.32	7.40	5153777	38092140.00
2017/08/09	7.38	8.14	7.37	8.14	21076957	166162160.00
2017/08/10	8.67	8.95	8.57	8.95	80247266	706579904.00
2017/08/11	8.77	9.54	8.70	9.32	80702739	730724800.00
2017/08/14	9.11	9.27	8.94	9.24	55220243	503326528.00
2017/08/15	9.13	9.41	9.01	9.16	45540662	418521696.00
2017/08/16	9.03	9.09	8.76	9.01	40323583	359515392.00
2017/08/17	8.96	9.18	8.90	9.11	34184359	308780768.00
2017/08/18	8.97	9.06	8.73	8.78	28485581	252952656.00
2017/08/21	8.87	8.92	8.62	8.91	19494625	171692320.00
2017/08/22	8.81	8.82	8.40	8.45	29411244	251606720.00
2017/08/23	8.50	8.62	8.30	8.34	17822850	150918736.00
2017/08/24	8.34	8.42	8.22	8.37	15169099	126449280.00
2017/08/25	8.34	8.50	8.29	8.46	15423629	129688888.00
2017/08/28	8.49	8.59	8.33	8.52	16440718	139414880.00
2017/08/29	8.50	8.66	8.36	8.41	16829633	143274080.00
2017/08/30	8.35	8.79	8.21	8.75	26770453	227738736.00
2017/08/31	8.65	8.81	8.62	8.70	17541932	152635744.00
2017/09/01	8.70	8.75	8.52	8.59	14447709	124226792.00
2017/09/04	8.60	8.62	8.40	8.56	12827313	109327832.00
2017/09/05	8.54	8.70	8.48	8.58	14243196	122520728.00
2017/09/06	8.51	8.88	8.43	8.78	26013645	227278352.00
2017/09/07	8.70	9.07	8.67	8.81	32126990	285796928.00
2017/09/08	8.76	9.36	8.72	9.18	36816563	332386688.00
2017/09/11	9.35	9.70	9.23	9.53	48537396	458784064.00
2017/09/12	9.50	9.80	9.21	9.26	42356295	402283040.00
2017/09/13	9.20	9.26	8.95	9.17	20192660	183511056.00
2017/09/14	9.15	9.46	9.11	9.38	22643904	210925472.00
2017/09/15	9.30	9.38	9.06	9.14	14702988	135368800.00
2017/09/18	9.14	9.29	8.97	9.17	9111895	83530600.00
2017/09/19	9.41	9.67	9.22	9.29	25283988	239024480.00
2017/09/20	9.13	9.58	8.95	9.54	25806143	238199264.00
2017/09/21	9.49	9.56	9.20	9.21	15645624	146585504.00
2017/09/22	9.16	9.24	9.02	9.14	9287423	84925336.00
2017/09/25	9.13	9.19	8.50	8.54	15180083	134748656.00
2017/09/26	8.53	8.73	8.42	8.60	8958433	77010864.00
2017/09/27	8.65	9.08	8.56	8.99	12479085	110425160.00
2017/09/28	9.02	9.22	8.85	9.04	14386470	130156112.00
2017/09/29	9.02	9.24	8.99	9.06	11027607	100320128.00
2017/10/09	9.20	9.25	9.08	9.11	8802060	80449984.00
2017/10/10	9.09	9.48	9.04	9.39	14267051	132146880.00
2017/10/11	9.26	9.42	9.18	9.19	11216217	104113744.00
2017/10/12	9.36	9.40	9.20	9.37	12870101	119817584.00
2017/10/13	9.38	9.39	9.20	9.28	11130432	103459800.00
2017/10/16	9.29	9.29	8.80	8.82	12446060	112580392.00
2017/10/17	8.88	8.98	8.81	8.85	4996762	44486092.00
2017/10/18	8.97	9.74	8.90	9.42	50650840	485053952.00
2017/10/19	9.20	9.25	8.80	8.87	29186343	262332400.00
2017/10/20	8.88	8.97	8.77	8.81	14251600	125995288.00
2017/10/23	8.80	9.08	8.79	8.94	10179731	90848040.00
2017/10/24	8.79	8.79	8.49	8.57	15942756	137387936.00
2017/10/25	8.55	8.67	8.39	8.65	8203845	70204680.00
2017/10/26	8.59	8.68	8.50	8.59	7026584	60352168.00
2017/10/27	8.60	8.64	8.41	8.44	6361852	54263496.00
2017/10/30	8.45	8.49	7.97	7.99	9673218	78465936.00
2017/10/31	7.99	8.39	7.97	8.29	8278525	67595712.00
2017/11/01	8.27	8.41	8.23	8.26	4107286	34076976.00
2017/11/02	8.22	8.31	8.06	8.08	4986784	40533792.00
2017/11/03	8.09	8.23	8.05	8.11	4090916	33224670.00
2017/11/06	8.13	8.21	8.08	8.20	3018911	24610324.00
2017/11/07	8.20	8.35	8.18	8.33	5009266	41403604.00
2017/11/08	8.31	8.51	8.30	8.34	5760729	48404448.00
2017/11/09	8.38	8.47	8.33	8.37	4335703	36418284.00
2018/04/25	7.53	7.53	7.53	7.53	701800	5284554.00
2018/04/26	6.78	6.97	6.78	6.78	25842820	175934640.00
2018/04/27	6.48	6.75	6.40	6.46	13421509	88137640.00
2018/05/02	6.55	6.64	6.42	6.50	6033637	39252224.00
2018/05/03	6.48	6.50	6.24	6.40	5792075	36898420.00
2018/05/04	6.34	6.44	6.31	6.35	3909599	24900040.00
2018/05/07	6.39	6.70	6.30	6.51	7599990	49192596.00
2018/05/08	6.46	6.55	6.44	6.47	5363114	34719392.00
2018/05/09	6.46	6.49	6.37	6.39	4414448	28362306.00
2018/05/10	6.39	6.44	6.38	6.41	4033126	25832750.00
2018/05/11	6.42	6.53	6.40	6.47	6283400	40644964.00
2018/05/14	6.45	6.48	6.28	6.32	4609406	29469356.00
2018/05/15	6.35	6.36	6.19	6.28	6545355	40886320.00
2018/05/16	6.26	6.28	6.17	6.23	4665876	29009128.00
2018/05/17	6.24	6.27	6.12	6.19	3965351	24626038.00
2018/05/18	6.20	6.42	6.18	6.35	5927098	37287236.00
2018/05/21	6.38	6.44	6.33	6.39	5552405	35434620.00
2018/05/22	6.40	6.44	6.34	6.41	4244743	27100128.00
2018/05/23	6.38	6.45	6.36	6.37	4376097	28012246.00
2018/05/24	6.37	6.43	6.29	6.31	3369970	21363800.00
2018/05/25	6.34	6.42	6.28	6.34	4161336	26378332.00
2018/05/28	6.37	6.39	6.21	6.29	3437400	21603070.00
2018/05/29	6.26	6.32	6.20	6.28	3979140	24915704.00
2018/05/30	6.30	6.30	5.86	5.88	5457425	33230332.00
2018/05/31	5.99	6.00	5.89	5.91	3419385	20300722.00
2018/06/01	5.90	6.05	5.88	5.94	2989755	17819112.00
2018/06/04	5.95	6.01	5.89	5.89	2324580	13815653.00
2018/06/05	5.89	5.98	5.87	5.98	1961495	11673913.00
2018/06/06	5.97	6.08	5.93	6.03	3580112	21534290.00
2018/06/07	6.03	6.05	5.90	5.90	2181235	13031251.00
2018/06/08	5.90	5.92	5.60	5.67	4455168	25469944.00
2018/06/11	5.67	5.70	5.57	5.60	2066403	11615693.00
2018/06/12	5.62	5.65	5.46	5.61	2219860	12362316.00
2018/06/13	5.62	5.64	5.43	5.43	2365312	13048767.00
2018/06/14	5.41	5.50	5.30	5.35	2576860	13909636.00
2018/06/15	5.35	5.42	5.05	5.13	3933523	20387364.00
2018/06/19	4.93	5.04	4.62	4.62	5553846	26520830.00
2018/06/20	4.61	4.80	4.50	4.77	4990447	23281614.00
2018/06/21	4.71	4.79	4.55	4.56	3661680	17208574.00
2018/06/22	4.58	5.02	4.51	5.02	8393377	40867644.00
2018/06/25	5.23	5.52	5.15	5.52	13058511	71060008.00
2018/06/26	5.30	6.07	5.16	5.70	27422620	154680928.00
2018/06/27	5.52	5.74	5.45	5.55	15428229	86085440.00
2018/06/28	5.50	6.11	5.41	6.11	24595275	142855248.00
2018/06/29	6.12	6.67	5.93	6.23	32885330	208726512.00
2018/07/02	6.11	6.35	5.98	6.01	20873909	127324352.00
2018/07/03	6.00	6.00	5.74	5.93	18356658	107552640.00
2018/07/04	5.88	5.90	5.41	5.49	16248212	91686272.00
2018/07/05	5.49	6.04	5.49	6.04	14023612	82723728.00
2018/07/06	6.12	6.64	5.83	6.43	46857265	296301248.00
2018/07/09	6.20	6.41	6.15	6.25	26441549	165414064.00
2018/07/10	6.18	6.73	6.18	6.35	26769275	172854080.00
2018/07/11	6.30	6.33	5.92	6.11	19812670	121039416.00
2018/07/12	6.06	6.21	5.98	6.14	17221982	105274632.00
2018/07/13	6.00	6.10	5.89	5.94	13299281	79303336.00
2018/07/16	5.90	6.09	5.77	6.06	10139232	60671328.00
2018/07/17	6.03	6.17	5.92	6.17	8585291	51727612.00
2018/07/18	6.15	6.22	5.94	5.94	9607003	58452088.00
2018/07/19	5.87	5.94	5.60	5.65	9486600	54745212.00
2018/07/20	5.65	6.22	5.63	6.22	14396129	88136832.00
2018/07/23	6.50	6.84	6.43	6.84	51741019	345839712.00
2018/07/24	7.10	7.52	6.76	6.97	67067667	476806272.00
2018/07/25	6.83	6.90	6.57	6.57	43146400	290218912.00
2018/07/26	6.40	6.73	6.33	6.45	29163744	189548976.00
2018/07/27	6.38	6.48	6.24	6.26	16171036	102526216.00
2018/07/30	6.30	6.47	6.23	6.39	13605781	86266848.00
2018/07/31	6.30	6.38	6.26	6.32	8587037	54283788.00
2018/08/01	6.39	6.65	6.36	6.43	20166086	131447056.00
2018/08/02	6.30	6.30	5.79	5.90	20680106	122335712.00
2018/08/03	5.85	5.96	5.63	5.73	10770940	62277824.00
2018/08/06	5.75	5.76	5.36	5.48	9010749	49768856.00
2018/08/07	5.49	5.66	5.49	5.63	7646850	42789908.00
2018/08/08	5.67	5.67	5.21	5.30	9039868	49184988.00
2018/08/09	5.30	5.55	5.26	5.45	7741058	42183984.00
2018/08/10	5.41	5.62	5.39	5.53	5580483	30818434.00
2018/08/13	5.47	5.64	5.30	5.60	6405720	35181060.00
2018/08/14	5.61	5.85	5.55	5.60	7940040	45247744.00
2018/08/15	5.58	5.80	5.57	5.62	6852160	38692696.00
2018/08/16	5.60	5.60	5.36	5.41	5479542	30013744.00
2018/08/17	5.51	5.51	5.15	5.20	5354641	28558326.00
2018/08/20	5.20	5.24	5.04	5.17	5151876	26401114.00
2018/08/21	5.17	5.28	5.13	5.26	4087474	21325860.00
2018/08/22	5.23	5.28	5.14	5.16	3018823	15674728.00
2018/08/23	5.20	5.25	5.16	5.23	3952563	20599896.00
2018/08/24	5.22	5.22	5.14	5.15	3454816	17864546.00
2018/08/27	5.67	5.67	5.67	5.67	2046456	11603406.00
2018/08/28	6.24	6.24	6.24	6.24	2064807	12884396.00
2018/08/29	6.55	6.55	5.88	5.91	26861296	164707408.00
2018/08/30	5.85	6.50	5.81	6.30	39123860	247049920.00
2018/08/31	6.01	6.12	5.73	5.87	26812316	158676464.00
2018/09/03	5.95	6.27	5.89	6.06	17299344	104436584.00
2018/09/04	5.92	6.02	5.82	5.98	13859321	82146432.00
2018/09/05	5.96	6.04	5.68	5.73	12828936	74846792.00
2018/09/06	5.71	5.86	5.62	5.68	8924923	51092280.00
2018/09/07	5.68	5.78	5.50	5.61	8880026	50214268.00
2018/09/10	5.72	5.97	5.55	5.59	10504673	60536188.00
2018/09/11	5.21	5.78	5.21	5.42	8480220	45787676.00
2018/09/12	5.41	5.70	5.38	5.57	9121109	50510480.00
2018/09/13	5.60	5.70	5.43	5.53	7318454	40346024.00
2018/09/14	5.55	5.66	5.40	5.46	7139988	39674096.00
2018/09/17	5.34	5.46	5.25	5.35	5384436	28630254.00
2018/09/18	5.34	5.48	5.32	5.48	4694840	25387096.00
2018/09/19	5.45	5.58	5.41	5.56	6199498	34178044.00
2018/09/20	5.54	5.87	5.51	5.66	11034035	62991112.00
2018/09/21	5.58	5.74	5.55	5.69	7785146	43906700.00
2018/09/25	5.64	5.65	5.52	5.53	4926828	27401150.00
2018/09/26	5.54	5.62	5.48	5.58	4455203	24753626.00
2018/09/27	5.56	5.57	5.36	5.37	5228400	28501338.00
2018/09/28	5.38	5.57	5.38	5.52	3989867	21860684.00
2018/10/08	5.55	5.55	5.37	5.40	3263440	17717178.00
2018/10/09	5.41	5.45	5.36	5.41	3077720	16612534.00
2018/10/10	5.43	5.47	5.38	5.44	2658060	14405005.00
2018/10/11	5.24	5.24	4.90	4.90	6673900	33672536.00
2018/10/12	4.82	4.97	4.54	4.82	5573286	26465574.00
2018/10/15	4.82	5.03	4.82	4.92	4954224	24535006.00
2018/10/16	4.91	4.96	4.70	4.74	3391024	16373040.00
2018/10/17	4.83	4.92	4.65	4.77	3026040	14485200.00
2018/10/18	4.74	4.88	4.62	4.69	4030657	19149894.00
2018/10/19	4.67	4.81	4.58	4.81	3325963	15749847.00
2018/10/22	4.94	5.11	4.86	5.05	6370106	31915146.00
2018/10/23	5.04	5.07	4.86	4.90	4737288	23547452.00
2018/10/24	4.96	5.06	4.90	4.96	4094980	20360416.00
2018/10/25	4.72	4.91	4.69	4.88	3609103	17414810.00
2018/10/26	4.88	5.04	4.88	4.97	3995879	19872432.00
2018/10/29	4.95	4.99	4.86	4.87	2427920	11920082.00
2018/10/30	4.88	5.02	4.82	4.98	3851637	19020182.00
2018/10/31	5.00	5.13	4.94	5.08	6159952	31076192.00
2018/11/01	5.06	5.17	5.03	5.04	6364915	32345780.00
2018/11/02	5.09	5.16	5.05	5.15	6330241	32340348.00
2018/11/05	5.16	5.28	5.05	5.20	7936840	40900680.00
2018/11/06	5.17	5.23	5.06	5.19	5619748	28902954.00
2018/11/07	5.22	5.33	5.18	5.23	5859898	30705000.00
2018/11/08	5.22	5.49	5.22	5.29	10360623	55316788.00
2018/11/09	5.20	5.32	5.17	5.22	5600883	29303500.00
2018/11/12	5.24	5.46	5.24	5.45	7951067	42626416.00
2018/11/27	6.00	6.00	6.00	6.00	758020	4548120.00
2018/11/28	6.25	6.58	5.85	5.99	27103544	167156512.00
2018/11/29	5.93	5.99	5.53	5.53	18585782	106429344.00
2018/11/30	5.55	5.58	5.23	5.38	12937326	69353440.00
2018/12/03	5.50	5.58	5.41	5.51	11911493	65510492.00
2018/12/04	5.48	5.73	5.43	5.69	10667720	59513284.00
2018/12/05	5.51	5.64	5.45	5.53	8419780	46848284.00
2018/12/06	5.55	5.79	5.53	5.60	10534874	59427628.00
2018/12/07	5.57	5.90	5.57	5.89	14272315	81716528.00
2018/12/10	5.73	5.80	5.61	5.66	9643178	54938092.00
2018/12/11	5.65	5.70	5.54	5.62	6792716	38022324.00
2018/12/12	5.69	5.83	5.54	5.72	11474004	65563232.00
2018/12/13	5.70	5.99	5.64	5.91	18293039	107298208.00
2018/12/14	5.80	5.85	5.62	5.65	10489872	60081400.00
2018/12/17	5.68	5.68	5.45	5.60	5683116	31526812.00
2018/12/18	5.54	5.61	5.45	5.51	4299373	23743732.00
2018/12/19	5.51	5.61	5.33	5.38	4378553	24031052.00
2018/12/20	5.36	5.43	5.31	5.38	4453953	23976738.00
2018/12/21	5.35	5.39	5.29	5.34	4586659	24505946.00
2018/12/24	5.34	5.38	5.23	5.30	3331183	17652388.00
2018/12/25	5.27	5.30	4.96	5.16	5049274	25809882.00
2018/12/26	5.18	5.28	5.15	5.17	3246780	16880334.00
2018/12/27	5.25	5.28	5.01	5.01	3093160	15935786.00
2018/12/28	5.02	5.09	5.01	5.06	2661400	13453783.00
2019/01/02	5.07	5.25	5.04	5.25	4528300	23232416.00
2019/01/03	5.23	5.35	5.16	5.18	5429909	28566440.00
数据来源:通达信
