002688 金河生物 日线 前复权
      日期	    开盘	    最高	    最低	    收盘	    成交量	    成交额
2012/07/13	4.67	5.69	4.55	5.69	25763927	691920512.00
2012/07/16	5.28	5.68	5.08	5.08	16718064	479831776.00
2012/07/17	4.76	5.25	4.55	5.09	12334311	324734432.00
2012/07/18	4.91	5.05	4.70	4.85	8783364	234806752.00
2012/07/19	4.81	5.38	4.81	5.38	14588456	415773248.00
2012/07/20	5.30	5.97	5.23	5.97	15816106	479876992.00
2012/07/23	5.84	6.31	5.69	5.73	13737656	442707008.00
2012/07/24	5.66	6.35	5.61	6.35	11588083	370307392.00
2012/07/25	6.31	6.73	6.19	6.20	12312662	422628320.00
2012/07/26	6.12	6.52	6.08	6.35	8177785	276365440.00
2012/07/27	6.23	6.45	5.71	5.89	9714119	314244928.00
2012/07/30	5.83	6.09	5.71	5.83	6633767	211321936.00
2012/07/31	5.79	5.82	5.34	5.35	7495307	222105600.00
2012/08/01	5.39	5.62	5.32	5.47	6844740	202420480.00
2012/08/02	5.39	6.05	5.25	5.79	9386785	285936320.00
2012/08/03	5.71	5.87	5.61	5.83	7028751	218078688.00
2012/08/06	5.73	6.24	5.67	6.08	8112346	262779024.00
2012/08/07	5.99	6.17	5.93	5.95	6746814	218279936.00
2012/08/08	5.84	5.89	5.45	5.71	8048889	245628144.00
2012/08/09	5.63	5.85	5.61	5.80	5917354	184149456.00
2012/08/10	5.69	5.78	5.47	5.48	5937562	179202624.00
2012/08/13	5.47	5.62	5.29	5.53	4278906	125909384.00
2012/08/14	5.34	5.44	5.07	5.27	4924511	140445264.00
2012/08/15	5.19	5.39	5.15	5.15	2804314	80126384.00
2012/08/16	5.07	5.15	4.93	4.95	3047259	83670344.00
2012/08/17	4.91	4.95	4.76	4.85	2933142	77669320.00
2012/08/20	4.83	4.99	4.71	4.94	2898670	76771040.00
2012/08/21	4.90	5.19	4.88	5.09	4493613	124443160.00
2012/08/22	5.09	5.13	4.85	4.87	3261180	88661904.00
2012/08/23	4.87	5.05	4.87	4.93	2576555	69540744.00
2012/08/24	4.91	4.91	4.60	4.63	3392761	88023232.00
2012/08/27	4.55	4.68	4.51	4.56	1815687	45817628.00
2012/08/28	4.55	4.79	4.54	4.70	2922304	75135784.00
2012/08/29	4.69	4.98	4.69	4.81	4365162	115746240.00
2012/08/30	4.75	4.86	4.29	4.50	3467213	87669920.00
2012/08/31	4.48	4.58	4.44	4.52	1574824	39167176.00
2012/09/03	4.51	4.72	4.45	4.67	2528147	63955780.00
2012/09/04	4.67	4.80	4.63	4.75	3768894	97528408.00
2012/09/05	4.71	4.80	4.66	4.75	2409662	62424860.00
2012/09/06	4.78	4.85	4.69	4.74	2733377	71172968.00
2012/09/07	4.79	4.98	4.73	4.90	4347693	115659704.00
2012/09/10	4.87	4.94	4.83	4.93	3085857	82437320.00
2012/09/11	4.90	4.90	4.73	4.77	3049468	80024656.00
2012/09/12	4.80	4.93	4.75	4.93	2855610	75512928.00
2012/09/13	4.95	4.99	4.77	4.77	2740496	73003896.00
2012/09/14	4.81	4.84	4.62	4.70	2266516	58499120.00
2012/09/17	4.69	4.73	4.47	4.48	1740884	43820864.00
2012/09/18	4.48	4.57	4.47	4.49	1078344	26812310.00
2012/09/19	4.49	4.58	4.49	4.51	932613	23173100.00
2012/09/20	4.53	4.54	4.19	4.23	1629901	39269164.00
2012/09/21	4.23	4.25	3.99	3.99	1917436	43450424.00
2012/09/24	3.98	4.04	3.88	3.99	1065289	23443790.00
2012/09/25	3.94	4.08	3.89	3.95	859819	19085984.00
2012/09/26	4.01	4.15	3.91	4.02	2146700	48388692.00
2012/09/27	4.02	4.20	4.01	4.16	2641732	60520252.00
2012/09/28	4.11	4.15	4.07	4.14	1918003	43775296.00
2012/10/08	4.14	4.20	4.03	4.06	1302350	29590732.00
2012/10/09	4.07	4.31	4.07	4.24	2421920	56215476.00
2012/10/10	4.17	4.27	4.15	4.24	1847229	43009552.00
2012/10/11	4.23	4.23	4.07	4.07	1828485	41955196.00
2012/10/12	4.09	4.12	3.91	3.96	1519118	33743360.00
2012/10/15	3.93	3.95	3.81	3.89	1287523	27779096.00
2012/10/16	3.88	4.02	3.85	3.97	1603330	35391668.00
2012/10/17	3.97	4.00	3.93	3.96	1061381	23399534.00
2012/10/18	3.94	4.11	3.93	4.08	1814507	40756932.00
2012/10/19	4.08	4.10	4.02	4.03	1067109	23966148.00
2012/10/22	3.99	4.24	3.96	4.23	2765924	63844812.00
2012/10/23	4.21	4.21	4.11	4.12	1623929	37378908.00
2012/10/24	4.08	4.20	4.05	4.06	1398348	32069884.00
2012/10/25	4.10	4.19	4.06	4.09	1305005	29898832.00
2012/10/26	4.13	4.41	4.11	4.33	5682050	134501840.00
2012/10/29	4.27	4.53	4.25	4.39	5067586	122713544.00
2012/10/30	4.33	4.39	4.27	4.33	2593005	61765504.00
2012/10/31	4.35	4.50	4.31	4.47	3580851	87306976.00
2012/11/01	4.45	4.51	4.38	4.50	3430366	83884800.00
2012/11/02	4.46	4.49	4.33	4.34	3338220	80646920.00
2012/11/05	4.31	4.42	4.29	4.39	1834531	44204408.00
2012/11/06	4.36	4.36	4.19	4.27	2364852	55447304.00
2012/11/07	4.27	4.32	4.19	4.27	1211729	28473542.00
2012/11/08	4.22	4.23	3.92	3.92	2458529	55291664.00
2012/11/09	3.97	4.00	3.90	3.92	1229283	27065582.00
2012/11/12	3.92	4.00	3.92	3.97	1001646	22073750.00
2012/11/13	4.01	4.01	3.92	3.99	1226461	27114980.00
2012/11/14	4.01	4.43	3.97	4.43	8181795	197292384.00
2012/11/15	4.43	4.53	4.38	4.44	7363813	180224768.00
2012/11/16	4.40	4.52	4.39	4.49	4653238	114095936.00
2012/11/19	4.46	4.51	4.25	4.42	4340012	104621192.00
2012/11/20	4.41	4.68	4.39	4.50	5910260	147310144.00
2012/11/21	4.39	4.47	4.31	4.45	3802346	92130336.00
2012/11/22	4.45	4.65	4.43	4.43	5735817	143078832.00
2012/11/23	4.37	4.57	4.28	4.56	4934852	119884272.00
2012/11/26	4.53	4.62	4.36	4.38	3497064	86287552.00
2012/11/27	4.31	4.31	3.90	3.90	4073338	91244144.00
2012/11/28	3.83	3.83	3.63	3.65	2890994	60016216.00
2012/11/29	3.66	3.73	3.47	3.53	2673409	54174644.00
2012/11/30	3.53	3.61	3.51	3.57	1816735	36420568.00
2012/12/03	3.57	3.59	3.21	3.22	3353280	63276164.00
2012/12/04	3.15	3.29	3.15	3.27	1887450	34651140.00
2012/12/05	3.27	3.54	3.23	3.47	3193437	61613728.00
2012/12/06	3.45	3.50	3.37	3.40	1759932	34064992.00
2012/12/07	3.40	3.58	3.38	3.51	2795734	55124652.00
2012/12/10	3.53	3.65	3.53	3.61	2911083	58861588.00
2012/12/11	3.61	3.62	3.52	3.56	2219977	44574964.00
2012/12/12	3.56	3.68	3.53	3.68	3069451	62501596.00
2012/12/13	3.65	3.72	3.55	3.55	2334369	47490240.00
2012/12/14	3.55	3.76	3.55	3.72	3654325	75376280.00
2012/12/17	3.73	3.75	3.64	3.69	2944684	60922476.00
2012/12/18	3.69	3.84	3.67	3.71	3600065	75534848.00
2012/12/19	3.95	4.01	3.85	3.87	5121293	111470960.00
2012/12/20	3.79	4.15	3.74	4.03	5561410	122649720.00
2012/12/21	3.97	4.31	3.96	4.19	5979127	137072176.00
2012/12/24	4.17	4.40	4.11	4.36	4777474	112482384.00
2012/12/25	4.37	4.52	4.28	4.39	5712668	138255312.00
2012/12/26	4.38	4.87	4.35	4.79	7341825	186784752.00
2012/12/27	4.78	4.82	4.50	4.50	5823826	148370592.00
2012/12/28	4.50	4.74	4.39	4.61	5097479	128255760.00
2012/12/31	4.60	4.65	4.43	4.49	2900421	71911504.00
2013/01/04	4.53	4.74	4.53	4.60	3661365	92990192.00
2013/01/07	4.77	4.98	4.73	4.76	5482429	144672592.00
2013/01/08	4.76	4.88	4.65	4.71	4320659	112648520.00
2013/01/09	4.66	4.68	4.47	4.51	4136064	103729248.00
2013/01/10	4.51	4.60	4.46	4.59	2387609	59571964.00
2013/01/11	4.61	4.72	4.54	4.56	4061417	103385968.00
2013/01/14	4.56	4.85	4.56	4.82	4762168	123493560.00
2013/01/15	4.79	4.90	4.71	4.85	4685474	123171992.00
2013/01/16	4.83	4.83	4.60	4.71	3589795	92588896.00
2013/01/17	4.69	4.74	4.61	4.67	2123715	54500416.00
2013/01/18	4.71	4.75	4.62	4.71	2103010	54130460.00
2013/01/21	4.73	5.17	4.73	5.07	7400864	201847120.00
2013/01/22	5.05	5.05	4.68	4.81	4501900	119481320.00
2013/01/23	4.73	4.79	4.44	4.66	3688709	93458512.00
2013/01/24	4.60	4.69	4.40	4.45	2610364	65140368.00
2013/01/25	4.46	4.52	4.44	4.49	1216750	30015438.00
2013/01/28	4.48	4.62	4.46	4.62	1547659	38865752.00
2013/01/29	4.63	4.69	4.58	4.67	1518153	38688788.00
2013/01/30	4.66	4.69	4.52	4.57	1706051	42862820.00
2013/01/31	4.57	4.60	4.46	4.49	1254731	31047918.00
2013/02/01	4.52	4.66	4.50	4.62	1895406	47836084.00
2013/02/04	4.61	4.68	4.51	4.56	1426536	35778312.00
2013/02/05	4.55	4.65	4.51	4.61	1157775	29187974.00
2013/02/06	4.63	4.78	4.58	4.72	1838244	47368068.00
2013/02/07	4.72	4.81	4.69	4.81	1795126	46697920.00
2013/02/08	4.83	4.89	4.76	4.87	2132588	56299320.00
2013/02/18	4.87	4.93	4.79	4.85	1784161	47426736.00
2013/02/19	4.92	4.94	4.35	4.64	2423437	63099792.00
2013/02/20	4.55	4.77	4.55	4.75	1546512	39692400.00
2013/02/21	4.74	4.91	4.64	4.74	2650815	69283248.00
2013/02/22	4.74	4.91	4.69	4.82	2485247	65678252.00
2013/02/25	4.80	5.07	4.80	5.03	4066804	110549160.00
2013/02/26	4.98	5.14	4.89	4.91	3276145	89833536.00
2013/02/27	4.91	5.14	4.91	5.03	2866241	78790680.00
2013/02/28	5.11	5.11	4.89	5.07	2894846	78726272.00
2013/03/01	5.01	5.32	4.99	5.26	3814751	106571352.00
2013/03/04	5.23	5.48	5.15	5.30	4646913	134394192.00
2013/03/05	5.31	5.42	5.20	5.40	2791178	80541248.00
2013/03/06	5.48	5.65	5.43	5.65	3701784	111258424.00
2013/03/07	5.61	5.75	5.25	5.33	3859418	114737744.00
2013/03/08	4.89	5.05	4.76	4.95	7622721	202894224.00
2013/03/11	4.88	4.89	4.75	4.83	3508831	92521704.00
2013/03/12	4.88	4.88	4.70	4.83	3792920	99669736.00
2013/03/13	4.92	4.92	4.73	4.79	2686259	70681784.00
2013/03/14	4.82	4.82	4.35	4.43	4343939	108423456.00
2013/03/15	4.38	4.46	4.21	4.34	2606477	62430684.00
2013/03/18	4.29	4.39	4.28	4.29	1457072	34831892.00
2013/03/19	4.24	4.32	4.09	4.19	2161057	50018584.00
2013/03/20	4.18	4.37	4.17	4.35	1991686	47171968.00
2013/03/21	4.38	4.49	4.33	4.44	2245331	54799564.00
2013/03/22	4.45	4.48	4.36	4.40	1559152	37899320.00
2013/03/25	4.41	4.44	4.34	4.37	1209536	29159172.00
2013/03/26	4.38	4.38	4.19	4.23	1385617	32532826.00
2013/03/27	4.24	4.31	4.24	4.26	1132924	26760450.00
2013/03/28	4.26	4.26	4.06	4.07	1674990	38247524.00
2013/03/29	4.08	4.15	4.08	4.11	795939	18190732.00
2013/04/01	4.17	4.47	4.16	4.37	2184808	52603680.00
2013/04/02	4.34	4.40	4.26	4.27	1412219	33638028.00
2013/04/03	4.33	4.66	4.33	4.64	4836962	119878008.00
2013/04/08	4.61	4.61	4.30	4.54	2599240	64424516.00
2013/04/09	4.49	4.59	4.38	4.42	1847632	45313888.00
2013/04/10	4.42	4.47	4.27	4.37	1365876	32777132.00
2013/04/11	4.38	4.39	4.24	4.28	1184572	28091532.00
2013/04/12	4.30	4.31	4.19	4.20	753520	17271560.00
2013/04/15	4.20	4.33	4.20	4.23	683612	15759253.00
2013/04/16	4.16	4.23	4.01	4.11	1258821	27819130.00
2013/04/17	4.11	4.13	4.05	4.11	680780	15126013.00
2013/04/18	4.11	4.14	4.07	4.13	743564	16587325.00
2013/04/19	4.12	4.28	4.11	4.23	1248660	28489108.00
2013/04/22	4.19	4.27	4.17	4.24	992579	22725286.00
2013/04/23	4.24	4.26	4.01	4.04	1289178	28831036.00
2013/04/24	4.07	4.16	4.05	4.13	714471	15910425.00
2013/04/25	4.13	4.15	4.01	4.02	949336	20885434.00
2013/04/26	4.02	4.13	3.77	3.79	1291741	27433126.00
2013/05/02	3.69	3.91	3.69	3.81	613643	12754926.00
2013/05/03	3.82	3.91	3.82	3.86	786965	16578217.00
2013/05/06	3.89	3.96	3.87	3.95	879870	18768902.00
2013/05/07	3.93	3.97	3.90	3.92	867468	18545090.00
2013/05/08	3.92	4.04	3.91	4.03	1060024	23061130.00
2013/05/09	4.01	4.09	3.97	4.03	1065276	23326682.00
2013/05/10	4.03	4.09	4.02	4.08	1028422	22686058.00
2013/05/13	4.09	4.09	4.02	4.03	883041	19388228.00
2013/05/14	4.03	4.05	3.90	3.90	750881	16180861.00
2013/05/15	3.91	3.98	3.90	3.98	634096	13610608.00
2013/05/16	3.99	4.09	3.95	4.08	1441432	31709034.00
2013/05/17	4.08	4.18	4.05	4.15	1460930	32775546.00
2013/05/20	4.12	4.29	4.11	4.28	2058036	46891948.00
2013/05/21	4.28	4.28	4.18	4.25	1976167	45136928.00
2013/05/22	4.25	4.27	4.15	4.18	1549836	35357564.00
2013/05/23	4.19	4.23	4.14	4.14	1280154	28991202.00
2013/05/24	4.15	4.25	4.12	4.25	1607918	36607188.00
2013/05/27	4.25	4.35	4.23	4.33	2127025	49476032.00
2013/05/28	4.33	4.34	4.19	4.24	1821961	41924900.00
2013/05/29	4.25	4.33	4.25	4.31	1421758	33025056.00
2013/05/30	4.31	4.31	4.23	4.28	1161815	26834590.00
2013/05/31	4.27	4.37	4.23	4.31	2027696	47211968.00
2013/06/03	4.31	4.51	4.29	4.47	3694953	88322176.00
2013/06/04	4.45	4.45	4.21	4.23	2211317	51739688.00
2013/06/05	4.22	4.26	4.19	4.24	884171	20226752.00
2013/06/06	4.23	4.24	4.09	4.09	1057248	23764724.00
2013/06/07	4.09	4.16	3.98	4.00	971068	21396572.00
2013/06/13	3.95	3.95	3.66	3.79	868448	17934982.00
2013/06/14	3.86	4.14	3.86	4.01	1451838	31665346.00
2013/06/17	4.02	4.15	3.97	4.07	1270901	28160582.00
2013/06/18	4.05	4.10	3.98	4.03	726116	15875654.00
2013/06/19	4.00	4.00	3.86	3.99	632079	13578342.00
2013/06/20	3.95	4.03	3.86	3.89	687405	14802588.00
2013/06/21	3.77	3.87	3.69	3.82	557604	11573983.00
2013/06/24	3.82	3.87	3.51	3.55	930910	18665466.00
2013/06/25	3.54	3.61	3.25	3.54	939116	17910028.00
2013/06/26	3.54	3.68	3.49	3.67	815116	16208095.00
2013/06/27	3.67	3.84	3.66	3.73	1119965	22971188.00
2013/06/28	3.67	3.80	3.61	3.67	736802	14968196.00
2013/07/01	3.70	3.80	3.67	3.79	849203	17378258.00
2013/07/02	3.79	3.87	3.75	3.85	1085463	22566482.00
2013/07/03	3.86	3.87	3.70	3.81	868118	17925838.00
2013/07/04	3.77	3.87	3.72	3.80	896160	18549666.00
2013/07/05	3.82	3.83	3.73	3.75	736064	15166078.00
2013/07/08	3.71	3.71	3.51	3.51	617280	12080322.00
2013/07/09	3.51	3.58	3.49	3.53	479357	9327137.00
2013/07/10	3.52	3.63	3.51	3.62	570225	11154500.00
2013/07/11	3.60	3.75	3.56	3.71	1105652	22243948.00
2013/07/12	3.70	3.75	3.64	3.65	907524	18429260.00
2013/07/15	3.65	3.84	3.58	3.82	1844138	37596560.00
2013/07/16	3.83	3.96	3.79	3.92	1819298	38649148.00
2013/07/17	3.92	3.92	3.79	3.83	997204	21004008.00
2013/07/18	3.81	3.97	3.75	3.97	1493171	31529144.00
2013/07/19	3.89	3.99	3.69	3.69	3710614	77620016.00
2013/07/22	3.59	3.73	3.54	3.72	1016685	20364052.00
2013/07/23	3.74	3.87	3.70	3.84	1320186	27312042.00
2013/07/24	3.84	3.91	3.78	3.89	1827843	38300408.00
2013/07/25	3.83	3.87	3.66	3.71	1740473	35910156.00
2013/07/26	3.67	3.75	3.63	3.71	779667	15740818.00
2013/07/29	3.70	3.71	3.61	3.63	636335	12767215.00
2013/07/30	3.62	3.73	3.55	3.65	764960	15275180.00
2013/07/31	3.67	3.70	3.64	3.66	542067	10888156.00
2013/08/01	3.66	3.84	3.63	3.80	1437387	29493426.00
2013/08/02	3.83	3.90	3.79	3.84	1778199	37242948.00
2013/08/05	3.83	3.94	3.80	3.93	2669777	56612088.00
2013/08/06	3.93	3.95	3.83	3.91	4938586	104685160.00
2013/08/07	3.92	3.94	3.82	3.91	2926112	62075236.00
2013/08/08	3.89	4.05	3.85	4.00	4104890	89056680.00
2013/08/09	4.00	4.10	3.98	4.05	3667229	80573024.00
2013/08/12	4.08	4.09	4.00	4.05	2490631	54702796.00
2013/08/13	4.03	4.07	4.01	4.05	1489045	32689338.00
2013/08/14	4.07	4.07	3.95	3.97	2285711	49586856.00
2013/08/15	3.97	3.98	3.90	3.91	1300595	27897180.00
2013/08/16	3.88	3.99	3.86	3.87	1672360	35716348.00
2013/08/19	3.87	3.94	3.82	3.92	1544839	32615816.00
2013/08/20	3.91	4.00	3.89	3.95	1469488	31587274.00
2013/08/21	3.94	3.98	3.89	3.94	925631	19807904.00
2013/08/22	3.93	4.04	3.93	4.02	1715589	37251688.00
2013/08/23	4.02	4.04	3.85	3.93	1722816	37108580.00
2013/08/26	3.94	4.06	3.92	4.05	1996367	43491840.00
2013/08/27	4.02	4.06	3.97	4.04	2234583	48763052.00
2013/08/28	4.02	4.02	3.91	3.91	2079331	44779940.00
2013/08/29	3.91	3.94	3.89	3.89	1051932	22405446.00
2013/08/30	3.89	3.92	3.71	3.72	1944439	40394580.00
2013/09/02	3.71	3.79	3.69	3.79	941556	19284580.00
2013/09/03	3.79	3.87	3.77	3.85	945074	19757486.00
2013/09/04	3.83	3.85	3.78	3.80	958382	19877240.00
2013/09/05	3.80	3.84	3.77	3.81	891926	18585854.00
2013/09/06	3.80	3.90	3.79	3.88	1460594	30749690.00
2013/09/09	3.88	3.95	3.86	3.92	1463591	31197562.00
2013/09/10	3.93	3.96	3.90	3.93	1111073	23742708.00
2013/09/11	3.93	3.95	3.86	3.93	1505492	32055700.00
2013/09/12	3.91	3.98	3.90	3.94	1449148	31174882.00
2013/09/13	3.96	4.04	3.95	4.02	2212525	48120788.00
2013/09/16	4.03	4.03	3.94	3.95	1402697	30342066.00
2013/09/17	3.95	4.00	3.87	3.88	973947	20934802.00
2013/09/18	3.87	3.98	3.85	3.97	1014096	21770950.00
2013/09/23	3.96	4.03	3.96	4.02	1691382	36834420.00
2013/09/24	4.01	4.07	3.99	4.02	1795107	39267284.00
2013/09/25	4.04	4.24	4.02	4.13	4165211	93954264.00
2013/09/26	4.12	4.29	4.11	4.19	3583366	81848720.00
2013/09/27	4.18	4.25	4.11	4.14	1998044	45056328.00
2013/09/30	4.14	4.19	4.10	4.15	1313112	29447792.00
2013/10/08	4.15	4.15	4.06	4.12	1825761	40640488.00
2013/10/09	4.12	4.20	4.05	4.18	2003419	45087932.00
2013/10/10	4.17	4.24	4.07	4.08	2092292	46974176.00
2013/10/11	4.11	4.15	4.08	4.12	1419391	31696942.00
2013/10/14	4.13	4.25	4.12	4.24	2510859	57193852.00
2013/10/15	4.26	4.33	4.19	4.33	2970107	68588520.00
2013/10/16	4.31	4.38	4.16	4.19	2564616	58919344.00
2013/10/17	4.21	4.42	4.21	4.34	3359491	78677904.00
2013/10/18	4.37	4.41	4.31	4.37	2045947	48095260.00
2013/10/21	4.37	4.48	4.33	4.44	3005277	71743320.00
2013/10/22	4.44	4.48	4.34	4.37	2375830	56506760.00
2013/10/23	4.37	4.39	4.18	4.21	2507867	57779464.00
2013/10/24	4.23	4.27	4.14	4.16	1321695	30142804.00
2013/10/25	4.18	4.21	4.10	4.11	1202346	26996020.00
2013/10/28	4.19	4.20	4.12	4.17	1107441	25006462.00
2013/10/29	4.20	4.20	3.84	3.91	2362603	51072576.00
2013/10/30	3.93	3.99	3.89	3.98	1137731	24463406.00
2013/10/31	3.96	4.08	3.95	4.00	1648608	36039240.00
2013/11/01	3.96	4.04	3.92	4.02	991247	21387562.00
2013/11/04	4.02	4.11	4.02	4.05	1237903	27388878.00
2013/11/05	4.05	4.11	3.99	4.08	868229	19148760.00
2013/11/06	4.08	4.15	4.03	4.05	1325781	29483540.00
2013/11/07	4.05	4.11	4.02	4.03	990445	21842132.00
2013/11/08	3.99	4.02	3.89	3.91	1287615	27579844.00
2013/11/11	3.91	4.12	3.86	4.08	1282220	27824990.00
2013/11/12	4.05	4.30	4.05	4.24	2799235	63966072.00
2013/11/13	4.22	4.35	4.16	4.28	3349717	77436184.00
2013/11/14	4.24	4.74	4.24	4.74	6981222	171594128.00
2013/11/15	4.91	5.12	4.81	4.96	12126564	322439488.00
2013/11/18	4.90	5.24	4.87	5.05	8498565	228228976.00
2013/11/19	4.99	5.14	4.94	5.05	4957631	133216520.00
2013/11/20	5.05	5.33	4.99	5.07	8129311	223697312.00
2013/11/21	4.95	4.99	4.83	4.85	6175449	161891328.00
2013/11/22	4.87	4.99	4.85	4.90	3912165	103049848.00
2013/11/25	4.93	5.25	4.89	5.13	5828856	158532592.00
2013/11/26	5.11	5.35	5.05	5.17	5381702	148821552.00
2013/11/27	5.15	5.23	5.03	5.10	4647426	127327928.00
2013/11/28	5.11	5.39	5.09	5.33	6227991	174966592.00
2013/11/29	5.29	5.58	5.26	5.36	9200434	265629856.00
2013/12/02	4.91	5.05	4.79	4.79	6457108	168754816.00
2013/12/03	4.63	4.94	4.53	4.93	6068736	153879328.00
2013/12/04	4.85	5.18	4.83	4.86	5769928	154249776.00
2013/12/05	4.85	5.01	4.83	4.91	3761437	98918488.00
2013/12/06	4.90	5.03	4.86	4.90	3296860	87177432.00
2013/12/09	4.91	5.25	4.89	5.20	5081025	138201696.00
2013/12/10	5.22	5.52	5.08	5.24	7394585	208005328.00
2013/12/11	5.18	5.73	5.14	5.61	11513263	338914464.00
2013/12/12	5.45	5.61	5.40	5.57	8021328	234624624.00
2013/12/13	5.50	5.54	5.28	5.37	6525194	187109296.00
2013/12/16	5.32	5.36	4.96	5.01	7000013	192386976.00
2013/12/17	5.01	5.10	5.00	5.05	3168282	85620216.00
2013/12/18	5.07	5.08	4.87	4.91	3396879	89822600.00
2013/12/19	4.94	5.02	4.85	4.85	2294963	60712744.00
2013/12/20	4.87	4.95	4.75	4.89	2644195	68948896.00
2013/12/23	4.85	5.11	4.76	5.02	3742895	99731400.00
2013/12/24	5.01	5.15	4.97	5.04	3888402	105486176.00
2013/12/25	5.12	5.30	5.12	5.28	5219702	145765536.00
2013/12/26	5.25	5.27	5.05	5.05	3812373	105378784.00
2013/12/27	4.99	5.30	4.97	5.26	4133979	114202064.00
2013/12/30	5.27	5.41	5.25	5.31	3192122	90519680.00
2013/12/31	5.26	5.32	5.09	5.16	2916313	80486000.00
2014/01/02	5.14	5.37	5.12	5.36	3682444	103631632.00
2014/01/03	5.37	5.38	5.21	5.31	3269153	92034144.00
2014/01/06	5.24	5.30	4.79	4.86	4375511	116354424.00
2014/01/07	4.82	4.94	4.78	4.87	1959939	51120068.00
2014/01/08	4.91	5.01	4.87	4.92	2334797	61824120.00
2014/01/09	4.93	4.95	4.69	4.71	2744876	71258472.00
2014/01/10	4.67	4.69	4.46	4.52	2583094	63504948.00
2014/01/13	4.55	4.60	4.52	4.58	1414767	34753908.00
2014/01/14	4.61	4.73	4.58	4.73	1791973	45035700.00
2014/01/15	4.71	4.77	4.66	4.73	1631784	41320456.00
2014/01/16	4.73	4.78	4.70	4.76	1750517	44624440.00
2014/01/17	4.75	4.75	4.61	4.63	1591726	39925076.00
2014/01/20	4.59	4.75	4.59	4.71	1482747	37299060.00
2014/01/21	4.71	4.78	4.71	4.77	1562326	39762900.00
2014/01/22	4.79	4.89	4.75	4.88	1933180	50352016.00
2014/01/23	4.85	4.96	4.85	4.93	1989778	52299332.00
2014/01/24	4.91	5.12	4.90	5.04	3334834	90012952.00
2014/01/27	5.02	5.11	4.98	5.01	2161698	58245980.00
2014/01/28	5.03	5.07	4.92	5.03	1629357	43490624.00
2014/01/29	5.01	5.12	5.01	5.11	1786783	48569976.00
2014/01/30	5.12	5.12	4.95	4.96	1361542	36533112.00
2014/02/07	4.97	5.08	4.87	5.07	1478261	39544696.00
2014/02/10	5.07	5.24	5.07	5.21	2434651	67474648.00
2014/02/11	5.21	5.29	5.15	5.25	2732456	76190192.00
2014/02/12	5.27	5.37	5.23	5.37	3226641	91337856.00
2014/02/13	5.35	5.38	5.15	5.17	2817155	79283968.00
2014/02/14	5.17	5.56	5.17	5.49	4403918	127231016.00
2014/02/17	5.51	5.57	5.43	5.54	2921112	85362264.00
2014/02/18	5.58	5.75	5.43	5.49	4261421	126216120.00
2014/02/19	5.47	5.52	5.37	5.43	2458132	70934544.00
2014/02/20	5.42	5.47	5.16	5.23	2567574	72164808.00
2014/02/21	5.22	5.35	5.20	5.27	1994070	56081468.00
2014/02/24	5.33	5.38	5.19	5.37	2083172	58678084.00
2014/02/25	5.37	5.44	4.89	4.99	3357942	94037704.00
2014/02/26	4.95	5.07	4.87	4.99	1903494	50733640.00
2014/02/27	4.99	5.17	4.89	4.90	2099303	56493328.00
2014/02/28	4.81	4.93	4.73	4.85	1966951	50784880.00
2014/03/03	4.82	4.96	4.82	4.96	1337198	35158592.00
2014/03/04	4.95	4.96	4.79	4.87	1658207	43257940.00
2014/03/05	4.88	4.95	4.82	4.83	1413535	36941920.00
2014/03/06	4.85	4.91	4.74	4.91	1477260	38228040.00
2014/03/07	4.90	4.94	4.83	4.85	1178953	30862764.00
2014/03/10	4.83	4.83	4.61	4.64	1783096	44953408.00
2014/03/11	4.69	4.69	4.57	4.64	873148	21769004.00
2014/03/12	4.61	4.68	4.58	4.65	974649	24300628.00
2014/03/13	4.66	4.71	4.64	4.71	904921	22788098.00
2014/03/14	4.67	4.73	4.62	4.68	815983	20463580.00
2014/03/17	4.69	4.83	4.65	4.82	1502707	38388568.00
2014/03/18	4.81	4.90	4.81	4.83	1418733	36904812.00
2014/03/19	4.84	4.84	4.76	4.82	881168	22643818.00
2014/03/20	4.78	4.86	4.64	4.64	1088758	27926474.00
2014/03/21	4.62	4.76	4.47	4.72	1256515	31390640.00
2014/03/24	4.72	4.76	4.68	4.69	789246	19977248.00
2014/03/25	4.70	4.73	4.60	4.62	1020871	25454798.00
2014/03/26	4.65	4.72	4.62	4.70	674493	16961074.00
2014/03/27	4.70	4.70	4.60	4.61	703975	17546142.00
2014/03/28	4.59	4.63	4.48	4.48	945400	23026344.00
2014/03/31	4.49	4.57	4.45	4.47	479917	11642473.00
2014/04/01	4.49	4.56	4.48	4.54	438035	10670308.00
2014/04/02	4.56	4.56	4.48	4.51	534725	13012812.00
2014/04/03	4.51	4.68	4.51	4.65	1078666	26849764.00
2014/04/04	4.65	4.72	4.62	4.67	888517	22317504.00
2014/04/08	4.89	5.01	4.88	4.97	3717845	98649552.00
2014/04/09	4.97	4.98	4.89	4.94	2023241	53375124.00
2014/04/10	4.93	5.13	4.93	5.05	2747036	74251064.00
2014/04/11	4.95	5.03	4.95	4.98	1232997	32841572.00
2014/04/14	4.95	5.02	4.95	5.00	968842	25865398.00
2014/04/15	5.02	5.02	4.92	4.92	1090405	28909588.00
2014/04/16	4.94	5.10	4.91	5.10	1774768	47682872.00
2014/04/17	5.10	5.18	5.04	5.04	1813762	49629568.00
2014/04/18	5.04	5.04	4.95	5.01	818715	21909614.00
2014/04/21	4.90	4.99	4.83	4.83	1241861	32610318.00
2014/04/22	4.81	4.89	4.67	4.77	1366673	34986752.00
2014/04/23	4.77	4.85	4.73	4.81	641764	16555274.00
2014/04/24	4.81	4.83	4.71	4.72	749819	19096844.00
2014/04/25	4.68	4.74	4.61	4.62	802072	20168028.00
2014/04/28	4.62	4.64	4.48	4.53	757334	18480038.00
2014/04/29	4.53	4.64	4.48	4.63	489584	12104220.00
2014/04/30	4.63	4.74	4.61	4.71	613112	15452853.00
2014/05/05	4.71	4.74	4.67	4.72	417423	10546976.00
2014/05/06	4.81	4.96	4.79	4.89	1387703	36390712.00
2014/05/07	4.86	4.87	4.77	4.79	813378	21000808.00
2014/05/08	4.79	4.85	4.75	4.81	805223	20768518.00
2014/05/09	4.78	4.82	4.62	4.68	951549	23979922.00
2014/05/12	4.70	4.78	4.65	4.76	1421362	36154492.00
2014/05/13	4.76	4.81	4.57	4.58	2384257	29691546.00
2014/05/14	4.60	5.06	4.54	5.06	13413290	177034000.00
2014/05/15	5.09	5.09	4.86	4.93	10152502	133660408.00
2014/05/16	4.88	4.89	4.58	4.72	7204362	90167888.00
2014/05/19	4.65	4.72	4.58	4.69	2998874	37171888.00
2014/05/20	4.73	4.80	4.60	4.62	4151087	51904128.00
2014/05/21	4.50	4.59	4.44	4.58	3946478	47578868.00
2014/05/22	4.57	4.62	4.55	4.55	2954300	36121572.00
2014/05/23	4.57	4.59	4.51	4.58	2434197	29514062.00
2014/05/26	4.59	4.68	4.59	4.68	3465219	42769452.00
2014/05/27	4.68	4.68	4.59	4.61	2360448	29046764.00
2014/05/28	4.62	4.75	4.62	4.73	3762658	47042784.00
2014/05/29	4.74	4.74	4.58	4.60	2914130	36089064.00
2014/05/30	4.60	4.66	4.57	4.62	1675360	20613790.00
2014/06/03	4.64	4.74	4.64	4.67	2997958	37434096.00
2014/06/04	4.68	4.68	4.58	4.63	1991350	24457574.00
2014/06/05	4.61	4.72	4.61	4.70	3170053	39544672.00
2014/06/06	4.71	4.75	4.67	4.70	2931306	36704468.00
2014/06/09	4.64	4.70	4.58	4.60	2294720	28315592.00
2014/06/10	4.58	4.67	4.58	4.67	1847603	22805700.00
2014/06/11	4.68	4.70	4.64	4.69	2226940	27708328.00
2014/06/12	4.69	4.69	4.63	4.64	2122239	26237764.00
2014/06/13	4.62	4.72	4.62	4.70	3265746	40661548.00
2014/06/16	4.72	4.82	4.67	4.80	4776767	60456048.00
2014/06/17	4.78	4.78	4.70	4.74	3088224	38866696.00
2014/06/18	4.74	4.74	4.63	4.64	2604288	32397120.00
2014/06/19	4.64	4.69	4.45	4.48	2473651	30091134.00
2014/06/20	4.46	4.54	4.46	4.54	1394066	16763035.00
2014/06/23	4.54	4.62	4.54	4.61	1772116	21643050.00
2014/06/24	4.60	4.64	4.55	4.63	1252982	15342618.00
2014/06/25	4.63	4.63	4.57	4.60	1174568	14354192.00
2014/06/26	4.63	4.74	4.58	4.71	3411698	42593312.00
2014/06/27	4.70	4.82	4.67	4.76	4939261	62695540.00
2014/06/30	4.78	4.84	4.74	4.83	3730070	47528312.00
2014/07/01	4.83	4.83	4.77	4.83	3158486	40280104.00
2014/07/02	4.83	5.08	4.79	5.02	7195526	94661424.00
2014/07/03	4.98	5.22	4.95	5.13	8134360	110224320.00
2014/07/04	5.10	5.14	5.03	5.06	4532361	60820720.00
2014/07/07	5.04	5.09	4.96	5.02	3209577	42636600.00
2014/07/08	5.02	5.21	4.99	5.15	4627249	62659212.00
2014/07/09	5.13	5.16	4.96	4.97	4634391	62018992.00
2014/07/10	4.93	5.04	4.93	4.97	2666049	35275152.00
2014/07/11	4.97	5.08	4.95	5.04	2370146	31609592.00
2014/07/14	5.04	5.18	5.04	5.15	4225226	57201588.00
2014/07/15	5.15	5.15	4.99	5.06	3222919	43175336.00
2014/07/16	5.20	5.36	5.08	5.12	8228380	113447096.00
2014/07/17	5.03	5.04	4.96	5.01	3363370	44523484.00
2014/07/18	5.01	5.17	4.96	5.06	3189957	42936744.00
2014/07/21	5.04	5.11	4.98	5.03	2382819	31848904.00
2014/07/22	5.04	5.15	4.99	5.13	3635733	49144388.00
2014/07/23	5.13	5.14	4.98	4.99	3516382	46918616.00
2014/07/24	4.99	5.02	4.84	4.89	3539591	46019560.00
2014/07/25	4.89	4.98	4.87	4.96	1640399	21505836.00
2014/07/28	5.00	5.07	4.98	5.04	2857186	38063676.00
2014/07/29	5.07	5.15	5.05	5.09	4548303	61352048.00
2014/07/30	5.09	5.34	5.06	5.29	7780661	107156832.00
2014/07/31	5.26	5.28	5.18	5.26	5898245	81583552.00
2014/08/01	5.22	5.78	5.19	5.47	16425180	239418112.00
2014/08/04	5.49	5.84	5.46	5.77	15208413	227849744.00
2014/08/05	5.77	5.78	5.58	5.73	8642338	129164072.00
2014/08/06	5.66	5.74	5.58	5.68	5273910	78501792.00
2014/08/07	5.66	5.70	5.50	5.51	6254901	91815528.00
2014/08/08	5.51	5.64	5.50	5.56	4308150	63330928.00
2014/08/11	5.59	5.81	5.59	5.76	6596289	99571576.00
2014/08/12	5.76	5.76	5.65	5.71	4450685	66674716.00
2014/08/13	5.69	5.82	5.59	5.72	5712320	85805848.00
2014/08/14	5.74	6.00	5.67	5.91	10708396	164660560.00
2014/08/15	5.97	6.18	5.84	6.18	11694167	184457120.00
2014/11/03	6.82	6.82	6.82	6.82	314605	5603115.00
2014/11/04	7.49	7.49	6.88	7.00	23091184	432283168.00
2014/11/05	7.19	7.65	7.18	7.42	20705248	399369408.00
2014/11/06	7.21	7.34	7.06	7.22	10881151	203444640.00
2014/11/07	7.22	7.26	6.82	6.91	9512769	174576352.00
2014/11/10	6.94	7.01	6.74	6.94	5855711	104434056.00
2014/11/11	6.82	7.00	6.34	6.44	7983832	139367328.00
2014/11/12	6.52	6.70	6.44	6.61	4521348	77905752.00
2014/11/13	6.57	6.68	6.35	6.50	5057789	85870872.00
2014/11/14	6.52	6.66	6.44	6.57	3522203	60390340.00
2014/11/17	6.56	6.67	6.46	6.62	3921438	67494360.00
2014/11/18	6.61	6.62	6.51	6.53	3113194	53235112.00
2014/11/19	6.53	6.59	6.46	6.53	2866450	48769936.00
2014/11/20	6.59	6.59	6.48	6.50	3141811	53612424.00
2014/11/21	6.56	6.80	6.52	6.78	6266398	109138328.00
2014/11/24	6.80	6.80	6.64	6.70	5508431	96435816.00
2014/11/25	6.70	6.72	6.54	6.59	5638121	97440984.00
2014/11/26	6.71	7.22	6.70	6.94	11007741	199825328.00
2014/11/27	6.96	6.98	6.75	6.82	7675606	136618320.00
2014/11/28	6.78	6.78	6.52	6.57	7461533	129262304.00
2014/12/01	6.55	6.56	6.38	6.40	4793937	80608568.00
2014/12/02	6.38	6.61	6.35	6.51	3956228	67461840.00
2014/12/03	6.51	6.58	6.38	6.49	4614319	77747016.00
2014/12/04	6.52	6.80	6.49	6.69	6979680	121684048.00
2014/12/05	6.70	6.71	6.18	6.35	7029456	118037392.00
2014/12/08	6.27	6.34	6.18	6.25	4772033	78193712.00
2014/12/09	6.22	6.26	5.64	5.73	8098650	128169632.00
2014/12/10	5.74	5.99	5.72	5.94	3536965	54636256.00
2014/12/11	5.89	6.14	5.85	6.09	3987380	62808452.00
2014/12/12	6.07	6.15	6.00	6.07	2719943	43253212.00
2014/12/15	6.06	6.26	5.95	6.24	3494669	56272500.00
2014/12/16	6.21	6.29	6.16	6.17	2587064	42064124.00
2014/12/17	6.14	6.14	5.90	5.92	4112021	64518504.00
2014/12/18	5.91	5.95	5.80	5.84	2899839	44617000.00
2014/12/19	5.84	5.84	5.60	5.66	3057112	45772836.00
2014/12/22	5.69	5.69	5.31	5.37	3330920	47539024.00
2014/12/23	5.38	5.58	5.38	5.44	2015061	29099856.00
2014/12/24	5.49	5.64	5.48	5.58	1953356	28621072.00
2014/12/25	5.62	5.63	5.50	5.56	2022420	29611114.00
2014/12/26	5.51	5.55	5.44	5.48	2311131	33377482.00
2014/12/29	5.51	5.51	5.31	5.36	2703650	38240540.00
2014/12/30	5.31	5.46	5.31	5.36	1606929	22854606.00
2014/12/31	5.40	5.50	5.36	5.48	1679587	24094678.00
2015/01/05	5.48	5.62	5.41	5.58	2705569	39426548.00
2015/01/06	5.59	5.73	5.50	5.71	3037393	45007632.00
2015/01/07	5.69	5.69	5.54	5.60	2305407	34039364.00
2015/01/08	5.58	5.66	5.58	5.58	2021381	29873952.00
2015/01/09	5.58	5.64	5.53	5.53	1655900	24386928.00
2015/01/12	5.54	5.54	5.34	5.36	1743616	24841014.00
2015/01/13	5.36	5.52	5.32	5.46	1840712	26391882.00
2015/01/14	5.44	5.63	5.43	5.61	2955443	43402472.00
2015/01/15	5.61	5.67	5.50	5.60	1786398	26318404.00
2015/01/16	5.58	5.65	5.58	5.62	1977073	29237916.00
2015/01/19	5.53	5.82	5.40	5.64	4579177	68483440.00
2015/01/20	5.68	6.01	5.68	5.98	6160228	94638992.00
2015/01/21	5.98	6.08	5.93	5.99	5027992	78983320.00
2015/01/22	5.98	6.05	5.94	6.01	3253314	51150200.00
2015/01/23	6.05	6.07	5.90	5.92	2799572	43719456.00
2015/01/26	5.92	5.96	5.84	5.93	2732719	42406008.00
2015/01/27	5.95	5.97	5.84	5.94	2852333	44380128.00
2015/01/28	5.94	6.10	5.87	6.06	4735018	74671352.00
2015/01/29	6.02	6.02	5.90	5.91	2392700	37420888.00
2015/01/30	5.91	5.95	5.75	5.76	2585087	39575132.00
2015/02/02	5.73	5.90	5.69	5.80	1315631	20098300.00
2015/02/03	5.80	5.92	5.80	5.86	1946093	30017748.00
2015/02/04	5.92	5.96	5.78	5.79	2112178	32646588.00
2015/02/05	5.86	5.87	5.74	5.74	1817069	27691992.00
2015/02/06	5.76	5.82	5.55	5.56	2312960	34694196.00
2015/02/09	5.54	5.58	5.46	5.48	1596358	23149136.00
2015/02/10	5.49	5.54	5.44	5.52	1242327	17955142.00
2015/02/11	5.54	5.62	5.50	5.60	1363231	20010450.00
2015/02/12	5.61	5.64	5.58	5.63	1647866	24377332.00
2015/02/13	5.65	5.78	5.62	5.74	2009861	30310954.00
2015/02/16	5.76	5.96	5.72	5.94	2697960	41556428.00
2015/02/17	5.95	5.99	5.87	5.94	1922000	29846660.00
2015/02/25	5.94	5.94	5.79	5.85	2070610	31780140.00
2015/02/26	5.85	5.89	5.80	5.89	2084890	32086936.00
2015/02/27	5.89	5.94	5.86	5.91	2496716	38750488.00
2015/03/02	5.94	6.08	5.90	6.06	4636947	73059808.00
2015/03/03	6.02	6.26	6.01	6.15	5972754	96428088.00
2015/03/04	6.15	6.32	6.10	6.32	6449856	105586208.00
2015/03/05	6.35	6.35	6.20	6.24	5066366	83020920.00
2015/03/06	6.23	6.30	6.05	6.10	4933962	79426008.00
2015/03/09	6.06	6.16	5.99	6.15	2732413	43639860.00
2015/03/10	6.15	6.26	6.11	6.20	3652164	59357724.00
2015/03/11	6.24	6.24	6.07	6.08	3093515	49737884.00
2015/03/12	6.08	6.14	5.94	5.98	4572965	71927688.00
2015/03/13	6.00	6.25	6.00	6.22	4205597	67656184.00
2015/03/16	6.24	6.44	6.24	6.44	7484269	125291528.00
2015/03/17	6.46	6.50	6.35	6.43	7182013	120813072.00
2015/03/18	6.43	6.57	6.40	6.55	6526272	111218384.00
2015/03/19	6.56	6.68	6.46	6.62	7654634	131614944.00
2015/03/20	6.62	6.67	6.52	6.56	6812890	117059936.00
2015/03/23	6.56	6.83	6.53	6.78	9249826	161025632.00
2015/03/24	6.78	6.80	6.40	6.64	8281665	143224560.00
2015/03/25	6.62	6.90	6.51	6.84	9889749	173621952.00
2015/03/26	6.78	7.00	6.65	6.80	8946048	159436176.00
2015/03/27	6.80	6.94	6.75	6.94	6492364	115793392.00
2015/03/30	6.94	6.99	6.83	6.94	8502335	152977952.00
2015/03/31	6.92	6.92	6.75	6.76	7383903	131511576.00
2015/04/01	6.74	6.89	6.74	6.87	6191724	110667824.00
2015/04/02	6.87	7.10	6.87	7.10	10252527	187721296.00
2015/04/03	7.15	7.49	7.06	7.40	13049413	248795744.00
2015/04/07	7.42	7.64	7.38	7.40	13672891	265448960.00
2015/04/08	7.42	7.44	6.97	7.17	12733456	238703056.00
2015/04/09	7.19	7.22	6.74	6.97	9483569	170919712.00
2015/04/10	6.89	7.12	6.76	7.08	8724731	159503344.00
2015/04/13	7.08	7.45	7.06	7.38	12411871	236499360.00
2015/04/14	7.35	7.65	7.30	7.48	11841450	231987712.00
2015/04/15	7.46	7.46	7.02	7.02	8782348	164447968.00
2015/04/16	6.97	7.21	6.83	7.03	6680737	122745304.00
2015/04/17	7.15	7.17	6.94	6.96	7710209	141265792.00
2015/04/20	6.90	6.96	6.62	6.69	8003948	142663136.00
2015/04/21	6.68	7.00	6.64	7.00	5632204	101010944.00
2015/04/22	7.00	7.20	7.00	7.20	8159394	151761424.00
2015/04/23	7.20	7.42	7.13	7.38	10231680	193623792.00
2015/04/24	7.23	7.32	7.10	7.22	7294055	136992816.00
2015/04/27	7.28	7.50	7.22	7.37	9533523	182795536.00
2015/04/28	7.36	7.36	6.92	7.02	7464377	138123152.00
2015/04/29	6.91	7.21	6.91	7.21	5454137	101094568.00
2015/04/30	7.26	7.94	7.26	7.62	17728535	350413184.00
2015/05/04	7.64	7.93	7.64	7.72	13029202	263732976.00
2015/05/05	7.77	7.80	7.32	7.34	8037688	156662672.00
2015/05/06	7.28	7.48	6.98	7.05	8669207	163221728.00
2015/05/07	7.05	7.15	6.82	6.87	5139544	92704776.00
2015/05/08	6.96	7.20	6.91	7.18	5920161	108636936.00
2015/05/11	7.27	7.74	7.16	7.70	9551899	186422880.00
2015/05/12	7.70	7.77	7.50	7.74	9467110	187960880.00
2015/05/13	7.70	8.41	7.58	8.05	15407203	323580192.00
2015/05/14	8.06	8.32	7.99	8.22	11250402	239199648.00
2015/05/15	8.22	8.54	7.91	8.29	9740026	206423648.00
2015/05/18	8.34	8.73	8.22	8.49	10361179	228743600.00
2015/05/19	8.50	8.64	8.34	8.60	8830852	194594704.00
2015/05/20	8.86	9.38	8.58	8.60	9299499	216296016.00
2015/05/21	8.62	9.00	8.57	9.00	8900766	201543264.00
2015/05/22	9.14	9.65	8.86	9.48	13393439	318460416.00
2015/05/25	9.34	9.75	9.20	9.62	9360727	228944544.00
2015/05/26	9.62	10.02	9.50	9.85	9019131	226220944.00
2015/05/27	9.88	10.64	9.70	10.50	11246109	295008544.00
2015/05/28	10.51	11.34	9.83	9.86	16073885	441248768.00
2015/05/29	9.92	10.81	9.36	10.54	15438309	403157920.00
2015/06/01	10.79	11.62	10.78	11.62	16598496	478904288.00
2015/07/14	10.43	10.43	10.43	10.43	746800	19961964.00
2015/07/15	9.36	9.36	9.36	9.36	24200	582252.00
2015/07/16	8.40	9.31	8.40	8.40	34258507	747273792.00
2015/07/17	7.86	8.80	7.54	8.44	31547921	660613120.00
2015/07/20	8.10	8.45	7.86	8.01	18867474	396867360.00
2015/07/21	7.94	8.37	7.74	8.21	13080186	275449184.00
2015/07/22	8.24	8.34	7.80	8.12	11434391	238232848.00
2015/07/23	8.12	8.40	7.92	8.33	14423699	303434272.00
2015/07/24	8.33	8.40	7.86	7.99	14901644	314582720.00
2015/07/27	7.73	7.85	7.16	7.16	11686011	226651504.00
2015/07/28	6.46	6.89	6.42	6.42	14073143	237372432.00
2015/07/29	6.62	6.80	6.15	6.80	11412137	193047568.00
2015/07/30	6.86	6.90	6.34	6.35	11443909	199382928.00
2015/07/31	6.14	6.32	5.96	6.04	8617603	137901872.00
2015/08/03	5.99	6.39	5.94	6.27	10521493	170649552.00
2015/08/04	6.24	6.72	6.22	6.70	11442057	192588672.00
2015/08/05	6.55	6.67	6.30	6.39	10803666	182712512.00
2015/08/06	6.21	6.53	6.14	6.41	7072119	117352872.00
2015/08/07	6.45	6.66	6.45	6.66	9316684	159321568.00
2015/08/10	6.82	7.10	6.70	7.02	11883495	212054800.00
2015/08/11	6.94	7.09	6.84	6.94	10612454	191565760.00
2015/08/12	6.82	7.29	6.74	7.22	14016885	257292800.00
2015/08/13	7.14	7.20	6.90	7.18	10030451	184004768.00
2015/08/14	7.18	7.27	7.07	7.14	8076254	149774608.00
2015/08/17	7.10	7.32	6.92	7.22	9558125	176185216.00
2015/08/18	7.26	7.28	6.47	6.47	10594879	191100368.00
2015/08/19	6.24	6.64	6.04	6.54	8394802	137995024.00
2015/08/20	6.44	6.69	6.40	6.42	7080991	120605112.00
2015/08/21	6.26	6.40	5.84	5.92	6703960	106895256.00
2015/08/24	5.68	5.72	5.30	5.30	7250579	102431768.00
2015/08/25	4.81	5.86	4.75	4.75	9057965	117802376.00
2015/08/26	4.94	5.14	4.60	4.82	7913289	102317704.00
2015/08/27	4.98	5.24	4.86	5.21	7677276	101099432.00
2015/08/28	5.25	5.62	5.20	5.54	7486192	105463328.00
2015/08/31	5.42	5.49	5.15	5.17	5339741	74485440.00
2015/09/01	5.18	5.18	4.75	4.76	5327659	68692760.00
2015/09/02	4.54	4.96	4.49	4.66	4030150	50205416.00
2015/09/07	4.82	5.00	4.74	4.87	4495751	57957352.00
2015/09/08	4.85	5.18	4.82	5.18	4756443	62657572.00
2015/09/09	5.17	5.43	5.17	5.34	7895458	110046336.00
2015/09/10	5.22	5.44	5.19	5.25	4869919	67766752.00
2015/09/11	5.25	5.36	5.16	5.25	3385199	46684352.00
2015/09/14	5.32	5.36	4.70	4.72	6090428	79216816.00
2015/09/15	4.58	4.78	4.51	4.53	3314146	40615460.00
2015/09/16	4.62	5.01	4.55	4.99	4413273	55548120.00
2015/09/17	4.94	5.25	4.83	4.84	5979974	79243072.00
2015/09/18	4.90	5.01	4.84	5.00	3292599	42555824.00
2015/09/21	4.89	5.37	4.89	5.31	6420612	87204856.00
2015/09/22	5.27	5.45	5.26	5.38	6067039	84942824.00
2015/09/23	5.28	5.44	5.23	5.33	4413626	61687552.00
2015/09/24	5.30	5.50	5.30	5.48	4872283	69253992.00
2015/09/25	5.44	5.52	5.14	5.30	4210199	58600536.00
2015/09/28	5.26	5.46	5.18	5.40	3114640	43756000.00
2015/09/29	5.32	5.36	5.22	5.28	2428372	33655892.00
2015/09/30	5.32	5.40	5.22	5.32	2490609	34698720.00
2015/10/08	5.50	5.59	5.42	5.56	6071767	87626544.00
2015/10/09	5.52	5.65	5.49	5.62	5964238	86855880.00
2015/10/12	5.67	5.94	5.62	5.89	9466537	143479184.00
2015/10/13	5.86	6.10	5.81	6.08	8153079	126087680.00
2015/10/14	6.08	6.08	5.83	5.85	5249485	81454776.00
2015/10/15	5.76	6.06	5.76	6.02	5913991	91992008.00
2015/10/16	6.06	6.12	5.90	6.04	4997200	78559888.00
2015/10/19	6.09	6.14	5.87	5.95	5425588	85277928.00
2015/10/20	5.95	6.36	5.90	6.26	8358049	134845712.00
2015/10/21	6.22	6.24	5.61	5.66	7203352	112769288.00
2015/10/22	5.71	6.08	5.69	6.06	5608192	86251688.00
2015/10/23	6.14	6.50	6.08	6.45	9528989	155286912.00
2015/10/26	6.48	6.62	6.37	6.52	7104907	120365488.00
2015/10/27	6.46	6.56	6.22	6.50	5411008	90242728.00
2015/10/28	6.48	6.78	6.46	6.50	7100319	121820408.00
2015/10/29	6.50	6.57	6.29	6.47	7154271	119584352.00
2015/10/30	6.38	6.49	6.26	6.33	4695190	77793816.00
2015/11/02	6.16	6.53	6.14	6.33	4062703	67611160.00
2015/11/03	6.32	6.51	6.32	6.41	3463661	57923064.00
2015/11/04	6.50	6.78	6.43	6.77	6068339	104982568.00
2015/11/05	6.77	7.38	6.76	7.22	14635216	267932256.00
2015/11/06	7.20	7.69	7.10	7.62	13236734	256769536.00
2015/11/09	7.39	7.61	6.96	7.44	9469197	181317392.00
2015/11/10	7.39	7.58	7.33	7.45	5578252	107461896.00
2015/11/11	7.42	7.68	7.42	7.64	5742670	112849760.00
2015/11/12	7.60	7.60	7.19	7.36	8023828	152846352.00
2015/11/13	7.28	7.34	7.00	7.12	4383424	81467752.00
2015/11/16	6.98	7.24	6.97	7.23	4133710	76173576.00
2015/11/17	7.36	7.53	7.18	7.26	6278894	119851968.00
2015/11/18	7.26	7.42	7.21	7.31	4979870	94187008.00
2015/11/19	7.26	7.52	7.22	7.48	5314911	101784928.00
2015/11/20	7.38	8.26	7.38	8.26	13359409	277540736.00
2015/11/23	8.34	8.79	8.18	8.26	13734862	299597120.00
2015/11/24	8.17	8.67	8.17	8.35	6996512	151451616.00
2015/11/25	8.30	8.82	8.18	8.82	8215449	180653456.00
2015/11/26	8.74	8.81	8.46	8.52	7689725	170654352.00
2015/11/27	8.55	8.56	7.67	7.76	7404102	156010464.00
2015/11/30	7.82	8.57	7.82	8.57	12966169	280977984.00
2015/12/01	8.34	8.57	8.14	8.21	8080790	173984896.00
2015/12/02	8.14	8.36	7.81	8.21	4651520	97582488.00
2015/12/03	8.26	8.45	8.10	8.44	5478647	116939752.00
2015/12/04	8.39	8.80	8.35	8.56	6986624	155084384.00
2015/12/07	8.61	8.72	8.32	8.41	3945338	85763872.00
2015/12/08	8.40	8.40	8.05	8.11	3391644	71477440.00
2015/12/09	8.08	8.36	8.05	8.17	2929708	62191052.00
2015/12/10	8.14	8.29	8.05	8.08	2790719	58773832.00
2015/12/11	8.06	8.12	7.74	7.77	2687300	54530476.00
2015/12/14	7.68	8.02	7.68	8.00	1566075	31839998.00
2015/12/15	8.05	8.75	7.98	8.61	6658339	146842400.00
2015/12/16	8.69	8.94	8.62	8.68	5760871	130377872.00
2015/12/17	8.74	8.93	8.64	8.78	6012748	135563920.00
2015/12/18	8.73	9.22	8.54	9.15	6711398	153624288.00
2015/12/21	9.13	9.62	8.94	9.38	6230420	148438576.00
2015/12/22	9.28	9.69	9.18	9.38	4646204	112501992.00
2015/12/23	9.38	9.66	9.22	9.31	3467425	83576152.00
2015/12/24	9.30	9.38	8.86	9.10	3214048	75267056.00
2015/12/25	9.10	9.54	9.01	9.14	3434765	81532776.00
2015/12/28	9.14	9.38	8.78	8.81	3282335	76272792.00
2015/12/29	8.88	8.94	8.57	8.84	2956154	66597764.00
2015/12/30	8.84	9.18	8.81	9.12	4996197	115113744.00
2015/12/31	9.14	9.23	8.97	9.06	2862086	66961736.00
2016/01/04	8.96	9.12	8.14	8.14	2963165	65092148.00
2016/01/05	7.58	7.93	7.30	7.57	8451043	165418544.00
2016/01/06	7.57	7.98	7.34	7.75	3105875	61634008.00
2016/01/07	7.68	7.68	6.95	6.95	970300	17973160.00
2016/01/08	7.06	7.26	6.62	6.94	3701348	67548440.00
2016/01/11	6.81	7.11	6.41	6.42	4059513	71155424.00
2016/01/12	6.34	6.64	6.26	6.52	2684967	45056372.00
2016/01/13	6.74	6.77	6.26	6.40	3490100	59867412.00
2016/01/14	6.40	6.74	6.14	6.72	3272939	55509724.00
2016/01/15	6.71	6.97	6.48	6.53	3816454	66874848.00
2016/01/18	6.50	6.94	6.34	6.94	3035823	53266116.00
2016/01/19	6.92	7.28	6.79	7.28	2857467	52484632.00
2016/01/20	7.18	7.46	7.04	7.16	2497986	46763064.00
2016/01/21	7.06	7.21	6.82	6.88	3685920	66849164.00
2016/01/22	6.84	6.94	6.51	6.87	2576512	45400204.00
2016/01/25	6.94	7.10	6.86	6.96	1420229	25784672.00
2016/01/26	6.88	6.97	6.26	6.36	2490560	42676096.00
2016/01/27	6.50	6.50	5.84	6.18	2855965	45552760.00
2016/01/28	6.22	6.38	6.04	6.10	2610019	42510580.00
2016/01/29	6.10	6.37	6.02	6.24	4050771	65294300.00
2016/02/01	6.25	6.49	6.10	6.40	4069294	66486204.00
2016/02/02	6.38	6.79	6.32	6.72	3527817	60470712.00
2016/02/03	6.66	6.82	6.48	6.74	1713403	29594734.00
2016/02/04	6.74	6.91	6.66	6.80	3321451	58806656.00
2016/02/05	6.80	6.88	6.63	6.68	1691440	29712718.00
2016/02/15	6.28	6.86	6.28	6.84	1855774	32074154.00
2016/02/16	6.93	7.18	6.84	7.18	2652752	48484176.00
2016/02/17	7.07	7.26	7.02	7.26	1698964	31428238.00
2016/02/18	7.28	7.33	7.05	7.06	2420687	45202712.00
2016/02/19	7.14	7.16	7.02	7.05	1217894	22362286.00
2016/02/22	7.11	7.73	7.11	7.42	3328528	63521508.00
2016/02/23	7.42	7.54	7.14	7.44	2088507	39699524.00
2016/02/24	7.46	7.50	7.24	7.46	1403515	26781210.00
2016/02/25	7.46	7.46	6.86	7.21	2857214	52418752.00
2016/02/26	7.18	7.72	7.06	7.66	3375451	64924572.00
2016/02/29	7.54	7.66	6.87	7.14	4431011	80849384.00
2016/03/01	7.11	7.14	6.58	7.05	3467241	62037744.00
2016/03/02	6.94	7.45	6.89	7.32	3236697	60346956.00
2016/03/03	7.34	7.52	7.23	7.26	2860422	54537432.00
2016/03/04	7.14	7.25	6.86	7.10	2502041	45782760.00
2016/03/07	7.05	7.26	6.97	7.18	1645861	30359648.00
2016/03/08	7.12	7.26	6.82	7.15	1638722	29863994.00
2016/03/09	7.02	7.02	6.80	6.89	1877285	33549560.00
2016/03/10	6.86	6.91	6.32	6.42	2763079	47207172.00
2016/03/11	6.29	6.46	6.04	6.28	3778940	60963216.00
2016/03/14	6.26	6.63	6.16	6.46	5043837	84921592.00
2016/03/15	6.37	6.58	6.34	6.37	3035454	51108360.00
2016/03/16	6.45	6.50	6.26	6.28	1934102	32030888.00
2016/03/17	6.35	6.58	6.30	6.57	2987837	50327588.00
2016/03/18	6.16	7.04	6.16	6.96	5390900	95842312.00
2016/03/21	7.06	7.16	6.84	7.11	4559807	82763872.00
2016/03/22	7.10	7.24	7.00	7.16	4299936	79514944.00
2016/03/23	7.10	7.29	7.04	7.26	3305461	61792604.00
2016/03/24	7.24	7.32	7.16	7.16	3896430	73012312.00
2016/03/25	7.09	7.37	7.09	7.37	4185767	78754104.00
2016/03/28	7.37	7.48	7.20	7.34	4301064	82148936.00
2016/03/29	7.26	7.49	7.18	7.31	3681445	69984480.00
2016/03/30	7.40	7.52	7.31	7.50	5083685	97680984.00
2016/03/31	7.58	8.28	7.51	7.98	8861882	182584000.00
2016/04/01	8.58	8.60	8.27	8.36	11765801	255337968.00
2016/04/05	8.50	9.01	8.37	8.90	9574659	213771488.00
2016/04/06	8.86	8.88	8.72	8.82	5549939	125811288.00
2016/04/07	8.91	9.20	8.82	8.82	6441354	149258512.00
2016/04/08	8.74	9.00	8.55	8.80	5197194	117064480.00
2016/04/11	8.80	9.08	8.80	8.91	4157800	95864120.00
2016/04/12	8.95	9.20	8.92	9.05	5346085	124640776.00
2016/04/13	9.08	9.58	9.08	9.40	7048784	169640848.00
2016/04/14	9.44	9.73	9.14	9.44	6987721	168862336.00
2016/04/15	9.74	10.42	9.55	10.42	17894573	463149600.00
2016/04/18	10.54	10.54	9.90	10.24	14901196	388948992.00
2016/04/19	10.35	10.73	10.14	10.26	12372536	329924544.00
2016/04/20	10.26	10.30	9.26	9.59	13361366	334671264.00
2016/04/21	9.58	9.82	9.34	9.34	6280994	154594016.00
2016/04/22	9.28	9.58	9.18	9.58	5176511	124607984.00
2016/04/25	9.25	9.25	8.80	9.04	11034501	254090576.00
2016/04/26	8.98	9.17	8.87	9.15	5976272	138119536.00
2016/04/27	9.10	9.29	9.03	9.08	5084190	119806656.00
2016/04/28	9.07	9.21	8.89	9.18	5408308	126080936.00
2016/04/29	9.18	9.93	9.06	9.58	8476095	208095824.00
2016/05/03	9.58	10.28	9.54	10.14	8723792	223185024.00
2016/05/04	10.09	10.53	10.02	10.37	8982878	236707952.00
2016/05/05	10.26	10.55	10.08	10.42	6241118	165456784.00
2016/05/06	10.47	10.65	10.02	10.02	7083715	185887392.00
2016/05/09	9.99	9.99	9.54	9.55	5117297	128220552.00
2016/05/10	9.52	9.66	9.43	9.58	2990059	73439056.00
2016/05/11	9.77	10.14	9.77	10.02	7725095	198482928.00
2016/05/12	9.78	9.94	9.18	9.92	5281998	130022400.00
2016/05/13	9.90	10.00	9.54	9.60	4735038	118348544.00
2016/05/16	9.54	10.53	9.42	10.34	10188504	264306704.00
2016/05/17	10.38	10.46	9.60	9.61	25100889	253617488.00
2016/05/18	9.40	9.44	8.63	8.77	25649037	234318752.00
2016/05/19	8.73	9.00	8.64	8.81	12743367	114600504.00
2016/05/20	8.77	8.79	8.60	8.73	9221285	81824328.00
2016/05/23	8.73	9.22	8.66	9.13	15763673	144560976.00
2016/05/24	9.08	9.21	8.82	8.92	7974150	73184568.00
2016/05/25	9.00	9.13	8.78	8.97	7414547	67804512.00
2016/05/26	8.97	8.97	8.62	8.90	8117620	72543480.00
2016/05/27	8.86	9.00	8.76	8.87	5639466	51177400.00
2016/05/30	8.79	8.96	8.64	8.84	4593574	41363340.00
2016/05/31	8.91	9.29	8.82	9.20	12430294	115490584.00
2016/06/01	9.17	9.38	9.11	9.17	11402044	107399720.00
2016/06/02	9.24	9.34	9.08	9.24	9810717	91966184.00
2016/06/03	9.25	9.78	9.15	9.72	17886207	174096512.00
2016/06/06	9.82	9.89	9.52	9.73	10955151	107901632.00
2016/06/07	9.70	9.73	9.53	9.63	6891710	67556688.00
2016/06/08	9.63	9.63	9.37	9.48	6771683	65384276.00
2016/06/13	9.37	9.38	8.89	8.90	9124683	85208720.00
2016/06/14	8.90	9.12	8.89	8.97	4471565	40915428.00
2016/06/15	8.82	9.37	8.72	9.29	9540635	89834024.00
2016/06/16	9.32	9.32	9.11	9.16	5700068	53357616.00
2016/06/17	9.20	9.56	9.13	9.43	9288358	89052608.00
2016/06/20	9.52	9.70	9.39	9.70	11791536	115043320.00
2016/06/21	9.81	9.87	9.34	9.39	8866825	86536448.00
2016/06/22	9.40	9.51	9.30	9.51	5175618	49594456.00
2016/06/23	9.50	9.54	9.31	9.51	5372687	51529016.00
2016/06/24	9.40	9.65	9.10	9.32	8361987	79720192.00
2016/06/27	9.17	9.45	9.15	9.44	6975167	66551244.00
2016/06/28	9.51	10.34	9.50	10.21	24470933	249824864.00
2016/06/29	10.16	11.21	10.02	11.02	29439829	316614144.00
2016/06/30	10.85	11.82	10.78	11.07	28188999	324133184.00
2016/07/01	11.18	11.46	10.99	11.23	17264055	195910240.00
2016/07/04	11.12	11.37	11.00	11.25	16670618	190022352.00
2016/07/05	11.25	11.27	11.03	11.12	12308021	138960864.00
2016/07/06	11.14	12.25	11.14	12.25	33701946	404209216.00
2016/07/07	12.40	13.10	12.26	12.64	38060523	488730048.00
2016/07/08	12.66	12.66	12.22	12.32	17442502	218584032.00
2016/07/11	12.47	12.48	11.74	11.84	26848660	328887136.00
2016/07/12	11.99	12.37	11.75	12.18	18370232	226117152.00
2016/07/13	12.17	12.30	12.02	12.17	11447815	141077312.00
2016/07/14	12.12	12.27	12.04	12.24	9125030	112635096.00
2016/07/15	12.42	12.42	12.02	12.12	10330173	127301120.00
2016/07/18	12.10	12.21	12.02	12.11	9645556	118503736.00
2016/07/19	12.04	12.13	11.73	11.88	10414523	125219304.00
2016/07/20	12.04	12.27	11.94	12.12	11375750	140186032.00
2016/07/21	12.02	12.17	11.82	11.92	12038535	146121456.00
2016/07/22	11.84	12.00	11.82	11.83	6938049	83600120.00
2016/07/25	11.85	12.31	11.74	12.12	17412276	213534944.00
2016/07/26	12.26	12.26	12.03	12.12	9514108	116866288.00
2016/07/27	12.12	12.15	10.99	11.20	18644196	217992000.00
2016/07/28	11.19	11.45	11.10	11.35	8600082	98780048.00
2016/07/29	11.30	11.38	11.12	11.14	5567317	63342556.00
2016/08/01	11.13	11.22	10.65	10.90	8019305	88520232.00
2016/08/02	10.98	11.07	10.75	10.94	6172788	68297680.00
2016/08/03	10.94	10.94	10.70	10.81	7213682	79130040.00
2016/08/04	10.88	10.91	10.73	10.84	5892065	64935248.00
2016/08/05	10.90	10.90	10.65	10.70	6210909	67801368.00
2016/08/08	10.63	10.97	10.42	10.97	8098355	88490128.00
2016/08/09	10.90	11.37	10.84	11.27	9588812	109165800.00
2016/08/10	11.27	11.35	11.13	11.24	6556888	74678200.00
2016/08/11	11.17	11.26	10.87	10.88	6959144	78322792.00
2016/08/12	10.83	11.06	10.82	11.01	6569440	72983848.00
2016/08/15	11.05	11.25	11.00	11.18	8648942	98060720.00
2016/08/16	11.27	12.32	11.25	12.32	29971749	365537984.00
2016/08/17	12.42	12.48	11.92	12.10	28444848	351021536.00
2016/08/18	12.10	12.10	11.88	12.06	14752406	179344752.00
2016/08/19	12.06	12.38	11.86	12.34	16649375	204759664.00
2016/08/22	12.32	12.32	11.88	11.89	13335000	163044688.00
2016/08/23	11.72	11.86	11.50	11.62	13622759	160715456.00
2016/08/24	11.57	11.70	11.49	11.61	6676976	78676720.00
2016/08/25	11.52	11.61	11.29	11.47	8356040	96556752.00
2016/08/26	11.42	11.70	11.42	11.49	6464087	75942792.00
2016/08/29	11.37	11.56	11.33	11.48	3785245	44028700.00
2016/08/30	11.52	11.67	11.43	11.57	5407846	63673544.00
2016/08/31	11.61	11.65	11.42	11.53	5599773	65366560.00
2016/09/01	11.59	11.63	11.47	11.47	5664200	66411156.00
2016/09/02	11.47	11.62	11.42	11.62	5997494	70224368.00
2016/09/05	11.62	11.88	11.58	11.81	10039796	119815400.00
2016/09/06	11.81	11.86	11.55	11.78	8545141	101827376.00
2016/09/07	11.78	12.17	11.77	12.09	14763295	180075568.00
2016/09/08	12.11	12.29	12.00	12.20	15098358	186302352.00
2016/09/09	12.28	12.31	11.89	11.92	10744590	131156968.00
2016/09/19	11.91	12.94	11.63	12.51	18136246	225292176.00
2016/09/20	12.41	12.70	12.20	12.32	11448065	144163664.00
2016/09/21	12.23	12.39	12.00	12.02	7934027	97962736.00
2016/09/22	12.15	12.26	12.00	12.05	6080220	74832552.00
2016/09/23	12.05	12.10	11.83	11.94	6769657	82001360.00
2016/09/26	11.83	12.04	11.62	11.68	5985262	71907216.00
2016/09/27	11.57	11.80	11.48	11.74	5342814	63329992.00
2016/09/28	11.72	11.75	11.59	11.66	3659172	43313880.00
2016/09/29	11.66	11.81	11.64	11.65	3460358	41187916.00
2016/09/30	11.68	11.74	11.64	11.72	2760285	32747568.00
2016/10/10	11.82	12.00	11.73	12.00	5743275	69258928.00
2016/10/11	12.07	12.09	11.95	12.04	4998021	60836852.00
2016/10/12	11.97	12.00	11.83	11.91	5016030	60536972.00
2016/10/13	11.89	11.96	11.82	11.86	3449922	41521284.00
2016/10/14	11.82	11.91	11.67	11.77	3917900	46784432.00
2016/10/17	11.73	11.87	11.59	11.60	4145212	49288252.00
2016/10/18	11.61	11.83	11.61	11.79	3785130	45212824.00
2016/10/19	11.83	11.86	11.32	11.40	10956724	128715928.00
2016/10/20	11.41	11.46	11.17	11.20	12982552	148525200.00
2016/10/21	11.20	11.34	11.15	11.30	5815596	66583908.00
2016/10/24	11.34	11.43	11.26	11.40	5561572	64257440.00
2016/10/25	11.42	11.47	11.25	11.31	7012493	80689416.00
2016/10/26	11.31	11.35	10.89	11.35	12320900	139342016.00
2016/10/27	11.27	11.41	11.15	11.41	6729181	77422112.00
2016/10/28	11.43	11.43	11.22	11.26	4127585	47392520.00
2016/10/31	11.24	11.24	10.93	11.14	3375430	38100588.00
2016/11/01	11.20	11.27	11.14	11.25	3670625	41833768.00
2016/11/02	11.25	11.25	11.03	11.06	4475095	50506936.00
2016/11/03	11.01	11.13	10.82	10.87	11874391	132310136.00
2016/11/04	10.90	11.03	10.82	10.90	8300877	92006800.00
2016/11/07	10.90	10.94	10.83	10.84	5178646	57246816.00
2016/11/08	10.84	10.91	10.83	10.89	4465635	49383136.00
2016/11/09	10.89	10.94	10.52	10.69	6341203	69297168.00
2016/11/10	10.80	10.87	10.70	10.83	6031690	66079328.00
2016/11/11	10.83	10.86	10.68	10.76	7295600	79732264.00
2016/11/14	10.75	10.84	10.67	10.83	8267882	90561880.00
2016/11/15	10.80	11.05	10.73	11.02	8034117	89287736.00
2016/11/16	11.05	11.09	10.96	10.97	6420890	71866728.00
2016/11/17	10.92	11.01	10.88	10.94	3977067	44261144.00
2016/11/18	10.97	10.97	10.77	10.79	5784301	63790196.00
2016/11/21	10.79	10.83	10.73	10.74	4067829	44521436.00
2016/11/22	10.81	10.82	10.67	10.76	5234257	57069988.00
2016/11/23	10.75	10.77	10.66	10.70	5806065	63225380.00
2016/11/24	10.75	10.75	10.64	10.66	3593511	39099316.00
2016/11/25	10.66	10.70	10.48	10.55	6073335	65180952.00
2016/11/28	10.59	10.91	10.57	10.86	9896984	108695792.00
2016/11/29	10.85	10.85	10.59	10.60	5835863	63409952.00
2016/11/30	10.66	10.66	10.49	10.51	5117894	54925108.00
2016/12/01	10.54	10.67	10.50	10.54	4790090	51440656.00
2016/12/02	10.59	10.59	10.19	10.21	7223789	75981296.00
2016/12/05	10.17	10.17	9.96	9.99	5117833	52316856.00
2016/12/06	9.94	10.10	9.94	10.01	4613913	47154640.00
2016/12/07	10.00	10.14	9.95	10.13	3401716	34900180.00
2016/12/08	10.16	10.19	10.07	10.12	2847592	29378768.00
2016/12/09	10.12	10.17	9.92	10.01	4554134	46365416.00
2016/12/12	10.02	10.02	9.38	9.43	7055779	69439056.00
2016/12/13	9.40	9.49	9.31	9.43	4003614	38320968.00
2016/12/14	9.43	9.63	9.37	9.42	4119334	39932564.00
2016/12/15	9.46	9.54	9.39	9.46	2815159	27153534.00
2016/12/16	9.45	9.59	9.41	9.55	3408421	33092588.00
2016/12/19	9.52	9.60	9.43	9.49	2084368	20129086.00
2016/12/20	9.47	9.60	9.44	9.53	3368619	32733104.00
2016/12/21	9.58	10.31	9.58	10.02	13447299	137579712.00
2016/12/22	10.02	10.10	9.76	9.84	6473973	64856836.00
2016/12/23	9.78	9.83	9.71	9.71	3825966	38031836.00
2016/12/26	9.70	10.04	9.57	10.04	7409103	74437024.00
2016/12/27	10.10	10.20	9.93	9.99	6051447	62088168.00
2016/12/28	9.95	10.07	9.80	9.83	3795551	38268392.00
2016/12/29	10.04	10.04	9.82	9.86	3417650	34443496.00
2016/12/30	9.81	10.03	9.81	9.92	3011920	30498192.00
2017/01/03	9.99	10.08	9.94	10.01	4893126	49922292.00
2017/01/04	10.01	10.07	9.97	10.05	3556487	36320644.00
2017/01/05	10.05	10.19	10.02	10.16	4569240	47067468.00
2017/01/06	10.12	10.27	10.08	10.15	3906082	40387808.00
2017/01/09	10.17	10.25	10.12	10.16	4109446	42603652.00
2017/01/10	10.18	10.18	9.98	10.03	3894022	39827608.00
2017/01/11	10.06	10.07	9.89	9.92	2739719	27806166.00
2017/01/12	9.95	10.00	9.89	9.90	1784275	18028940.00
2017/01/13	9.97	9.98	9.75	9.76	3414972	34364608.00
2017/01/16	9.71	9.82	9.12	9.58	6106977	59674560.00
2017/01/17	9.54	9.73	9.44	9.65	3389349	33211554.00
2017/01/18	9.65	9.76	9.57	9.63	2425527	23914950.00
2017/01/19	9.67	9.71	9.48	9.60	2185170	21439134.00
2017/01/20	9.66	9.73	9.52	9.69	2861998	28144352.00
2017/01/23	9.69	9.84	9.67	9.77	2572547	25639502.00
2017/01/24	9.81	9.81	9.74	9.79	2216425	22080464.00
2017/01/25	9.77	9.84	9.77	9.78	2077854	20740146.00
2017/01/26	9.78	10.00	9.78	9.95	2420886	24518882.00
2017/02/03	9.99	10.04	9.85	10.01	1965776	19877298.00
2017/02/06	10.14	10.48	10.12	10.18	7362519	76547488.00
2017/02/07	10.13	10.25	10.07	10.12	3430214	35443596.00
2017/02/08	10.10	10.24	10.07	10.20	3557629	36870592.00
2017/02/09	10.21	10.23	10.14	10.19	2969436	30776140.00
2017/02/10	10.19	10.24	10.15	10.15	2469100	25592608.00
2017/02/13	10.07	10.18	10.07	10.14	2658335	27384340.00
2017/02/14	10.12	10.17	10.03	10.11	2499026	25648574.00
2017/02/15	10.06	10.11	9.97	9.98	3069162	31345748.00
2017/02/16	9.94	10.05	9.94	10.04	2259786	23016838.00
2017/02/17	10.01	10.16	9.98	9.99	3576909	36646372.00
2017/02/20	9.99	10.21	9.97	10.21	4932227	50739172.00
2017/02/21	10.23	10.29	10.15	10.20	3127181	32469716.00
2017/02/22	10.21	10.25	10.14	10.19	2829521	29320792.00
2017/02/23	10.15	10.20	10.07	10.19	3256323	33608056.00
2017/02/24	10.15	10.31	10.09	10.30	5611643	58558032.00
2017/02/27	10.32	10.34	10.14	10.15	3311264	34413432.00
2017/02/28	10.16	10.20	10.09	10.12	2312380	23798652.00
2017/03/01	10.12	10.18	10.10	10.13	2508749	25860196.00
2017/03/02	10.14	10.16	9.97	10.00	3409082	34817784.00
2017/03/03	9.99	10.04	9.94	10.02	1875166	19072442.00
2017/03/06	10.06	10.17	9.98	10.17	3195569	32921714.00
2017/03/07	10.18	10.42	10.18	10.41	7597307	79833528.00
2017/03/08	10.40	10.55	10.29	10.33	5179821	54878348.00
2017/03/09	10.32	10.37	10.19	10.23	3039221	31680622.00
2017/03/10	10.23	10.39	10.23	10.28	3666253	38494408.00
2017/03/13	10.27	10.40	10.19	10.39	3745572	39329532.00
2017/03/14	10.37	10.41	10.24	10.33	3196531	33610892.00
2017/03/15	10.33	10.35	10.22	10.29	1898394	19855076.00
2017/03/16	10.26	10.35	10.26	10.31	2720616	28519010.00
2017/03/17	10.30	10.36	10.08	10.10	6281799	65146748.00
2017/03/20	10.00	10.18	9.99	10.07	6780399	69523752.00
2017/03/21	10.05	10.11	10.00	10.06	4935193	50451444.00
2017/03/22	10.03	10.15	10.02	10.09	4233648	43462468.00
2017/03/23	10.09	10.12	9.93	10.01	3091239	31556376.00
2017/03/24	10.03	10.05	9.82	9.88	6207171	62563444.00
2017/03/27	9.89	9.99	9.87	9.91	3241669	32689892.00
2017/03/28	9.90	9.94	9.77	9.82	2971623	29723000.00
2017/03/29	9.78	9.88	9.68	9.68	3979260	39518756.00
2017/03/30	9.67	9.67	9.44	9.53	4759768	46243148.00
2017/03/31	9.52	9.61	9.46	9.52	3447732	33424114.00
2017/04/05	9.52	9.78	9.52	9.72	3558429	35128672.00
2017/04/06	9.72	9.76	9.65	9.73	2482641	24596108.00
2017/04/07	9.72	9.93	9.70	9.84	3791520	37985516.00
2017/04/10	9.84	9.88	9.69	9.77	3216808	32013558.00
2017/04/11	9.64	9.81	9.64	9.81	2774016	27483200.00
2017/04/12	9.86	9.90	9.62	9.69	3022645	30127166.00
2017/04/13	9.74	10.24	9.67	10.14	11781062	120689384.00
2017/04/14	10.14	10.61	10.02	10.44	20781644	219490416.00
2017/04/17	10.45	10.71	10.32	10.65	23234366	250572288.00
2017/04/18	10.72	10.75	10.38	10.50	18323134	196848032.00
2017/04/19	10.40	10.42	10.10	10.22	16862213	175446640.00
2017/04/20	10.14	10.27	10.00	10.13	12092127	124969184.00
2017/04/21	10.10	10.18	9.62	9.73	14046864	140811216.00
2017/04/24	9.70	10.12	9.38	9.78	10217339	101466576.00
2017/04/25	9.72	9.90	9.42	9.52	8786676	86523840.00
2017/04/26	9.37	9.45	9.16	9.26	6989641	66162516.00
2017/04/27	9.27	9.31	8.60	9.14	9331726	85646720.00
2017/04/28	9.08	9.21	8.94	9.18	5985934	55632240.00
2017/05/02	9.12	9.15	9.08	9.12	2973350	27655042.00
2017/05/03	9.10	9.21	9.08	9.11	2100184	19580416.00
2017/05/04	9.12	9.13	8.90	8.92	5180975	47511884.00
2017/05/05	8.92	8.92	8.64	8.64	4862466	43390708.00
2017/05/08	8.65	8.70	8.22	8.30	3622550	31497832.00
2017/05/09	8.23	8.70	8.19	8.62	5666355	49587408.00
2017/05/10	8.70	8.70	8.24	8.27	4063255	35117064.00
2017/05/11	8.28	8.36	7.97	8.11	4954189	41415796.00
2017/05/12	8.07	8.21	8.07	8.12	3416700	28413644.00
2017/05/15	8.08	8.24	8.00	8.11	3823041	31713526.00
2017/05/16	8.09	8.35	8.04	8.32	2766549	23172052.00
2017/05/17	8.32	8.40	8.28	8.33	2789002	23792254.00
2017/05/18	8.25	8.43	8.14	8.38	3416197	28514578.00
2017/05/19	8.32	8.38	8.25	8.30	1938262	16165176.00
2017/05/22	8.31	8.56	8.25	8.34	4980589	42062372.00
2017/05/23	8.35	8.37	8.12	8.13	3206989	26508600.00
2017/05/24	8.16	8.20	7.87	8.04	3618944	28958528.00
2017/05/25	8.07	8.07	7.67	8.00	5791976	45679692.00
2017/05/26	7.91	7.97	7.76	7.85	2765200	21814680.00
2017/05/31	7.91	8.13	7.87	8.04	5049646	40679504.00
2017/06/01	8.01	8.14	7.90	7.94	3957050	32016534.00
2017/06/02	7.75	8.00	7.75	7.92	2641496	20937404.00
2017/06/05	7.97	8.13	7.92	8.06	2102582	16975492.00
2017/06/06	8.06	8.14	7.99	8.11	1751489	14237724.00
2017/06/07	8.11	8.34	8.11	8.28	3306174	27373096.00
2017/06/08	8.29	8.32	8.18	8.20	1901618	15713297.00
2017/06/09	8.20	8.24	8.13	8.18	1768392	14499578.00
2017/06/12	8.19	8.20	7.99	7.99	2579871	20871294.00
2017/06/13	8.05	8.17	8.02	8.11	1778131	14465889.00
2017/06/14	8.15	8.16	8.04	8.10	1889975	15360930.00
2017/06/15	8.10	8.23	8.08	8.17	3409189	27935918.00
2017/06/16	8.13	8.17	8.09	8.12	1904132	15519459.00
2017/06/19	8.07	8.19	8.06	8.17	2335968	19030542.00
2017/06/20	8.15	8.28	8.15	8.21	3455545	28504186.00
2017/06/21	8.23	8.25	8.11	8.21	1978312	16212092.00
2017/06/22	8.20	8.26	8.12	8.15	3085148	25341040.00
2017/06/23	8.10	8.19	7.87	8.18	3657045	29604958.00
2017/06/26	8.16	8.18	7.99	8.17	3566390	29042292.00
2017/06/27	8.17	8.25	8.12	8.18	3133861	25764046.00
2017/06/28	8.18	8.25	8.07	8.10	3195150	26128174.00
2017/06/29	8.07	8.13	8.03	8.05	3084238	24988794.00
2017/06/30	8.02	8.86	7.86	8.86	15496279	130044832.00
2017/07/03	9.57	9.57	9.06	9.24	53897254	501534528.00
2017/07/04	8.92	8.99	8.75	8.79	34653410	307892256.00
2017/07/05	8.76	8.84	8.61	8.73	21361042	186688208.00
2017/07/06	8.68	8.80	8.63	8.68	13922838	121513336.00
2017/07/07	8.68	8.77	8.58	8.69	11191248	97317608.00
2017/07/10	8.65	8.68	8.46	8.50	10940700	93976464.00
2017/07/11	8.43	8.82	8.42	8.63	14734022	127941216.00
2017/07/12	8.63	8.63	8.25	8.40	10940125	92304840.00
2017/07/13	8.39	8.47	8.32	8.40	6404000	53971724.00
2017/07/14	8.41	8.52	8.27	8.29	6329450	53187716.00
2017/07/17	8.29	8.29	7.65	7.66	12532060	99334616.00
2017/07/18	7.65	7.75	7.61	7.74	5756353	44419228.00
2017/07/19	7.69	7.90	7.67	7.86	6738039	52824984.00
2017/07/20	7.82	8.00	7.82	7.95	6299024	50098940.00
2017/07/21	7.96	8.29	7.82	8.14	10100026	81477944.00
2017/07/24	8.08	8.45	8.03	8.24	9247395	76546240.00
2017/07/25	8.17	8.23	8.04	8.15	6348675	51724420.00
2017/07/26	8.46	8.71	8.30	8.57	21914421	187099936.00
2017/07/27	8.46	8.64	8.35	8.54	12267122	104596728.00
2017/07/28	8.47	8.57	8.38	8.40	7837500	66329932.00
2017/07/31	8.42	8.46	8.29	8.41	7467403	62766204.00
2017/08/01	8.40	8.46	8.27	8.27	6824772	57205296.00
2017/08/02	8.23	8.27	8.00	8.04	10678703	86777000.00
2017/08/03	7.98	8.05	7.95	8.01	7061957	56664276.00
2017/08/04	8.01	8.05	7.89	7.90	6270952	50050576.00
2017/08/07	7.91	8.03	7.91	7.98	4613502	36986308.00
2017/08/08	7.98	8.02	7.93	7.98	5109344	40936344.00
2017/08/09	8.02	8.03	7.96	7.98	4269163	34217008.00
2017/08/10	7.98	8.00	7.81	7.84	6719761	53157204.00
2017/08/11	7.84	7.92	7.76	7.81	5343952	42022092.00
2017/08/14	7.73	7.95	7.73	7.94	4856081	38352672.00
2017/08/15	7.96	7.96	7.88	7.92	2848100	22610014.00
2017/08/16	7.93	8.02	7.89	7.99	3988200	31945036.00
2017/08/17	7.99	8.01	7.94	7.99	4784053	38248952.00
2017/08/18	7.95	7.96	7.87	7.88	4215144	33435392.00
2017/08/21	7.87	7.97	7.85	7.96	3539450	28146314.00
2017/08/22	7.97	8.01	7.94	7.99	4680255	37498636.00
2017/08/23	7.97	7.99	7.89	7.90	2680666	21331596.00
2017/08/24	7.90	7.93	7.78	7.80	4434605	34816992.00
2017/08/25	7.74	7.83	7.74	7.83	5479780	42877336.00
2017/08/28	7.82	7.87	7.76	7.83	7102435	55747836.00
2017/08/29	7.85	7.88	7.82	7.87	4404576	34715144.00
2017/08/30	7.81	7.81	7.71	7.74	9565253	74409840.00
2017/08/31	7.71	7.76	7.71	7.75	3067496	23838358.00
2017/09/01	7.76	7.78	7.71	7.78	5216343	40570184.00
2017/09/04	7.77	7.81	7.72	7.81	4668968	36416864.00
2017/09/05	7.81	7.84	7.78	7.84	3998342	31356438.00
2017/09/06	7.84	7.85	7.78	7.82	3444751	27021950.00
2017/09/07	7.82	7.86	7.79	7.81	4680350	36779640.00
2017/09/08	7.81	7.93	7.80	7.90	6259002	49450992.00
2017/09/11	7.92	7.95	7.85	7.90	4594740	36389708.00
2017/09/12	7.90	7.92	7.85	7.89	4700171	37237568.00
2017/09/13	7.89	8.02	7.88	7.98	7149008	57164820.00
2017/09/14	7.99	8.03	7.88	7.92	4886441	38898296.00
2017/09/15	7.92	7.92	7.81	7.82	3667100	28885092.00
2017/09/18	7.82	7.87	7.80	7.84	2414250	18979490.00
2017/09/19	7.83	7.90	7.83	7.84	1980150	15611744.00
2017/09/20	7.82	7.88	7.82	7.88	2469950	19488236.00
2017/09/21	7.88	7.88	7.81	7.82	3079107	24238698.00
2017/09/22	7.82	7.83	7.78	7.83	2961100	23216388.00
2017/09/25	7.83	7.83	7.72	7.73	2793697	21768564.00
2017/09/26	7.72	7.76	7.65	7.68	2936450	22702754.00
2017/09/27	7.67	7.72	7.67	7.70	1831985	14154253.00
2017/09/28	7.69	7.73	7.66	7.68	1675100	12942910.00
2017/09/29	7.69	7.75	7.69	7.74	2163655	16773435.00
2017/10/09	7.76	7.88	7.76	7.82	3327687	26170326.00
2017/10/10	7.82	7.89	7.78	7.89	4092013	32298618.00
2017/10/11	7.87	7.95	7.85	7.91	3872213	30692742.00
2017/10/12	7.90	7.90	7.77	7.83	2905450	22842806.00
2017/10/13	7.80	7.91	7.79	7.90	2568806	20264472.00
2017/10/16	7.90	7.95	7.73	7.73	4750668	37333584.00
2017/10/17	7.73	7.73	7.45	7.64	2886455	22085918.00
2017/10/18	7.61	7.78	7.60	7.63	2333625	17960474.00
2017/10/19	7.67	7.67	7.49	7.50	2561579	19368348.00
2017/10/20	7.50	7.53	7.40	7.47	4484755	33547186.00
2017/10/23	7.47	7.55	7.40	7.55	3266294	24537068.00
2017/10/24	7.55	7.55	7.48	7.53	2541000	19158372.00
2017/10/25	7.53	7.56	7.49	7.56	2445823	18499422.00
2017/10/26	7.55	7.67	7.52	7.65	3924826	29988112.00
2017/10/27	7.65	7.67	7.57	7.60	2548443	19484874.00
2017/10/30	7.60	7.64	7.35	7.41	4396000	32739780.00
2017/10/31	7.42	7.44	7.37	7.44	2298787	17081544.00
2017/11/01	7.45	7.45	7.31	7.36	5028273	37214300.00
2017/11/02	7.35	7.35	7.13	7.17	4092639	29652236.00
2017/11/03	7.15	7.19	7.10	7.15	2903389	20809160.00
2017/11/06	7.17	7.45	7.16	7.44	6098888	44941072.00
2017/11/07	7.43	7.53	7.38	7.50	4645222	34861752.00
2017/11/08	7.53	7.54	7.41	7.42	2581613	19356512.00
2017/11/09	7.50	7.55	7.43	7.54	3875900	29219842.00
2017/11/10	7.50	7.59	7.42	7.57	4390086	33133706.00
2017/11/13	7.53	7.56	7.44	7.45	3214086	24124706.00
2017/11/14	7.45	7.52	7.39	7.40	2524951	18875400.00
2017/11/15	7.39	7.40	7.19	7.23	3116244	22768364.00
2017/11/16	7.29	7.32	7.19	7.27	2365279	17243354.00
2017/11/17	7.26	7.50	7.21	7.45	9048050	67331032.00
2017/11/20	7.41	7.62	7.37	7.49	5963300	44833852.00
2017/11/21	7.50	7.50	7.35	7.48	4230771	31518176.00
2017/11/22	7.51	7.62	7.41	7.61	6657681	50460732.00
2017/11/23	7.58	7.74	7.51	7.69	8166700	62420964.00
2017/11/24	7.58	7.91	7.35	7.83	34203229	261097808.00
2017/11/27	7.60	7.61	7.25	7.27	13759081	102549312.00
2017/11/28	7.22	7.32	7.18	7.29	5546286	40352044.00
2017/11/29	7.29	7.30	7.10	7.17	6199764	44640200.00
2017/11/30	7.18	7.18	7.08	7.09	4236088	30309822.00
2017/12/01	7.08	7.14	7.06	7.13	2553900	18247504.00
2017/12/04	7.12	7.16	7.11	7.11	2905800	20829908.00
2017/12/05	7.07	7.11	6.61	6.72	8507080	58347048.00
2017/12/06	6.68	6.83	6.67	6.78	2897550	19648306.00
2017/12/07	6.73	6.80	6.72	6.73	2300464	15589055.00
2017/12/08	6.73	6.82	6.69	6.79	2193405	14895424.00
2017/12/11	6.76	6.83	6.75	6.80	1584000	10819868.00
2017/12/12	6.80	6.82	6.63	6.65	2314709	15591277.00
2017/12/13	6.63	6.69	6.63	6.65	1693000	11320899.00
2017/12/14	6.69	6.74	6.65	6.66	1839129	12352882.00
2017/12/15	6.67	6.70	6.63	6.64	1844200	12328779.00
2017/12/18	6.64	6.69	6.63	6.65	1400902	9361359.00
2017/12/19	6.62	6.68	6.62	6.68	1137250	7611665.00
2017/12/20	6.64	6.67	6.46	6.48	3296225	21597872.00
2017/12/21	6.48	6.48	6.26	6.36	3018984	19222228.00
2017/12/22	6.36	6.38	6.29	6.32	1569350	10000052.00
2017/12/25	6.31	6.31	6.12	6.12	2734625	17005870.00
2017/12/26	6.10	6.19	6.09	6.19	1923910	11904863.00
2017/12/27	6.19	6.24	6.15	6.19	1916200	11934227.00
2017/12/28	6.18	6.22	6.16	6.16	1532753	9537604.00
2017/12/29	6.19	6.23	6.16	6.23	1844670	11504019.00
2018/01/02	6.23	6.29	6.23	6.27	2053706	12917393.00
2018/01/03	6.27	6.42	6.24	6.41	3129469	20048870.00
2018/01/04	6.46	6.47	6.38	6.44	3181055	20551416.00
2018/01/05	6.46	6.51	6.40	6.47	2300688	14881989.00
2018/01/08	6.46	6.47	6.42	6.46	1872150	12117958.00
2018/01/09	6.46	6.47	6.40	6.43	1785939	11544985.00
2018/01/10	6.42	6.45	6.26	6.27	2625800	16717164.00
2018/01/11	6.26	6.37	6.21	6.37	2043000	12941128.00
2018/01/12	6.38	6.38	6.28	6.28	1843083	11704604.00
2018/01/15	6.28	6.36	6.18	6.26	2633050	16558655.00
2018/01/16	6.20	6.65	6.20	6.62	5579534	36046244.00
2018/01/17	6.63	6.75	6.48	6.69	6568800	43813928.00
2018/01/18	6.64	6.73	6.61	6.68	3162359	21237430.00
2018/01/19	6.68	6.91	6.68	6.78	4237830	29084664.00
2018/01/22	6.75	6.83	6.64	6.69	1948300	13074266.00
2018/01/23	6.71	6.78	6.66	6.66	1667750	11215032.00
2018/01/24	6.65	6.84	6.65	6.79	3086700	21020224.00
2018/01/25	6.79	6.80	6.70	6.74	1442250	9765071.00
2018/01/26	6.72	6.77	6.68	6.75	1557620	10530865.00
2018/01/29	6.75	6.78	6.59	6.72	2561256	17158928.00
2018/01/30	6.72	6.83	6.72	6.73	1274000	8652196.00
2018/01/31	6.72	6.76	6.59	6.65	3482179	23263268.00
2018/02/01	6.65	6.67	6.29	6.33	3023530	19714004.00
2018/02/02	6.33	6.40	6.24	6.35	1681200	10681920.00
2018/02/05	6.34	6.47	6.27	6.39	999550	6422017.00
2018/02/06	6.30	6.96	6.23	6.73	5285149	34731700.00
2018/02/07	6.70	7.27	6.69	7.15	14859325	104732720.00
2018/02/08	7.12	7.12	6.87	6.99	8763936	61119324.00
2018/02/09	6.83	6.84	6.29	6.43	6988195	45917648.00
2018/02/12	6.54	6.56	6.37	6.51	2901030	18946556.00
2018/02/13	6.50	6.61	6.50	6.53	2587941	17055548.00
2018/02/14	6.53	6.55	6.44	6.49	1644100	10715262.00
2018/02/22	6.50	6.59	6.50	6.57	1320448	8687646.00
2018/02/23	6.57	6.83	6.51	6.83	4921216	33333832.00
2018/02/26	6.92	6.95	6.73	6.90	4737845	32589272.00
2018/02/27	6.84	6.89	6.79	6.86	2865043	19664240.00
2018/02/28	6.79	6.81	6.70	6.77	2941166	19933940.00
2018/03/01	6.77	6.85	6.70	6.83	2857078	19465746.00
2018/03/02	6.76	6.80	6.71	6.72	2423605	16406573.00
2018/03/05	6.72	6.78	6.58	6.66	2994845	20055350.00
2018/03/06	6.64	6.90	6.64	6.89	4748000	32364324.00
2018/03/07	6.87	6.90	6.80	6.82	2368255	16296067.00
2018/03/08	6.83	6.94	6.78	6.87	2802988	19324288.00
2018/03/09	6.87	6.93	6.80	6.92	4291991	29616612.00
2018/03/12	6.96	7.02	6.87	6.93	4315043	30108410.00
2018/03/13	6.89	7.00	6.87	6.92	3044225	21208882.00
2018/03/14	6.91	6.92	6.76	6.79	2682255	18400230.00
2018/03/15	6.76	6.77	6.56	6.65	3878487	25928178.00
2018/03/16	6.66	6.66	6.58	6.64	1686750	11243418.00
2018/03/19	6.67	6.71	6.64	6.69	1358900	9111306.00
2018/03/20	6.71	6.92	6.67	6.86	5349753	36659508.00
2018/03/21	6.83	6.90	6.72	6.76	2368900	16223554.00
2018/03/22	6.73	6.84	6.66	6.72	1345650	9110578.00
2018/03/23	6.57	6.59	6.17	6.27	5801800	37508448.00
2018/03/26	6.29	6.35	6.14	6.35	1858401	11693738.00
2018/03/27	6.36	6.54	6.36	6.48	2704229	17529030.00
2018/03/28	6.42	6.48	6.37	6.40	1426975	9212439.00
2018/03/29	6.44	6.49	6.41	6.44	1237803	8010943.50
2018/03/30	6.49	6.52	6.44	6.49	1591267	10360308.00
2018/04/02	6.48	6.52	6.39	6.40	2862200	18508430.00
2018/04/03	6.34	6.38	6.24	6.37	2177442	13813301.00
2018/04/04	6.36	6.50	6.35	6.38	1899050	12262818.00
2018/04/09	6.37	6.44	6.27	6.37	2110557	13458086.00
2018/04/10	6.38	6.43	6.34	6.43	1718976	11030899.00
2018/04/11	6.46	6.48	6.41	6.43	2084040	13474772.00
2018/04/12	6.40	6.87	6.39	6.87	9469727	62911044.00
2018/04/13	6.74	7.23	6.73	6.98	19439923	136928448.00
2018/04/16	6.68	6.87	6.48	6.60	8643992	57966028.00
2018/04/17	6.61	6.65	6.38	6.41	4479800	29133288.00
2018/04/18	6.46	6.52	6.37	6.50	2903835	18795684.00
2018/04/19	6.49	6.52	6.39	6.45	2510950	16275519.00
2018/04/20	6.42	6.42	6.28	6.30	3491962	22220614.00
2018/04/23	6.27	6.37	6.23	6.33	2083650	13256968.00
2018/04/24	6.33	6.41	6.33	6.41	1630562	10455048.00
2018/04/25	6.38	6.41	6.35	6.40	1048100	6707701.00
2018/04/26	6.38	6.39	6.28	6.28	1871562	11911405.00
2018/04/27	6.29	6.35	6.28	6.33	1409005	8931179.00
2018/05/02	6.30	6.39	6.29	6.35	1660760	10577773.00
2018/05/03	6.36	6.36	6.27	6.33	1896350	12032121.00
2018/05/04	6.35	6.37	6.30	6.33	1193305	7590293.00
2018/05/07	6.34	6.42	6.32	6.41	2105832	13493642.00
2018/05/08	6.39	6.48	6.36	6.42	2491505	16071705.00
2018/05/09	6.42	6.52	6.38	6.45	2696800	17470518.00
2018/05/10	6.49	6.49	6.39	6.47	2254550	14588988.00
2018/05/11	6.47	6.49	6.38	6.39	1761350	11340972.00
2018/05/14	6.37	6.43	6.30	6.32	1516650	9697470.00
2018/05/15	6.29	6.37	6.29	6.36	1313660	8339282.50
2018/05/16	6.36	6.46	6.30	6.36	2591555	16660829.00
2018/05/17	6.40	6.40	6.30	6.32	1517900	9604995.00
2018/05/18	6.30	6.39	6.30	6.39	1518905	9637490.00
2018/05/21	6.44	6.88	6.39	6.58	6174005	40645892.00
2018/05/22	6.49	6.59	6.46	6.52	3759455	24449676.00
2018/05/23	6.50	6.54	6.40	6.40	2535900	16391705.00
2018/05/24	6.39	6.44	6.37	6.38	1608155	10287032.00
2018/05/25	6.37	6.40	6.31	6.34	1613200	10252152.00
2018/05/28	6.34	6.36	6.29	6.31	1548685	9787388.00
2018/05/29	6.32	6.38	6.30	6.38	1986950	12623929.00
2018/05/30	6.36	6.36	5.88	6.05	3471787	21519770.00
2018/05/31	6.07	6.17	6.05	6.13	1401400	8550718.00
2018/06/01	6.13	6.17	6.05	6.08	1298400	7921083.00
2018/06/04	6.08	6.09	5.97	5.99	1980420	11906162.00
2018/06/05	5.95	6.07	5.94	6.06	895832	5389534.50
2018/06/06	6.03	6.05	5.95	5.98	1506494	9015910.00
2018/06/07	6.02	6.09	5.96	6.07	1982400	11957449.00
2018/06/08	6.00	6.08	5.96	5.97	980900	5866329.00
2018/06/11	5.97	5.97	5.86	5.87	1366700	8064360.00
2018/06/12	5.87	5.90	5.78	5.87	1345085	7840405.50
2018/06/13	5.86	5.87	5.66	5.67	1600150	9205539.00
2018/06/14	5.68	5.68	5.54	5.58	1448500	8118812.00
2018/06/15	5.58	5.61	5.35	5.38	2017800	10979264.00
2018/06/19	5.31	5.31	4.84	4.89	4089374	20364566.00
2018/06/20	4.89	4.99	4.84	4.95	1914950	9406417.00
2018/06/21	4.94	5.03	4.90	4.91	1994300	9884804.00
2018/06/22	4.90	4.97	4.83	4.94	1003811	4934002.50
2018/06/25	4.96	5.02	4.93	4.93	1075400	5346600.00
2018/06/26	5.16	5.42	5.14	5.39	11965756	63997460.00
2018/06/27	5.22	5.36	5.16	5.27	7732935	40544612.00
2018/06/28	5.21	5.29	5.11	5.11	3779364	19580748.00
2018/06/29	5.12	5.24	5.08	5.24	2932700	15221531.00
2018/07/02	5.20	5.32	5.14	5.18	2475364	12926001.00
2018/07/03	5.19	5.23	5.11	5.22	1863100	9628234.00
2018/07/04	5.22	5.25	5.16	5.25	2693223	14071619.00
2018/07/05	5.23	5.23	5.06	5.09	1690700	8711023.00
2018/07/06	5.09	5.13	4.90	5.08	2072741	10437678.00
2018/07/09	5.10	5.13	5.07	5.12	1686860	8609850.00
2018/07/10	5.12	5.17	5.09	5.13	1645450	8442336.00
2018/07/11	5.10	5.10	4.92	4.99	1863950	9311556.00
2018/07/12	4.99	5.10	4.96	5.08	2037705	10313583.00
2018/07/13	5.08	5.20	5.04	5.17	2146960	10989559.00
2018/07/16	5.14	5.15	5.07	5.12	1192150	6079979.50
2018/07/17	5.05	5.14	5.05	5.13	875600	4471322.00
2018/07/18	5.11	5.24	5.11	5.15	2078436	10735364.00
2018/07/19	5.14	5.14	5.05	5.07	1379855	7008300.00
2018/07/20	5.05	5.13	5.04	5.11	967405	4928186.50
2018/07/23	5.05	5.12	5.05	5.10	1021300	5195681.00
2018/07/24	5.10	5.20	5.06	5.18	2701850	13931616.00
2018/07/25	5.19	5.25	5.17	5.19	2231260	11617639.00
2018/07/26	5.20	5.31	5.20	5.27	2720852	14297487.00
2018/07/27	5.30	5.30	5.20	5.21	1910352	9996404.00
2018/07/30	5.19	5.21	5.07	5.08	1563200	8016945.00
2018/07/31	5.08	5.15	5.06	5.13	961810	4926031.00
2018/08/01	5.11	5.15	5.00	5.00	1506705	7632092.00
2018/08/02	5.00	5.00	4.83	4.90	2052825	10075262.00
2018/08/03	4.89	5.38	4.88	5.07	4464705	22942322.00
2018/08/06	4.95	5.12	4.91	4.97	2574155	12924358.00
2018/08/07	4.95	5.08	4.95	5.08	2103800	10586720.00
2018/08/08	5.08	5.19	5.02	5.12	3154425	16126330.00
2018/08/09	5.22	5.22	5.10	5.13	3026800	15572373.00
2018/08/10	5.07	5.16	5.07	5.10	1588205	8098933.50
2018/08/13	5.06	5.08	4.98	5.07	1523795	7670727.00
2018/08/14	5.07	5.08	5.00	5.06	763095	3855826.75
2018/08/15	5.07	5.12	5.03	5.07	1593300	8072097.00
2018/08/16	5.07	5.07	4.95	5.01	1739605	8692674.00
2018/08/17	5.11	5.24	5.00	5.00	2278876	11619499.00
2018/08/20	4.93	5.00	4.93	5.00	1553936	7703452.00
2018/08/21	4.99	5.04	4.97	5.03	1289800	6461195.00
2018/08/22	5.03	5.05	4.97	5.03	857002	4287979.50
2018/08/23	5.02	5.33	4.98	5.18	5893050	30549696.00
2018/08/24	5.11	5.18	5.05	5.07	2956950	15085886.00
2018/08/27	5.01	5.12	5.01	5.09	2104150	10688798.00
2018/08/28	5.08	5.11	5.03	5.06	1677300	8513172.00
2018/08/29	5.06	5.08	5.05	5.07	989200	5005755.00
2018/08/30	5.08	5.08	5.00	5.00	1520605	7642055.00
2018/08/31	5.00	5.01	4.95	4.97	1010907	5025835.00
2018/09/03	5.00	5.02	4.92	4.97	965400	4795322.00
2018/09/04	4.98	5.03	4.95	5.01	922561	4600739.50
2018/09/05	5.01	5.02	4.95	4.95	814800	4061825.00
2018/09/06	4.95	4.99	4.92	4.94	666450	3298488.00
2018/09/07	4.94	4.99	4.93	4.97	847460	4199852.50
2018/09/10	4.99	4.99	4.91	4.92	846200	4176503.00
2018/09/11	4.89	4.95	4.89	4.91	916570	4506177.50
2018/09/12	4.92	4.93	4.88	4.90	658500	3223681.00
2018/09/13	4.89	4.96	4.89	4.93	774436	3806349.00
2018/09/14	4.95	4.95	4.88	4.89	503600	2474065.00
2018/09/17	4.89	4.93	4.85	4.89	903211	4418611.00
2018/09/18	4.83	4.96	4.82	4.95	1131600	5566190.00
2018/09/19	4.95	5.02	4.92	5.02	1563500	7812539.50
2018/09/20	5.01	5.02	4.97	5.01	781300	3901533.00
2018/09/21	4.99	5.06	4.98	5.05	1522750	7667433.50
2018/09/25	5.06	5.06	5.02	5.05	638400	3216503.00
2018/09/26	5.02	5.10	5.02	5.08	1464600	7425522.00
2018/09/27	5.05	5.08	4.91	4.94	1397650	7005335.50
2018/09/28	4.98	5.01	4.94	4.96	680500	3380733.00
2018/10/08	4.92	4.95	4.88	4.89	1265800	6211351.00
2018/10/09	4.89	4.92	4.87	4.90	479600	2347310.00
2018/10/10	4.90	4.93	4.88	4.89	497805	2443341.50
2018/10/11	4.83	4.85	4.41	4.47	2638794	12116489.00
2018/10/12	4.41	4.46	4.18	4.43	1826594	7951946.00
2018/10/15	4.45	4.48	4.30	4.30	563400	2487311.50
2018/10/16	4.37	4.39	4.23	4.27	750600	3237593.00
2018/10/17	4.33	4.35	4.24	4.31	599600	2576904.00
2018/10/18	4.28	4.31	4.18	4.18	791696	3344788.50
2018/10/19	4.18	4.32	4.11	4.26	910300	3853267.50
2018/10/22	4.40	4.50	4.32	4.46	2026473	8987957.00
2018/10/23	4.51	4.51	4.39	4.39	1089900	4836942.00
2018/10/24	4.39	4.46	4.39	4.43	1297403	5732004.00
2018/10/25	4.29	4.42	4.25	4.42	993336	4311717.00
2018/10/26	4.44	4.50	4.42	4.47	918600	4095588.00
2018/10/29	4.51	4.56	4.40	4.42	1124600	5003591.00
2018/10/30	4.40	4.48	4.35	4.45	1199400	5328383.00
2018/10/31	4.47	4.53	4.46	4.50	1704083	7665420.50
2018/11/01	4.50	4.56	4.50	4.55	2023420	9182328.00
2018/11/02	4.55	4.65	4.55	4.62	2173790	10010110.00
2018/11/05	4.63	4.76	4.63	4.71	2942400	13812516.00
2018/11/06	4.71	4.71	4.63	4.69	1083405	5051937.50
2018/11/07	4.68	4.73	4.65	4.68	1330600	6240598.00
2018/11/08	4.69	4.72	4.65	4.69	1686095	7908599.50
2018/11/09	4.69	4.70	4.64	4.67	776350	3620076.75
2018/11/12	4.61	4.97	4.61	4.83	2878110	13770794.00
2018/11/13	4.79	4.90	4.73	4.88	2887400	13971477.00
2018/11/14	4.87	4.94	4.85	4.87	2182100	10662055.00
2018/11/15	4.85	4.94	4.85	4.93	1817350	8926665.00
2018/11/16	4.93	5.21	4.93	5.15	6858263	35190428.00
2018/11/19	5.13	5.24	5.08	5.19	4763502	24596042.00
2018/11/20	5.17	5.35	5.08	5.13	3970225	20546784.00
2018/11/21	5.08	5.15	5.02	5.10	2229143	11344260.00
2018/11/22	5.11	5.17	5.08	5.11	1686743	8644398.00
2018/11/23	5.11	5.13	4.92	4.96	3373520	16930208.00
2018/11/26	5.03	5.03	4.92	4.96	1586400	7883578.00
2018/11/27	4.99	5.02	4.95	4.96	1123720	5601905.00
2018/11/28	4.96	5.13	4.96	5.13	2445435	12420918.00
2018/11/29	5.15	5.15	4.95	4.96	1977400	9996259.00
2018/11/30	4.96	4.99	4.85	4.95	1602400	7898926.00
2018/12/03	5.06	5.12	4.98	5.11	2378850	12067579.00
2018/12/04	5.09	5.13	5.05	5.12	2731200	13891490.00
2018/12/05	5.04	5.12	5.02	5.09	1639850	8340643.50
2018/12/06	5.10	5.14	5.02	5.04	2137950	10843506.00
2018/12/07	5.02	5.06	4.91	4.93	1927592	9577144.00
2018/12/10	4.95	4.98	4.89	4.90	1630850	8042114.00
2018/12/11	4.90	4.94	4.86	4.91	1144755	5595810.00
2018/12/12	4.92	5.09	4.83	4.85	1752100	8557468.00
2018/12/13	4.86	4.88	4.81	4.84	1846600	8944663.00
2018/12/14	4.84	4.87	4.73	4.73	1848319	8877673.00
2018/12/17	4.74	4.79	4.65	4.66	1750811	8203688.50
2018/12/18	4.66	4.70	4.62	4.69	1532625	7153361.00
2018/12/19	4.68	4.69	4.53	4.53	1754143	8071834.00
2018/12/20	4.56	4.61	4.44	4.52	1669597	7593054.00
2018/12/21	4.58	4.64	4.55	4.60	1758035	8092740.00
2018/12/24	4.59	4.63	4.55	4.57	1343869	6146603.00
2018/12/25	4.52	4.55	4.41	4.52	1725050	7709543.00
2018/12/26	4.51	4.52	4.45	4.49	845800	3805193.00
2018/12/27	4.58	4.60	4.40	4.44	860775	3892979.75
2018/12/28	4.47	4.50	4.43	4.46	740100	3304862.00
2019/01/02	4.46	4.60	4.45	4.56	1942100	8799171.00
2019/01/03	4.54	4.55	4.40	4.41	2526000	11273117.00
数据来源:通达信
