002792 通宇通讯 日线 前复权
      日期	    开盘	    最高	    最低	    收盘	    成交量	    成交额
2016/03/28	19.67	21.50	19.67	21.50	16800	553514.00
2016/03/29	23.70	23.70	23.70	23.70	7316	265790.28
2016/03/30	26.12	26.12	26.12	26.12	3800	151848.00
2016/03/31	28.79	28.79	28.79	28.79	14900	655004.00
2016/04/01	31.72	31.72	31.72	31.72	35500	1716780.00
2016/04/05	34.95	34.95	34.95	34.95	35877	1908656.38
2016/04/06	38.50	38.50	38.50	38.50	67059	3924292.75
2016/04/07	42.40	42.40	42.40	42.40	148876	9583148.00
2016/04/08	46.69	46.69	46.69	46.69	347968	24639614.00
2016/04/11	51.41	51.41	49.19	51.41	16440418	1265445248.00
2016/04/12	50.80	56.55	50.62	53.33	15812539	1282174080.00
2016/04/13	52.15	56.48	51.49	53.40	12880327	1050060224.00
2016/04/14	53.48	58.80	53.03	58.80	10923243	934488448.00
2016/04/15	60.82	62.68	58.90	59.00	14015188	1281902976.00
2016/04/18	56.54	57.42	53.50	55.62	7469669	632204544.00
2016/04/19	56.14	58.68	55.78	56.83	6465379	559199168.00
2016/04/20	56.48	57.27	52.06	55.79	8120092	677990080.00
2016/04/21	54.52	55.57	52.89	52.95	5214662	429028224.00
2016/04/22	52.15	53.44	51.62	53.26	4182670	333075840.00
2016/04/25	52.82	52.98	50.27	52.22	4181038	327243104.00
2016/04/26	51.74	56.52	51.62	55.68	6124146	501255168.00
2016/04/27	54.82	55.68	54.08	54.11	4592569	381330016.00
2016/04/28	53.82	55.25	52.28	54.58	4335482	353526688.00
2016/04/29	53.99	54.03	52.84	53.03	3141891	254064192.00
2016/05/03	52.82	55.15	52.07	55.00	4382991	358395392.00
2016/05/04	54.35	55.42	54.28	54.75	4277141	354691680.00
2016/05/05	55.04	55.42	54.12	55.05	4346163	360729984.00
2016/05/06	55.20	56.08	52.48	52.49	6255863	515095808.00
2016/05/09	51.50	51.77	48.74	48.88	4229347	319292992.00
2016/05/10	48.82	49.54	48.55	48.78	2166546	160865616.00
2016/05/11	49.27	49.42	46.52	46.56	2914006	211046432.00
2016/05/12	45.61	45.74	44.19	45.60	2652235	181138016.00
2016/05/13	45.28	46.14	45.15	45.48	2100537	145696944.00
2016/05/16	45.62	46.74	45.29	46.73	2179142	152590320.00
2016/05/17	46.82	46.85	45.82	46.07	2520728	176970224.00
2016/05/18	45.68	45.68	42.75	43.12	2687581	179604880.00
2016/05/19	43.32	45.00	43.32	43.95	2185466	146959232.00
2016/05/20	43.03	48.40	42.82	48.12	4036377	280024832.00
2016/05/23	48.02	49.92	47.36	48.61	4751453	351717312.00
2016/05/24	48.14	48.39	46.68	47.16	3080720	220640880.00
2016/05/25	47.85	49.25	47.35	47.76	3319149	243273712.00
2016/05/26	47.45	48.88	45.40	48.88	3581549	256275648.00
2016/05/27	49.00	50.88	48.75	49.44	4675248	354085568.00
2016/05/30	49.55	54.14	49.48	52.55	6410053	506293120.00
2016/05/31	52.55	56.07	51.58	54.88	6143008	503358944.00
2016/06/01	54.70	58.30	54.70	55.72	5619187	479787168.00
2016/06/02	55.67	57.02	54.82	56.82	4580653	388438080.00
2016/06/03	56.22	62.55	56.22	62.55	7401577	676713088.00
2016/06/06	62.82	63.88	58.48	60.62	7917916	732936896.00
2016/06/07	59.80	64.78	59.07	64.71	13916028	873701120.00
2016/06/08	62.75	63.37	59.16	59.25	12716425	774252096.00
2016/06/13	56.45	56.53	53.30	53.30	8097813	445468704.00
2016/06/14	51.35	53.08	50.05	52.70	6050216	315245376.00
2016/06/15	51.03	55.85	50.59	54.66	7424105	405750592.00
2016/06/16	54.85	55.74	53.75	54.07	5631819	308764608.00
2016/06/17	54.35	56.20	54.32	55.87	7109447	395552064.00
2016/06/20	55.74	58.70	54.25	57.42	9174400	524901184.00
2016/06/21	57.68	59.43	56.75	57.40	9053792	526215936.00
2016/06/22	56.83	58.54	56.03	57.65	5739513	330765440.00
2016/06/23	57.66	60.53	57.66	59.30	9017596	537426176.00
2016/06/24	59.24	59.24	53.77	56.65	9852704	565079808.00
2016/06/27	56.32	59.55	55.78	59.05	7428054	435687680.00
2016/06/28	59.01	61.74	57.56	61.55	10325763	620670336.00
2016/06/29	61.25	64.75	60.26	63.68	12538306	790667392.00
2016/06/30	61.53	62.28	58.78	59.55	10193985	620280960.00
2016/07/01	59.35	62.35	59.35	61.63	7628624	470364576.00
2016/07/04	61.15	64.34	60.45	63.65	8285506	519872160.00
2016/07/05	63.73	66.71	63.65	65.63	11434756	746931904.00
2016/07/06	65.30	65.45	62.93	64.55	7796272	504056384.00
2016/07/07	64.28	65.63	62.31	63.32	5911132	378640160.00
2016/07/08	63.32	65.71	62.75	64.34	6692722	434231904.00
2016/07/11	63.85	63.90	59.65	59.90	7919317	488070240.00
2016/07/12	59.75	61.07	56.82	60.95	5846873	347098528.00
2016/07/13	60.75	61.12	59.65	59.93	4412530	267183472.00
2016/07/14	60.06	61.13	59.56	60.97	4169472	253605296.00
2016/07/15	61.06	62.24	60.65	60.65	4297309	265444320.00
2016/07/18	59.75	59.75	58.15	58.60	3879284	229293680.00
2016/07/19	59.73	59.73	58.15	59.15	2539252	150228736.00
2016/07/20	59.64	59.73	58.75	59.10	2306303	137054480.00
2016/07/21	59.25	59.43	57.25	57.55	3583547	210107568.00
2016/07/22	57.55	57.75	55.30	55.66	3544705	200529776.00
2016/07/25	55.35	56.72	55.30	55.84	1946675	109495600.00
2016/07/26	55.86	57.30	55.86	56.93	2184246	124670672.00
2016/07/27	56.93	57.45	51.91	52.65	4657272	254485024.00
2016/07/28	52.58	53.05	49.75	51.64	3168006	163862128.00
2016/07/29	51.63	52.54	50.53	51.93	2111423	109572648.00
2016/08/01	51.85	51.85	48.75	49.85	2096704	104998016.00
2016/08/02	49.85	50.35	49.60	50.14	1378287	69325488.00
2016/08/03	50.05	52.13	49.77	51.70	2699204	138796576.00
2016/08/04	51.80	51.80	50.97	51.63	1802845	93187168.00
2016/08/05	51.63	51.79	50.86	50.87	1555069	80165656.00
2016/08/08	50.05	51.70	50.03	51.60	1763666	90440024.00
2016/08/09	51.37	52.41	51.37	52.28	1987655	104226224.00
2016/08/10	52.63	52.86	51.91	52.61	2322816	122353936.00
2016/08/11	52.61	52.71	51.30	51.31	1848900	96617448.00
2016/08/12	51.33	51.96	51.30	51.78	1458870	75687392.00
2016/08/15	51.85	54.08	51.56	53.93	3407465	181426032.00
2016/08/16	53.95	59.35	53.85	59.35	6127452	355998240.00
2016/08/17	61.10	61.10	58.26	59.42	7872182	470230592.00
2016/08/18	60.13	61.72	59.06	59.39	6611285	401108736.00
2016/08/19	59.35	59.39	57.36	58.83	3981271	233142576.00
2016/08/22	58.75	58.76	56.19	56.64	3183082	182555456.00
2016/08/23	56.05	57.30	55.66	56.35	2886498	163682448.00
2016/08/24	56.75	56.93	55.88	56.33	1920213	108820656.00
2016/08/25	55.75	56.10	54.07	55.62	3240048	179264064.00
2016/08/26	55.90	58.25	55.90	56.85	4588442	264684576.00
2016/08/29	57.95	59.35	56.75	57.54	5222424	305720544.00
2016/08/30	57.55	57.76	55.97	56.39	3091208	175753376.00
2016/08/31	56.25	57.05	55.95	56.91	1750087	99496704.00
2016/09/01	56.55	56.84	55.55	55.55	2467580	138839712.00
2016/09/02	55.12	55.54	54.75	54.93	1349850	74713400.00
2016/09/05	55.28	55.68	53.15	53.53	1698022	93180408.00
2016/09/06	53.63	54.94	52.88	54.90	1696049	91885248.00
2016/09/07	54.75	54.75	53.55	53.62	2093606	113975120.00
2016/09/08	53.25	54.18	53.23	54.02	1031259	55830788.00
2016/09/09	54.26	54.60	53.89	54.01	1283977	70008328.00
2016/09/12	52.75	52.77	50.96	50.97	2325933	121137608.00
2016/09/13	51.26	52.23	51.01	51.40	1122114	58186284.00
2016/09/14	50.66	51.85	50.66	51.39	1210030	62192800.00
2016/09/19	51.39	52.47	51.39	52.45	1229159	64323100.00
2016/09/20	55.55	55.63	53.72	53.95	2588250	141303472.00
2016/09/21	54.00	54.31	53.14	53.54	1326685	71446944.00
2016/09/22	54.12	55.55	54.12	54.65	3012557	165761072.00
2016/09/23	54.46	55.54	53.46	53.52	2086870	114689600.00
2016/09/26	53.92	54.15	50.75	50.89	2339497	122454912.00
2016/09/27	50.92	51.85	50.25	51.82	1245722	63979888.00
2016/09/28	51.55	51.95	51.20	51.45	916950	47452072.00
2016/09/29	51.45	51.95	51.36	51.44	908056	47116344.00
2016/09/30	51.35	51.65	51.27	51.43	738655	38171584.00
2016/10/10	51.83	53.21	51.51	53.13	1840330	97347968.00
2016/10/11	53.35	53.35	52.56	52.97	1323895	70310440.00
2016/10/12	53.00	54.32	52.97	53.48	2115274	114157240.00
2016/10/13	53.75	53.93	52.85	53.10	1664278	88883168.00
2016/10/14	52.92	54.75	52.15	54.73	3469497	187065936.00
2016/10/17	54.65	55.23	54.25	54.43	2910896	159881392.00
2016/10/18	54.09	55.06	54.04	55.03	1992667	109297160.00
2016/10/19	54.85	55.71	54.55	55.03	3159671	174741792.00
2016/10/20	54.95	57.30	54.75	56.98	5865515	333595808.00
2016/10/21	56.46	56.98	54.85	56.22	3083003	173579680.00
2016/10/24	55.85	55.95	54.65	55.85	3003899	166606320.00
2016/10/25	55.25	56.73	55.15	56.10	2385331	134145984.00
2016/10/26	55.93	56.35	54.28	54.54	2738077	152140976.00
2016/10/27	54.65	54.87	53.35	54.55	2231567	121673368.00
2016/10/28	54.78	55.33	51.81	54.56	2216533	121733944.00
2016/10/31	54.54	54.55	52.85	53.85	1643705	88540152.00
2016/11/01	53.86	56.22	53.86	55.72	3074171	170995936.00
2016/11/02	55.74	56.35	54.65	54.76	3052690	169969040.00
2016/11/03	53.65	55.25	53.65	54.17	2459317	134793424.00
2016/11/04	54.09	57.32	54.09	56.65	5799645	327518144.00
2016/11/07	56.48	57.09	56.01	56.83	3157277	179315328.00
2016/11/08	57.03	57.05	52.75	56.04	2932878	164466672.00
2016/11/09	56.00	56.50	54.21	55.66	3653653	203612064.00
2016/11/10	56.05	58.24	55.83	57.85	6582437	380029664.00
2016/11/11	57.65	58.15	56.95	57.61	4893289	282973344.00
2016/11/14	57.26	59.20	57.16	57.53	2807043	163652400.00
2016/11/15	57.53	57.93	56.33	57.51	2491778	142505168.00
2016/11/16	57.30	58.09	56.75	56.75	2356201	135797696.00
2016/11/17	56.35	56.35	55.26	55.49	2390908	133508112.00
2016/11/18	55.60	58.01	55.60	57.30	4337342	249072496.00
2016/11/21	63.06	63.06	59.81	61.61	13146801	816239552.00
2016/11/22	62.53	67.25	61.79	63.45	14299651	919488704.00
2016/11/23	62.46	63.10	60.27	60.78	8387225	517625920.00
2016/11/24	60.75	61.35	58.46	58.75	5226008	313615136.00
2016/11/25	58.40	60.02	57.30	59.83	4945064	293175040.00
2016/11/28	59.78	60.32	58.26	58.31	3104051	183612960.00
2016/11/29	57.98	58.75	56.66	58.44	3117132	181560160.00
2016/11/30	57.81	58.48	57.36	57.93	1798658	104612200.00
2016/12/01	58.03	60.33	57.98	58.89	3876295	230534640.00
2016/12/02	58.64	58.64	55.50	55.95	3749447	215076320.00
2016/12/05	55.26	56.91	54.75	56.05	1650441	93207456.00
2016/12/06	55.49	56.70	55.45	56.05	1126927	63531564.00
2016/12/07	56.10	56.31	55.27	56.05	1939440	108546416.00
2016/12/08	56.12	56.20	54.35	54.47	2753706	152443840.00
2016/12/09	54.66	54.66	52.78	53.75	2801947	150681568.00
2016/12/12	53.55	54.70	50.03	50.55	3475557	179610592.00
2016/12/13	50.45	51.69	49.76	51.30	1921813	98268432.00
2016/12/14	51.31	56.46	50.56	53.75	4367175	234626624.00
2016/12/15	53.75	54.71	53.25	54.34	1845312	99941344.00
2016/12/16	53.77	55.75	53.76	55.21	2048406	112716408.00
2016/12/19	55.15	57.01	54.26	54.91	2378521	133043856.00
2016/12/20	54.86	55.61	54.21	54.21	1586935	87518352.00
2016/12/21	54.50	54.57	53.55	53.97	1082140	58625024.00
2016/12/22	53.92	54.68	53.86	53.95	758087	41259352.00
2016/12/23	53.75	54.24	51.70	51.95	1391788	73462056.00
2016/12/26	51.76	52.94	49.76	52.85	874571	45559608.00
2016/12/27	52.84	52.95	52.25	52.72	691011	36539940.00
2016/12/28	52.75	54.20	52.28	53.43	1321796	70799960.00
2016/12/29	52.95	53.95	52.95	53.15	808763	43596604.00
2016/12/30	53.76	54.33	53.15	54.01	1003590	54303952.00
2017/01/03	54.25	54.45	53.85	54.08	803218	43600356.00
2017/01/04	53.75	54.15	53.35	53.70	1319372	71094760.00
2017/01/05	53.75	53.97	49.88	52.23	1539252	81531592.00
2017/01/06	51.96	52.33	50.25	50.85	1630348	83977360.00
2017/01/09	50.75	51.75	50.56	51.21	824469	42220408.00
2017/01/10	50.95	51.28	49.83	50.32	1400283	71020640.00
2017/01/11	50.33	50.55	49.13	49.35	1204813	60342996.00
2017/01/12	49.43	49.63	47.19	47.24	1705487	83065464.00
2017/01/13	47.25	47.55	42.49	44.25	2430020	109951184.00
2017/01/16	44.25	44.25	39.80	39.80	2832610	118342376.00
2017/01/17	39.80	42.05	39.25	41.60	1943195	79236568.00
2017/01/18	41.60	41.60	40.65	40.71	884500	36491828.00
2017/01/19	40.71	41.65	40.23	40.77	815285	33523996.00
2017/01/20	40.55	42.35	40.55	41.91	1222688	51452844.00
2017/01/23	42.01	42.55	41.75	42.25	1230647	52164780.00
2017/01/24	42.30	42.30	41.66	41.79	661661	27862092.00
2017/01/25	41.73	42.67	41.47	42.23	716233	30335848.00
2017/01/26	42.63	42.63	42.14	42.30	576079	24487220.00
2017/02/03	42.26	42.47	41.76	41.90	409719	17296926.00
2017/02/06	42.13	42.74	41.83	42.73	744973	31734124.00
2017/02/07	43.05	46.95	43.05	44.67	2767219	125448688.00
2017/02/08	44.67	46.95	43.85	46.17	2290968	104696680.00
2017/02/09	45.75	46.17	45.51	45.56	1475801	67889496.00
2017/02/10	45.50	45.87	43.25	45.59	1875877	84182336.00
2017/02/13	44.45	46.00	44.26	45.84	1253752	57463512.00
2017/02/14	45.85	46.05	44.75	45.24	941190	43000772.00
2017/02/15	45.15	46.75	44.56	45.42	1782531	81739080.00
2017/02/16	45.42	45.91	45.07	45.50	747085	34216036.00
2017/02/17	45.50	45.55	44.20	44.28	982458	44181264.00
2017/02/20	44.36	44.36	43.58	44.05	758108	33529282.00
2017/02/21	43.90	46.54	43.90	45.51	1422052	64873924.00
2017/02/22	45.15	46.08	44.01	44.61	1640423	74201400.00
2017/02/23	44.75	45.05	44.25	44.65	1262144	56664272.00
2017/02/24	44.65	45.60	44.65	45.35	1331052	60608304.00
2017/02/27	45.25	47.22	45.25	46.41	3731936	174248976.00
2017/02/28	46.40	46.71	45.76	46.59	2205734	102810696.00
2017/03/01	46.55	49.63	46.08	47.07	3154973	149539968.00
2017/03/02	47.10	47.35	46.35	46.46	1545501	72483312.00
2017/03/03	46.20	46.73	45.91	46.50	1097793	51143240.00
2017/03/06	46.95	47.75	46.78	47.51	1932131	91815968.00
2017/03/07	47.69	48.73	47.58	47.75	2422742	117351352.00
2017/03/08	47.41	47.74	46.64	46.88	1542268	73307232.00
2017/03/09	47.01	47.35	45.96	46.07	1705453	79315456.00
2017/03/10	45.86	46.55	45.86	46.15	1210311	56346396.00
2017/03/13	45.95	47.05	45.85	46.91	1465604	68486424.00
2017/03/14	46.91	47.04	46.35	46.43	1490695	69824456.00
2017/03/15	46.53	46.53	45.90	45.93	1167710	54124656.00
2017/03/16	46.10	46.95	46.10	46.55	1868157	87302488.00
2017/03/17	46.67	47.35	46.27	46.35	2344601	110246144.00
2017/03/20	46.26	46.35	44.81	45.28	2156775	98081104.00
2017/03/21	45.19	45.28	44.19	44.71	2205836	98891440.00
2017/03/22	44.43	44.43	43.68	44.33	1835954	81349720.00
2017/03/23	44.17	45.01	44.05	44.92	1926962	86496320.00
2017/03/24	44.64	44.75	43.21	43.47	3086631	135949360.00
2017/03/27	43.35	44.02	42.60	43.80	1472700	64036660.00
2017/03/28	42.75	42.95	39.74	40.26	8341801	343688992.00
2017/03/29	39.85	39.94	39.16	39.47	4666198	185645856.00
2017/03/30	39.45	39.45	38.07	38.13	2668678	103908768.00
2017/03/31	37.26	37.99	37.25	37.49	2965929	112087064.00
2017/04/05	37.35	38.08	37.28	37.87	2368679	90077024.00
2017/04/06	37.90	38.12	37.85	38.07	2008821	76856968.00
2017/04/07	38.05	38.22	37.82	37.85	2319716	88855624.00
2017/04/10	37.85	38.06	36.35	36.70	2776173	104149808.00
2017/04/11	36.40	37.20	36.38	37.18	2066983	76791920.00
2017/04/12	37.18	37.37	36.56	36.65	1826556	67755136.00
2017/04/13	36.55	37.03	36.39	36.53	1355566	50066156.00
2017/04/14	36.60	36.62	35.51	35.67	2050121	73941160.00
2017/04/17	34.80	35.14	33.73	34.04	2340900	81384720.00
2017/04/18	34.05	34.77	33.15	33.51	1473692	50397024.00
2017/04/19	33.58	33.70	32.75	33.56	2388403	80313688.00
2017/04/20	33.56	33.74	32.64	32.86	2134367	71218248.00
2017/04/21	33.01	33.22	32.61	32.77	1186024	39258064.00
2017/04/24	32.70	32.70	30.75	30.95	1681129	53284932.00
2017/04/25	30.76	31.11	30.45	30.58	2762474	85869128.00
2017/04/26	30.58	31.11	29.87	31.07	4209946	128732216.00
2017/04/27	30.83	31.68	30.05	31.42	3248808	101003488.00
2017/04/28	31.53	31.53	30.99	31.21	1950936	61431864.00
2017/05/02	31.15	31.50	30.96	31.19	1389596	43785340.00
2017/05/03	31.06	31.44	31.02	31.19	1626539	51162564.00
2017/05/04	31.23	31.55	30.79	31.40	1769493	55822564.00
2017/05/05	31.35	31.80	30.94	31.28	2136865	67772848.00
2017/05/08	30.93	31.23	30.45	30.56	1419950	44190016.00
2017/05/09	30.56	31.31	30.27	31.17	1487617	46185792.00
2017/05/10	31.66	32.73	31.35	31.56	4512849	146390144.00
2017/05/11	30.85	31.15	29.85	30.69	2766120	84987624.00
2017/05/12	30.55	30.74	29.96	30.13	1652911	50434432.00
2017/05/15	30.41	30.41	30.06	30.19	961265	29298990.00
2017/05/16	30.13	30.71	28.95	30.63	2825349	84681848.00
2017/05/17	31.63	32.77	31.63	31.84	5370534	173855088.00
2017/05/18	31.35	32.74	31.26	32.41	4410628	143804512.00
2017/05/19	32.35	32.59	31.83	32.17	2157989	69867424.00
2017/05/22	32.20	32.50	30.85	30.91	2107884	67261696.00
2017/05/23	30.86	30.93	29.36	29.95	2213369	67495952.00
2017/05/24	29.95	30.51	29.63	30.38	1720591	52349972.00
2017/05/25	30.19	30.83	29.85	30.66	1706259	52216492.00
2017/05/26	30.66	32.35	30.51	32.25	3555730	113313624.00
2017/05/31	32.75	33.07	31.84	31.85	3477750	113992312.00
2017/06/01	31.56	32.45	31.55	31.61	2355722	75962040.00
2017/06/02	31.75	32.32	30.75	32.32	2444694	77994776.00
2017/06/05	32.64	33.54	32.45	33.47	4247851	142111104.00
2017/06/06	33.28	33.28	32.85	33.13	2392401	79716160.00
2017/06/07	33.12	34.08	32.86	33.63	3864083	131213112.00
2017/06/08	33.65	34.15	32.92	33.22	3156411	106061912.00
2017/06/09	33.19	33.43	32.49	33.07	2471800	81995568.00
2017/06/12	32.86	33.03	32.40	32.46	1710990	56264424.00
2017/06/13	32.65	33.22	32.50	33.10	1781301	59126580.00
2017/06/14	33.10	33.35	32.85	32.91	1503226	50041928.00
2017/06/15	33.19	34.48	33.14	34.25	4446386	151897152.00
2017/06/16	34.55	34.90	33.81	34.22	4077420	140666480.00
2017/06/19	33.98	35.30	33.98	35.11	3332812	116672896.00
2017/06/20	35.05	35.21	34.63	34.70	2664370	93229528.00
2017/06/21	34.76	35.10	34.10	34.40	2635373	91325560.00
2017/06/22	34.49	34.90	34.06	34.20	2323825	80535240.00
2017/06/23	34.15	34.58	33.93	34.42	2247670	76954224.00
2017/06/26	35.07	35.25	34.64	34.75	2284853	79768896.00
2017/06/27	34.63	34.94	34.40	34.79	1735842	60221600.00
2017/06/28	34.80	34.80	33.83	33.86	1835379	62885464.00
2017/06/29	33.90	34.90	33.90	34.51	2055252	70884688.00
2017/06/30	34.37	34.91	34.37	34.58	2284685	79489624.00
2017/07/03	34.55	34.69	33.92	34.38	1947724	66713400.00
2017/07/04	34.44	34.73	34.22	34.36	1412500	48683400.00
2017/07/05	34.35	34.70	34.17	34.66	1658777	57318056.00
2017/07/06	34.84	34.84	34.30	34.57	1820941	63070148.00
2017/07/07	35.18	36.50	35.18	35.72	5588671	200362112.00
2017/07/10	35.65	35.65	34.55	35.15	3856662	135589440.00
2017/07/11	35.08	35.08	34.08	34.27	2538753	87569656.00
2017/07/12	34.35	34.55	33.95	34.48	1672257	57276000.00
2017/07/13	34.64	34.64	33.65	33.80	1279060	43593292.00
2017/07/14	33.73	33.73	32.77	32.82	2114270	70004912.00
2017/07/17	32.55	32.71	29.95	30.34	2726145	84085000.00
2017/07/18	30.34	30.95	29.98	30.77	1292416	39354652.00
2017/07/19	30.78	30.89	30.17	30.69	1200892	36675228.00
2017/07/20	30.70	31.25	30.65	30.92	1226271	38081160.00
2017/07/21	30.67	31.21	30.66	30.78	850003	26273082.00
2017/07/24	31.30	31.72	31.05	31.38	1453034	45790736.00
2017/07/25	31.38	31.86	31.15	31.65	1483509	46842444.00
2017/07/26	31.66	31.71	31.23	31.37	988600	31159724.00
2017/07/27	31.26	32.45	31.13	32.05	1841411	58726100.00
2017/07/28	32.06	32.61	31.84	31.89	1341967	43275788.00
2017/07/31	31.94	32.20	31.69	31.81	926584	29602634.00
2017/08/01	31.90	31.99	31.42	31.69	1039038	32976792.00
2017/08/02	31.85	31.89	30.75	30.95	1272550	40111292.00
2017/08/03	30.95	32.11	30.43	31.93	2829167	88938328.00
2017/08/04	32.00	32.30	31.65	31.94	1656174	52980948.00
2017/08/07	32.05	32.62	32.05	32.19	1297397	42056680.00
2017/08/08	31.95	32.25	31.73	31.87	960625	30643820.00
2017/08/09	32.00	32.00	31.60	31.76	530906	16883666.00
2017/08/10	31.70	31.85	30.83	30.87	1117929	34982276.00
2017/08/11	30.68	31.14	30.52	30.78	753184	23247142.00
2017/08/14	30.77	31.85	30.70	31.79	1180043	37308652.00
2017/08/15	31.65	31.92	31.08	31.47	1591474	50144516.00
2017/08/16	31.55	33.94	31.55	33.35	5178247	171506096.00
2017/08/17	33.65	34.62	33.18	34.43	5367613	183183520.00
2017/08/18	33.83	34.35	33.61	33.84	2909669	99002080.00
2017/08/21	34.34	34.92	33.39	33.98	2566322	87524800.00
2017/08/22	34.00	35.69	33.45	34.42	4008500	139369616.00
2017/08/23	33.99	33.99	33.46	33.58	2070047	69873064.00
2017/08/24	33.56	33.72	33.22	33.26	1144373	38306996.00
2017/08/25	33.39	36.59	33.39	35.68	10046390	359615360.00
2017/08/28	36.13	37.23	35.75	36.35	8868229	323175968.00
2017/08/29	36.38	36.91	35.85	36.69	5799526	211898608.00
2017/08/30	36.74	36.74	35.91	35.99	3810167	138141456.00
2017/08/31	35.99	36.45	35.77	36.21	2691095	97185784.00
2017/09/01	36.16	36.28	35.58	35.95	2911878	104591400.00
2017/09/04	35.83	37.13	35.59	36.91	4993244	183006752.00
2017/09/05	36.75	37.53	36.45	36.75	3595015	132861728.00
2017/09/06	36.65	37.24	36.33	37.13	2938087	108163280.00
2017/09/07	37.14	38.55	36.56	36.70	4953622	186990704.00
2017/09/08	36.85	37.15	35.85	36.05	2936321	106688656.00
2017/09/11	35.97	36.70	35.65	36.61	2068028	75208376.00
2017/09/12	36.60	36.65	36.03	36.10	1928776	70000664.00
2017/09/13	36.03	36.45	35.95	36.26	1216028	44070400.00
2017/09/14	36.45	36.55	35.97	36.18	1415200	51367380.00
2017/09/15	36.18	36.90	36.06	36.46	2105282	77115704.00
2017/09/18	36.24	37.78	36.15	37.65	4079122	152707248.00
2017/09/19	37.67	38.51	37.16	38.00	4733163	179775216.00
2017/09/20	37.95	39.58	37.45	39.33	6224463	240316160.00
2017/09/21	38.78	40.15	38.51	38.52	6199004	243904848.00
2017/09/22	38.25	40.95	37.57	40.84	9454321	376828704.00
2017/09/25	41.45	42.62	39.50	39.51	10102482	416445728.00
2017/09/26	39.51	39.81	38.36	39.29	6573528	256590528.00
2017/09/27	38.80	42.45	38.76	41.69	9835076	404170560.00
2017/09/28	41.25	42.28	40.82	41.79	7337850	305835360.00
2017/09/29	41.59	45.28	41.40	43.62	10125815	440156192.00
2017/10/09	45.30	45.91	42.06	42.32	11765102	518254976.00
2017/10/10	42.56	42.94	41.15	41.65	6949230	290121536.00
2017/10/11	41.63	41.64	39.37	39.53	7425155	298666944.00
2017/10/12	39.62	40.83	39.61	40.06	4918524	197932208.00
2017/10/13	39.31	40.33	39.09	39.76	5059678	201220720.00
2017/10/16	39.93	40.57	38.83	38.86	5601955	223614048.00
2017/10/17	38.72	39.45	38.25	38.73	3903458	151872512.00
2017/10/18	39.04	39.54	37.09	37.17	4996604	191611312.00
2017/10/19	37.09	37.89	36.26	37.52	5080220	188814256.00
2017/10/20	37.25	38.41	37.10	38.34	3333154	126556776.00
2017/10/23	37.96	38.53	37.83	38.09	2146486	81964056.00
2017/10/24	37.97	38.18	37.07	37.20	2630750	98565424.00
2017/10/25	36.47	37.14	36.26	36.85	3442291	126434536.00
2017/10/26	36.73	37.91	36.72	37.68	3232317	121611304.00
2017/10/27	37.82	37.92	36.63	36.77	2842627	105961640.00
2017/10/30	36.90	37.00	34.66	34.73	4727591	167370384.00
2017/10/31	34.55	35.41	34.55	35.27	2400695	84127728.00
2017/11/01	35.20	35.95	34.96	35.26	2660693	94544256.00
2017/11/02	35.28	35.40	34.74	35.25	2115343	73995008.00
2017/11/03	35.13	35.93	34.96	35.85	2817176	100196624.00
2017/11/06	35.87	36.61	35.30	36.56	3275645	118248088.00
2017/11/07	36.41	36.56	35.95	36.30	2275289	82402728.00
2017/11/08	36.31	36.82	36.12	36.13	2419585	88446720.00
2017/11/09	36.02	36.64	35.55	36.47	2502653	90274120.00
2017/11/10	36.45	38.17	36.32	38.02	5793922	217635376.00
2017/11/13	39.44	39.44	38.26	38.50	5446226	211160368.00
2017/11/14	38.55	39.08	37.62	38.50	3773757	145111072.00
2017/11/15	38.95	40.25	38.35	39.86	8136889	321328224.00
2017/11/16	39.25	39.53	37.96	38.65	5192426	201701024.00
2017/11/17	38.35	38.65	34.96	35.21	5365882	198479392.00
2017/11/20	34.75	35.66	31.75	35.66	4053899	139194432.00
2017/11/21	36.09	39.23	36.07	37.55	8091431	307208160.00
2017/11/22	37.35	38.34	36.47	37.39	5515574	205677600.00
2017/11/23	37.36	38.39	36.45	36.62	4958039	186152560.00
2017/11/24	36.71	40.13	36.71	39.32	11593700	451947040.00
2017/11/27	38.69	38.85	35.49	36.16	8098877	305241408.00
2017/11/28	36.04	37.35	35.53	37.30	4700273	172174496.00
2017/11/29	37.35	38.51	36.95	38.20	5860954	222306656.00
2017/11/30	38.65	38.70	37.07	37.26	4674221	176532352.00
2017/12/01	36.75	38.83	36.55	38.55	6661357	253458608.00
2017/12/04	38.46	39.13	37.63	38.36	5597526	215604496.00
2017/12/05	37.87	38.29	34.75	35.90	6329481	233481456.00
2017/12/06	35.83	36.92	35.45	36.85	3616045	131307472.00
2017/12/07	36.79	37.39	36.16	36.85	3824030	141159952.00
2017/12/08	36.68	39.44	36.36	38.45	8052903	308269728.00
2017/12/11	38.75	39.93	38.55	39.49	8597051	337765888.00
2017/12/12	39.32	39.90	38.83	39.14	6168351	242137344.00
2017/12/13	39.16	40.34	38.95	39.60	8177805	324911872.00
2017/12/14	39.65	40.75	39.21	40.75	8219172	329016384.00
2017/12/15	40.55	40.55	38.95	39.08	6779806	269671520.00
2017/12/18	38.93	39.63	38.32	39.27	4464055	174238384.00
2017/12/19	39.29	39.81	38.45	39.81	5232018	205618016.00
2017/12/20	39.55	39.55	38.47	38.55	3679608	143617808.00
2017/12/21	38.53	39.71	37.85	39.39	6246882	244131648.00
2017/12/22	39.34	39.38	38.45	38.92	3999016	155499056.00
2017/12/25	38.56	38.84	36.30	36.35	6060300	224764928.00
2017/12/26	36.44	37.08	36.35	36.80	2389891	87964152.00
2017/12/27	36.73	36.80	34.97	35.19	4169050	150147680.00
2017/12/28	35.19	36.15	35.00	35.24	2695613	95947400.00
2017/12/29	35.45	35.75	35.24	35.50	1614133	57476328.00
2018/01/02	35.55	36.03	35.23	35.96	1929300	68861856.00
2018/01/03	35.87	36.76	35.75	36.48	3170510	115374848.00
2018/01/04	36.20	36.64	36.11	36.40	2247963	81701128.00
2018/01/05	36.40	36.40	35.51	35.63	2512248	90144056.00
2018/01/08	35.54	35.54	34.82	35.31	2363050	82981304.00
2018/01/09	35.20	35.67	34.70	35.62	2709800	95438312.00
2018/01/10	35.40	35.55	34.75	34.97	1869000	65645092.00
2018/01/11	34.97	35.54	34.35	35.23	2262757	79692216.00
2018/01/12	35.08	35.18	34.35	34.55	2106152	73309144.00
2018/01/15	34.25	34.25	32.55	32.58	3418964	114439408.00
2018/01/16	32.19	33.25	32.19	32.77	1615808	53016332.00
2018/01/17	32.87	33.27	31.95	33.03	2082571	68145968.00
2018/01/18	32.94	33.20	32.52	32.75	1163846	38273484.00
2018/01/19	32.73	33.13	32.65	32.87	1044455	34384340.00
2018/01/22	32.80	33.21	32.32	33.07	1322410	43530760.00
2018/01/23	33.07	33.31	32.85	32.91	987305	32643408.00
2018/01/24	32.91	33.23	32.54	33.20	1711301	56536884.00
2018/01/25	32.95	33.55	32.85	32.86	1463402	48606860.00
2018/01/26	32.65	33.03	32.51	32.58	946921	31044130.00
2018/01/29	32.60	32.71	30.73	31.04	2662316	83671208.00
2018/01/30	30.80	31.11	30.76	30.96	864671	26764814.00
2018/01/31	31.22	31.22	30.45	30.60	1168966	35931104.00
2018/02/01	30.61	30.93	28.45	28.63	1831016	54395964.00
2018/02/02	28.42	28.78	25.76	26.04	4573156	121735584.00
2018/02/05	25.32	26.34	25.08	26.30	2142124	55737972.00
2018/02/06	26.25	26.25	24.13	24.19	2355688	59532244.00
2018/02/07	24.85	25.42	23.76	25.07	2196188	54302348.00
2018/02/08	24.39	25.94	24.16	25.70	2226402	56756788.00
2018/02/09	24.86	25.61	24.45	25.01	1880333	47188080.00
2018/02/12	25.54	26.04	25.16	25.82	1628094	41841996.00
2018/02/13	25.90	25.95	25.54	25.68	1196800	30818842.00
2018/02/14	25.68	25.78	25.31	25.64	869586	22161078.00
2018/02/22	25.80	26.40	25.67	26.38	1448237	37945480.00
2018/02/23	26.30	26.55	26.00	26.05	1427738	37455968.00
2018/02/26	25.86	27.42	24.52	27.29	5350293	140220352.00
2018/02/27	26.85	27.36	26.80	26.83	3475764	93978696.00
2018/02/28	26.63	27.04	26.06	26.83	1833837	49051992.00
2018/03/01	26.56	27.50	26.44	27.26	2924896	79583992.00
2018/03/02	26.96	27.92	26.96	27.29	2646150	72743808.00
2018/03/05	27.21	27.74	27.04	27.66	1954200	53579676.00
2018/03/06	27.67	28.63	27.46	28.25	2864626	80947288.00
2018/03/07	28.27	28.27	27.42	27.45	1971296	55040424.00
2018/03/08	27.33	27.75	27.33	27.53	1339575	36893772.00
2018/03/09	27.55	29.20	27.55	29.05	4080354	116369088.00
2018/03/12	29.21	29.82	28.77	29.75	3909766	114730720.00
2018/03/13	29.45	29.72	29.06	29.37	2075561	60951384.00
2018/03/14	29.33	29.54	28.80	29.07	1741428	50724880.00
2018/03/15	29.29	29.29	27.81	28.45	2399981	68361536.00
2018/03/16	28.34	28.53	28.05	28.33	1218975	34567368.00
2018/03/19	28.44	28.76	28.13	28.22	1314075	37503816.00
2018/03/20	28.05	28.45	27.65	28.45	1742983	49086324.00
2018/03/21	28.48	29.10	28.05	28.39	2112082	60759032.00
2018/03/22	28.54	28.73	27.95	28.25	1631931	46271676.00
2018/03/23	26.53	27.25	25.42	25.54	3212955	84242416.00
2018/03/26	24.94	25.86	23.85	25.78	2194051	55064784.00
2018/03/27	26.01	26.80	26.01	26.72	1940851	51679860.00
2018/03/28	26.41	27.43	25.95	26.90	1803087	48666440.00
2018/03/29	27.15	27.75	26.83	27.15	1585953	43280108.00
2018/03/30	26.00	26.93	25.99	26.83	3284919	87194048.00
2018/04/02	26.86	28.44	26.63	28.11	4259346	118681232.00
2018/04/03	27.60	27.85	26.79	27.70	2984150	81784896.00
2018/04/04	27.63	28.14	27.17	27.59	2813645	77864104.00
2018/04/09	27.43	27.61	26.40	27.61	2846200	77186992.00
2018/04/10	27.84	28.10	27.22	28.00	3426997	94951872.00
2018/04/11	28.25	28.29	27.81	28.12	3244849	91254704.00
2018/04/12	27.87	28.65	27.55	28.42	3611494	101728032.00
2018/04/13	28.83	28.83	28.17	28.28	2292348	65228740.00
2018/04/16	28.15	28.72	27.83	28.23	2247576	63495888.00
2018/04/17	28.25	30.24	28.00	29.10	7412841	214791200.00
2018/04/18	28.94	30.10	27.72	29.80	8943156	259028128.00
2018/04/19	28.96	29.44	28.71	29.04	5206712	151717920.00
2018/04/20	28.76	29.04	28.23	28.60	3201015	91668240.00
2018/04/23	28.60	28.87	28.03	28.53	2886076	82405640.00
2018/04/24	28.60	29.25	28.06	29.09	3449753	99329688.00
2018/04/25	28.90	30.94	28.88	30.30	8558880	257857072.00
2018/04/26	29.93	30.63	29.49	29.83	4567898	136578304.00
2018/04/27	29.25	30.23	29.25	29.57	3168121	93972192.00
2018/05/02	29.30	29.65	28.62	28.93	2802981	81877912.00
2018/05/03	29.24	29.53	28.41	28.95	2305188	66481480.00
2018/05/04	28.71	29.70	28.47	28.99	2412334	70183640.00
2018/05/07	28.85	29.40	28.85	29.29	1972638	57726072.00
2018/05/08	29.32	29.73	29.12	29.58	2539815	74792184.00
2018/05/09	29.71	29.94	29.35	29.61	2468405	73327152.00
2018/05/10	29.61	30.41	29.37	29.80	2712800	81167768.00
2018/05/11	29.80	30.22	29.50	29.76	2317363	69073064.00
2018/05/14	29.79	30.14	29.32	29.46	3505562	104605664.00
2018/05/15	29.55	29.92	28.32	29.00	3805037	109619400.00
2018/05/16	28.85	29.05	28.46	28.69	1755652	50497628.00
2018/05/17	28.70	28.93	28.28	28.53	1600264	45708216.00
2018/05/18	28.65	28.82	28.41	28.60	1237450	35458068.00
2018/05/21	28.85	29.30	28.67	29.00	2245862	65309548.00
2018/05/22	29.25	30.75	29.25	30.30	6563503	198565888.00
2018/05/23	29.60	30.44	29.49	29.73	3636601	108638232.00
2018/05/24	30.00	30.00	29.43	29.46	2015052	59740624.00
2018/05/25	29.50	29.63	28.50	28.65	2434164	70220072.00
2018/05/28	28.50	28.88	28.03	28.34	2174262	61833100.00
2018/05/29	28.33	28.60	27.81	28.12	2225250	62765788.00
2018/05/30	27.94	28.20	25.97	26.97	2852400	77472504.00
2018/05/31	27.06	27.48	27.00	27.10	1609214	43771616.00
2018/06/01	27.10	27.30	26.55	26.80	1522100	40870136.00
2018/06/04	27.10	27.10	26.13	26.81	1368100	36617964.00
2018/06/05	26.81	27.42	26.70	27.14	1787218	48338124.00
2018/06/06	27.17	27.44	26.96	27.10	1670750	45363932.00
2018/06/07	27.10	27.53	26.91	27.12	1459900	39607224.00
2018/06/08	27.10	27.31	26.85	27.13	2498941	67782920.00
2018/06/11	27.10	27.40	26.59	27.40	1704400	46280712.00
2018/06/12	27.40	27.75	27.22	27.60	2309848	63569460.00
2018/06/13	27.59	27.90	27.05	27.29	2036046	55851708.00
2018/06/14	27.19	27.45	26.90	27.33	2106850	57326576.00
2018/06/15	27.50	27.65	26.59	27.10	3067200	83336712.00
2018/06/19	26.83	26.83	24.46	26.30	3992700	103867552.00
2018/06/20	26.10	26.35	25.66	26.15	2029650	52893576.00
2018/06/21	26.05	26.27	25.04	25.40	2657462	68526872.00
2018/06/22	25.25	25.45	24.66	25.11	1796800	45066216.00
2018/06/25	25.13	25.41	24.80	24.95	1760200	44118064.00
2018/06/26	24.75	24.75	24.05	24.38	2115900	51727160.00
2018/06/27	24.20	24.55	24.05	24.14	1759150	42708928.00
2018/06/28	24.14	24.40	23.79	24.04	1775150	42876012.00
2018/06/29	23.98	24.64	23.81	24.51	3172902	76859632.00
2018/07/02	24.49	24.69	24.12	24.19	1775400	43105476.00
2018/07/03	24.26	24.60	24.02	24.60	2634300	64167176.00
2018/07/04	24.71	25.90	24.70	24.94	4396266	110838688.00
2018/07/05	24.45	25.24	23.91	24.00	2458412	60192720.00
2018/07/06	24.13	24.20	21.60	22.48	5208785	118138304.00
2018/07/09	22.15	22.40	21.93	22.23	1984250	44037888.00
2018/07/10	22.30	22.96	22.21	22.55	2169462	48862316.00
2018/07/11	22.20	22.68	21.80	22.03	1861000	41104872.00
2018/07/12	22.31	22.87	22.31	22.69	2916850	65943016.00
2018/07/13	22.57	22.87	22.40	22.85	1919800	43392176.00
2018/07/16	22.83	23.39	22.68	23.11	2401711	55538632.00
2018/07/17	23.06	23.29	22.81	23.18	1971400	45505944.00
2018/07/18	23.30	23.60	22.98	23.48	2530144	58661860.00
2018/07/19	23.66	24.43	23.24	23.49	3877850	91839376.00
2018/07/20	23.18	23.59	22.90	23.18	1986850	45963096.00
2018/07/23	22.98	23.40	22.88	23.35	1492715	34641208.00
2018/07/24	23.34	23.72	23.15	23.62	1681800	39556856.00
2018/07/25	23.68	24.15	23.46	23.59	1845350	43820568.00
2018/07/26	23.55	23.63	23.10	23.27	1095200	25457786.00
2018/07/27	23.12	23.79	23.10	23.30	1073704	25115346.00
2018/07/30	23.29	23.56	22.52	22.75	1542950	35449100.00
2018/07/31	22.75	22.89	22.33	22.68	887200	20046564.00
2018/08/01	22.67	22.97	22.32	22.56	1186300	26770508.00
2018/08/02	22.49	22.74	21.01	21.66	1487706	32216720.00
2018/08/03	21.65	21.76	21.16	21.52	852200	18210388.00
2018/08/06	21.45	21.45	20.83	21.33	1227752	25886744.00
2018/08/07	21.38	21.50	20.90	21.48	1509061	32193882.00
2018/08/08	22.99	23.63	21.92	22.04	4158411	94943384.00
2018/08/09	21.50	23.48	21.39	22.71	4549665	102464712.00
2018/08/10	22.42	22.56	22.04	22.36	3048711	67914904.00
2018/08/13	22.07	24.00	21.95	23.99	6372110	147727328.00
2018/08/14	23.50	23.87	23.19	23.30	4052712	95171352.00
2018/08/15	23.25	25.15	23.25	24.40	8233965	201025008.00
2018/08/16	23.90	26.57	23.78	24.84	7090226	179191536.00
2018/08/17	25.50	26.15	24.91	25.15	4471228	113505920.00
2018/08/20	25.39	27.41	25.10	27.18	7277346	190679888.00
2018/08/21	26.80	28.37	26.46	27.18	6655964	181620688.00
2018/08/22	26.70	28.10	26.60	27.50	5352058	147237856.00
2018/08/23	27.49	28.19	27.01	27.55	4088392	113283608.00
2018/08/24	27.20	27.98	26.76	26.90	4701785	128458456.00
2018/08/27	27.30	29.43	27.27	29.20	6782925	195039376.00
2018/08/28	29.25	29.96	28.63	28.80	4853070	141038896.00
2018/08/29	29.07	29.47	28.60	29.08	3145600	91390824.00
2018/08/30	28.89	29.08	27.69	28.40	4796929	136178144.00
2018/08/31	28.15	28.90	28.02	28.36	2921229	83315648.00
2018/09/03	27.60	28.24	26.60	28.00	4096273	112020240.00
2018/09/04	28.10	30.58	27.95	29.57	5544554	163720992.00
2018/09/05	29.65	30.34	29.00	29.10	5276479	156750704.00
2018/09/06	28.92	30.50	28.90	29.85	4860152	145038112.00
2018/09/07	29.85	30.18	27.88	28.90	3448369	100736704.00
2018/09/10	28.60	29.38	28.11	28.38	2469229	70995392.00
2018/09/11	28.50	30.26	28.33	29.80	4055969	119860600.00
2018/09/12	29.79	30.48	29.29	29.77	2496214	73986608.00
2018/09/13	30.30	30.85	28.88	29.81	4170427	123778008.00
2018/09/14	29.80	29.80	27.95	28.20	3883610	111716464.00
2018/09/17	27.49	29.30	27.36	28.93	3218854	92303328.00
2018/09/18	28.75	29.49	28.13	29.30	2493769	71948392.00
2018/09/19	29.29	29.55	28.52	28.96	2811541	81654648.00
2018/09/20	28.70	29.79	28.66	28.77	1846950	53901524.00
2018/09/21	28.80	28.98	28.13	28.75	2622479	74846008.00
2018/09/25	28.75	29.20	28.34	28.68	1767100	50713236.00
2018/09/26	28.68	29.00	27.90	28.00	2982216	84426360.00
2018/09/27	27.98	28.82	27.78	28.00	3072154	86962256.00
2018/09/28	28.15	28.18	26.85	27.25	2287235	62452780.00
2018/10/08	26.68	26.68	25.23	25.31	2713846	70334104.00
2018/10/09	25.33	25.53	24.68	25.00	2167674	54440864.00
2018/10/10	25.00	25.27	24.24	24.83	2196762	54460444.00
2018/10/11	23.85	24.24	22.35	22.42	3098000	72200088.00
2018/10/12	22.30	23.40	21.84	23.24	2728071	61999524.00
2018/10/15	23.25	24.20	23.03	23.40	2784144	65824112.00
2018/10/16	23.41	23.57	22.02	22.75	2443231	55716904.00
2018/10/17	23.09	23.39	21.70	23.28	3579111	81701792.00
2018/10/18	22.88	22.90	22.11	22.16	2203631	49503124.00
2018/10/19	21.58	23.30	21.36	22.98	2914092	65569884.00
2018/10/22	23.52	24.65	23.52	24.42	4103688	98993664.00
2018/10/23	24.45	24.49	23.43	23.70	2480379	59431200.00
2018/10/24	23.75	24.18	23.51	23.80	1623801	38768148.00
2018/10/25	22.48	22.66	21.60	22.54	5597490	123947144.00
2018/10/26	22.73	23.20	22.14	22.66	3295400	74898320.00
2018/10/29	22.55	23.95	22.25	23.46	4029437	93791656.00
2018/10/30	23.21	24.86	22.21	24.74	5362599	126803048.00
2018/10/31	24.32	25.33	24.26	25.20	3557451	88562184.00
2018/11/01	25.02	25.84	24.82	25.66	4302416	109298672.00
2018/11/02	26.46	26.73	25.63	26.48	5048000	132360992.00
2018/11/05	26.24	26.47	25.22	25.47	4136950	106275264.00
2018/11/06	25.30	25.40	24.71	25.32	3567350	89365000.00
2018/11/07	25.50	26.70	25.35	26.08	5628837	146548688.00
2018/11/08	26.08	26.20	25.28	25.68	2632250	67811872.00
2018/11/09	25.40	27.40	25.32	26.39	4780233	126759024.00
2018/11/12	26.41	27.28	26.26	26.90	4179692	112748864.00
2018/11/13	26.60	27.20	26.28	26.65	3422280	91541504.00
2018/11/14	26.26	26.89	26.21	26.30	2193482	58207404.00
2018/11/15	26.05	27.08	26.05	27.08	3319792	88403880.00
2018/11/16	27.08	27.29	26.80	27.24	2333400	63123888.00
2018/11/19	27.02	27.79	26.90	27.30	3509259	96312576.00
2018/11/20	26.87	26.87	25.99	26.00	4050379	106532432.00
2018/11/21	25.74	26.35	25.71	26.28	1561500	40767648.00
2018/11/22	26.29	27.33	26.20	26.87	3027582	81321808.00
2018/11/23	26.86	27.20	25.28	25.78	3298331	86319912.00
2018/11/26	25.53	26.55	25.30	26.19	2568719	66901824.00
2018/11/27	26.11	27.20	26.11	26.86	5652650	151988416.00
2018/11/28	26.99	27.56	26.78	27.10	6675905	181964416.00
2018/11/29	27.02	27.65	25.40	25.45	6046272	160151328.00
2018/11/30	24.99	25.26	24.13	25.02	4379583	108729096.00
2018/12/03	26.18	27.35	25.75	27.12	7147651	189297680.00
2018/12/04	26.90	28.33	26.89	27.95	6843276	190574576.00
2018/12/05	27.38	29.21	27.21	28.68	7188332	205743120.00
2018/12/06	27.52	28.00	26.20	26.55	8880531	241330784.00
2018/12/07	27.30	28.37	27.23	27.88	7243010	202134208.00
2018/12/10	27.92	29.51	27.80	28.25	7977506	228552624.00
2018/12/11	28.86	29.94	28.50	29.18	8157992	237571152.00
2018/12/12	29.12	29.20	28.32	29.00	5133273	147656256.00
2018/12/13	28.97	30.11	28.83	29.52	6978822	205327808.00
2018/12/14	29.17	29.40	28.29	28.50	4548010	131075920.00
2018/12/17	28.00	29.06	27.50	28.78	4103016	116292296.00
2018/12/18	28.42	28.85	27.58	28.09	3860680	108551832.00
2018/12/19	28.20	28.65	27.64	27.78	2927429	82352920.00
2018/12/20	27.65	28.92	27.52	28.90	4766677	135474336.00
2018/12/21	28.65	29.30	28.65	29.05	4455411	129176304.00
2018/12/24	29.54	30.30	29.30	29.99	6674665	199545072.00
2018/12/25	29.48	32.90	29.31	32.11	10327195	320179040.00
2018/12/26	31.66	32.25	30.88	30.96	7664199	241550480.00
2018/12/27	31.30	32.20	30.67	30.95	6703994	210856944.00
2018/12/28	31.03	31.40	30.34	30.62	4602419	141707152.00
2019/01/02	30.82	32.84	30.60	32.46	7826526	248911696.00
2019/01/03	32.00	32.20	30.40	30.61	6618411	205880672.00
数据来源:通达信
