002619 艾格拉斯 日线 前复权
      日期	    开盘	    最高	    最低	    收盘	    成交量	    成交额
2011/09/29	2.45	2.98	2.45	2.73	14327633	247737744.00
2011/09/30	2.62	2.77	2.50	2.52	7670223	126761144.00
2011/10/10	2.56	2.79	2.52	2.79	6706902	113599480.00
2011/10/11	2.95	2.98	2.82	2.91	10581841	192533856.00
2011/10/12	2.86	3.04	2.79	3.01	8457830	154914960.00
2011/10/13	2.96	3.16	2.94	2.98	8733630	165595152.00
2011/10/14	2.97	3.14	2.97	3.11	7404175	141027168.00
2011/10/17	3.07	3.37	3.03	3.19	8610706	171181168.00
2011/10/18	3.10	3.15	2.89	2.93	6493626	122753432.00
2011/10/19	2.93	3.00	2.86	2.94	4932598	90712416.00
2011/10/20	2.92	2.92	2.70	2.74	4113970	71991536.00
2011/10/21	2.73	2.80	2.65	2.65	2828864	48105516.00
2011/10/24	2.62	2.80	2.53	2.78	4619127	77881176.00
2011/10/25	2.74	2.99	2.72	2.88	6129190	109489416.00
2011/10/26	2.86	3.00	2.81	2.90	6032547	109763928.00
2011/10/27	2.89	3.13	2.85	3.05	7757543	145423408.00
2011/10/28	3.03	3.11	2.98	3.09	5892881	111893264.00
2011/10/31	3.06	3.08	2.96	3.03	4452839	83988088.00
2011/11/01	2.98	3.15	2.94	3.14	6414940	121852504.00
2011/11/02	3.06	3.26	3.03	3.20	6246235	122070288.00
2011/11/03	3.31	3.36	3.06	3.06	7781038	155706960.00
2011/11/04	3.04	3.13	3.01	3.06	4317957	82399888.00
2011/11/07	3.02	3.04	2.94	2.98	3052193	56840172.00
2011/11/08	2.98	3.00	2.87	2.90	2659815	48944128.00
2011/11/09	2.92	2.97	2.85	2.97	2544154	46487548.00
2011/11/10	2.94	2.99	2.90	2.94	2636556	48509556.00
2011/11/11	2.94	3.00	2.91	2.94	2347959	43433244.00
2011/11/14	2.96	3.08	2.96	3.08	3608241	68370088.00
2011/11/15	3.08	3.09	3.02	3.04	2750468	52418164.00
2011/11/16	3.04	3.05	2.84	2.86	3097749	56760320.00
2011/11/17	2.85	2.92	2.81	2.85	1964365	35265796.00
2011/11/18	2.82	2.87	2.77	2.81	1603445	28296624.00
2011/11/21	2.81	2.89	2.77	2.88	1717015	30499300.00
2011/11/22	2.84	2.89	2.81	2.88	1449840	25960212.00
2011/11/23	2.87	2.91	2.82	2.83	1196801	21492748.00
2011/11/24	2.79	2.79	2.69	2.76	1759432	30273936.00
2011/11/25	2.76	2.76	2.69	2.70	1320751	22577062.00
2011/11/28	2.73	2.78	2.71	2.75	1829520	31703832.00
2011/11/29	2.78	2.79	2.71	2.78	1533646	26534902.00
2011/11/30	2.76	2.79	2.56	2.59	1902337	31992482.00
2011/12/01	2.68	2.71	2.61	2.62	1664213	27935476.00
2011/12/02	2.61	2.62	2.54	2.57	990583	16077093.00
2011/12/05	2.54	2.57	2.47	2.53	1109775	17687166.00
2011/12/06	2.48	2.59	2.48	2.57	1269845	20433146.00
2011/12/07	2.57	2.58	2.51	2.56	971595	15668063.00
2011/12/08	2.57	2.64	2.48	2.58	1932982	31434944.00
2011/12/09	2.54	2.57	2.52	2.54	837946	13460648.00
2011/12/12	2.53	2.57	2.53	2.53	773213	12445331.00
2011/12/13	2.54	2.76	2.53	2.70	5358760	89596144.00
2011/12/14	2.67	2.78	2.63	2.74	4894850	83601560.00
2011/12/15	2.73	2.74	2.64	2.66	3591949	60788216.00
2011/12/16	2.66	2.75	2.52	2.75	4123355	68372448.00
2011/12/19	2.69	2.75	2.64	2.73	3061028	51963004.00
2011/12/20	2.72	2.80	2.68	2.72	3714705	64209112.00
2011/12/21	2.74	2.75	2.50	2.51	3310940	54848440.00
2011/12/22	2.43	2.44	2.27	2.34	2440921	36451680.00
2011/12/23	2.34	2.44	2.30	2.39	2049753	31115076.00
2011/12/26	2.36	2.39	2.27	2.34	1180680	17707556.00
2011/12/27	2.31	2.33	2.08	2.12	2104980	29401340.00
2011/12/28	2.07	2.10	1.98	2.04	1508526	19671886.00
2011/12/29	2.04	2.08	1.99	2.05	946397	12481904.00
2011/12/30	2.05	2.10	2.05	2.09	969417	12971832.00
2012/01/04	2.11	2.14	1.99	1.99	838647	11132384.00
2012/01/05	1.95	1.98	1.80	1.80	1193483	14444995.00
2012/01/06	1.83	1.83	1.71	1.81	1187016	13664373.00
2012/01/09	1.80	1.92	1.76	1.92	1789909	21642528.00
2012/01/10	1.92	2.01	1.90	1.99	2058102	26106444.00
2012/01/11	1.98	2.06	1.98	2.02	2095589	27285474.00
2012/01/12	2.01	2.08	1.99	2.03	1720952	22583032.00
2012/01/13	2.03	2.03	1.86	1.88	1666945	20813686.00
2012/01/16	1.84	1.85	1.77	1.78	873210	10294540.00
2012/01/17	1.80	1.92	1.77	1.91	1382140	16608789.00
2012/01/18	1.91	1.99	1.85	1.87	1729448	21588652.00
2012/01/19	1.87	1.91	1.82	1.89	1661965	20191398.00
2012/01/20	1.90	2.00	1.89	1.98	3103865	39302180.00
2012/01/30	1.99	2.10	1.96	2.05	3497977	45794216.00
2012/01/31	2.04	2.04	1.97	2.01	2264335	29194208.00
2012/02/01	2.01	2.10	1.98	2.06	3020232	39735404.00
2012/02/02	2.06	2.07	1.98	2.04	2481321	32346424.00
2012/02/03	2.05	2.07	1.99	2.05	3192583	41760556.00
2012/02/06	2.04	2.08	2.02	2.06	2830705	37356732.00
2012/02/07	2.03	2.04	1.95	1.96	2138810	27367200.00
2012/02/08	1.96	2.03	1.95	2.02	1847064	23748040.00
2012/02/09	2.02	2.09	2.01	2.07	3330807	44165276.00
2012/02/10	2.06	2.13	2.06	2.08	3212614	43125472.00
2012/02/13	2.05	2.17	2.04	2.14	3390650	46257488.00
2012/02/14	2.13	2.18	2.09	2.14	2699191	36900320.00
2012/02/15	2.12	2.20	2.11	2.18	2855811	39419444.00
2012/02/16	2.17	2.19	2.12	2.15	2842356	39309336.00
2012/02/17	2.16	2.19	2.12	2.18	2419357	33524230.00
2012/02/20	2.22	2.22	2.15	2.15	2042672	28470718.00
2012/02/21	2.15	2.17	2.09	2.16	1950863	26710192.00
2012/02/22	2.17	2.23	2.15	2.22	2873858	40325324.00
2012/02/23	2.21	2.27	2.20	2.24	2607508	37178800.00
2012/02/24	2.24	2.32	2.23	2.30	3375700	49089004.00
2012/02/27	2.30	2.33	2.26	2.26	3405249	49674016.00
2012/02/28	2.24	2.39	2.21	2.33	5118057	75088304.00
2012/02/29	2.31	2.44	2.31	2.36	5621843	84813224.00
2012/03/01	2.35	2.37	2.32	2.35	2623817	39086428.00
2012/03/02	2.38	2.41	2.35	2.39	3383054	51103024.00
2012/03/05	2.39	2.42	2.37	2.39	2475235	37604756.00
2012/03/06	2.39	2.39	2.30	2.30	2124415	31467538.00
2012/03/07	2.28	2.33	2.26	2.28	1374321	20092892.00
2012/03/08	2.28	2.33	2.27	2.30	1435717	21062204.00
2012/03/09	2.30	2.54	2.30	2.54	6960160	108222416.00
2012/03/12	2.56	2.59	2.52	2.59	6501828	104813960.00
2012/03/13	2.59	2.72	2.58	2.66	5633604	94393976.00
2012/03/14	2.65	2.79	2.56	2.62	6186727	104462992.00
2012/03/15	2.62	2.79	2.62	2.72	4343176	74164984.00
2012/03/16	2.71	2.82	2.69	2.82	3523942	61263672.00
2012/03/19	2.82	3.03	2.79	2.95	3412606	62338724.00
2012/03/20	2.93	2.99	2.84	2.90	2551583	46253744.00
2012/03/21	2.89	2.94	2.75	2.90	2824248	50287960.00
2012/03/22	2.84	2.91	2.79	2.80	1983573	35455516.00
2012/03/23	2.77	3.10	2.67	3.10	4175840	74220624.00
2012/03/26	2.89	2.94	2.77	2.77	4250768	75629072.00
2012/03/27	2.70	2.80	2.63	2.73	2394184	40792288.00
2012/03/28	2.65	2.70	2.44	2.44	2801094	44697300.00
2012/03/29	2.33	2.39	2.26	2.34	3579846	52985336.00
2012/03/30	2.34	2.36	2.15	2.20	3270305	46902312.00
2012/04/05	2.21	2.38	2.20	2.37	2662343	39084276.00
2012/04/06	2.37	2.50	2.34	2.41	3221347	49695588.00
2012/04/09	2.41	2.49	2.34	2.42	1588612	24490564.00
2012/04/10	2.37	2.46	2.16	2.41	3160089	46332452.00
2012/04/11	2.33	2.41	2.30	2.39	1898715	28559512.00
2012/04/12	2.40	2.50	2.38	2.47	2423957	37609992.00
2012/04/13	2.47	2.49	2.43	2.44	1939374	30138322.00
2012/04/16	2.44	2.56	2.44	2.50	2901816	45967148.00
2012/04/17	2.48	2.52	2.39	2.39	1717297	26579736.00
2012/04/18	2.40	2.50	2.40	2.49	1490100	23259082.00
2012/04/19	2.49	2.63	2.47	2.58	2389990	38776012.00
2012/04/20	2.55	2.70	2.54	2.70	2448988	40737744.00
2012/04/23	2.67	2.77	2.60	2.68	3274423	55339424.00
2012/04/24	2.62	2.70	2.52	2.59	2526224	41287180.00
2012/04/25	2.56	2.66	2.52	2.64	2263529	37034188.00
2012/04/26	2.62	2.65	2.56	2.56	1581219	25772222.00
2012/04/27	2.57	2.57	2.48	2.48	1299689	20611086.00
2012/05/02	2.53	2.55	2.48	2.50	1476058	23399036.00
2012/05/03	2.50	2.54	2.45	2.54	1330009	21100986.00
2012/05/04	2.54	2.57	2.52	2.56	1215359	19622634.00
2012/05/07	2.57	2.67	2.56	2.66	2212659	36656608.00
2012/05/08	2.65	2.69	2.60	2.63	2170525	36231392.00
2012/05/09	2.63	2.63	2.57	2.59	1155240	18917896.00
2012/05/10	2.59	2.66	2.59	2.65	1256274	20834740.00
2012/05/11	2.65	2.69	2.62	2.64	1095634	18313038.00
2012/05/14	2.67	2.69	2.61	2.61	988748	16476182.00
2012/05/15	2.60	2.60	2.48	2.50	1034765	16427287.00
2012/05/17	2.44	2.52	2.44	2.50	664727	10419864.00
2012/05/18	2.48	2.48	2.34	2.36	1065843	16286582.00
2012/05/21	2.34	2.41	2.29	2.35	614257	9177384.00
2012/05/22	2.38	2.43	2.38	2.41	488913	7469833.50
2012/05/23	2.41	2.46	2.39	2.45	742459	11431614.00
2012/05/24	2.44	2.48	2.41	2.43	697202	10844080.00
2012/05/25	2.36	2.43	2.33	2.37	659970	9947580.00
2012/05/28	2.34	2.49	2.31	2.48	1021826	15787900.00
2012/05/29	2.49	2.69	2.48	2.59	2412762	39142228.00
2012/05/30	2.59	2.66	2.54	2.58	1604851	26371154.00
2012/05/31	2.55	2.63	2.55	2.58	1329933	21789328.00
2012/06/01	2.58	2.61	2.53	2.58	1249427	20305906.00
2012/06/04	2.53	2.53	2.42	2.43	1124460	17657842.00
2012/06/05	2.40	2.47	2.40	2.45	665696	10315233.00
2012/06/06	2.46	2.48	2.42	2.45	596831	9253548.00
2012/06/07	2.45	2.49	2.40	2.41	586640	6884624.50
2012/06/08	2.46	2.48	2.42	2.43	721924	8480654.00
2012/06/11	2.43	2.50	2.42	2.48	476478	5641507.50
2012/06/12	2.48	2.49	2.42	2.43	523458	6180989.50
2012/06/13	2.43	2.47	2.41	2.47	1174571	13772573.00
2012/06/14	2.47	2.48	2.43	2.43	768352	9028486.00
2012/06/15	2.45	2.46	2.40	2.46	872729	10212901.00
2012/06/18	2.48	2.72	2.47	2.65	4190250	52925136.00
2012/06/19	2.58	2.63	2.58	2.62	2432406	30205006.00
2012/06/20	2.62	2.63	2.57	2.60	1527948	18972622.00
2012/06/21	2.59	2.61	2.55	2.56	1115748	13748823.00
2012/06/25	2.60	2.78	2.60	2.66	4108734	52777372.00
2012/06/26	2.57	2.77	2.41	2.70	3297897	41370344.00
2012/06/27	2.69	2.73	2.58	2.61	2017097	25654426.00
2012/06/28	2.61	2.66	2.53	2.54	1375275	17007906.00
2012/06/29	2.48	2.55	2.44	2.54	1239562	14827100.00
2012/07/02	2.57	2.59	2.53	2.55	949471	11660199.00
2012/07/03	2.55	2.65	2.49	2.60	1750520	21669494.00
2012/07/04	2.62	2.71	2.60	2.68	2147729	27340098.00
2012/07/05	2.69	2.69	2.53	2.55	1321656	16373384.00
2012/07/06	2.57	2.82	2.57	2.82	5424135	70795272.00
2012/07/09	2.79	2.81	2.72	2.76	4526174	59448108.00
2012/07/10	2.70	2.80	2.68	2.79	3949087	51813296.00
2012/07/11	2.83	2.87	2.75	2.83	5139318	68948776.00
2012/07/12	2.53	2.71	2.53	2.59	5730057	70904496.00
2012/07/13	2.57	2.57	2.46	2.48	2992013	35837124.00
2012/07/16	2.45	2.48	2.24	2.24	2159785	24392340.00
2012/07/17	2.28	2.28	2.21	2.26	866188	9384321.00
2012/07/18	2.28	2.28	2.09	2.19	2126516	22215434.00
2012/07/19	2.15	2.27	2.15	2.23	1588606	17093426.00
2012/07/20	2.23	2.26	2.17	2.18	1018717	10856239.00
2012/07/23	2.28	2.41	2.27	2.41	4599617	51753164.00
2012/07/24	2.39	2.67	2.35	2.67	6052023	74444032.00
2012/07/25	2.78	2.95	2.75	2.95	16912006	234986976.00
2012/07/26	2.90	2.97	2.80	2.95	11489302	158203184.00
2012/07/27	2.87	2.90	2.67	2.71	8638484	113768416.00
2012/07/30	2.73	2.77	2.61	2.67	6273276	80328128.00
2012/07/31	2.66	2.89	2.59	2.79	10032665	131856224.00
2012/08/01	2.78	2.87	2.68	2.86	9615842	127445840.00
2012/08/02	2.79	2.88	2.71	2.83	7667373	102194352.00
2012/08/03	2.79	3.01	2.79	2.87	9489897	130459368.00
2012/08/06	2.89	3.08	2.80	2.99	10870094	151048112.00
2012/08/07	2.95	3.12	2.85	3.03	10467964	147958112.00
2012/08/08	2.96	3.06	2.89	2.97	8012495	112681488.00
2012/08/09	2.97	2.97	2.86	2.88	7323519	100975120.00
2012/08/10	2.87	2.93	2.77	2.87	7292138	99137256.00
2012/08/13	2.81	2.86	2.71	2.73	3690244	48978276.00
2012/08/14	2.71	2.71	2.62	2.70	3765475	47942968.00
2012/08/15	2.71	2.81	2.65	2.81	5020310	65657156.00
2012/08/16	2.79	2.95	2.76	2.85	7067829	96935040.00
2012/08/17	2.80	2.81	2.55	2.56	6555544	82998896.00
2012/08/20	2.53	2.55	2.35	2.45	3510560	40961692.00
2012/08/21	2.45	2.53	2.42	2.51	3174513	37862356.00
2012/08/22	2.49	2.56	2.49	2.50	2461398	29697412.00
2012/08/23	2.50	2.55	2.44	2.54	2116380	25266124.00
2012/08/24	2.54	2.57	2.46	2.47	2313787	27998512.00
2012/08/27	2.41	2.42	2.22	2.27	2581593	28462686.00
2012/08/28	2.23	2.33	2.23	2.32	1678212	18461746.00
2012/08/29	2.31	2.46	2.27	2.46	3235725	36982848.00
2012/08/30	2.43	2.46	2.27	2.35	2931852	33379898.00
2012/08/31	2.29	2.39	2.28	2.30	1614274	18102374.00
2012/09/03	2.33	2.40	2.33	2.37	2024415	23051164.00
2012/09/04	2.35	2.39	2.29	2.31	2408933	27024362.00
2012/09/05	2.29	2.33	2.27	2.31	1553203	17187576.00
2012/09/06	2.31	2.38	2.31	2.37	2099514	23798522.00
2012/09/07	2.42	2.57	2.39	2.55	5829116	70253496.00
2012/09/10	2.55	2.70	2.55	2.69	6866451	87121680.00
2012/09/11	2.64	2.64	2.53	2.58	3659717	45127428.00
2012/09/12	2.59	2.77	2.59	2.67	4745159	60593676.00
2012/09/13	2.67	2.67	2.54	2.54	2581645	32146902.00
2012/09/14	2.54	2.59	2.49	2.56	3029126	36998760.00
2012/09/17	2.53	2.58	2.40	2.40	2190288	26179226.00
2012/09/18	2.39	2.44	2.35	2.42	1264344	14608769.00
2012/09/19	2.45	2.46	2.37	2.44	1098009	12745348.00
2012/09/20	2.43	2.44	2.29	2.31	1523724	17206294.00
2012/09/21	2.31	2.35	2.28	2.30	1043791	11643305.00
2012/09/24	2.30	2.54	2.23	2.46	3742629	43472992.00
2012/09/25	2.44	2.51	2.41	2.43	3224118	37936096.00
2012/09/26	2.39	2.48	2.37	2.39	2108491	24676644.00
2012/09/27	2.37	2.48	2.37	2.46	2428200	28411108.00
2012/09/28	2.46	2.50	2.43	2.45	3081953	36370904.00
2012/10/08	2.42	2.51	2.32	2.45	3650876	42448800.00
2012/10/09	2.42	2.57	2.38	2.53	6614945	78680504.00
2012/10/10	2.49	2.54	2.47	2.53	3761730	45150160.00
2012/10/11	2.53	2.56	2.39	2.39	4702010	55926228.00
2012/10/12	2.33	2.41	2.28	2.39	9220204	103597008.00
2012/10/15	2.48	2.49	2.33	2.36	4541152	52245036.00
2012/10/16	2.29	2.39	2.29	2.32	2942539	32973754.00
2012/10/17	2.32	2.34	2.29	2.33	1771014	19725614.00
2012/10/18	2.33	2.38	2.30	2.36	3081499	34882828.00
2012/10/19	2.35	2.45	2.34	2.45	5532938	63505884.00
2012/10/22	2.38	2.46	2.37	2.41	5022010	58165888.00
2012/10/23	2.39	2.39	2.32	2.33	2903253	32894122.00
2012/10/24	2.31	2.36	2.30	2.33	1867154	20953524.00
2012/10/25	2.33	2.45	2.30	2.38	4483864	51163400.00
2012/10/26	2.35	2.35	2.29	2.30	2417996	26902726.00
2012/10/29	2.29	2.30	2.23	2.29	1912270	20771612.00
2012/10/30	2.29	2.32	2.23	2.23	2009631	22061252.00
2012/10/31	2.25	2.28	2.21	2.26	1973974	21391896.00
2012/11/01	2.27	2.33	2.27	2.31	2981522	33165182.00
2012/11/02	2.30	2.35	2.30	2.32	2303027	25730416.00
2012/11/05	2.31	2.33	2.29	2.31	1788937	19866160.00
2012/11/06	2.34	2.34	2.26	2.29	1754370	19405260.00
2012/11/07	2.29	2.29	2.22	2.25	1700089	18445880.00
2012/11/08	2.22	2.24	2.13	2.13	1890856	20003048.00
2012/11/09	2.09	2.16	2.09	2.13	1527253	15688579.00
2012/11/12	2.11	2.19	2.11	2.16	1574139	16449185.00
2012/11/13	2.15	2.17	2.07	2.08	1904079	19399480.00
2012/11/14	2.09	2.09	1.95	2.00	2214589	21663346.00
2012/11/15	1.99	2.01	1.92	1.93	1961632	18752006.00
2012/11/16	1.95	1.99	1.93	1.95	1736650	16546709.00
2012/11/19	1.95	2.05	1.93	2.05	3323227	32209828.00
2012/11/20	2.10	2.12	2.05	2.05	3951395	39916460.00
2012/11/21	1.99	2.07	1.99	2.07	2238449	22033950.00
2012/11/22	2.04	2.12	2.03	2.08	2618093	26359572.00
2012/11/23	2.08	2.13	2.04	2.08	2477280	25044106.00
2012/11/26	2.08	2.18	2.07	2.10	3615965	37148560.00
2012/11/27	2.08	2.08	1.92	1.92	3066751	29562908.00
2012/11/28	1.95	1.95	1.87	1.87	1515109	14090069.00
2012/11/29	1.91	1.91	1.82	1.84	1159029	10546880.00
2012/11/30	1.81	1.92	1.81	1.91	2293952	21183870.00
2012/12/03	1.91	1.91	1.84	1.85	1720119	15790879.00
2012/12/04	1.86	1.86	1.71	1.83	2096196	18297858.00
2012/12/05	1.84	2.03	1.81	1.95	4061215	38281628.00
2012/12/06	1.93	1.97	1.92	1.95	2442298	23229288.00
2012/12/07	1.95	2.02	1.93	2.01	4508531	43797492.00
2012/12/10	2.01	2.06	1.97	2.04	3379884	33229926.00
2012/12/11	2.02	2.03	1.98	1.99	2365025	23022630.00
2012/12/12	1.99	2.03	1.97	2.01	2138450	20829166.00
2012/12/13	2.01	2.01	1.93	1.93	2063603	19783124.00
2012/12/14	1.90	2.14	1.90	2.06	5934960	58801660.00
2012/12/17	2.05	2.12	2.04	2.07	4563030	45935464.00
2012/12/18	2.05	2.11	2.05	2.11	4319149	43679312.00
2012/12/19	2.15	2.25	2.12	2.12	7656977	80474912.00
2012/12/20	2.10	2.18	2.06	2.14	5544014	57021800.00
2012/12/21	2.11	2.15	2.09	2.10	3635739	37248164.00
2012/12/24	2.09	2.17	2.09	2.15	3738054	38721304.00
2012/12/25	2.14	2.34	2.12	2.28	8833109	94565960.00
2012/12/26	2.28	2.33	2.22	2.30	7807078	85198848.00
2012/12/27	2.30	2.31	2.23	2.23	4592646	50017528.00
2012/12/28	2.23	2.28	2.22	2.25	3298742	35744864.00
2012/12/31	2.23	2.27	2.23	2.25	2585052	28044148.00
2013/01/04	2.27	2.29	2.23	2.25	3486684	37975140.00
2013/01/07	2.24	2.28	2.22	2.28	2821009	30733778.00
2013/01/08	2.28	2.35	2.27	2.29	4921913	54753172.00
2013/01/09	2.28	2.31	2.25	2.27	2678248	29391090.00
2013/01/10	2.27	2.28	2.22	2.25	2520294	27431156.00
2013/01/11	2.26	2.28	2.15	2.16	2954632	31532568.00
2013/01/14	2.15	2.24	2.13	2.22	2872937	30590136.00
2013/01/15	2.22	2.35	2.22	2.30	6688317	74147328.00
2013/01/16	2.29	2.39	2.27	2.37	8256251	92773960.00
2013/01/17	2.33	2.35	2.27	2.28	3438501	38152972.00
2013/01/18	2.28	2.36	2.28	2.33	3616944	40369408.00
2013/01/21	2.33	2.39	2.31	2.38	4503817	51163700.00
2013/01/22	2.38	2.48	2.37	2.42	8198281	95601248.00
2013/01/23	2.38	2.39	2.30	2.34	4023402	45127236.00
2013/01/24	2.42	2.44	2.23	2.26	4082657	45701588.00
2013/01/25	2.24	2.29	2.20	2.22	1719253	18645284.00
2013/01/28	2.19	2.29	2.19	2.28	2132835	23234214.00
2013/01/29	2.32	2.34	2.28	2.31	3163376	35189804.00
2013/01/30	2.31	2.32	2.25	2.27	2406782	26359480.00
2013/01/31	2.23	2.28	2.22	2.27	1605612	17426044.00
2013/02/01	2.27	2.30	2.24	2.29	2046532	22497806.00
2013/02/04	2.29	2.31	2.24	2.24	2425291	26567376.00
2013/02/05	2.24	2.26	2.20	2.25	1499641	16107766.00
2013/02/06	2.25	2.28	2.24	2.25	1046106	11405272.00
2013/02/07	2.25	2.33	2.24	2.30	2275797	25125148.00
2013/02/08	2.32	2.44	2.31	2.35	4378763	49591696.00
2013/02/18	2.36	2.43	2.33	2.40	4271726	48910408.00
2013/02/19	2.40	2.46	2.33	2.45	6654696	76780832.00
2013/02/20	2.42	2.49	2.41	2.48	5457258	64306188.00
2013/02/21	2.46	2.46	2.33	2.36	3766992	43480560.00
2013/02/22	2.38	2.59	2.36	2.51	8927274	107348656.00
2013/02/25	2.51	2.56	2.48	2.54	4217900	51075936.00
2013/02/26	2.54	2.54	2.44	2.45	4260539	50687328.00
2013/02/27	2.44	2.48	2.37	2.40	2664067	30912056.00
2013/02/28	2.42	2.50	2.39	2.49	2682843	31486734.00
2013/03/01	2.48	2.50	2.44	2.49	2735908	32474738.00
2013/03/04	2.49	2.55	2.40	2.44	4252034	50839368.00
2013/03/05	2.43	2.53	2.43	2.52	2877377	34366040.00
2013/03/06	2.56	2.61	2.53	2.55	4393265	53777428.00
2013/03/07	2.52	2.58	2.48	2.52	2988704	36316976.00
2013/03/08	2.51	2.56	2.47	2.47	1639829	19652678.00
2013/03/11	2.48	2.48	2.40	2.43	2667303	31142016.00
2013/03/12	2.44	2.47	2.30	2.35	2447350	27847218.00
2013/03/13	2.35	2.37	2.31	2.34	1149173	12933340.00
2013/03/14	2.35	2.37	2.32	2.36	1366315	15428427.00
2013/03/15	2.33	2.41	2.31	2.35	1918528	21789834.00
2013/03/18	2.33	2.35	2.26	2.31	2064947	22758690.00
2013/03/19	2.31	2.40	2.30	2.39	3084129	34846840.00
2013/03/20	2.39	2.45	2.36	2.44	3240042	37469232.00
2013/03/21	2.46	2.49	2.43	2.45	3741911	43991628.00
2013/03/22	2.43	2.46	2.41	2.44	2031069	23770606.00
2013/03/25	2.44	2.45	2.42	2.43	1315392	15379115.00
2013/03/26	2.44	2.45	2.35	2.37	1905687	21779946.00
2013/03/27	2.38	2.40	2.33	2.35	1812961	20574772.00
2013/03/28	2.31	2.33	2.24	2.27	1943286	21274064.00
2013/03/29	2.27	2.28	2.25	2.26	1159504	12674230.00
2013/04/01	2.25	2.35	2.22	2.32	2115298	23539742.00
2013/04/02	2.37	2.38	2.27	2.28	2823832	31599166.00
2013/04/03	2.20	2.25	2.13	2.18	1646532	17311584.00
2013/04/08	2.15	2.18	2.10	2.18	970423	10071905.00
2013/04/09	2.19	2.24	2.18	2.20	784177	8351161.50
2013/04/10	2.21	2.21	2.13	2.15	782871	8191066.00
2013/04/11	2.17	2.18	2.14	2.16	980591	10234418.00
2013/04/12	2.16	2.16	2.09	2.10	1002848	10291256.00
2013/04/15	2.08	2.10	2.04	2.04	734732	7319403.50
2013/04/16	2.03	2.09	1.99	2.08	713778	7077750.50
2013/04/17	2.09	2.11	2.07	2.10	733226	7423162.50
2013/04/18	2.08	2.11	2.06	2.09	726182	7368328.00
2013/04/19	2.10	2.15	2.09	2.15	1164684	12028106.00
2013/04/22	2.14	2.17	2.11	2.15	1150827	11908154.00
2013/04/23	2.16	2.17	2.05	2.06	1120436	11400797.00
2013/04/24	2.07	2.11	2.07	2.11	847546	8583149.00
2013/04/25	2.12	2.12	2.06	2.06	972375	9868122.00
2013/04/26	2.06	2.09	2.00	2.00	866469	8531019.00
2013/05/02	1.93	1.98	1.88	1.91	1690316	15861867.00
2013/05/03	1.92	2.05	1.92	2.02	1791626	17426298.00
2013/05/06	2.05	2.07	2.03	2.06	1161311	11545157.00
2013/05/07	2.07	2.07	2.03	2.05	627518	6239362.50
2013/05/08	2.06	2.12	2.06	2.12	1486418	15076013.00
2013/05/09	2.12	2.14	2.07	2.11	1266721	12870828.00
2013/05/10	2.11	2.14	2.10	2.12	1265267	12971814.00
2013/05/13	2.10	2.14	2.08	2.13	1317068	13499675.00
2013/05/14	2.13	2.13	2.07	2.08	816062	8275483.00
2013/05/15	2.09	2.15	2.09	2.15	1326832	13653195.00
2013/05/16	2.15	2.17	2.13	2.17	1651734	17237082.00
2013/05/17	2.19	2.23	2.17	2.22	2226617	23720500.00
2013/05/20	2.23	2.24	2.20	2.22	2111109	22596104.00
2013/05/21	2.22	2.23	2.18	2.22	1943384	20723496.00
2013/05/22	2.22	2.26	2.19	2.23	2419334	26037084.00
2013/05/23	2.22	2.22	2.16	2.16	1665818	17623566.00
2013/05/24	2.18	2.21	2.15	2.20	1439867	15171940.00
2013/05/27	2.21	2.26	2.21	2.23	1808310	19506674.00
2013/05/28	2.23	2.26	2.18	2.26	1720133	18531708.00
2013/05/29	2.27	2.27	2.24	2.26	1371646	14901522.00
2013/05/30	2.25	2.26	2.22	2.26	1333332	14411098.00
2013/05/31	2.26	2.30	2.23	2.24	2055916	22515408.00
2013/06/03	2.23	2.25	2.20	2.21	1076333	11541705.00
2013/06/04	2.19	2.21	2.13	2.14	1276529	13349907.00
2013/06/05	2.15	2.17	2.12	2.15	619845	6420871.00
2013/06/06	2.14	2.16	2.10	2.11	689752	7101500.00
2013/06/07	2.09	2.18	2.09	2.16	1498917	15540060.00
2013/06/13	2.11	2.11	1.99	2.03	1366551	13470787.00
2013/06/14	2.05	2.06	2.01	2.05	879030	8702875.00
2013/06/17	2.04	2.06	2.02	2.04	691993	6837109.00
2013/06/18	2.05	2.06	2.02	2.05	678898	6736729.50
2013/06/19	2.06	2.06	2.01	2.04	606266	5958188.50
2013/06/20	2.05	2.05	1.94	1.95	1001201	9645660.00
2013/06/21	1.92	1.98	1.88	1.96	763509	7121115.50
2013/06/24	1.98	2.16	1.93	2.09	3993436	39447172.00
2013/06/25	2.05	2.08	1.87	2.01	2794977	26822842.00
2013/06/26	1.99	2.07	1.95	2.07	1854308	18041898.00
2013/06/27	2.07	2.13	1.99	2.01	2163866	21621612.00
2013/06/28	2.00	2.05	1.92	1.98	1127964	10825703.00
2013/07/01	2.01	2.02	1.95	2.01	889771	8539964.00
2013/07/02	2.02	2.05	1.99	2.05	1305399	12739010.00
2013/07/03	2.06	2.06	1.98	2.03	1004874	9737785.00
2013/07/04	2.07	2.14	2.06	2.06	2688793	27100528.00
2013/07/05	2.06	2.09	2.03	2.03	1301631	12885409.00
2013/07/08	1.97	1.98	1.87	1.89	1372525	12791739.00
2013/07/09	1.91	1.95	1.89	1.93	839717	7803248.00
2013/07/10	1.95	2.07	1.95	2.07	2508702	24572208.00
2013/07/11	2.06	2.13	2.03	2.09	2981597	29842390.00
2013/07/12	2.09	2.13	2.06	2.07	1875226	18865542.00
2013/07/15	2.08	2.16	2.06	2.15	2582383	26332050.00
2013/07/16	2.13	2.15	2.10	2.13	1713533	17428396.00
2013/07/17	2.12	2.13	2.06	2.06	1677928	16879242.00
2013/07/18	2.05	2.09	2.05	2.06	861159	8550744.00
2013/07/19	2.04	2.25	2.04	2.07	2501387	25551116.00
2013/07/22	2.05	2.17	2.04	2.17	2650867	27239706.00
2013/07/23	2.17	2.23	2.13	2.18	2599095	27153538.00
2013/07/24	2.18	2.25	2.15	2.22	2813016	29867020.00
2013/07/25	2.22	2.34	2.19	2.29	4477807	48483324.00
2013/07/26	2.30	2.37	2.28	2.37	5480314	61174092.00
2013/07/29	2.35	2.41	2.28	2.30	3519560	39100260.00
2013/07/30	2.25	2.54	2.25	2.46	8025727	92840640.00
2013/07/31	2.42	2.50	2.39	2.47	4729985	55138744.00
2013/08/01	2.61	2.61	2.46	2.47	9490437	113563760.00
2013/08/02	2.48	2.73	2.47	2.56	8936390	110324200.00
2013/08/05	2.51	2.55	2.46	2.55	4338580	51525448.00
2013/08/06	2.52	2.61	2.48	2.57	4717009	57294428.00
2013/08/07	2.55	2.63	2.49	2.53	4234143	51430984.00
2013/08/08	2.51	2.56	2.48	2.49	2562727	30703484.00
2013/08/09	2.49	2.53	2.36	2.45	2694484	31618958.00
2013/08/12	2.48	2.50	2.45	2.49	2094069	24634404.00
2013/08/13	2.48	2.54	2.46	2.47	2325307	27637998.00
2013/08/14	2.48	2.50	2.42	2.45	1995766	23295980.00
2013/08/15	2.45	2.56	2.42	2.56	4553165	54288884.00
2013/08/16	2.52	2.65	2.52	2.53	4592180	56218412.00
2013/08/19	2.52	2.56	2.46	2.53	2938036	34954740.00
2013/08/20	2.55	2.65	2.51	2.63	4390059	53806800.00
2013/08/21	2.61	2.67	2.59	2.64	2940262	36575000.00
2013/08/22	2.63	2.63	2.56	2.56	2687045	33019158.00
2013/08/23	2.58	2.60	2.44	2.49	2295925	27542996.00
2013/08/26	2.51	2.57	2.48	2.55	1887038	22730936.00
2013/08/27	2.57	2.61	2.55	2.61	1864528	22943176.00
2013/08/28	2.57	2.65	2.55	2.61	3805562	47093584.00
2013/08/29	2.63	2.88	2.60	2.82	6485147	84352264.00
2013/08/30	2.82	3.08	2.82	2.93	9919683	138740912.00
2013/09/02	2.95	2.95	2.78	2.83	4364522	58286960.00
2013/09/03	2.75	2.83	2.73	2.80	3633329	47583688.00
2013/09/04	2.80	2.99	2.71	2.98	5255492	70814904.00
2013/09/05	2.98	3.02	2.90	2.91	2941887	40969556.00
2013/09/06	2.85	3.02	2.82	2.97	3141553	43486140.00
2013/09/09	2.96	3.00	2.87	2.91	2015770	27975794.00
2013/09/10	2.91	3.09	2.88	3.00	2796125	39643400.00
2013/09/11	2.97	2.99	2.83	2.93	2574798	35299520.00
2013/09/12	2.92	2.94	2.81	2.87	1922467	26144174.00
2013/09/13	2.87	2.97	2.84	2.90	1926870	26320564.00
2013/09/16	2.90	3.10	2.88	3.06	5068807	72606272.00
2013/09/17	3.06	3.16	2.98	2.99	4775714	69123896.00
2013/09/18	2.98	3.03	2.88	3.01	2527528	35201304.00
2013/09/23	3.01	3.07	2.98	3.07	3331319	47595852.00
2013/09/24	3.09	3.09	2.99	3.06	1652351	23668204.00
2013/09/25	3.06	3.06	2.92	2.93	1997276	28083890.00
2013/09/26	2.92	2.93	2.66	2.70	3879507	51107028.00
2013/09/27	2.70	2.78	2.66	2.76	1646355	21266924.00
2013/09/30	2.76	2.84	2.74	2.83	2070419	27447768.00
2013/10/08	2.84	2.88	2.78	2.81	1671002	22241008.00
2013/10/09	2.83	2.89	2.81	2.88	2024300	27428980.00
2013/10/10	2.88	2.91	2.81	2.82	2320259	31320454.00
2013/10/11	2.83	2.87	2.81	2.85	1372037	18417250.00
2013/10/14	2.83	2.84	2.77	2.79	2336829	31040930.00
2013/10/15	2.78	2.85	2.78	2.81	2043826	27129436.00
2013/10/16	2.80	2.83	2.73	2.82	2311130	30359630.00
2013/10/17	3.01	3.12	2.93	2.96	7407212	104951136.00
2013/10/18	2.92	2.92	2.71	2.81	3466130	46158784.00
2013/10/21	2.80	2.88	2.77	2.85	2138490	28652892.00
2013/10/22	2.87	3.01	2.82	3.01	4194137	57860472.00
2013/10/23	2.96	2.99	2.88	2.92	2737078	37979108.00
2013/10/24	2.88	2.91	2.82	2.84	1157448	15651603.00
2013/10/25	2.85	2.86	2.76	2.82	1115084	14842223.00
2013/10/28	2.82	2.83	2.77	2.81	612771	8119368.50
2013/10/29	2.83	2.83	2.55	2.66	1771006	22308094.00
2013/10/30	2.66	2.66	2.58	2.65	763265	9509245.00
2013/10/31	2.65	2.70	2.61	2.62	977825	12316630.00
2013/11/01	2.61	2.65	2.59	2.64	551327	6858799.00
2013/11/04	2.61	2.70	2.61	2.66	417835	5285819.00
2013/11/05	2.66	2.72	2.64	2.71	779146	9959388.00
2013/11/06	2.69	2.80	2.69	2.71	816923	10599331.00
2013/11/07	2.69	2.70	2.58	2.60	655558	8178565.00
2013/11/08	2.58	2.63	2.56	2.60	335322	4131817.50
2013/11/11	2.60	2.68	2.60	2.67	429676	5394711.50
2013/11/12	2.64	2.68	2.64	2.67	546013	6901971.00
2013/11/13	2.66	2.67	2.62	2.62	389665	4875312.00
2013/11/14	2.60	2.68	2.58	2.66	657879	8251611.50
2013/11/15	2.67	2.73	2.66	2.72	815804	10464758.00
2013/11/18	2.74	2.81	2.72	2.77	1039206	13596663.00
2013/11/19	2.79	2.89	2.79	2.81	1312084	17646364.00
2013/11/20	2.80	2.87	2.78	2.84	801774	10715223.00
2013/11/21	2.81	2.84	2.77	2.80	739620	9806393.00
2013/11/22	2.76	2.83	2.76	2.81	412127	5460729.00
2013/11/25	2.81	2.88	2.75	2.77	828901	11077558.00
2013/11/26	2.77	2.80	2.75	2.76	667549	8745513.00
2013/11/27	2.75	2.81	2.75	2.79	1216585	16041215.00
2013/11/28	2.79	2.87	2.78	2.85	1629266	21694728.00
2013/11/29	2.87	2.87	2.81	2.82	1948955	26059114.00
2013/12/02	2.72	2.74	2.52	2.55	2215971	27639958.00
2013/12/03	2.56	2.59	2.53	2.59	741912	9050506.00
2013/12/04	2.61	2.72	2.60	2.68	2055951	26062780.00
2013/12/05	2.65	2.67	2.63	2.63	926947	11639488.00
2013/12/06	2.66	2.66	2.58	2.60	899298	11127368.00
2013/12/09	2.60	2.67	2.60	2.64	790920	9878843.00
2013/12/10	2.71	2.74	2.68	2.71	1564717	20076462.00
2013/12/11	2.70	2.70	2.63	2.64	728724	9155486.00
2013/12/12	2.64	2.67	2.61	2.65	492908	6210986.00
2013/12/13	2.65	2.72	2.64	2.69	888916	11324277.00
2013/12/16	2.73	2.73	2.63	2.64	764876	9679185.00
2013/12/17	2.64	2.67	2.57	2.57	861579	10590827.00
2013/12/18	2.59	2.62	2.57	2.59	576974	7086583.00
2013/12/19	2.61	2.63	2.52	2.53	863735	10552265.00
2013/12/20	2.57	2.57	2.46	2.50	682807	8113654.00
2013/12/23	2.52	2.52	2.46	2.49	333220	3945766.00
2013/12/24	2.53	2.57	2.49	2.55	444485	5365623.50
2013/12/25	2.57	2.57	2.53	2.57	618327	7499562.50
2013/12/26	2.57	2.57	2.50	2.51	480601	5786631.00
2013/12/27	2.51	2.58	2.51	2.57	614589	7452606.00
2013/12/30	2.58	2.63	2.58	2.63	863029	10696340.00
2013/12/31	2.61	2.64	2.60	2.61	684157	8501776.00
2014/01/02	2.60	2.65	2.60	2.64	524847	6530109.00
2014/01/03	2.62	2.64	2.59	2.62	561893	6960241.50
2014/01/06	2.62	2.63	2.51	2.51	598796	7318600.50
2014/01/07	2.51	2.57	2.51	2.56	412241	4974453.00
2014/01/08	2.57	2.61	2.51	2.59	729677	8939539.00
2014/01/09	2.59	2.62	2.52	2.53	584032	7175701.50
2014/01/10	2.53	2.56	2.49	2.51	327646	3927719.50
2014/01/13	2.51	2.57	2.50	2.55	468206	5669643.00
2014/01/14	2.55	2.59	2.54	2.58	483074	5872461.50
2014/01/15	2.60	2.60	2.56	2.58	399935	4896827.00
2014/01/16	2.57	2.60	2.57	2.60	1361254	16706520.00
2014/01/17	2.60	2.62	2.56	2.59	844830	10385073.00
2014/01/20	2.57	2.63	2.57	2.60	981757	12057377.00
2014/01/21	2.60	2.65	2.60	2.62	2116895	26439614.00
2014/01/22	2.63	2.67	2.61	2.66	1835382	23016790.00
2014/01/23	2.65	2.67	2.64	2.65	1281787	16135078.00
2014/01/24	2.65	2.69	2.64	2.67	1221988	15452923.00
2014/01/27	2.66	2.66	2.60	2.63	941591	11749383.00
2014/01/28	2.61	2.65	2.60	2.64	1125821	13986418.00
2014/01/29	2.64	2.73	2.64	2.72	2083953	26574910.00
2014/01/30	2.70	2.74	2.69	2.70	1063369	13635410.00
2014/02/07	2.68	2.80	2.68	2.78	1659213	21657728.00
2014/02/10	2.78	2.86	2.75	2.83	2051774	27252994.00
2014/02/11	2.83	2.85	2.80	2.83	1346951	17982852.00
2014/02/12	2.84	2.90	2.82	2.89	1668521	22577932.00
2014/02/13	2.89	2.93	2.86	2.87	1738730	23711728.00
2014/02/14	2.88	2.98	2.84	2.95	2244172	31127162.00
2014/02/17	2.94	3.02	2.92	2.99	1932764	27248380.00
2014/02/18	2.97	3.10	2.97	3.06	2080570	29792992.00
2014/02/19	3.08	3.08	2.99	3.05	2367633	33782476.00
2014/02/20	3.02	3.05	2.94	2.94	2644823	37142828.00
2014/02/21	2.95	3.01	2.92	2.98	1435221	20078644.00
2014/05/23	3.30	3.30	3.30	3.30	212567	3290537.25
2014/05/26	3.64	3.64	3.64	3.64	134993	2298930.75
2014/05/27	4.02	4.02	4.02	4.02	172995	3240196.25
2014/05/28	4.43	4.43	4.43	4.43	234143	4823346.00
2014/05/29	4.89	4.89	4.89	4.89	3999730	90633880.00
2014/05/30	5.23	5.40	5.23	5.40	24448844	604310080.00
2014/06/03	5.55	5.59	5.28	5.43	18684115	469071360.00
2014/06/04	5.42	5.52	5.29	5.40	10257311	257017248.00
2014/06/05	5.31	5.39	5.07	5.16	14343502	343058304.00
2014/06/06	5.13	5.23	4.94	5.00	12593902	297196704.00
2014/06/09	4.98	5.14	4.93	5.04	9543886	222688064.00
2014/06/10	5.05	5.55	5.05	5.36	20347822	501464544.00
2014/06/11	5.32	5.52	5.29	5.43	12894931	321450720.00
2014/06/12	5.50	5.94	5.47	5.70	15629406	412176288.00
2014/06/13	5.61	5.81	5.56	5.67	11330862	296258080.00
2014/06/16	5.68	5.96	5.48	5.58	13593193	357624832.00
2014/06/17	5.50	5.82	5.49	5.81	11102650	291456864.00
2014/06/18	5.80	5.92	5.41	5.41	9460727	246775712.00
2014/06/19	5.27	5.46	5.00	5.07	7701969	185907776.00
2014/06/20	5.11	5.16	4.97	5.12	4538582	106645680.00
2014/06/23	5.14	5.37	5.12	5.28	5822561	141464960.00
2014/06/24	5.19	5.35	5.06	5.35	7646644	183085536.00
2014/06/25	5.28	5.32	5.16	5.19	4906976	118230952.00
2014/06/26	5.23	5.49	5.21	5.34	6923231	171824704.00
2014/06/27	5.30	5.70	5.25	5.64	9039231	230629968.00
2014/06/30	5.59	5.85	5.51	5.81	7826476	206013168.00
2014/07/01	5.85	5.85	5.66	5.74	4977825	131691064.00
2014/07/02	5.64	5.77	5.46	5.64	5224432	134649488.00
2014/07/03	5.63	5.75	5.57	5.61	3014771	78335936.00
2014/07/04	5.61	6.16	5.55	6.02	9789982	267777792.00
2014/07/07	5.97	6.08	5.82	5.99	5396056	147546256.00
2014/07/08	5.97	6.32	5.86	6.25	6746416	189787792.00
2014/07/09	6.20	6.59	6.09	6.23	7641055	223197920.00
2014/07/10	6.24	6.32	5.99	6.02	5058741	141405536.00
2014/07/11	6.06	6.06	5.74	5.78	4533359	119922672.00
2014/07/14	5.81	5.89	5.73	5.76	3593778	93776160.00
2014/07/15	5.79	5.86	5.65	5.81	3211433	83210320.00
2014/07/16	5.81	5.82	5.23	5.23	9001490	218004160.00
2014/07/17	5.13	5.17	5.02	5.14	2959436	68161792.00
2014/07/18	5.10	5.21	5.10	5.11	2102415	48869252.00
2014/07/21	5.15	5.19	4.97	5.17	2115057	48479304.00
2014/07/22	5.16	5.23	5.12	5.17	2218664	51918028.00
2014/07/23	5.19	5.25	5.04	5.05	2223715	51392456.00
2014/07/24	5.05	5.16	5.02	5.04	1521368	34797356.00
2014/07/25	5.03	5.13	5.01	5.12	1212881	27806028.00
2014/07/28	5.16	5.31	5.11	5.28	2319037	54687104.00
2014/07/29	5.26	5.37	5.25	5.31	1997281	47702640.00
2014/07/30	5.28	5.46	5.25	5.41	2495130	60230600.00
2014/07/31	5.39	5.54	5.37	5.48	2510008	61962296.00
2014/08/01	5.41	5.53	5.33	5.36	2668457	65434212.00
2014/08/04	5.39	5.50	5.34	5.38	1327862	32357064.00
2014/08/05	5.39	5.39	5.10	5.22	2684558	63276100.00
2014/08/06	5.21	5.24	5.09	5.22	2064888	48060212.00
2014/08/07	5.22	5.25	5.03	5.07	3352657	77540168.00
2014/08/08	5.07	5.19	5.02	5.14	2224953	51126164.00
2014/08/11	5.14	5.19	5.08	5.14	2597133	59987828.00
2014/08/12	5.14	5.39	5.11	5.38	4627092	110112288.00
2014/08/13	5.32	5.41	5.23	5.30	2840079	67739696.00
2014/08/14	5.29	5.43	5.27	5.37	3355227	81516336.00
2014/08/15	5.38	5.41	5.28	5.35	2211679	53117552.00
2014/08/18	5.36	5.65	5.30	5.57	4557009	112567592.00
2014/08/19	5.55	5.61	5.46	5.53	3595143	89530632.00
2014/08/20	5.51	5.57	5.49	5.50	1918988	47820212.00
2014/08/21	5.52	5.59	5.42	5.52	2828183	70461504.00
2014/08/22	5.53	5.58	5.47	5.53	2081413	51848288.00
2014/08/25	5.53	5.58	5.47	5.52	2412222	60217644.00
2014/08/26	5.52	5.55	5.11	5.15	2931411	69817528.00
2014/08/27	5.10	5.16	5.06	5.07	1781231	41050556.00
2014/08/28	5.10	5.11	4.72	4.75	3401036	74535680.00
2014/08/29	4.71	4.81	4.70	4.81	1719633	37073044.00
2014/09/01	4.83	5.05	4.81	5.01	2060615	45924376.00
2014/09/02	5.05	5.12	4.99	5.07	1659278	37824624.00
2014/09/03	5.07	5.25	5.02	5.24	2212978	51416212.00
2014/09/04	5.21	5.30	5.15	5.26	2019380	47448196.00
2014/09/05	5.23	5.32	5.18	5.26	1913091	45145912.00
2014/09/09	5.23	5.26	5.12	5.23	1790999	41801076.00
2014/09/10	5.23	5.23	5.06	5.19	2567134	59447164.00
2014/09/11	5.17	5.40	5.13	5.31	4537340	108354496.00
2014/09/12	5.31	5.31	5.20	5.31	2116030	50219776.00
2014/09/15	5.33	5.37	5.22	5.31	2294124	54684708.00
2014/09/16	5.29	5.40	5.10	5.13	3043118	72526792.00
2014/09/17	5.10	5.17	4.95	5.13	1887073	43216656.00
2014/09/18	5.12	5.14	5.06	5.13	1028870	23675304.00
2014/09/19	5.12	5.17	5.08	5.12	1064273	24583502.00
2014/09/22	5.13	5.31	5.13	5.19	1915485	44989412.00
2014/09/23	5.14	5.28	5.14	5.28	2462896	57955716.00
2014/09/24	5.25	5.38	5.23	5.32	2563734	61381620.00
2014/09/25	5.30	5.31	5.13	5.14	2680841	63313080.00
2014/09/26	5.12	5.17	5.03	5.17	1880248	43213572.00
2014/09/29	5.13	5.27	5.13	5.23	1545555	36417204.00
2014/09/30	5.30	5.37	5.22	5.35	2682455	64423016.00
2014/10/08	5.37	5.39	5.28	5.36	1755261	42229544.00
2014/10/09	5.39	5.40	5.23	5.33	1770342	42449340.00
2014/10/10	5.29	5.32	5.21	5.23	1521797	36092772.00
2014/10/13	5.23	5.23	5.07	5.16	1716123	39699952.00
2014/10/14	5.16	5.33	5.11	5.33	1568263	36862380.00
2014/10/15	5.35	5.66	5.35	5.64	6943994	174135264.00
2014/10/16	5.58	5.59	5.41	5.42	3664771	90884656.00
2014/10/17	5.41	5.41	5.10	5.18	2884572	67690384.00
2014/10/20	5.17	5.23	5.06	5.21	1228427	28544858.00
2014/10/21	5.18	5.23	5.12	5.15	1064319	24733196.00
2014/10/22	5.15	5.22	5.09	5.13	1210818	28260626.00
2014/10/23	5.15	5.21	5.11	5.17	1019115	23696402.00
2014/10/24	5.16	5.31	5.15	5.27	1263954	29917890.00
2014/10/27	5.27	5.27	5.10	5.17	986251	23093226.00
2014/10/28	5.20	5.36	5.16	5.35	1648125	39364628.00
2014/10/29	5.43	5.59	5.37	5.51	3732582	92982944.00
2014/10/30	5.52	5.59	5.44	5.48	2538361	63061524.00
2014/10/31	5.47	5.52	5.41	5.45	1338834	32888414.00
2014/11/03	5.49	5.50	5.42	5.47	1648656	40669712.00
2014/11/04	5.32	5.32	5.08	5.29	5295683	123874888.00
2014/11/05	5.18	5.26	5.11	5.20	1158993	27026796.00
2014/11/06	5.20	5.21	5.12	5.16	1233584	28739810.00
2014/11/07	5.16	5.17	5.08	5.09	1879282	43334476.00
2014/11/10	5.07	5.15	5.07	5.13	975358	22509188.00
2014/11/11	5.13	5.16	4.88	5.00	1563983	35345552.00
2014/11/12	4.90	5.03	4.90	5.00	914895	20531050.00
2014/11/13	5.00	5.00	4.66	4.99	5991940	130869072.00
2014/11/14	4.88	4.97	4.55	4.89	5649680	121415664.00
2014/11/17	4.78	4.87	4.74	4.78	2540690	54605208.00
2014/11/18	4.77	4.79	4.72	4.74	1125182	24083002.00
2014/11/19	4.77	5.03	4.72	4.98	3029916	67254464.00
2014/11/20	4.95	5.03	4.90	4.97	1280407	28708684.00
2014/11/21	4.97	4.99	4.92	4.94	1107933	24775734.00
2014/11/24	4.97	4.97	4.81	4.89	1810409	39781372.00
2014/11/25	4.89	4.89	4.79	4.84	1778031	38667252.00
2014/11/26	4.86	5.05	4.86	4.95	2667806	59843652.00
2014/11/27	4.96	4.99	4.88	4.91	1669353	36928600.00
2014/11/28	4.91	5.03	4.79	4.95	2749323	60581268.00
2014/12/01	4.93	4.99	4.80	4.94	3053486	66818464.00
2014/12/02	4.95	5.18	4.93	5.13	6472203	147217312.00
2014/12/03	5.10	5.10	4.95	4.97	3521950	79127616.00
2014/12/18	5.06	5.06	4.47	4.57	6513503	137250288.00
2014/12/19	4.50	4.50	4.22	4.35	5107422	99771600.00
2014/12/22	4.31	4.32	4.11	4.15	3114106	58785312.00
2014/12/23	4.15	4.26	4.12	4.14	1475965	27972958.00
2014/12/24	4.15	4.33	4.15	4.33	2283460	43904540.00
2014/12/25	4.33	4.48	4.32	4.38	1575636	31291426.00
2014/12/26	4.37	4.41	4.27	4.29	1210864	23512394.00
2014/12/29	4.29	4.48	4.22	4.33	2107722	41167232.00
2014/12/30	4.37	4.40	4.24	4.27	1582748	30929156.00
2014/12/31	4.28	4.28	4.16	4.21	1276417	24151408.00
2015/01/05	4.32	4.32	4.14	4.16	1879728	35587308.00
2015/01/06	4.17	4.27	4.03	4.26	2001339	37456416.00
2015/01/07	4.25	4.39	4.22	4.34	1765853	34418888.00
2015/01/15	4.66	4.77	4.55	4.77	1810065	38278356.00
2015/01/16	4.88	4.98	4.70	4.78	5495043	119641400.00
2015/01/19	4.57	4.74	4.43	4.53	2187047	45424956.00
2015/01/20	4.57	4.78	4.52	4.72	2199381	46495888.00
2015/01/21	4.79	4.82	4.68	4.73	1995903	42529892.00
2015/01/22	4.73	4.78	4.63	4.78	1994908	42331744.00
2015/01/23	4.81	5.06	4.79	4.88	4790429	106518296.00
2015/01/26	4.85	5.01	4.79	4.95	2119384	47209328.00
2015/01/27	4.97	4.99	4.86	4.96	2091498	46307320.00
2015/01/28	4.91	4.95	4.88	4.91	1380497	30557992.00
2015/01/29	4.91	4.91	4.77	4.79	1179486	25722606.00
2015/01/30	4.77	5.00	4.77	4.98	3063385	68077584.00
2015/02/02	4.95	5.16	4.91	5.13	2890592	66297672.00
2015/02/03	5.16	5.33	5.06	5.20	4275525	100325296.00
2015/02/04	5.15	5.25	5.06	5.21	2030708	46951604.00
2015/02/05	5.20	5.27	5.10	5.11	1277982	29841902.00
2015/02/06	5.14	5.15	4.88	4.92	1484261	33179336.00
2015/02/09	4.88	4.96	4.79	4.79	857283	18860108.00
2015/02/10	4.75	4.81	4.71	4.79	866567	18636510.00
2015/02/11	4.79	4.92	4.79	4.85	638855	13944442.00
2015/02/12	4.88	4.93	4.78	4.89	1263267	27689314.00
2015/02/13	4.90	4.97	4.88	4.96	1246511	27707064.00
2015/02/16	4.99	5.03	4.93	4.99	1821299	40881720.00
2015/02/17	5.00	5.13	4.95	5.06	1582980	36018880.00
2015/02/25	5.10	5.10	4.93	4.98	1485048	33551444.00
2015/02/26	5.03	5.15	4.96	5.14	2227853	50716000.00
2015/02/27	5.11	5.26	5.07	5.17	2379277	55814764.00
2015/03/02	5.23	5.56	5.13	5.52	5092949	123751608.00
2015/03/03	5.48	5.65	5.41	5.57	3714175	93220872.00
2015/03/04	5.68	6.13	5.59	6.13	4736859	128587752.00
2015/03/05	6.21	6.52	6.13	6.20	4521088	127663432.00
2015/03/06	6.12	6.20	5.91	6.03	3019443	81778840.00
2015/03/09	6.06	6.24	5.99	6.20	2605540	72085616.00
2015/03/10	6.20	6.31	6.14	6.20	1942591	54400696.00
2015/03/11	6.18	6.43	6.06	6.26	3078108	86547104.00
2015/03/12	6.19	6.36	6.14	6.28	2639475	74233696.00
2015/03/13	6.28	6.65	6.28	6.51	3422563	99690440.00
2015/03/16	6.64	6.65	6.40	6.55	2959302	86876080.00
2015/03/17	6.55	6.55	6.41	6.46	2715343	78951064.00
2015/03/18	6.50	6.88	6.50	6.75	2854803	86818984.00
2015/03/19	7.08	7.42	6.82	7.42	5544111	180839664.00
2015/03/20	7.35	7.48	7.16	7.43	3452248	114223920.00
2015/03/23	7.50	7.99	7.43	7.69	3096313	108479824.00
2015/03/24	7.73	7.73	7.26	7.51	3536340	118875648.00
2015/03/25	7.52	7.54	7.29	7.37	2648324	88025192.00
2015/03/26	7.37	7.51	7.01	7.21	2233881	73347280.00
2015/03/27	7.21	7.81	7.17	7.76	2817450	95945704.00
2015/03/30	7.76	7.91	7.55	7.71	2521339	87969936.00
2015/03/31	7.74	7.79	7.46	7.56	2005825	68276072.00
2015/04/01	7.52	7.93	7.49	7.65	2584608	90168032.00
2015/04/02	7.59	7.90	7.59	7.90	2322411	81049416.00
2015/04/03	7.81	7.89	7.70	7.76	1356940	47572276.00
2015/04/07	7.76	7.89	7.65	7.75	2047117	71187216.00
2015/04/08	7.75	7.85	7.48	7.55	2258588	78022232.00
2015/04/09	7.55	7.61	6.88	7.21	2657188	86461248.00
2015/04/10	7.23	7.56	7.11	7.51	2330620	77402536.00
2015/04/13	7.57	7.96	7.45	7.88	3482324	121517328.00
2015/04/14	7.96	7.97	7.50	7.55	3099726	106867864.00
2015/04/15	7.52	7.84	7.40	7.67	3774662	130176792.00
2015/04/16	7.61	7.66	7.10	7.47	1803910	60379632.00
2015/04/17	7.40	7.57	7.23	7.26	2427647	79928624.00
2015/04/20	7.30	7.39	7.11	7.22	2293764	74729184.00
2015/04/21	7.22	7.50	7.18	7.50	1789806	59373344.00
2015/04/22	7.50	7.65	7.41	7.55	1645660	55932352.00
2015/04/23	7.56	7.64	7.41	7.60	1814786	61604684.00
2015/04/24	7.97	7.97	7.42	7.57	3070257	106376176.00
2015/04/27	7.70	7.92	7.59	7.77	3035844	106540976.00
2015/04/28	7.79	7.83	7.32	7.41	2079834	70795688.00
2015/04/29	7.33	7.69	7.18	7.69	2423408	81878736.00
2015/04/30	7.69	8.46	7.68	8.23	5093625	188758448.00
2015/05/04	8.23	8.87	7.99	8.54	4409511	170365984.00
2015/05/05	8.63	8.66	7.77	8.04	3406935	125918504.00
2015/05/06	8.06	8.22	7.45	7.58	2965263	105771736.00
2015/05/07	7.53	7.91	7.45	7.76	2833936	97640984.00
2015/05/08	7.85	8.07	7.77	7.97	2501790	89283360.00
2015/05/11	7.99	8.50	7.89	8.38	3848410	141236480.00
2015/05/12	8.39	8.72	8.16	8.63	4649010	176435888.00
2015/05/13	8.61	8.98	8.21	8.96	5774547	229448800.00
2015/05/14	8.92	9.85	8.83	9.85	4393756	189817104.00
2015/05/15	10.06	10.06	9.50	9.70	2683035	117674992.00
2015/05/18	9.70	9.88	9.49	9.58	1819150	79274504.00
2015/05/19	9.58	9.99	9.54	9.98	3047755	133310744.00
2015/05/20	9.96	10.61	9.92	10.15	3272507	150954176.00
2015/05/21	10.23	10.31	9.95	10.05	2500795	113571664.00
2015/05/22	10.21	10.21	9.63	9.77	3177170	140920576.00
2015/05/25	9.75	9.77	9.32	9.74	3879957	166435216.00
2015/05/26	9.74	10.17	9.73	9.99	3372123	151915280.00
2015/05/27	10.05	10.99	9.59	10.57	4560116	210194576.00
2015/05/28	10.56	11.06	9.52	9.52	5535518	255273968.00
2015/05/29	9.50	9.76	8.66	9.55	4612480	195541360.00
2015/06/01	9.52	10.01	9.52	9.98	3360914	148220272.00
2015/06/02	9.98	10.67	9.98	10.61	4831307	227080224.00
2015/06/03	10.63	11.23	10.50	10.78	4892214	238980688.00
2015/06/04	10.65	11.39	9.99	10.64	3086605	145080848.00
2015/06/05	10.70	11.07	10.22	10.58	3325163	160002928.00
2015/06/08	10.63	10.63	10.24	10.33	3912301	182253952.00
2015/06/09	10.33	10.39	9.70	9.87	3429302	154673968.00
2015/06/10	9.87	10.27	9.61	10.17	2799381	126966936.00
2015/06/11	10.08	10.26	9.89	10.12	1804776	81749840.00
2015/06/12	10.12	10.85	10.12	10.63	4074221	194633008.00
2015/06/15	10.79	11.10	10.55	10.67	3926618	190334432.00
2015/06/16	10.66	10.66	10.06	10.25	2797053	130895000.00
2015/06/17	10.37	10.65	9.75	10.57	2633973	121157160.00
2015/06/18	10.57	11.04	10.36	10.43	3226093	155839712.00
2015/06/19	9.99	9.99	9.38	9.38	4116499	178921712.00
2015/06/23	9.15	9.48	8.44	8.95	3155635	125647064.00
2015/06/24	9.06	9.28	8.77	9.01	2187844	89253360.00
2015/06/25	9.04	9.18	8.21	8.49	2231607	88465464.00
2015/06/26	8.32	8.32	7.64	7.64	2375723	83646128.00
2015/06/29	7.88	7.88	6.88	6.88	4838675	155475824.00
2015/06/30	6.66	7.10	6.19	7.01	6365386	188922992.00
2015/07/01	6.88	7.18	6.41	6.41	5666925	176150496.00
2015/07/02	6.26	6.39	5.77	5.77	5030852	135770912.00
2015/07/03	5.21	5.66	5.19	5.19	4603733	109880312.00
2015/07/06	5.71	5.71	4.67	4.71	8281886	185755920.00
2015/07/07	4.35	5.10	4.24	5.08	8746261	178257744.00
2015/07/15	5.59	5.59	5.59	5.59	187729	4728893.50
2015/07/16	5.45	6.15	5.03	6.03	8196449	208863200.00
2015/07/17	5.99	6.52	5.90	6.29	5824979	165290976.00
2015/07/20	6.27	6.92	6.13	6.92	6868628	202338464.00
2015/07/21	6.73	7.43	6.66	7.09	6344265	204065888.00
2015/07/22	6.95	7.13	6.63	6.91	4651185	144498112.00
2015/07/23	6.88	7.53	6.70	7.25	3547811	112985904.00
2015/07/24	7.36	7.36	6.95	6.99	3409165	110498952.00
2015/07/27	6.70	7.29	6.29	6.29	5302704	163430096.00
2015/07/28	5.74	6.39	5.66	5.86	4343889	116508576.00
2015/07/29	5.90	6.44	5.55	6.44	4279885	116838288.00
2015/07/30	6.66	7.09	6.66	6.99	10135267	319183904.00
2015/07/31	6.67	6.92	6.31	6.46	5826364	175888000.00
2015/08/03	6.23	6.95	6.21	6.65	6125051	184095728.00
2015/08/04	6.82	7.15	6.71	7.14	5504934	170982512.00
2015/08/05	6.88	7.46	6.88	7.20	6388556	208543008.00
2015/08/06	7.10	7.45	7.10	7.21	4165256	136650464.00
2015/08/07	7.34	7.43	7.10	7.37	3917787	128586832.00
2015/08/10	7.37	7.90	7.26	7.78	5551720	191437584.00
2015/08/11	7.92	8.21	7.77	7.88	6120100	219780368.00
2015/08/12	7.69	7.86	7.61	7.86	3628070	126499208.00
2015/08/13	7.83	7.97	7.71	7.93	3129836	111113784.00
2015/08/14	7.97	8.09	7.86	7.89	2879561	103392280.00
2015/08/17	7.85	7.85	7.59	7.77	2635518	91233896.00
2015/08/18	7.68	7.77	6.99	6.99	4189958	138036096.00
2015/08/19	6.86	7.54	6.50	7.37	3979660	124353880.00
2015/08/20	7.32	7.43	7.17	7.17	2265462	74333928.00
2015/08/21	7.01	7.12	6.47	6.50	1991202	60800004.00
2015/08/24	6.00	6.21	5.85	5.85	2176700	57502276.00
2015/08/25	5.26	5.40	5.26	5.26	1560217	37104692.00
2015/09/02	4.73	5.43	4.73	4.73	4949555	107580600.00
2015/09/07	4.79	4.95	4.39	4.50	4467162	96155376.00
2015/09/08	4.50	4.95	4.11	4.66	4803277	95798648.00
2015/09/09	4.69	4.95	4.65	4.89	5253987	114126216.00
2015/09/10	4.88	5.15	4.75	4.95	5292703	119718312.00
2015/09/11	4.89	5.06	4.83	4.94	2978937	66301624.00
2015/09/14	4.99	5.03	4.44	4.44	4281711	90120784.00
2015/09/15	4.23	4.44	4.01	4.02	2928465	55512964.00
2015/09/16	4.10	4.42	4.02	4.41	3641702	69362576.00
2015/09/17	4.37	4.56	4.28	4.33	4056353	81488184.00
2015/09/18	4.37	4.50	4.30	4.42	2385816	47168628.00
2015/09/21	4.38	4.71	4.37	4.68	3953102	81584912.00
2015/09/22	4.72	4.87	4.57	4.81	6404788	135500416.00
2015/09/23	4.69	4.80	4.66	4.73	3858539	82152552.00
2015/09/24	4.81	5.20	4.67	5.20	5716938	127092728.00
2015/09/25	5.19	5.62	5.10	5.37	6900846	167375440.00
2015/09/28	5.52	5.86	5.32	5.76	5240262	132435184.00
2015/09/29	5.52	5.63	5.32	5.37	4767998	117370104.00
2015/09/30	5.46	5.46	5.05	5.18	4556950	106575408.00
2015/10/08	5.37	5.68	5.28	5.57	5207811	128304776.00
2015/10/09	5.57	6.10	5.50	6.03	5715034	149123696.00
2015/10/12	6.02	6.55	5.90	6.17	6348963	176330384.00
2015/10/13	6.04	6.25	5.99	6.15	4327277	119540024.00
2015/10/14	6.05	6.72	6.05	6.50	7480294	218168416.00
2015/10/15	6.48	7.09	6.37	7.08	5515619	165947776.00
2015/10/16	7.15	7.37	6.93	7.05	6269406	202802832.00
2016/04/19	7.76	7.76	7.52	7.76	5548946	193433600.00
2016/04/20	7.99	8.39	7.58	7.74	13639697	488520704.00
2016/04/21	7.51	7.64	7.00	7.01	6936351	227516224.00
2016/04/22	6.87	7.23	6.57	6.94	4433970	137901344.00
2016/04/25	7.10	7.64	7.07	7.64	6401973	212821184.00
2016/04/26	7.56	8.40	7.55	8.36	9109729	336123104.00
2016/04/27	8.19	9.19	7.96	9.19	13916913	536177952.00
2016/05/30	9.19	9.21	8.27	9.21	9114600	360958784.00
2016/05/31	8.88	9.14	8.70	9.00	9351628	375390752.00
2016/06/01	8.83	9.81	8.79	9.73	9846434	412741920.00
2016/06/02	9.66	9.88	9.38	9.56	26475702	458820640.00
2016/06/03	8.72	9.31	8.60	8.69	61972486	978005440.00
2016/06/06	8.53	9.27	8.42	9.01	51336454	828712000.00
2016/06/07	8.88	8.97	8.66	8.72	23160557	366606688.00
2016/06/08	8.71	8.88	8.23	8.42	23048714	353372224.00
2016/06/13	8.27	8.27	7.58	7.58	18045318	257187024.00
2016/06/14	7.39	7.60	7.38	7.43	10006181	134359584.00
2016/06/15	7.37	7.93	7.27	7.81	14106720	196296096.00
2016/06/16	7.82	7.99	7.77	7.82	10201531	144693552.00
2016/06/17	7.85	7.98	7.60	7.77	8969561	125945936.00
2016/06/20	8.05	8.21	7.99	8.08	14256825	207756256.00
2016/06/21	7.99	8.05	7.77	7.80	10191914	145179008.00
2016/06/22	7.65	7.87	7.65	7.83	5949675	83666720.00
2016/06/23	7.77	7.82	7.52	7.55	12337996	169797360.00
2016/06/24	7.60	7.66	7.29	7.46	10049252	136165248.00
2016/06/27	7.46	7.82	7.37	7.78	10915807	151281648.00
2016/06/28	7.73	7.77	7.63	7.75	7494159	104098184.00
2016/06/29	7.77	8.05	7.67	7.93	11389035	160737040.00
2016/06/30	7.94	7.96	7.80	7.84	7023085	99464352.00
2016/07/01	7.85	8.11	7.81	7.96	10808510	155702544.00
2016/07/04	8.07	8.60	8.07	8.57	20737526	316548896.00
2016/07/05	8.63	9.27	8.39	9.15	24752775	392076096.00
2016/07/06	9.12	9.60	8.74	9.38	27151499	454938976.00
2016/07/07	9.38	9.58	9.10	9.23	19669322	329795072.00
2016/07/08	9.16	9.23	8.90	9.10	14932929	243437696.00
2016/07/11	9.10	9.52	9.01	9.09	15173658	253515200.00
2016/07/12	9.09	9.25	8.96	9.18	11907863	196118064.00
2016/07/13	9.26	9.80	9.24	9.50	22923932	393145344.00
2016/07/14	9.57	9.77	9.37	9.77	14039579	241202640.00
2016/07/15	9.99	10.16	9.38	9.58	19360102	336960064.00
2016/07/18	9.75	9.76	8.63	8.77	25219595	410119776.00
2016/07/19	8.74	8.80	8.38	8.80	14389764	221823296.00
2016/07/20	8.80	8.99	8.62	8.95	15068728	239880992.00
2016/07/21	8.90	9.15	8.80	8.88	18197342	295174912.00
2016/07/22	8.96	8.96	8.66	8.70	9767331	153862672.00
2016/07/25	8.70	8.85	8.55	8.85	8173622	127848320.00
2016/07/26	8.93	8.98	8.71	8.87	10045285	160916048.00
2016/07/27	8.83	9.01	8.05	8.53	14112062	218477744.00
2016/07/28	8.08	8.62	8.08	8.55	7415987	113305904.00
2016/07/29	8.53	8.77	8.45	8.73	10864972	168521152.00
2016/08/01	8.67	8.85	8.60	8.75	10250883	160902992.00
2016/08/02	8.76	8.86	8.60	8.65	7114614	112049896.00
2016/08/03	8.63	8.99	8.50	8.98	12032004	189647184.00
2016/08/04	9.38	9.38	8.96	9.03	16633915	272741056.00
2016/08/05	9.02	9.27	8.93	9.13	12339979	203170608.00
2016/08/08	9.05	9.38	8.93	9.29	12555701	208798544.00
2016/08/09	9.38	9.43	9.14	9.21	11504111	191848784.00
2016/08/10	9.14	9.42	8.82	8.88	14802541	242717600.00
2016/08/11	8.86	8.87	8.55	8.60	11329512	177508352.00
2016/08/12	8.60	8.96	8.32	8.93	17429479	273648000.00
2016/08/15	8.88	9.12	8.77	8.95	14097346	228145984.00
2016/08/16	8.95	9.08	8.81	8.96	9796283	157173792.00
2016/08/17	8.89	9.03	8.85	8.96	6559966	105582256.00
2016/08/18	9.00	9.86	8.96	9.86	41020890	699359680.00
2016/08/19	9.80	10.82	9.71	10.33	47661230	869073728.00
2016/08/22	10.32	10.65	10.00	10.41	33272890	622701568.00
2016/08/23	10.55	10.66	10.00	10.30	21472742	403288192.00
2016/08/24	10.21	10.59	9.89	10.41	22428004	412178656.00
2016/08/25	10.48	10.63	10.17	10.46	23371552	440706464.00
2016/08/26	10.32	11.26	10.30	11.11	34506857	674067840.00
2016/08/29	11.07	11.34	10.87	11.10	24112463	481812096.00
2016/08/30	11.20	12.20	11.00	11.92	29995073	630347648.00
2016/08/31	11.80	12.19	11.55	11.78	23805273	509316064.00
2016/09/01	12.09	12.53	11.72	12.28	25406757	554475904.00
2016/09/02	12.42	13.49	12.09	13.24	35461933	821515968.00
2016/09/05	13.26	14.35	13.24	14.08	35819672	897230208.00
2016/09/06	14.06	14.62	13.60	14.05	36919185	940131712.00
2016/09/07	14.16	14.21	13.47	13.60	28871956	717935040.00
2016/09/08	13.82	14.93	13.57	14.93	35524775	904785856.00
2016/09/09	14.88	15.05	14.39	14.60	30247821	800194240.00
2016/09/12	13.88	14.96	13.50	13.67	20246477	514280032.00
2016/09/13	13.87	13.94	12.33	13.12	32387720	761261312.00
2016/09/14	13.02	13.72	12.82	13.33	25277556	606857216.00
2016/09/19	13.63	14.41	13.42	14.29	21648587	546464640.00
2016/09/20	14.15	14.43	13.77	14.07	15783942	400651360.00
2016/09/21	14.10	14.60	13.95	14.15	14959141	384695552.00
2016/09/22	14.31	14.49	13.93	13.95	13464552	343136256.00
2016/09/23	14.18	14.18	12.56	12.56	36987150	854132672.00
2016/09/26	11.99	12.98	11.99	12.60	28127829	631385984.00
2016/09/27	12.44	12.93	12.34	12.65	12386412	283702432.00
2016/09/28	12.62	12.75	12.16	12.25	10969883	243828656.00
2016/09/29	12.28	12.38	11.50	11.77	14071276	302525920.00
2016/09/30	11.77	12.24	11.66	11.82	9903800	213220256.00
2016/10/10	12.10	12.76	12.02	12.67	15716243	353491488.00
2016/10/11	12.81	13.92	12.65	13.71	22985539	553979200.00
2016/10/12	13.66	14.00	13.39	13.72	16171474	399554144.00
2016/10/13	13.88	14.11	13.50	13.99	16337626	408852064.00
2016/10/14	13.91	14.31	13.78	14.05	18217369	461942112.00
2016/10/17	13.88	14.54	13.83	14.30	22287218	571262336.00
2016/10/18	14.18	14.38	13.30	13.78	22646565	563103488.00
2016/10/19	13.82	13.82	13.10	13.49	21591893	522341696.00
2016/10/20	13.46	13.71	13.33	13.60	14203484	346532000.00
2016/10/21	13.46	13.80	13.18	13.41	12358808	299013696.00
2016/10/24	13.45	13.75	13.10	13.46	13629397	330602976.00
2016/10/25	13.59	14.31	13.34	14.05	28553913	709989568.00
2016/10/26	14.20	14.98	13.93	14.34	39711075	1032120640.00
2016/11/03	12.91	13.62	12.91	13.07	46891636	1108136704.00
2016/11/04	12.70	12.90	12.05	12.08	32059023	720239744.00
2016/11/07	12.05	12.52	11.99	12.30	16999665	377949792.00
2016/11/08	12.31	12.41	12.05	12.14	10999418	241257968.00
2016/11/09	12.14	12.20	11.55	11.73	18172403	385080128.00
2016/11/10	11.82	11.88	11.66	11.74	12750415	269640000.00
2016/11/11	11.71	11.81	11.49	11.63	13759244	287315360.00
2016/11/14	11.55	12.43	11.55	12.38	27320478	598778560.00
2016/11/15	12.38	12.47	12.05	12.35	13180856	291261632.00
2016/11/16	12.32	12.46	12.08	12.14	12014175	264264896.00
2016/11/17	12.13	12.13	11.71	11.75	14825480	315847456.00
2016/11/18	11.75	11.97	11.72	11.77	8948266	190745056.00
2016/11/21	11.79	11.94	11.66	11.86	8237510	175247136.00
2016/11/22	11.87	12.82	11.87	12.63	28969230	651981056.00
2016/11/23	12.65	12.90	12.35	12.76	21872359	497861760.00
2016/11/24	12.76	13.21	12.60	12.68	17884520	418407904.00
2016/11/25	12.71	13.13	12.23	13.07	20859035	480186624.00
2016/11/28	12.98	13.43	12.91	13.41	16518621	392429920.00
2016/11/29	13.29	13.63	13.01	13.08	13356160	321117152.00
2016/11/30	13.05	13.24	12.74	13.10	10449509	244129584.00
2016/12/01	13.10	13.66	13.09	13.53	16897226	411000288.00
2016/12/02	13.60	13.85	13.35	13.52	11023222	269607488.00
2016/12/05	13.66	13.68	13.06	13.17	10310904	249109392.00
2016/12/06	14.27	14.30	13.28	13.40	42933861	1067610240.00
2016/12/07	12.82	13.31	12.43	13.05	26544925	613833216.00
2016/12/08	12.82	12.97	12.50	12.56	18752405	429207744.00
2016/12/09	12.49	12.51	11.83	11.98	19262998	419095040.00
2016/12/12	12.05	12.26	11.41	11.49	14270158	305085888.00
2016/12/13	11.43	11.92	11.33	11.80	10269385	216065344.00
2016/12/14	11.66	11.91	11.50	11.61	8465575	178130448.00
2016/12/15	11.55	11.88	11.50	11.73	6700225	141667472.00
2016/12/16	11.78	11.87	11.66	11.84	7450724	158414448.00
2016/12/19	11.82	12.13	11.75	11.90	8414104	181405808.00
2016/12/23	11.93	12.38	11.91	12.00	9594102	209023280.00
2016/12/26	11.66	11.77	10.80	10.97	20529541	404460096.00
2016/12/27	10.57	10.88	10.18	10.63	23514108	443169600.00
2016/12/28	10.42	10.45	10.05	10.07	21218010	391669440.00
2016/12/29	9.82	9.82	9.44	9.60	24325439	422227168.00
2016/12/30	9.51	9.68	9.46	9.63	11909447	205987824.00
2017/01/03	9.68	9.70	9.55	9.64	9542759	165654608.00
2017/01/04	9.66	10.08	9.61	10.07	18004250	320953280.00
2017/01/05	10.03	10.17	9.93	9.94	10726410	194016288.00
2017/01/06	9.92	10.52	9.92	10.24	17924696	330687776.00
2017/01/09	10.17	10.41	10.11	10.21	8372031	154036944.00
2017/01/10	10.21	10.26	9.94	10.00	7713094	139965600.00
2017/01/11	9.97	9.97	9.74	9.81	6921571	122679904.00
2017/01/12	9.85	10.06	9.81	9.87	5178215	92615928.00
2017/01/13	9.90	9.98	9.56	9.65	4869017	85095320.00
2017/01/16	9.65	9.73	8.68	8.87	8541249	139881952.00
2017/01/17	8.87	9.14	8.73	9.08	6155012	99005256.00
2017/01/18	9.02	9.10	8.89	8.97	3705789	59879232.00
2017/01/19	9.00	9.04	8.76	8.77	3883985	62191908.00
2017/01/20	8.69	9.01	8.68	8.93	4014064	64594948.00
2017/01/23	8.96	9.42	8.96	9.29	6891410	115034832.00
2017/01/24	9.27	9.37	9.10	9.10	4548149	75344536.00
2017/01/25	9.14	9.35	9.14	9.32	4988069	83529736.00
2017/01/26	9.37	9.40	9.21	9.32	3565269	59792304.00
2017/02/03	9.35	9.40	9.28	9.31	2974956	50072700.00
2017/02/06	9.34	9.93	9.34	9.67	6994714	122200200.00
2017/02/07	9.60	9.78	9.55	9.59	4549993	78773840.00
2017/02/08	9.59	9.71	9.57	9.66	3880520	67400808.00
2017/02/09	9.70	9.81	9.60	9.77	5006480	87705880.00
2017/02/10	9.75	10.10	9.75	9.98	9589977	171544256.00
2017/02/13	9.88	9.95	9.74	9.84	6704859	118760552.00
2017/02/14	9.84	9.92	9.69	9.73	4991351	87801728.00
2017/02/15	9.73	9.76	9.44	9.45	5870781	101283872.00
2017/02/16	9.37	9.68	9.37	9.57	4595499	79278464.00
2017/02/17	9.57	9.57	9.32	9.33	5587024	94699800.00
2017/02/20	9.37	9.37	9.21	9.29	4820466	80493256.00
2017/02/21	9.28	9.42	9.27	9.40	5675202	95735464.00
2017/02/22	9.41	9.64	9.34	9.64	7835334	133771240.00
2017/02/23	9.60	9.60	9.33	9.45	9100022	154552288.00
2017/02/24	9.35	9.52	9.35	9.46	5496201	93483848.00
2017/02/27	9.46	9.46	9.25	9.27	5670524	95508968.00
2017/02/28	9.27	9.45	9.27	9.33	4878409	82299040.00
2017/03/01	9.32	9.37	9.25	9.27	5742344	96091248.00
2017/03/02	9.24	9.29	9.11	9.12	5719721	94734120.00
2017/03/03	9.17	9.32	9.01	9.31	7523003	124140320.00
2017/03/06	9.25	9.42	9.25	9.36	6919160	116556680.00
2017/03/07	9.35	9.42	9.23	9.33	5509453	92325464.00
2017/03/08	9.30	9.31	9.16	9.20	5376556	89338576.00
2017/03/09	9.16	9.21	9.03	9.05	5786265	94766552.00
2017/03/10	9.01	9.24	9.00	9.13	6377904	105039048.00
2017/03/13	9.13	9.16	9.00	9.06	6235288	101520928.00
2017/03/14	9.05	9.10	8.88	8.90	7972636	128990176.00
2017/03/15	8.88	8.88	8.79	8.87	7892921	125475136.00
2017/03/16	8.88	9.03	8.88	8.95	6594313	106320304.00
2017/03/17	8.97	9.18	8.93	9.03	10875618	177509152.00
2017/03/20	9.00	9.10	8.94	9.03	6483986	105398128.00
2017/03/21	9.06	9.06	8.82	8.93	6269942	101231712.00
2017/03/22	8.82	8.92	8.77	8.77	7014990	111417440.00
2017/03/23	8.78	8.91	8.73	8.84	5305615	84382080.00
2017/03/24	8.86	9.06	8.82	9.02	8606238	138563568.00
2017/03/27	9.02	9.07	8.93	8.94	6793944	110017248.00
2017/03/28	8.91	8.98	8.82	8.86	4627622	74000864.00
2017/03/29	8.87	8.92	8.77	8.83	3785704	60308980.00
2017/03/30	8.80	8.83	8.32	8.42	8078998	124476856.00
2017/03/31	8.43	8.70	8.43	8.56	4626725	71303768.00
2017/04/05	8.78	8.92	8.77	8.90	8565905	136699344.00
2017/04/06	8.84	9.20	8.80	9.18	16763686	273995040.00
2017/04/07	9.22	9.22	8.95	9.02	10703110	174878496.00
2017/04/10	8.98	9.88	8.78	9.52	24052610	406238112.00
2017/04/11	9.39	9.70	9.35	9.65	20440453	351422624.00
2017/04/12	9.49	9.65	9.38	9.51	13218184	225597168.00
2017/04/21	9.46	9.46	8.56	8.82	14920300	243658864.00
2017/04/24	8.66	8.82	7.93	7.93	12198538	179654000.00
2017/04/25	7.92	8.48	7.92	8.05	7885130	116138616.00
2017/04/26	7.98	8.39	7.92	8.28	9490407	139055488.00
2017/04/27	8.13	8.16	7.88	8.07	8056513	116694168.00
2017/04/28	8.10	8.11	7.95	8.00	5004146	72207544.00
2017/05/02	7.98	8.13	7.96	8.03	4814526	69776168.00
2017/05/03	8.07	8.08	7.90	7.97	4888848	70215864.00
2017/05/04	7.88	8.75	7.83	8.37	14618824	220271504.00
2017/05/05	8.22	8.38	8.10	8.15	8116273	120123544.00
2017/05/08	8.13	8.13	7.84	7.85	5093478	73161504.00
2017/05/09	7.81	7.98	7.81	7.94	3357753	47765500.00
2017/05/10	8.05	8.53	7.95	8.06	9727751	144436560.00
2017/05/11	7.82	8.01	7.57	7.89	8517096	119947024.00
2017/05/12	7.86	7.92	7.78	7.89	4463356	63162424.00
2017/05/15	7.86	7.92	7.72	7.76	3602138	50779916.00
2017/05/16	7.06	7.50	7.06	7.43	12068401	158333056.00
2017/05/17	7.32	7.69	7.23	7.52	8447384	114339208.00
2017/05/18	7.41	7.50	7.31	7.32	5451969	72560952.00
2017/05/19	7.43	7.43	7.22	7.25	5936101	78105152.00
2017/05/22	7.21	7.21	6.56	6.58	14090759	173767536.00
2017/05/23	6.58	6.76	6.33	6.36	6165680	72737904.00
2017/11/17	7.00	7.00	6.55	7.00	11764653	82204288.00
2017/11/20	7.18	7.70	7.14	7.70	51129816	385204960.00
2017/11/21	7.94	8.47	7.70	8.47	56156080	458039456.00
2017/11/22	8.89	8.96	8.09	8.13	80257841	684666816.00
2017/11/23	7.89	8.38	7.73	7.84	51979029	417623872.00
2017/11/24	7.61	7.82	7.11	7.33	47673348	356993856.00
2017/11/27	7.31	7.34	6.97	7.14	30909956	221554112.00
2017/11/28	7.14	7.22	6.91	7.21	30580664	217567520.00
2017/11/29	7.18	7.93	7.11	7.52	50069201	379727264.00
2017/11/30	7.19	7.38	7.00	7.22	31693753	227838832.00
2017/12/01	7.17	7.19	7.04	7.13	21688528	154350000.00
2017/12/04	7.04	7.10	6.68	6.69	25993781	178456048.00
2017/12/05	6.67	6.82	6.43	6.58	18234904	121506336.00
2017/12/06	6.58	6.74	6.48	6.72	14890120	98088968.00
2017/12/07	6.69	6.73	6.55	6.61	13361868	88811000.00
2017/12/08	6.60	6.73	6.54	6.66	13636252	90916816.00
2017/12/11	6.62	6.92	6.57	6.78	18209077	122728520.00
2017/12/12	6.70	6.71	6.53	6.54	14021752	92992136.00
2017/12/13	6.49	6.58	6.49	6.55	8101617	53036336.00
2017/12/14	6.54	6.64	6.50	6.56	8755017	57543384.00
2017/12/15	6.55	6.57	6.47	6.48	8336847	54318112.00
2017/12/18	6.44	6.65	6.38	6.51	7835187	51243988.00
2017/12/19	6.47	6.56	6.43	6.53	8917640	58043568.00
2017/12/20	6.49	6.52	6.40	6.43	7198620	46530940.00
2017/12/21	6.44	6.44	6.33	6.41	7557480	48318500.00
2017/12/22	6.41	6.44	6.35	6.40	5693420	36456392.00
2017/12/25	6.39	6.47	6.32	6.46	9373241	59937332.00
2017/12/26	6.41	6.46	6.36	6.42	5132278	32924060.00
2017/12/27	6.42	6.43	6.32	6.37	7561361	48225252.00
2017/12/28	6.38	6.41	6.34	6.37	6613588	42216728.00
2017/12/29	6.39	6.46	6.33	6.39	6000173	38400156.00
2018/01/02	6.38	6.44	6.35	6.39	9820722	62821240.00
2018/01/03	6.38	6.51	6.35	6.49	15079801	97329192.00
2018/01/04	6.50	6.50	6.36	6.39	11103225	71380960.00
2018/01/05	6.37	6.45	6.36	6.38	11784740	75480080.00
2018/01/08	6.38	6.65	6.34	6.58	28457592	184841328.00
2018/01/09	6.55	6.56	6.39	6.43	13561864	87702360.00
2018/01/10	6.41	6.49	6.34	6.39	11764810	75148792.00
2018/01/11	6.36	6.43	6.34	6.39	9178959	58697520.00
2018/01/12	6.37	6.54	6.35	6.45	19797747	128181024.00
2018/01/15	6.39	6.44	6.34	6.36	14507940	92601568.00
2018/01/16	6.33	6.53	6.33	6.42	13569634	87192048.00
2018/01/17	6.33	6.37	6.22	6.34	16208273	102315632.00
2018/01/18	6.33	6.36	6.30	6.36	8082117	51248720.00
2018/01/19	6.34	6.37	6.30	6.37	9296242	58982096.00
2018/01/22	6.35	6.37	6.32	6.35	5892657	37470964.00
2018/01/23	6.36	6.52	6.32	6.39	18249703	117153680.00
2018/01/24	6.33	6.43	6.30	6.38	10978470	69878640.00
2018/01/25	6.36	6.46	6.34	6.36	17736538	113641936.00
2018/01/26	6.35	6.37	6.33	6.36	10658615	67762248.00
2018/01/29	6.35	6.36	6.31	6.36	9242463	58617928.00
2018/01/30	6.37	6.38	6.30	6.34	7372517	46699196.00
2018/01/31	6.32	6.33	6.22	6.28	8549610	53736388.00
2018/02/01	6.27	6.27	5.65	5.69	23568852	137426608.00
2018/02/02	5.59	5.99	5.12	5.99	15841893	85718352.00
2018/04/26	5.45	6.27	5.42	5.57	18927094	110623160.00
2018/04/27	5.59	5.79	5.30	5.37	9892429	54089084.00
2018/05/02	5.47	5.48	5.22	5.41	8603984	46398444.00
2018/05/03	5.41	5.42	5.25	5.29	10104757	53794576.00
2018/05/04	5.33	5.37	5.25	5.27	6684141	35550392.00
2018/05/07	5.25	5.29	5.19	5.29	6267947	33055656.00
2018/05/08	5.25	5.33	5.17	5.19	18539230	97403256.00
2018/05/09	5.17	5.20	4.97	5.00	19338213	97805672.00
2018/05/10	5.02	5.07	4.91	4.96	13307400	66233252.00
2018/05/11	4.97	4.98	4.90	4.92	11013010	54490584.00
2018/05/14	4.93	4.96	4.74	4.75	11853647	57609464.00
2018/05/15	4.72	4.86	4.72	4.83	9204413	44147444.00
2018/05/16	4.82	4.85	4.76	4.78	6257852	30120932.00
2018/05/17	4.78	4.81	4.72	4.73	7617530	36419944.00
2018/05/18	4.75	4.76	4.68	4.72	10698509	50509404.00
2018/05/21	4.73	4.82	4.73	4.81	11759577	56256392.00
2018/05/22	4.81	5.29	4.80	5.29	51557760	269098912.00
2018/05/23	5.22	5.43	5.21	5.27	53371301	284731360.00
2018/05/24	5.20	5.26	5.06	5.08	24982818	128272096.00
2018/05/25	5.10	5.20	4.99	5.00	20429640	103714376.00
2018/05/28	4.96	4.99	4.82	4.87	15006352	73684288.00
2018/05/29	4.88	4.90	4.70	4.71	18490002	88316960.00
2018/05/30	4.59	4.59	4.35	4.36	18298320	82036584.00
2018/05/31	4.43	4.46	4.36	4.41	12182029	53701148.00
2018/06/01	4.39	4.85	4.31	4.85	42923822	205712912.00
2018/06/04	4.94	4.97	4.63	4.66	34015772	162186000.00
2018/06/05	4.66	4.75	4.56	4.68	24005500	111743384.00
2018/06/06	4.49	4.57	4.45	4.50	24570582	110536208.00
2018/06/07	4.54	4.95	4.51	4.95	67384509	331894336.00
2018/06/08	4.90	5.17	4.73	4.83	93633071	465158848.00
2018/06/11	4.78	4.83	4.52	4.72	50473455	234447216.00
2018/06/12	4.70	4.70	4.51	4.67	39765270	183985120.00
2018/06/13	4.61	4.87	4.55	4.66	42615441	202026704.00
2018/06/14	4.65	4.69	4.53	4.61	23879491	110543280.00
2018/06/15	4.58	4.67	4.15	4.23	38950567	170539792.00
2018/06/19	4.03	4.12	3.81	3.81	32723217	129380056.00
2018/06/20	3.85	3.93	3.73	3.90	20546753	79381096.00
2018/06/21	3.91	3.95	3.68	3.70	21138468	80571800.00
2018/06/22	3.77	4.07	3.71	4.07	24350191	98380248.00
2018/06/25	4.28	4.34	4.11	4.12	55126973	232858736.00
2018/06/26	4.01	4.31	4.00	4.22	36624221	154235872.00
2018/06/27	4.22	4.27	4.12	4.12	23186721	97080768.00
2018/06/28	4.10	4.15	3.91	3.95	21743140	88367536.00
2018/06/29	4.11	4.35	4.10	4.18	38660897	163422976.00
2018/07/02	4.18	4.45	4.13	4.27	38292875	162746560.00
2018/07/03	4.26	4.30	4.15	4.29	28355916	120379760.00
2018/07/04	4.30	4.38	4.10	4.15	23807300	99911472.00
2018/07/05	4.17	4.18	3.97	4.02	19343605	78593328.00
2018/07/06	3.99	4.14	3.96	4.04	18416424	74769224.00
2018/07/09	4.05	4.14	4.04	4.12	15272274	62740420.00
2018/07/10	4.15	4.16	4.08	4.14	13463140	55471352.00
2018/07/11	4.04	4.05	3.91	4.00	16878430	67241752.00
2018/07/12	3.97	4.14	3.95	4.13	18003439	73694656.00
2018/07/13	4.12	4.27	4.05	4.16	22079910	91807576.00
2018/07/16	4.18	4.18	4.10	4.12	11544550	47754848.00
2018/07/17	4.13	4.24	4.10	4.20	20256202	84844296.00
2018/07/18	4.19	4.26	4.13	4.15	18261462	76665048.00
2018/07/19	4.15	4.15	4.02	4.06	14675465	59962172.00
2018/07/20	4.04	4.11	4.01	4.09	11222718	45794536.00
2018/07/23	4.09	4.12	4.05	4.11	10698271	43768028.00
2018/07/24	4.11	4.24	4.08	4.22	19300720	80872616.00
2018/07/25	4.23	4.31	4.19	4.21	21109755	89471256.00
2018/07/26	4.24	4.45	4.21	4.33	31379085	135838864.00
2018/07/27	4.34	4.68	4.28	4.44	50388656	225544224.00
2018/07/30	4.43	4.44	4.20	4.34	27424852	117757432.00
2018/07/31	4.25	4.33	4.24	4.31	12974820	55658800.00
2018/08/01	4.31	4.36	4.16	4.17	15573994	66411208.00
2018/08/02	4.13	4.13	3.92	4.02	19697909	79368032.00
2018/08/03	3.99	4.10	3.95	3.96	9159788	36770300.00
2018/08/06	4.03	4.14	3.96	4.02	12009381	48584000.00
2018/08/07	4.02	4.12	3.95	4.11	13307130	53737376.00
2018/08/08	4.07	4.15	4.03	4.04	11705795	47802196.00
2018/08/09	4.00	4.14	4.00	4.12	13754484	56322056.00
2018/08/10	4.11	4.14	4.06	4.12	10506269	43089960.00
2018/08/13	4.07	4.09	4.01	4.09	10851147	43940220.00
2018/08/14	4.09	4.15	4.07	4.10	9196684	37688356.00
2018/08/15	4.10	4.10	4.00	4.01	8979240	36289528.00
2018/08/16	3.95	4.00	3.89	3.92	10749620	42357908.00
2018/08/17	3.95	3.98	3.86	3.87	8247180	32270092.00
2018/08/20	3.88	3.92	3.78	3.89	7822306	30065746.00
2018/08/21	3.87	3.91	3.86	3.88	7610986	29570860.00
2018/08/22	3.88	3.89	3.77	3.80	7777291	29772474.00
2018/08/23	3.78	3.83	3.76	3.80	7609575	28885438.00
2018/08/24	3.81	3.82	3.76	3.77	6449899	24440068.00
2018/08/27	3.79	3.89	3.77	3.88	11300680	43436332.00
2018/08/28	3.88	3.97	3.86	3.90	10427812	40840196.00
2018/08/29	3.93	3.93	3.86	3.89	6300248	24439372.00
2018/08/30	3.89	3.89	3.79	3.80	7368244	28242842.00
2018/08/31	3.84	4.16	3.81	3.89	21851428	86258984.00
2018/09/03	3.79	3.79	3.56	3.67	16267453	59822368.00
2018/09/04	3.66	3.72	3.63	3.68	9401177	34600268.00
2018/09/05	3.67	3.72	3.63	3.64	9281147	34147660.00
2018/09/06	3.61	3.62	3.51	3.54	18096368	64317924.00
2018/09/07	3.57	3.59	3.47	3.53	13030499	46103304.00
2018/09/10	3.50	3.54	3.41	3.42	12335974	42791252.00
2018/09/11	3.41	3.48	3.36	3.46	11915000	40695448.00
2018/09/12	3.45	3.63	3.44	3.51	16733187	59272056.00
2018/09/13	3.51	3.56	3.48	3.54	9226207	32437634.00
2018/09/14	3.54	3.55	3.47	3.48	6546192	22923222.00
2018/09/17	3.48	3.49	3.43	3.45	6365919	21967766.00
2018/09/18	3.43	3.56	3.42	3.52	11489439	40315536.00
2018/09/19	3.53	3.59	3.51	3.56	11919132	42420968.00
2018/09/20	3.53	3.62	3.52	3.62	15635774	55892996.00
2018/09/21	3.74	3.87	3.63	3.65	31281358	116237728.00
2018/09/25	3.60	3.61	3.56	3.61	14634260	52489240.00
2018/09/26	3.59	3.76	3.57	3.65	29460010	107565496.00
2018/09/27	3.61	3.62	3.49	3.49	21174520	75027560.00
2018/09/28	3.49	3.53	3.47	3.49	8676290	30304912.00
2018/10/08	3.46	3.57	3.42	3.43	14512556	50825032.00
2018/10/09	3.44	3.50	3.40	3.45	9865857	33984640.00
2018/10/10	3.45	3.47	3.40	3.46	6974560	24028350.00
2018/10/11	3.35	3.36	3.11	3.14	16773060	54072140.00
2018/10/12	3.10	3.15	3.00	3.12	10636678	32923004.00
2018/10/15	3.15	3.20	3.10	3.10	6419500	20255578.00
2018/10/16	3.07	3.14	3.01	3.05	6812400	20886508.00
2018/10/17	3.11	3.12	3.02	3.10	7811021	24054208.00
2018/10/18	3.08	3.08	2.98	3.00	7947445	23980788.00
2018/10/19	2.95	3.06	2.90	3.05	9671184	29064012.00
2018/10/22	3.08	3.26	3.08	3.20	15934175	50685300.00
2018/10/23	3.18	3.25	3.13	3.15	11342087	36048440.00
2018/10/24	3.14	3.21	3.12	3.18	7923940	25174732.00
2018/10/25	3.06	3.29	3.04	3.27	13617391	43030124.00
2018/10/26	3.29	3.34	3.22	3.25	14256720	46545500.00
2018/10/29	3.24	3.26	3.19	3.22	8878143	28604278.00
2018/10/30	3.21	3.31	3.17	3.27	11030092	35805972.00
2018/10/31	3.28	3.50	3.28	3.33	36662755	124062144.00
2018/11/01	3.30	3.44	3.28	3.37	28379814	95756880.00
2018/11/02	3.41	3.50	3.39	3.47	26118810	89753344.00
2018/11/05	3.50	3.54	3.42	3.52	24682785	86032432.00
2018/11/06	3.62	3.85	3.54	3.67	56830801	208259408.00
2018/11/07	3.60	3.65	3.52	3.53	34542138	123619480.00
2018/11/08	3.56	3.57	3.47	3.47	18359005	64655660.00
2018/11/09	3.49	3.56	3.46	3.47	15348020	53886624.00
2018/11/12	3.45	3.67	3.45	3.65	32088285	115543816.00
2018/11/13	3.61	4.02	3.61	4.02	69607917	273425600.00
2018/11/14	4.10	4.41	4.07	4.14	103806974	436125248.00
2018/11/15	4.14	4.19	4.05	4.10	48468164	198199712.00
2018/11/16	4.14	4.51	4.06	4.51	85137519	365765792.00
2018/11/19	4.48	4.95	4.33	4.71	100268423	462983840.00
2018/11/20	4.57	4.65	4.28	4.31	58550840	261763440.00
2018/11/21	4.22	4.52	4.18	4.49	48061983	212508384.00
2018/11/22	4.59	4.60	4.39	4.44	34626116	155084896.00
2018/11/23	4.39	4.39	4.02	4.12	40564662	170514832.00
2018/11/26	4.17	4.26	4.09	4.18	21473290	89634568.00
2018/11/27	4.20	4.24	4.05	4.12	25464836	105234640.00
2018/11/28	4.15	4.19	4.01	4.19	27727728	114319728.00
2018/11/29	4.19	4.21	3.93	3.93	28085843	114392360.00
2018/11/30	3.90	4.03	3.90	4.01	20592822	81788416.00
2018/12/03	4.16	4.23	4.11	4.17	27114307	113057072.00
2018/12/04	4.19	4.20	4.09	4.18	21754820	90316288.00
2018/12/05	3.88	3.98	3.80	3.89	35980470	140426352.00
2018/12/06	3.86	3.93	3.80	3.80	19694576	75774936.00
2018/12/07	3.81	3.85	3.67	3.76	20873909	78259552.00
2018/12/10	3.72	3.82	3.66	3.74	11818774	44335544.00
2018/12/11	3.75	3.80	3.71	3.76	12030193	45229788.00
2018/12/12	3.78	3.79	3.70	3.75	12242583	45765432.00
2018/12/13	3.76	3.84	3.71	3.77	18734286	70877464.00
2018/12/14	3.77	3.82	3.64	3.64	17378862	65078072.00
2018/12/17	3.63	3.71	3.56	3.68	14480958	52829228.00
2018/12/18	3.73	3.75	3.65	3.72	11884406	44099768.00
2018/12/19	3.71	3.71	3.61	3.62	12217221	44533296.00
2018/12/20	3.66	3.82	3.63	3.82	26954208	101232464.00
2018/12/21	3.80	3.86	3.75	3.79	20101291	76295040.00
2018/12/24	3.77	3.79	3.68	3.73	14531780	54282408.00
2018/12/25	3.68	3.68	3.47	3.59	19439352	69176160.00
2018/12/26	3.60	3.63	3.51	3.54	15777891	56183772.00
2018/12/27	3.59	3.62	3.26	3.31	27285697	93881200.00
2018/12/28	3.30	3.42	3.26	3.37	19217164	64324808.00
2019/01/02	3.39	3.42	3.34	3.35	15477421	52302776.00
2019/01/03	3.40	3.42	3.33	3.34	11854936	39978848.00
数据来源:通达信
