002836 新宏泽 日线 前复权
      日期	    开盘	    最高	    最低	    收盘	    成交量	    成交额
2016/12/29	4.51	5.48	4.51	5.48	5191	60095.88
2016/12/30	6.06	6.06	6.06	6.06	3100	39742.00
2017/01/03	6.70	6.70	6.70	6.70	2800	39480.00
2017/01/04	7.41	7.41	7.41	7.41	1000	15510.00
2017/01/05	8.18	8.18	8.18	8.18	5300	90418.00
2017/01/06	9.04	9.04	9.04	9.04	6500	122005.00
2017/01/09	9.98	9.98	9.98	9.98	7073	146057.45
2017/01/10	11.01	11.01	11.01	11.01	2200	49984.00
2017/01/11	12.15	12.15	12.15	12.15	19500	487305.00
2017/01/12	13.40	13.40	13.40	13.40	89459	2459228.00
2017/01/13	14.77	14.77	14.77	14.77	311534	9420788.00
2017/01/16	16.28	16.28	16.28	16.28	594913	19786806.00
2017/01/17	17.95	17.95	17.95	17.95	203500	7446065.00
2017/01/18	19.78	19.78	19.78	19.78	90100	3626525.00
2017/01/19	18.66	21.78	18.16	19.14	14285408	556365952.00
2017/01/20	18.40	20.04	18.28	19.53	11381874	448445344.00
2017/01/23	19.30	20.44	19.16	20.25	7323210	296823264.00
2017/01/24	20.15	20.30	19.31	20.24	5859765	237172144.00
2017/01/25	20.13	21.50	19.93	21.15	7375048	309584064.00
2017/01/26	21.15	22.00	20.65	21.70	6081801	262434688.00
2017/02/03	21.65	22.60	21.05	21.64	5014430	220273904.00
2017/02/06	21.71	22.60	21.44	22.60	5733951	255730720.00
2017/02/07	22.60	23.65	22.05	22.81	5646625	261382960.00
2017/02/08	22.85	23.33	22.41	23.23	4741565	219979632.00
2017/02/09	23.09	23.56	22.51	23.19	4905989	228875232.00
2017/02/10	23.24	23.34	22.28	22.29	3417155	158559072.00
2017/02/13	22.59	23.59	22.23	23.39	4885094	227794736.00
2017/02/14	23.65	24.56	23.13	24.40	5115059	247459584.00
2017/02/15	24.45	26.00	24.18	24.57	5518202	278291936.00
2017/02/16	24.50	25.04	23.95	24.80	4141479	205925728.00
2017/02/17	24.84	26.43	24.00	24.68	3771700	191745648.00
2017/02/20	24.93	25.55	24.04	24.86	3791656	190851744.00
2017/02/21	25.15	25.15	24.51	24.81	3038820	152650608.00
2017/02/22	24.79	24.95	24.25	24.31	2692642	134059888.00
2017/02/23	24.49	26.55	24.29	25.95	5484982	281636576.00
2017/02/24	25.94	26.47	25.41	25.76	3013660	157932208.00
2017/02/27	25.46	25.65	24.95	25.18	2225921	113923768.00
2017/02/28	25.04	25.34	24.22	24.56	2306051	116254584.00
2017/03/01	24.56	25.29	24.40	24.62	1432827	72202752.00
2017/03/02	24.56	24.83	24.06	24.64	1378000	68519200.00
2017/03/03	24.56	24.96	24.40	24.95	1186203	59471328.00
2017/03/06	25.05	26.02	25.05	25.59	2295403	119513400.00
2017/03/07	25.55	26.29	25.40	25.88	1749647	91141176.00
2017/03/08	25.94	26.65	25.42	25.71	2307404	122140336.00
2017/03/09	25.65	25.70	24.73	25.09	1895884	97131232.00
2017/03/10	27.63	27.63	26.91	27.63	12029131	670670912.00
2017/03/13	28.59	30.43	28.16	30.43	13182211	784500672.00
2017/03/14	29.49	30.65	29.23	30.65	9196510	557176064.00
2017/03/15	30.95	33.65	30.95	31.40	10606455	695124608.00
2017/03/16	32.45	34.58	31.90	34.58	7971023	533237408.00
2017/03/17	35.65	38.07	35.15	36.42	9717509	718793216.00
2017/03/20	36.44	40.10	36.15	40.10	7429380	577348416.00
2017/03/21	40.82	42.95	38.30	40.66	10175039	834366912.00
2017/03/22	40.65	44.33	39.65	43.23	8382540	699420544.00
2017/03/23	42.15	43.52	38.87	38.90	9675125	787386048.00
2017/03/24	39.57	40.50	38.00	39.23	7682836	609274048.00
2017/03/27	38.65	40.60	37.65	40.04	6694993	533094592.00
2017/03/28	39.64	40.00	36.68	38.50	7066630	546605568.00
2017/03/29	38.39	38.90	37.23	38.85	5026462	388020480.00
2017/03/30	37.65	37.95	34.93	34.93	5975900	432588640.00
2017/03/31	35.15	36.94	34.66	36.01	5318787	385969344.00
2017/04/05	34.15	34.40	32.38	33.86	4929628	330822624.00
2017/04/06	33.41	37.28	33.41	37.28	7042088	511741088.00
2017/04/07	36.15	37.10	34.99	35.80	5834956	424241920.00
2017/04/10	32.21	34.13	32.19	32.91	5580212	368300256.00
2017/04/11	32.60	35.64	32.29	34.19	4335117	300097568.00
2017/04/12	34.14	34.15	30.81	32.05	3973670	255965424.00
2017/04/13	31.80	32.79	30.62	30.80	3187240	203500880.00
2017/04/14	30.75	33.91	29.75	32.10	12135644	402883232.00
2017/04/17	28.95	30.23	28.87	28.87	3070900	89922072.00
2017/04/18	26.35	27.65	25.96	25.96	9175414	245543168.00
2017/04/19	25.65	27.21	25.41	26.85	8797400	236303168.00
2017/04/20	26.47	26.70	24.16	25.86	8303766	213750464.00
2017/04/21	25.90	26.56	25.00	25.35	5869090	152773312.00
2017/04/24	24.25	24.75	22.89	24.23	6145700	147791312.00
2017/04/25	24.63	26.25	24.16	24.97	7557632	191875984.00
2017/04/26	25.25	27.49	25.05	27.49	4325474	117852064.00
2017/04/27	28.70	30.26	27.85	30.26	18044044	529437024.00
2017/04/28	31.44	33.31	30.30	33.31	16648954	541654016.00
2017/05/02	33.31	36.56	31.85	35.75	18768578	651853376.00
2017/05/03	35.62	39.35	34.55	39.35	14405327	546480256.00
2017/05/04	38.56	41.75	36.84	39.73	22822352	895036480.00
2017/05/05	38.11	39.13	35.75	35.76	17809601	667675136.00
2017/05/08	36.80	38.77	35.88	36.84	17288479	648926464.00
2017/05/09	35.75	40.55	35.05	40.55	17576760	674839360.00
2017/05/10	42.08	44.25	40.56	41.49	25152972	1068438528.00
2017/05/11	37.32	38.75	37.32	37.78	18217591	691043456.00
2017/05/12	37.55	39.73	37.41	38.96	16011464	626755648.00
2017/05/15	37.61	42.66	35.86	40.73	19992360	786652544.00
2017/05/16	39.83	44.83	39.59	44.83	19659701	838478080.00
2017/05/17	46.75	47.53	42.32	43.03	23761624	1068557760.00
2017/05/18	40.76	44.75	40.76	43.05	16377598	714407168.00
2017/05/19	41.63	42.55	38.76	39.55	14293667	581088448.00
2017/05/22	40.10	40.75	36.86	37.63	10406698	406405696.00
2017/05/23	37.32	37.91	33.98	34.26	10009556	363191616.00
2017/05/24	34.43	35.25	33.20	34.70	9030800	312938432.00
2017/05/25	35.15	35.63	31.75	33.41	9645899	326751584.00
2017/05/26	33.04	36.78	32.04	36.78	13775223	480376448.00
2017/05/31	38.25	40.48	37.74	38.92	18474698	729483264.00
2017/06/01	38.85	38.85	35.00	35.20	12076761	444807584.00
2017/06/02	33.75	38.75	33.75	38.75	13562087	505209472.00
2017/06/05	39.34	41.74	38.75	39.10	18271249	733067776.00
2017/06/06	37.27	41.55	37.21	40.69	16315827	656896000.00
2017/06/07	40.27	44.05	40.27	42.73	18444235	783245440.00
2017/06/08	42.19	42.25	40.21	41.06	15338989	636393216.00
2017/06/09	40.05	42.35	39.77	40.18	10816897	447299680.00
2017/06/12	39.14	39.65	37.30	37.57	9840219	377494272.00
2017/06/13	37.75	40.65	37.75	40.19	10894944	431442272.00
2017/06/14	39.74	40.01	38.55	38.67	8232714	324425056.00
2017/06/15	38.34	40.10	38.34	38.37	7489549	294455840.00
2017/06/16	38.55	39.53	37.51	38.40	7189613	278371360.00
2017/06/19	37.45	38.28	37.25	37.63	5582824	211650784.00
2017/06/20	37.75	39.72	37.56	38.74	9352516	365778048.00
2017/06/21	38.05	38.64	37.42	38.17	5870240	224200560.00
2017/06/22	38.35	40.71	38.35	38.82	11534299	459037856.00
2017/06/23	37.05	39.73	35.75	38.82	8989252	341169664.00
2017/06/26	38.63	39.05	37.75	38.18	5071366	194895296.00
2017/06/27	38.03	38.58	37.35	37.76	4729663	180446320.00
2017/06/28	37.63	37.75	36.80	36.95	4304962	160710864.00
2017/06/29	37.26	37.38	36.55	36.60	3911000	144915648.00
2017/06/30	36.65	37.51	36.43	36.75	3888763	144994544.00
2017/07/03	36.75	36.75	35.76	35.96	4035488	146257232.00
2017/07/04	36.24	36.48	35.79	36.15	3187625	115731496.00
2017/07/05	36.16	36.65	35.97	36.43	3588795	131303984.00
2017/07/06	36.43	36.43	35.26	35.48	5029700	180742496.00
2017/07/07	35.35	36.61	34.96	35.83	5249349	190113504.00
2017/07/10	35.35	35.35	33.23	33.55	5719400	197244144.00
2017/07/11	33.54	34.05	31.86	32.03	4379650	144469056.00
2017/07/12	31.85	33.80	29.95	32.90	7498936	241288320.00
2017/07/13	32.28	32.65	31.39	31.40	3851823	123411656.00
2017/07/14	31.38	33.75	30.60	32.83	7505007	248380576.00
2017/07/17	31.93	32.55	29.52	29.52	6304600	194052176.00
2017/07/18	28.96	30.35	28.96	29.98	3973699	119472328.00
2017/07/19	29.60	30.25	29.30	30.05	3805700	114573880.00
2017/07/20	30.03	31.13	29.15	29.93	3777900	115515056.00
2017/07/21	30.05	30.27	28.75	28.88	3414999	101594392.00
2017/07/24	28.23	28.84	27.81	28.55	3681880	104886064.00
2017/07/25	28.55	31.43	28.27	31.43	8568129	263081152.00
2017/07/26	32.25	34.02	31.25	33.19	12999450	431021920.00
2017/07/27	32.84	36.53	31.85	36.53	15629125	543360768.00
2017/07/28	36.53	36.53	34.55	34.63	12370575	441041536.00
2017/07/31	34.87	36.25	34.15	34.38	8502725	300663232.00
2017/08/01	34.94	35.05	33.22	33.88	7469032	253610272.00
2017/08/02	33.65	34.25	33.25	33.97	6390486	217246992.00
2017/08/03	33.75	35.65	33.25	34.72	9062134	315596128.00
2017/08/04	34.13	34.74	32.75	32.78	6248700	211935120.00
2017/08/07	32.39	32.71	30.95	31.54	5952833	189623920.00
2017/08/08	31.83	32.12	31.02	31.27	3597252	113892112.00
2017/08/09	31.30	32.00	31.15	31.60	3837440	122100016.00
2017/08/10	31.48	31.51	29.98	30.14	4337699	133818360.00
2017/08/11	29.75	31.75	29.45	30.75	5963698	186724224.00
2017/08/14	30.45	31.38	30.35	31.21	3640800	113902368.00
2017/08/15	31.05	32.61	30.90	31.93	5499300	176765888.00
2017/08/16	31.35	34.00	31.27	33.02	8521051	283893152.00
2017/08/17	32.40	33.00	31.93	32.25	6034592	196469840.00
2017/08/18	31.75	32.61	31.50	31.50	4032500	129576056.00
2017/08/21	31.45	31.90	31.25	31.74	2868800	91323400.00
2017/08/22	31.62	31.74	30.77	30.94	3506073	109942840.00
2017/08/23	30.93	31.63	30.56	31.13	2873050	89955536.00
2017/08/24	30.90	31.25	29.85	30.10	3533424	108340480.00
2017/08/25	29.86	30.65	29.80	30.55	2964400	90988664.00
2017/08/28	30.38	31.66	30.38	31.37	4723123	148527296.00
2017/08/29	31.74	32.25	31.46	31.52	5659600	181475424.00
2017/08/30	31.02	31.48	30.65	30.76	3690892	114814048.00
2017/08/31	30.77	31.49	30.77	31.20	3717826	116910728.00
2017/09/01	31.55	31.81	31.01	31.07	4250379	134714272.00
2017/09/04	30.75	31.03	30.27	30.57	3458383	106268368.00
2017/09/05	30.45	31.19	30.45	30.94	2595100	80842952.00
2017/09/06	30.90	30.90	30.18	30.33	3168979	96965696.00
2017/09/07	30.24	32.39	30.14	31.45	7676176	243734160.00
2017/09/08	30.78	31.59	30.74	30.86	3860197	120649136.00
2017/09/11	30.69	31.34	30.65	31.06	3142500	98083712.00
2017/09/12	31.06	31.06	30.25	30.50	3629495	111722672.00
2017/09/13	30.60	30.73	30.23	30.56	2098750	64445440.00
2017/09/14	30.48	30.74	30.09	30.29	2531750	77486704.00
2017/09/15	30.29	30.41	29.80	29.88	2046135	61761828.00
2017/09/18	29.91	30.55	29.91	30.15	1653550	50390056.00
2017/09/19	30.15	30.15	29.65	29.69	2030701	61122716.00
2017/09/20	29.69	31.50	29.33	30.55	4528083	138666960.00
2017/09/21	30.27	30.52	29.75	29.76	2533201	76658952.00
2017/09/22	29.85	29.95	29.55	29.87	1532600	46046036.00
2017/09/25	30.05	30.15	29.36	29.40	1309800	39235348.00
2017/09/26	29.40	29.67	28.66	28.85	1866234	54427228.00
2017/09/27	28.85	29.05	28.80	28.95	1203000	35088096.00
2017/09/28	28.95	29.03	28.46	28.48	1594500	46241084.00
2017/09/29	28.37	29.25	28.36	28.84	1692782	49432076.00
2017/10/09	29.31	29.61	28.90	29.11	1451681	42670200.00
2017/10/10	29.07	30.75	27.78	30.13	4053900	121756544.00
2017/10/11	29.83	31.24	29.44	31.01	6916465	214290528.00
2017/10/12	30.41	30.95	30.02	30.21	3462200	105969816.00
2017/10/13	30.21	31.55	29.80	30.23	4248834	131811688.00
2017/10/16	29.75	30.18	28.75	28.85	3410237	101093056.00
2017/10/17	28.63	29.61	28.63	28.94	1638460	48166508.00
2017/10/18	28.85	29.24	28.35	28.46	1615379	46854756.00
2017/10/19	28.44	28.70	27.64	27.70	1943800	55000176.00
2017/10/20	27.70	28.01	27.65	27.99	988500	27804302.00
2017/10/23	28.03	30.81	28.03	29.87	4960200	148688848.00
2017/10/24	29.93	30.07	28.80	29.05	2770458	81756136.00
2017/10/25	29.02	29.28	28.81	29.08	1535000	45043580.00
2017/10/26	28.96	29.30	28.76	28.90	1272101	37222780.00
2017/10/27	28.92	29.20	28.26	28.34	1735337	50089036.00
2017/10/30	27.95	28.44	27.68	27.75	1624400	45688040.00
2017/10/31	27.68	28.85	27.68	28.20	1455900	41473220.00
2017/11/01	27.88	28.54	27.88	28.07	1264300	35939940.00
2017/11/02	28.07	28.29	27.67	27.76	1244000	35036772.00
2017/11/03	27.93	28.41	27.71	27.90	1096400	30904072.00
2017/11/06	27.52	28.25	27.52	28.13	1277344	35941692.00
2017/11/07	27.97	28.13	27.65	27.83	1263267	35405368.00
2017/11/08	27.80	28.14	27.73	27.91	1247200	35105172.00
2017/11/09	27.75	28.05	27.70	27.82	1033400	29000080.00
2017/11/10	27.82	27.92	27.55	27.55	1259700	35158800.00
2017/11/13	27.55	27.95	27.41	27.61	1201634	33576300.00
2017/11/14	27.74	27.80	25.43	26.12	3125834	83651736.00
2017/11/15	26.11	26.11	25.25	25.30	1633679	42205000.00
2017/11/16	25.34	25.73	24.85	24.98	1130146	28984660.00
2017/11/17	24.93	25.24	22.55	22.71	2709400	64603128.00
2017/11/20	22.71	22.85	20.85	22.13	1716500	38012348.00
2017/11/21	22.52	22.55	21.82	22.07	1172500	26212072.00
2017/11/22	22.01	22.41	21.94	22.13	1151600	25791888.00
2017/11/23	22.10	22.10	20.61	20.62	1717446	37094932.00
2017/11/24	20.62	21.09	20.41	20.77	1106754	23307034.00
2017/11/27	20.85	21.55	20.75	21.05	1459608	31267932.00
2017/11/28	21.19	23.05	21.19	22.63	3644601	82587408.00
2017/11/29	22.43	22.46	21.41	22.11	2423808	54041728.00
2017/11/30	21.84	22.35	21.78	22.11	1525200	34191204.00
2017/12/01	22.05	22.42	21.85	22.21	1170900	26262184.00
2017/12/04	21.99	21.99	20.55	20.83	1836200	39306240.00
2017/12/05	20.64	21.04	19.11	19.32	1762300	35779404.00
2017/12/06	19.05	19.75	19.05	19.71	1417400	27871724.00
2017/12/07	19.90	20.35	19.65	19.97	1650879	33343606.00
2017/12/08	20.26	20.40	19.90	19.97	1461093	29910280.00
2017/12/11	20.02	20.34	19.56	20.21	1068092	21772912.00
2017/12/12	19.95	20.35	19.45	19.63	1775892	35397752.00
2017/12/13	19.51	19.94	19.51	19.94	1594192	31931572.00
2017/12/14	19.94	20.20	19.75	20.20	1324600	26784484.00
2017/12/15	21.75	22.25	21.53	22.25	4667729	104248264.00
2017/12/18	22.25	22.25	21.15	21.24	5452234	119448592.00
2017/12/19	21.07	21.73	20.91	21.57	3441295	73912480.00
2017/12/20	21.15	21.32	20.86	21.12	2184995	46511976.00
2017/12/21	21.06	21.54	20.96	21.15	2302442	49538960.00
2017/12/22	20.95	20.95	19.77	20.17	2931302	59847224.00
2017/12/25	19.97	19.97	19.25	19.26	2130500	41865780.00
2017/12/26	19.24	19.25	17.51	18.71	2982286	55653624.00
2017/12/27	18.62	20.42	18.28	19.13	2966734	58453948.00
2017/12/28	18.33	20.13	18.30	19.30	3014487	58214072.00
2017/12/29	19.41	19.44	18.76	19.01	1615686	31135634.00
2018/01/02	19.63	19.64	19.12	19.29	1432360	28023712.00
2018/01/03	18.95	19.95	18.95	19.95	2727984	54059900.00
2018/01/04	19.93	19.94	19.33	19.50	1783134	35353292.00
2018/01/05	19.50	19.72	19.18	19.19	1244559	24373542.00
2018/01/08	19.25	19.25	18.80	19.07	1326000	25464600.00
2018/01/09	19.05	19.73	18.97	19.31	1588992	31082016.00
2018/01/10	19.15	19.30	18.55	19.08	1568926	30113568.00
2018/01/11	19.20	19.44	18.80	19.21	1496300	29045846.00
2018/01/12	19.35	19.73	19.28	19.46	2393860	47327068.00
2018/01/15	19.48	19.63	18.55	18.64	1933400	37188856.00
2018/01/16	18.64	19.18	18.64	18.95	1128700	21616284.00
2018/01/17	18.76	19.37	18.76	19.34	1806834	35094704.00
2018/01/18	19.54	19.55	19.00	19.10	1309400	25387308.00
2018/01/19	19.15	19.29	18.95	19.15	1102635	21358980.00
2018/01/22	18.97	20.73	18.95	19.64	3912834	78305960.00
2018/01/23	19.47	21.63	19.17	21.63	9700896	205681920.00
2018/01/24	20.92	21.28	20.35	21.13	7643036	161181008.00
2018/01/25	20.61	20.98	20.51	20.65	4289165	89888328.00
2018/01/26	20.57	20.75	20.10	20.17	3234434	66829308.00
2018/01/29	20.18	20.53	19.95	20.44	3148900	64617636.00
2018/01/30	20.31	21.27	20.07	20.87	4165300	87322920.00
2018/01/31	20.63	20.83	18.76	18.76	4293434	85156568.00
2018/02/01	18.25	18.51	16.86	16.86	4095401	71741800.00
2018/02/02	16.63	16.63	15.25	16.10	2141500	34921968.00
2018/02/05	15.55	16.30	15.35	15.81	1134200	18364360.00
2018/02/06	15.45	15.67	14.20	14.20	2276700	34187336.00
2018/02/07	14.36	14.74	13.06	14.27	1967301	28300490.00
2018/02/08	14.35	15.72	14.08	15.72	2892528	44515796.00
2018/02/09	14.75	15.41	14.40	14.41	2876600	43571388.00
2018/02/12	14.63	15.88	14.63	15.88	1921533	30613156.00
2018/02/13	16.75	16.75	15.60	15.98	4868927	79970872.00
2018/02/14	16.15	16.15	15.25	15.59	2192200	34614328.00
2018/02/22	15.61	16.04	15.61	15.93	2187600	35191504.00
2018/02/23	15.86	16.03	15.55	15.70	1939900	31077854.00
2018/02/26	15.87	16.63	15.74	16.22	2596463	42536264.00
2018/02/27	16.25	17.21	15.96	16.96	4132600	69961048.00
2018/02/28	16.56	18.68	16.33	17.78	5822000	104052752.00
2018/03/01	17.55	18.58	17.00	17.96	4950750	89789704.00
2018/03/02	17.96	18.72	17.35	17.37	4329846	78744576.00
2018/03/05	18.25	18.25	16.95	17.48	2718800	47818732.00
2018/03/06	17.57	17.60	17.26	17.42	2207514	38947096.00
2018/03/07	17.35	17.42	16.97	17.04	1910200	33287330.00
2018/03/08	16.95	18.52	16.85	17.90	5427501	98848400.00
2018/03/09	18.15	18.51	17.92	18.12	4859750	89279968.00
2018/03/12	18.71	19.00	18.17	18.30	3515700	65838260.00
2018/03/13	17.88	18.85	17.85	18.01	3693101	68802040.00
2018/03/14	17.90	17.91	17.28	17.36	2619000	46566640.00
2018/03/15	17.29	17.48	16.05	16.48	3106092	52434028.00
2018/03/16	16.19	16.72	16.19	16.52	1354192	22741392.00
2018/03/19	16.52	16.81	16.26	16.57	1384800	23387160.00
2018/03/20	16.40	16.80	16.05	16.80	1583700	26374968.00
2018/03/21	16.84	18.51	16.66	17.64	6613329	120480688.00
2018/03/22	17.40	18.13	17.37	17.91	4567600	82255224.00
2018/03/23	17.28	17.28	16.09	16.10	4015434	67828840.00
2018/03/26	15.90	16.13	14.94	16.13	2283529	36108596.00
2018/03/27	16.21	16.72	16.21	16.68	2428200	40790000.00
2018/03/28	16.25	17.51	16.18	16.93	2256399	38409644.00
2018/03/29	16.84	17.67	16.84	17.38	2993400	52490576.00
2018/03/30	17.50	17.93	17.30	17.63	2597500	46321816.00
2018/04/02	17.63	18.22	17.25	17.37	2767338	49642692.00
2018/04/03	17.07	18.71	16.95	18.43	7579428	138741296.00
2018/04/04	18.25	18.73	17.63	17.89	4343592	79346984.00
2018/04/09	17.64	17.91	17.51	17.75	1948229	34968716.00
2018/04/10	17.79	17.94	17.31	17.70	2177604	38798516.00
2018/04/11	17.68	18.27	17.68	17.96	3336500	60984840.00
2018/04/12	17.92	18.34	17.80	18.15	3042429	55805804.00
2018/04/13	18.05	18.85	18.00	18.74	5856300	110289272.00
2018/04/16	18.25	18.88	18.25	18.58	3394029	63644772.00
2018/04/17	18.56	19.41	18.26	19.01	6495904	125104880.00
2018/04/18	18.89	19.86	18.45	19.63	7494927	146823840.00
2018/04/19	19.53	19.75	19.02	19.15	5206899	101832704.00
2018/04/20	18.68	18.96	17.21	17.21	5067300	91571776.00
2018/04/23	16.55	16.68	15.75	16.16	3333128	55067708.00
2018/04/24	16.15	16.55	16.05	16.51	1963799	32710844.00
2018/04/25	16.40	16.55	16.08	16.53	2033599	33757176.00
2018/04/26	16.52	16.52	16.26	16.33	1520200	25252020.00
2018/04/27	16.34	16.51	16.25	16.44	1073600	17867362.00
2018/05/02	16.58	17.05	16.50	16.94	1703799	28896218.00
2018/05/03	16.80	17.02	16.57	16.95	1508500	25764260.00
2018/05/04	16.95	18.05	16.80	17.52	3125699	55881632.00
2018/05/07	17.27	18.45	17.27	18.20	4058998	74463520.00
2018/05/08	18.63	18.96	18.16	18.22	6197160	115992768.00
2018/05/09	17.75	20.07	17.75	20.07	11462709	227588032.00
2018/05/10	20.07	22.10	19.93	22.10	10370738	223077312.00
2018/05/11	23.25	23.70	19.87	19.88	15735106	337018400.00
2018/05/14	18.73	19.35	18.50	18.88	7963596	152485312.00
2018/05/15	18.77	19.25	18.65	18.97	5041977	96567960.00
2018/05/16	18.75	18.75	18.28	18.39	4836748	90524184.00
2018/05/17	18.45	18.59	17.98	18.13	3353300	61917116.00
2018/05/18	18.21	18.44	18.03	18.38	3344800	61856580.00
2018/05/21	18.38	18.92	18.24	18.90	4382649	82815200.00
2018/05/22	18.65	20.55	18.65	19.87	7442077	146817760.00
2018/05/23	19.49	19.81	19.28	19.34	4561900	90076704.00
2018/05/24	19.17	20.04	19.00	19.85	4807599	94926328.00
2018/05/25	19.87	20.45	19.65	20.15	5904980	119860024.00
2018/05/28	20.17	20.25	19.27	19.34	3346300	66714016.00
2018/05/29	19.45	20.00	19.00	19.80	3036115	59345760.00
2018/05/30	19.30	19.49	17.82	17.82	3579349	65515864.00
2018/05/31	17.82	18.23	17.00	18.06	2684600	47835304.00
2018/06/01	18.07	18.07	17.15	17.34	2057051	36079628.00
2018/06/04	17.32	17.65	17.20	17.35	1189000	20702144.00
2018/06/05	17.36	18.11	17.36	17.97	2069678	36868520.00
2018/06/06	18.00	19.50	17.84	18.86	3618451	67327288.00
2018/06/07	18.92	19.38	18.54	19.05	3678605	69785976.00
2018/06/08	18.80	19.05	18.30	18.43	2454306	45628248.00
2018/06/11	18.38	18.57	18.10	18.40	1582100	28977908.00
2018/06/12	18.27	18.54	17.51	18.45	1716400	31197436.00
2018/06/13	18.38	18.70	18.00	18.02	1714200	31441488.00
2018/06/14	17.85	18.12	17.56	17.78	1572500	27959722.00
2018/06/15	17.80	17.88	16.01	16.50	2583707	42988464.00
2018/06/19	15.89	15.89	14.85	14.85	1993900	30475656.00
2018/06/20	14.85	15.48	14.12	15.24	1569906	23703150.00
2018/06/21	15.23	15.47	14.20	14.42	1580900	23578904.00
2018/06/22	14.40	14.70	13.69	14.67	1358050	19563040.00
2018/06/25	14.65	15.31	14.65	15.00	1590600	23898052.00
2018/06/26	14.70	15.22	14.42	15.20	1331200	19968848.00
2018/06/27	15.19	15.37	15.10	15.23	1282600	19515654.00
2018/06/28	15.17	15.28	14.50	14.63	1320846	19873470.00
2018/06/29	14.80	15.31	14.78	15.24	1468500	22244084.00
2018/07/02	15.20	15.75	15.15	15.34	1923400	29665772.00
2018/07/03	15.35	16.15	15.35	16.03	2707600	42667248.00
2018/07/04	15.86	15.94	15.37	15.58	1833700	28632196.00
2018/07/05	15.39	15.59	14.45	14.67	1335500	20165204.00
2018/07/06	14.77	15.93	14.70	15.28	1970300	30126536.00
2018/07/09	15.30	15.90	15.28	15.60	1906000	29831396.00
2018/07/10	15.85	15.93	15.38	15.70	1565250	24454756.00
2018/07/11	15.41	15.56	14.86	15.21	1423500	21606746.00
2018/07/12	15.11	15.70	14.92	15.62	2003310	31117952.00
2018/07/13	15.70	15.70	15.34	15.46	1315600	20390052.00
2018/07/16	15.65	15.65	15.32	15.39	960560	14824105.00
2018/07/17	15.39	15.53	15.04	15.44	1094560	16748714.00
2018/07/18	15.47	15.59	15.26	15.36	1213300	18700072.00
2018/07/19	15.10	15.42	14.87	14.90	1056800	15931411.00
2018/07/20	15.01	15.27	14.85	15.16	747850	11249890.00
2018/07/23	15.00	15.79	14.98	15.48	1504500	23176250.00
2018/07/24	15.32	15.86	15.32	15.76	2181200	34096540.00
2018/07/25	15.74	16.14	15.58	15.68	1916300	30228908.00
2018/07/26	15.52	15.85	15.52	15.70	1231800	19258474.00
2018/07/27	15.83	15.83	15.48	15.54	853500	13340248.00
2018/07/30	15.47	15.60	15.10	15.14	818400	12510782.00
2018/07/31	15.18	15.29	15.09	15.16	463100	7022116.00
2018/08/01	15.05	15.91	15.05	15.38	2325300	36281048.00
2018/08/02	15.00	15.00	14.00	14.25	1870900	26956844.00
2018/08/03	14.37	14.40	13.70	13.76	980800	13782202.00
2018/08/06	13.80	14.10	12.65	12.96	1307300	17359284.00
2018/08/07	13.05	13.30	12.81	13.29	922434	12132563.00
2018/08/08	13.10	13.40	12.93	13.01	910900	11981562.00
2018/08/09	13.05	13.38	12.91	13.26	980800	12991267.00
2018/08/10	13.26	13.50	13.01	13.42	1003800	13418877.00
2018/08/13	13.38	13.51	13.21	13.51	854500	11427956.00
2018/08/14	13.51	13.88	13.31	13.49	690000	9299364.00
2018/08/15	13.48	13.54	12.96	13.00	939300	12349427.00
2018/08/16	13.04	13.25	12.59	13.16	825600	10802771.00
2018/08/17	13.29	13.34	12.74	12.79	701400	9149775.00
2018/08/20	12.83	13.06	12.58	12.83	664600	8477433.00
2018/08/21	12.84	13.16	12.73	13.06	793080	10321827.00
2018/08/22	12.98	12.98	12.61	12.70	700900	8955836.00
2018/08/23	12.66	12.81	12.60	12.74	601380	7659777.00
2018/08/24	12.85	12.94	12.61	12.75	701900	8977626.00
2018/08/27	13.38	13.80	13.05	13.12	2124900	28438134.00
2018/08/28	12.90	13.25	12.90	13.09	1051900	13748628.00
2018/08/29	13.01	13.28	13.00	13.20	1007400	13276017.00
2018/08/30	13.10	13.30	13.01	13.14	643500	8446336.00
2018/08/31	13.10	13.18	13.00	13.06	556300	7262803.00
2018/09/03	12.80	12.97	12.62	12.90	490927	6272899.00
2018/09/04	12.74	13.03	12.74	13.00	572200	7420423.00
2018/09/05	13.18	13.18	12.80	12.83	458200	5927088.00
2018/09/06	12.78	12.93	12.71	12.77	450327	5757209.50
2018/09/07	12.77	13.09	12.77	12.88	764327	9909770.00
2018/09/10	13.09	13.09	12.72	12.81	619800	8012174.00
2018/09/11	12.67	12.93	12.67	12.75	423300	5415691.00
2018/09/12	12.75	12.92	12.68	12.77	316800	4046783.00
2018/09/13	12.80	13.95	12.53	13.43	1622300	21395490.00
2018/09/14	12.83	13.20	12.83	13.06	1078900	14084630.00
2018/09/17	12.96	13.25	12.77	12.82	674400	8735027.00
2018/09/18	12.83	12.96	12.66	12.96	577500	7400358.00
2018/09/19	12.83	13.69	12.83	13.30	1624127	21697248.00
2018/09/20	13.11	13.49	13.10	13.25	865600	11477480.00
2018/09/21	13.35	13.35	13.12	13.24	804500	10644570.00
2018/09/25	13.15	13.40	13.15	13.25	537600	7132121.00
2018/09/26	13.30	13.33	13.16	13.21	470200	6223088.00
2018/09/27	13.17	13.35	12.70	12.71	755201	9776884.00
2018/09/28	12.61	12.90	12.61	12.75	561800	7164240.00
2018/10/08	12.63	12.69	11.75	11.82	931600	11388913.00
2018/10/09	11.97	12.00	11.73	11.79	546800	6473045.00
2018/10/10	11.76	12.33	11.76	12.07	635900	7672214.00
2018/10/11	11.50	11.75	10.86	10.86	1013999	11266108.00
2018/10/12	10.50	10.98	9.82	10.55	1406090	14421680.00
2018/10/15	10.59	10.97	10.36	10.62	738146	7863865.00
2018/10/16	10.60	10.94	10.37	10.68	1145325	12267750.00
2018/10/17	10.65	10.93	10.61	10.89	817655	8822806.00
2018/10/18	10.77	10.85	10.41	10.58	971918	10330700.00
2018/10/19	10.50	10.90	10.05	10.79	920302	9805832.00
2018/10/22	11.31	11.87	11.31	11.62	3005028	35214232.00
2018/10/23	11.27	12.49	11.27	11.73	2562828	30157942.00
2018/10/24	11.60	11.75	11.35	11.35	1271564	14654931.00
2018/10/25	11.02	11.05	10.60	11.00	1182600	12820490.00
2018/10/26	10.83	11.25	10.83	11.09	672000	7449162.00
2018/10/29	11.11	11.20	10.76	10.76	570900	6219127.00
2018/10/30	10.66	11.42	10.66	11.11	1375100	15367206.00
2018/10/31	11.02	11.30	10.92	11.14	1302991	14486963.00
2018/11/01	11.14	11.37	11.09	11.23	1310282	14752577.00
2018/11/02	11.59	11.59	11.27	11.48	1457400	16674895.00
2018/11/05	11.75	11.80	11.34	11.53	1050600	12116616.00
2018/11/06	11.57	11.65	11.32	11.54	1001700	11489170.00
2018/11/07	11.47	11.98	11.45	11.69	1522200	17868920.00
2018/11/08	11.67	11.88	11.38	11.50	1278200	14770635.00
2018/11/09	11.44	11.82	11.35	11.67	1281600	14969232.00
2018/11/12	11.47	12.34	11.47	12.00	2360800	27975894.00
2018/11/13	11.80	12.58	11.73	12.40	3381290	41512612.00
2018/11/14	12.30	12.95	12.30	12.85	3674672	46765604.00
2018/11/15	12.78	13.95	12.66	13.77	5605112	75185648.00
2018/11/16	13.52	14.50	13.28	13.50	5276400	72291656.00
2018/11/19	13.65	13.76	13.40	13.57	2046200	27693154.00
2018/11/20	13.41	14.93	13.30	14.93	7621117	111173296.00
2018/12/05	16.42	16.42	16.42	16.42	2782777	45693200.00
2018/12/06	17.90	17.90	14.78	14.78	10773086	173089136.00
2018/12/07	13.88	14.35	13.30	13.80	7160609	98173496.00
2018/12/10	13.20	13.41	12.81	12.92	3345396	43724800.00
2018/12/11	12.92	13.09	12.54	12.78	3324196	42616592.00
2018/12/12	12.86	13.17	12.64	13.00	3125287	40188800.00
2018/12/13	12.90	13.04	12.68	12.85	2394796	30857026.00
2018/12/14	12.90	12.93	12.15	12.25	2401500	30085484.00
2018/12/17	12.05	12.36	12.00	12.25	1423200	17323024.00
2018/12/18	12.26	12.29	11.86	11.99	1409400	16965260.00
2018/12/19	12.11	12.20	11.85	11.90	1412900	17035692.00
2018/12/20	11.99	12.10	11.87	12.05	1216900	14600969.00
2018/12/21	11.98	12.33	11.98	12.15	1792900	21812972.00
2018/12/24	12.09	12.37	12.09	12.28	1398700	17122536.00
2018/12/25	12.20	12.20	11.28	11.77	2242500	26072736.00
2018/12/26	11.52	11.80	11.52	11.60	1535100	17889004.00
2018/12/27	11.70	11.82	11.06	11.17	1190800	13817287.00
2018/12/28	11.20	11.78	11.20	11.38	1554300	17873590.00
2019/01/02	11.40	11.75	11.40	11.59	1071700	12425214.00
2019/01/03	12.05	12.12	11.35	11.36	1632600	19221812.00
数据来源:通达信
