002514 宝馨科技 日线 前复权
      日期	    开盘	    最高	    最低	    收盘	    成交量	    成交额
2010/12/03	7.33	8.83	7.33	7.85	11734083	626060352.00
2010/12/06	7.32	7.47	7.05	7.15	7194778	336774048.00
2010/12/07	6.86	7.13	6.71	6.77	4262592	191573200.00
2010/12/08	6.81	7.00	6.71	6.83	3089423	139021088.00
2010/12/09	6.69	6.69	6.22	6.25	3330835	139670288.00
2010/12/10	6.15	6.28	5.99	6.15	2129506	85993928.00
2010/12/13	6.16	6.43	6.16	6.35	2461610	101705656.00
2010/12/14	6.29	6.67	6.25	6.65	2467472	105072288.00
2010/12/15	6.66	6.76	6.52	6.71	2328149	101446728.00
2010/12/16	6.75	7.11	6.71	6.91	3392349	153643936.00
2010/12/17	6.84	7.10	6.80	7.05	2162257	98493352.00
2010/12/20	7.06	7.30	6.87	7.16	2716648	126841952.00
2010/12/21	7.22	7.25	6.99	7.05	1745482	80850240.00
2010/12/22	7.05	7.09	6.80	6.85	1400539	63370072.00
2010/12/23	6.87	6.99	6.77	6.80	999369	45014032.00
2010/12/24	6.74	6.74	6.33	6.39	1224482	51950008.00
2010/12/27	6.40	6.47	6.15	6.20	943985	39333104.00
2010/12/28	6.20	6.46	6.18	6.38	974553	40589920.00
2010/12/29	6.41	6.65	6.41	6.64	987666	42588076.00
2010/12/30	6.62	6.63	6.46	6.54	778010	33394220.00
2010/12/31	6.50	6.60	6.49	6.59	770799	33086782.00
2011/01/04	6.56	6.63	6.37	6.55	1093926	46640016.00
2011/01/05	6.50	6.64	6.41	6.54	823410	35300360.00
2011/01/06	6.48	6.56	6.25	6.27	1220685	51122520.00
2011/01/07	6.26	6.32	6.22	6.23	857512	35272256.00
2011/01/11	6.02	6.07	5.75	5.80	987095	38032628.00
2011/01/12	5.82	5.91	5.79	5.88	533483	20545916.00
2011/01/13	5.89	5.91	5.80	5.81	395989	15199265.00
2011/01/14	5.78	5.79	5.51	5.54	653422	24060196.00
2011/01/17	5.54	5.59	5.48	5.55	435797	15904895.00
2011/01/18	5.49	5.69	5.46	5.56	502837	18580080.00
2011/01/19	5.57	5.67	5.49	5.65	491416	18174584.00
2011/01/20	5.61	5.65	5.25	5.27	560340	20197460.00
2011/01/21	5.27	5.39	5.20	5.37	523042	18302850.00
2011/01/24	5.36	5.37	4.93	4.99	476129	16216856.00
2011/01/25	4.96	5.06	4.84	5.05	473808	15494818.00
2011/01/26	5.05	5.23	5.00	5.15	410723	13980165.00
2011/01/27	5.07	5.19	4.99	5.17	456969	15387663.00
2011/01/28	5.18	5.18	5.02	5.13	470357	15861993.00
2011/01/31	5.12	5.25	5.10	5.22	438605	15056277.00
2011/02/01	5.17	5.31	5.17	5.18	269700	9273333.00
2011/02/09	5.18	5.22	5.12	5.14	241824	8255394.00
2011/02/10	5.12	5.35	5.07	5.30	569569	19643438.00
2011/02/11	5.33	5.42	5.30	5.39	657765	23343626.00
2011/02/14	5.40	5.53	5.35	5.48	713177	25503406.00
2011/02/15	5.49	5.53	5.43	5.43	649663	23414330.00
2011/02/16	5.40	5.60	5.40	5.60	782352	28460884.00
2011/02/17	5.62	5.74	5.49	5.56	684123	25120148.00
2011/02/18	5.55	5.55	5.40	5.44	587123	21134242.00
2011/02/21	5.41	5.58	5.40	5.58	460411	16717124.00
2011/02/22	5.58	5.58	5.34	5.38	614260	22039066.00
2011/02/23	5.35	5.42	5.35	5.39	246768	8761904.00
2011/02/24	5.37	5.43	5.24	5.33	564434	19893288.00
2011/02/25	5.36	5.88	5.35	5.88	1710044	64118152.00
2011/02/28	5.88	5.88	5.71	5.86	1602963	61221152.00
2011/03/01	5.86	5.86	5.73	5.74	1074250	40828328.00
2011/03/02	5.74	5.80	5.57	5.64	875392	32716236.00
2011/03/03	5.62	5.64	5.44	5.44	1481857	54031028.00
2011/03/04	5.46	5.55	5.34	5.48	1392370	49960364.00
2011/03/07	5.49	5.60	5.41	5.57	1545484	55837872.00
2011/03/08	5.56	5.64	5.48	5.58	937238	34305700.00
2011/03/09	5.58	5.61	5.51	5.53	664362	24265330.00
2011/03/10	5.53	5.58	5.48	5.48	755257	27561264.00
2011/03/11	5.47	5.55	5.38	5.44	889647	32052810.00
2011/03/14	5.43	5.64	5.42	5.63	1049156	38361180.00
2011/03/15	5.61	5.61	5.43	5.51	788402	28567878.00
2011/03/16	5.51	5.60	5.50	5.57	779108	28455692.00
2011/03/17	5.51	5.61	5.48	5.49	703138	25700334.00
2011/03/18	5.52	5.64	5.52	5.61	807556	29777502.00
2011/03/21	5.60	5.74	5.58	5.69	1111184	41606216.00
2011/03/22	5.71	5.73	5.54	5.57	730171	26926348.00
2011/03/23	5.57	5.61	5.54	5.58	509838	18715742.00
2011/03/24	5.56	5.58	5.48	5.48	760461	27693560.00
2011/03/25	5.49	5.51	5.46	5.48	626781	22665110.00
2011/03/28	5.49	5.51	5.28	5.28	1334785	47267496.00
2011/03/29	5.27	5.29	5.07	5.08	715559	24417214.00
2011/03/30	5.09	5.13	5.00	5.09	327760	10995280.00
2011/03/31	5.10	5.18	5.08	5.08	323450	10952747.00
2011/04/01	5.12	5.16	5.07	5.16	213867	7241126.00
2011/04/06	5.15	5.20	5.04	5.05	355371	12002515.00
2011/04/07	5.02	5.18	5.02	5.18	671089	22528042.00
2011/04/08	5.15	5.30	5.13	5.26	544967	18844438.00
2011/04/11	5.26	5.29	5.16	5.20	361934	12489538.00
2011/04/12	5.10	5.10	4.91	4.99	1052249	34677232.00
2011/04/13	4.99	5.03	4.92	5.02	378799	12469531.00
2011/04/14	5.02	5.03	4.96	4.97	368386	12153607.00
2011/04/15	4.97	5.00	4.92	4.96	249175	8163722.00
2011/04/18	4.93	4.97	4.91	4.95	319548	10428328.00
2011/04/19	4.95	4.95	4.85	4.86	442284	14227376.00
2011/04/20	4.85	4.99	4.84	4.98	549789	17962274.00
2011/04/21	4.97	5.49	4.97	5.46	2237749	77281288.00
2011/04/22	5.38	5.38	5.18	5.18	1493112	51895248.00
2011/04/25	5.15	5.15	4.88	4.90	709225	23282080.00
2011/04/26	4.88	4.88	4.71	4.77	485433	15291585.00
2011/04/27	4.82	4.82	4.58	4.62	560154	17367452.00
2011/04/28	4.63	4.65	4.51	4.51	385455	11627670.00
2011/04/29	4.50	4.62	4.49	4.58	280695	8492628.00
2011/05/03	4.54	4.64	4.52	4.62	221168	6731498.00
2011/05/04	4.61	4.61	4.46	4.49	301711	9027002.00
2011/05/05	4.44	4.54	4.43	4.50	139136	4149404.00
2011/05/06	4.46	4.54	4.39	4.52	246888	7314938.00
2011/05/09	4.54	4.60	4.50	4.55	180153	5438223.00
2011/05/10	4.55	4.56	4.51	4.54	142501	4281213.50
2011/05/12	4.50	4.55	4.46	4.54	253600	7600089.50
2011/05/13	4.57	4.66	4.50	4.57	293663	8906554.00
2011/05/16	4.60	4.60	4.48	4.50	218018	6540071.00
2011/05/17	4.50	4.52	4.41	4.49	181035	5378690.50
2011/05/18	4.50	4.52	4.46	4.50	157690	4707652.00
2011/05/19	4.50	4.54	4.48	4.54	184100	5506793.00
2011/05/20	4.53	4.54	4.46	4.49	134900	4011211.00
2011/05/23	4.46	4.49	4.18	4.18	386406	11010854.00
2011/05/24	4.13	4.18	3.90	4.13	364850	9847083.00
2011/05/25	4.10	4.10	3.99	3.99	250970	6760156.00
2011/05/26	3.99	4.06	3.95	3.96	251373	6701766.50
2011/05/27	3.96	3.97	3.88	3.88	202985	5300829.00
2011/05/30	3.88	4.05	3.85	3.94	375719	9848803.00
2011/05/31	3.94	4.02	3.91	4.02	308382	8167229.00
2011/06/01	4.02	4.10	3.98	4.06	267316	7203675.00
2011/06/02	4.02	4.03	3.93	4.00	239895	6367205.00
2011/06/03	3.98	4.15	3.98	4.11	453534	12349473.00
2011/06/07	4.10	4.20	4.07	4.15	234585	6327717.00
2011/06/08	4.05	4.14	4.05	4.14	190216	5087524.50
2011/06/09	4.13	4.13	4.02	4.02	207901	5520374.50
2011/06/10	3.99	4.04	3.95	4.02	175176	4555578.50
2011/06/13	4.00	4.06	3.94	4.04	237250	6202254.50
2011/06/14	4.01	4.17	4.01	4.12	326335	8745532.00
2011/06/15	4.09	4.14	4.09	4.10	199200	5343692.00
2011/06/16	4.07	4.11	4.06	4.09	220696	5879731.00
2011/06/17	4.09	4.19	4.08	4.16	477338	12881315.00
2011/06/20	4.17	4.52	4.17	4.36	1450046	41352148.00
2011/06/21	4.44	4.44	4.27	4.37	915071	25959108.00
2011/06/22	4.38	4.39	4.25	4.27	576215	16110447.00
2011/06/23	4.22	4.33	4.14	4.31	717455	19841230.00
2011/06/24	4.28	4.41	4.26	4.37	841111	23742408.00
2011/06/27	4.38	4.43	4.35	4.38	653875	18659024.00
2011/06/28	4.39	4.39	4.32	4.36	439945	12460174.00
2011/06/29	4.32	4.41	4.30	4.33	357459	10163768.00
2011/06/30	4.33	4.39	4.31	4.39	444701	12626957.00
2011/07/01	4.43	4.45	4.37	4.37	435525	12497413.00
2011/07/04	4.37	4.46	4.37	4.46	572935	16487178.00
2011/07/05	4.46	4.50	4.41	4.45	424057	12250170.00
2011/07/06	4.43	4.53	4.40	4.53	575359	16718106.00
2011/07/07	4.54	4.59	4.50	4.52	728736	21528802.00
2011/07/08	4.52	4.53	4.43	4.45	457637	13318329.00
2011/07/11	4.43	4.46	4.38	4.45	364326	10488207.00
2011/07/12	4.42	4.42	4.35	4.35	327365	9336340.00
2011/07/13	4.35	4.44	4.35	4.44	301988	8669565.00
2011/07/14	4.45	4.56	4.43	4.55	686248	20115672.00
2011/07/15	4.55	4.63	4.50	4.62	731529	21887330.00
2011/07/18	4.63	4.69	4.56	4.58	567691	17089896.00
2011/07/19	4.55	4.57	4.48	4.49	259623	7604193.50
2011/07/20	4.55	4.55	4.47	4.52	235078	6889030.00
2011/07/21	4.52	4.53	4.39	4.39	332567	9679097.00
2011/07/22	4.38	4.45	4.38	4.43	202716	5830125.00
2011/07/25	4.40	4.44	4.13	4.16	451700	12617525.00
2011/07/26	4.15	4.20	4.12	4.19	223719	6063686.00
2011/07/27	4.19	4.26	4.14	4.24	204174	5611124.00
2011/07/28	4.22	4.24	4.14	4.21	305643	8307776.00
2011/07/29	4.20	4.25	4.15	4.19	310672	8461517.00
2011/08/01	4.16	4.30	4.15	4.29	281771	7797938.50
2011/08/02	4.24	4.28	4.15	4.28	231139	6339603.50
2011/08/03	4.25	4.38	4.19	4.35	401447	11320108.00
2011/08/04	4.35	4.45	4.33	4.44	472686	13506917.00
2011/08/05	4.33	4.37	4.26	4.30	429512	12086674.00
2011/08/08	4.22	4.24	3.93	4.01	457169	12160606.00
2011/08/09	3.87	3.99	3.81	3.96	372357	9451986.00
2011/08/10	4.14	4.14	3.97	3.98	315623	8388065.50
2011/08/11	3.93	4.06	3.84	4.04	273525	7088390.00
2011/08/12	4.05	4.14	4.05	4.11	267149	7135965.50
2011/08/15	4.11	4.35	4.11	4.33	587416	16205349.00
2011/08/16	4.35	4.37	4.24	4.25	515106	14386362.00
2011/08/17	4.19	4.19	4.09	4.14	542082	14624515.00
2011/08/18	4.13	4.14	4.06	4.09	298108	7950636.50
2011/08/19	4.02	4.05	3.96	4.03	251395	6550672.00
2011/08/22	4.05	4.09	4.00	4.03	187926	4965608.50
2011/08/23	4.04	4.13	4.02	4.13	248282	6624275.50
2011/08/24	4.15	4.24	4.14	4.19	536338	14694709.00
2011/08/25	4.19	4.27	4.14	4.25	584549	16087673.00
2011/08/26	4.22	4.28	4.22	4.28	417197	11548879.00
2011/08/29	4.26	4.37	4.23	4.32	570162	16013647.00
2011/08/30	4.31	4.36	4.21	4.21	447665	12515027.00
2011/08/31	4.21	4.26	4.15	4.24	227227	6254409.50
2011/09/01	4.22	4.27	4.19	4.19	126300	3477594.00
2011/09/02	4.19	4.19	4.05	4.09	172746	4616660.50
2011/09/05	4.03	4.08	3.94	3.96	128378	3328630.50
2011/09/06	3.91	3.99	3.89	3.96	76958	1984994.25
2011/09/07	3.97	4.07	3.97	4.06	188260	4947251.50
2011/09/08	4.06	4.11	4.02	4.04	170100	4517344.00
2011/09/09	4.03	4.07	3.93	3.96	111785	2900853.75
2011/09/13	3.86	3.95	3.86	3.94	116434	2971227.25
2011/09/14	3.97	4.00	3.90	3.99	85200	2193379.50
2011/09/15	3.95	4.02	3.95	3.96	93315	2421689.25
2011/09/16	4.02	4.03	3.96	3.99	128999	3344154.00
2011/09/19	3.95	3.95	3.89	3.89	82325	2101395.00
2011/09/20	3.91	3.91	3.86	3.90	77628	1966332.25
2011/09/21	3.88	4.03	3.88	4.01	169816	4407762.00
2011/09/22	3.99	4.02	3.88	3.88	169490	4376991.00
2011/09/23	3.84	3.88	3.81	3.87	153670	3850722.50
2011/09/26	3.87	3.90	3.82	3.84	100209	2514853.75
2011/09/27	3.87	3.89	3.85	3.88	107647	2717184.75
2011/09/28	3.89	3.92	3.83	3.88	160450	4067311.75
2011/09/29	3.83	3.83	3.68	3.70	147599	3600545.25
2011/09/30	3.68	3.72	3.63	3.67	114731	2741493.75
2011/10/10	3.75	3.75	3.63	3.67	53855	1286336.63
2011/10/11	3.75	3.75	3.64	3.66	99739	2406286.50
2011/10/12	3.60	3.77	3.60	3.75	164788	4000439.75
2011/10/13	3.77	3.83	3.75	3.81	173036	4288654.00
2011/10/14	3.82	3.82	3.77	3.82	82358	2040152.75
2011/10/17	3.85	3.89	3.81	3.88	168339	4229556.00
2011/10/18	3.88	3.90	3.76	3.76	210515	5279140.50
2011/10/19	3.77	3.81	3.71	3.73	95315	2335510.25
2011/10/20	3.75	3.75	3.53	3.59	201434	4738443.00
2011/10/21	3.69	3.69	3.53	3.53	149800	3512649.00
2011/10/24	3.54	3.60	3.48	3.59	122039	2811891.00
2011/10/25	3.57	3.68	3.53	3.67	212184	5047369.50
2011/10/26	3.68	3.73	3.66	3.70	298945	7208733.50
2011/10/27	3.70	3.71	3.66	3.68	190727	4591006.00
2011/10/28	3.71	3.76	3.70	3.76	238472	5806979.50
2011/10/31	3.77	3.81	3.74	3.78	246185	6058909.00
2011/11/01	3.75	3.80	3.70	3.79	258735	6355551.50
2011/11/02	3.72	3.89	3.70	3.89	579494	14403693.00
2011/11/03	3.89	4.01	3.88	3.93	665198	17075460.00
2011/11/04	3.93	3.98	3.88	3.93	359087	9184590.00
2011/11/07	3.92	3.93	3.86	3.88	233403	5922915.00
2011/11/08	3.89	3.97	3.83	3.84	364561	9318282.00
2011/11/09	3.88	4.22	3.84	4.18	1703709	45145756.00
2011/11/10	4.11	4.13	4.04	4.10	1178699	31432078.00
2011/11/11	4.04	4.14	4.04	4.05	524224	13963898.00
2011/11/14	4.09	4.19	4.07	4.13	621657	16778604.00
2011/11/16	4.13	4.38	4.13	4.23	1789817	49729316.00
2011/11/17	4.24	4.30	4.14	4.23	911014	25040016.00
2011/11/18	4.21	4.21	4.07	4.09	543829	14604125.00
2011/11/21	4.09	4.13	3.92	3.97	591997	15324616.00
2011/11/22	3.93	4.02	3.93	4.00	319140	8264490.50
2011/11/23	4.05	4.05	3.97	3.98	294706	7713653.00
2011/11/24	3.90	3.97	3.83	3.90	397182	10078785.00
2011/11/25	3.90	3.98	3.83	3.86	285411	7273523.50
2011/11/28	3.85	3.91	3.85	3.87	180414	4566065.00
2011/11/29	3.94	4.03	3.86	4.03	359702	9255626.00
2011/11/30	4.01	4.03	3.68	3.72	454113	11452283.00
2011/12/01	3.81	3.95	3.77	3.78	374889	9420595.00
2011/12/02	3.73	3.79	3.68	3.69	226430	5504120.50
2011/12/05	3.68	3.68	3.52	3.53	198400	4666083.00
2011/12/06	3.53	3.61	3.49	3.59	149761	3468632.50
2011/12/07	3.59	3.63	3.58	3.60	93569	2203737.50
2011/12/08	3.65	3.68	3.58	3.66	212687	5049011.00
2011/12/09	3.61	3.66	3.60	3.61	112773	2667538.00
2011/12/12	3.49	3.50	3.38	3.42	670305	14984540.00
2011/12/13	3.39	3.39	3.26	3.27	346100	7521690.50
2011/12/14	3.26	3.27	3.11	3.13	420746	8786832.00
2011/12/15	3.15	3.15	3.00	3.03	451899	9015769.00
2011/12/16	3.04	3.16	2.98	3.14	248598	4985768.50
2011/12/19	3.10	3.14	3.04	3.11	202593	4080828.25
2011/12/20	3.13	3.16	3.08	3.10	162629	3327794.75
2011/12/21	3.11	3.14	2.98	2.99	163468	3302805.00
2011/12/22	2.97	2.97	2.71	2.82	392625	7239848.50
2011/12/23	2.78	2.85	2.75	2.76	496592	9088742.00
2011/12/26	2.77	2.79	2.74	2.74	455882	8279771.50
2011/12/27	2.70	2.73	2.58	2.59	382442	6674180.50
2011/12/28	2.58	2.62	2.43	2.53	533694	8767160.00
2011/12/29	2.50	2.58	2.46	2.50	476851	7897101.00
2011/12/30	2.50	2.57	2.50	2.56	781510	13084624.00
2012/01/04	2.60	2.62	2.46	2.46	412892	6903525.00
2012/01/05	2.44	2.44	2.33	2.35	402292	6320464.50
2012/01/06	2.37	2.44	2.33	2.43	211208	3323797.75
2012/01/09	2.44	2.58	2.39	2.56	425196	7042977.00
2012/01/10	2.52	2.66	2.52	2.65	573295	9883923.00
2012/01/11	2.63	2.67	2.63	2.66	548622	9579445.00
2012/01/12	2.67	2.68	2.63	2.65	310028	5400451.50
2012/01/13	2.63	2.66	2.47	2.48	387650	6492982.50
2012/01/16	2.44	2.50	2.41	2.42	143310	2307317.00
2012/01/17	2.42	2.60	2.42	2.59	242430	4048564.75
2012/01/18	2.60	2.63	2.50	2.51	276300	4664677.00
2012/01/19	2.50	2.59	2.47	2.56	222489	3746967.00
2012/01/20	2.53	2.60	2.53	2.60	307851	5229010.00
2012/01/30	2.60	2.64	2.58	2.60	269368	4631810.50
2012/01/31	2.60	2.61	2.53	2.60	161300	2726926.25
2012/02/01	2.59	2.64	2.56	2.58	248196	4262261.50
2012/02/02	2.58	2.65	2.58	2.63	290922	5026782.50
2012/02/03	2.64	2.72	2.61	2.70	367995	6491046.00
2012/02/06	2.72	2.75	2.67	2.71	426277	7596306.00
2012/02/07	2.71	2.72	2.62	2.67	428490	7493261.50
2012/02/08	2.66	2.77	2.66	2.76	469979	8424759.00
2012/02/09	2.76	2.83	2.75	2.77	565778	10385180.00
2012/02/10	2.77	2.81	2.75	2.79	407814	7451318.50
2012/02/13	2.79	2.93	2.73	2.90	837734	15851401.00
2012/02/14	2.89	2.91	2.86	2.89	290182	5487767.50
2012/02/15	2.89	2.92	2.85	2.92	446969	8498308.00
2012/02/16	2.92	2.93	2.86	2.89	370741	7037525.50
2012/02/17	2.89	2.91	2.82	2.86	274830	5155084.00
2012/02/20	2.89	2.90	2.84	2.85	338197	6379800.50
2012/02/21	2.85	2.91	2.83	2.91	246374	4639101.00
2012/02/22	3.02	3.04	2.93	2.99	886193	17285530.00
2012/02/23	2.95	3.04	2.95	3.01	701209	13770093.00
2012/02/24	3.00	3.01	2.97	3.01	578569	11338954.00
2012/02/27	2.99	3.06	2.99	3.00	813469	16171603.00
2012/02/28	2.95	3.00	2.87	2.92	759510	14539145.00
2012/02/29	2.88	2.93	2.88	2.88	359502	6829498.50
2012/03/01	2.85	2.91	2.85	2.89	299059	5665680.00
2012/03/02	2.91	2.94	2.88	2.94	328290	6295354.00
2012/03/05	2.94	2.96	2.90	2.92	411205	7935570.50
2012/03/06	2.91	2.91	2.83	2.89	377192	7100043.00
2012/03/07	2.88	2.91	2.83	2.86	362660	6858852.00
2012/03/08	2.89	2.94	2.86	2.94	458657	8782617.00
2012/03/09	2.95	2.99	2.93	2.98	461583	8978155.00
2012/03/12	2.98	3.01	2.96	2.99	392101	7660383.00
2012/03/13	3.00	3.10	2.98	3.08	905240	18090832.00
2012/03/14	3.09	3.12	2.83	2.86	1032282	20245162.00
2012/03/15	2.85	2.89	2.79	2.81	541705	10052077.00
2012/03/16	2.86	2.93	2.82	2.92	450439	8483515.00
2012/03/19	2.91	3.01	2.89	3.01	333433	6495595.50
2012/03/20	3.01	3.01	2.89	2.90	312353	6003182.00
2012/03/21	2.90	3.04	2.86	3.04	494400	9562276.00
2012/03/22	3.08	3.26	3.08	3.11	1829718	37847448.00
2012/03/23	3.05	3.11	2.98	2.99	566790	11323764.00
2012/03/26	2.99	3.01	2.88	2.91	389025	7448731.00
2012/03/27	2.92	2.93	2.89	2.90	328686	6264148.50
2012/03/28	2.91	2.91	2.66	2.68	502463	9129164.00
2012/03/29	2.69	2.69	2.56	2.58	326047	5615692.00
2012/03/30	2.62	2.62	2.54	2.56	171350	2904751.25
2012/04/05	2.58	2.65	2.53	2.63	168363	2890249.75
2012/04/06	2.61	2.66	2.60	2.65	171582	2973267.25
2012/04/09	2.64	2.67	2.61	2.64	122124	2123504.75
2012/04/10	2.64	2.69	2.60	2.69	212772	3711676.00
2012/04/11	2.67	2.71	2.65	2.68	217400	3851196.25
2012/04/12	2.69	2.77	2.67	2.77	307193	5558346.50
2012/04/13	2.81	2.81	2.75	2.76	190498	3463244.75
2012/04/16	2.75	2.77	2.72	2.76	142389	2580020.00
2012/04/17	2.76	2.77	2.70	2.70	162300	2903766.50
2012/04/18	2.68	2.80	2.68	2.79	367922	6708241.00
2012/04/19	2.79	2.86	2.76	2.85	334647	6231145.00
2012/04/20	2.85	2.87	2.81	2.86	237435	4449813.50
2012/04/23	2.86	2.87	2.77	2.77	276183	5084256.00
2012/04/24	2.77	2.77	2.58	2.66	309613	5436454.00
2012/04/25	2.66	2.89	2.66	2.86	455230	8309768.00
2012/04/26	2.86	2.88	2.82	2.83	263196	4936613.00
2012/04/27	2.80	2.85	2.75	2.79	185770	3405061.00
2012/05/02	2.86	2.86	2.79	2.81	239176	4438270.00
2012/05/03	2.83	2.93	2.83	2.92	393187	7424141.00
2012/05/04	2.90	2.93	2.87	2.90	349112	6636127.00
2012/05/07	2.88	2.92	2.87	2.91	291292	5535036.50
2012/05/08	2.91	2.99	2.89	2.96	517049	9996273.00
2012/05/09	2.95	2.95	2.83	2.84	327190	6179796.00
2012/05/10	2.83	2.93	2.79	2.93	469589	8732584.00
2012/05/11	2.95	3.07	2.92	2.93	1300205	25622660.00
2012/05/14	2.93	2.96	2.85	2.92	728510	13782627.00
2012/05/15	2.93	2.95	2.85	2.89	522419	9994657.00
2012/05/16	2.92	2.95	2.86	2.88	318891	6084946.50
2012/05/18	2.89	2.97	2.86	2.97	654326	12574990.00
2012/05/21	2.97	3.04	2.88	2.94	887299	17231646.00
2012/05/22	2.94	3.12	2.93	3.06	1526590	30540364.00
2012/05/23	3.03	3.05	2.91	3.01	973876	18949462.00
2012/05/24	3.01	3.01	2.92	2.93	606726	11830337.00
2012/05/25	2.93	2.93	2.86	2.90	484309	9206022.00
2012/05/28	2.89	2.99	2.88	2.95	270471	5218313.50
2012/05/29	2.97	3.09	2.93	3.05	777148	15384150.00
2012/05/30	3.05	3.05	2.99	3.04	439446	8706215.00
2012/05/31	3.00	3.09	2.99	3.06	489925	9791289.00
2012/06/01	3.05	3.13	3.05	3.11	804674	16350612.00
2012/06/04	3.07	3.07	2.97	2.99	541020	10667785.00
2012/06/05	2.98	3.03	2.97	2.99	258126	5076508.50
2012/06/06	3.03	3.03	2.91	2.92	350423	6762088.50
2012/06/07	2.93	2.97	2.86	2.88	170187	3256317.50
2012/06/08	2.90	2.92	2.85	2.88	206923	3904963.00
2012/06/11	2.85	2.85	2.73	2.84	386262	4444032.00
2012/06/12	2.83	2.83	2.77	2.79	179417	2054121.38
2012/06/13	2.78	2.85	2.78	2.84	274235	3188248.00
2012/06/14	2.85	2.87	2.78	2.83	346564	4018773.75
2012/06/15	2.81	2.92	2.81	2.88	619791	7281724.50
2012/06/18	2.89	2.91	2.87	2.89	329553	3907258.25
2012/06/19	2.90	2.92	2.85	2.90	353732	4186246.25
2012/06/20	2.90	2.99	2.88	2.97	698726	8387258.00
2012/06/21	2.96	2.96	2.88	2.95	663845	7940172.00
2012/06/25	3.01	3.25	3.01	3.05	3323270	42718060.00
2012/06/26	2.95	2.96	2.73	2.81	1860226	21581814.00
2012/06/27	2.80	2.81	2.72	2.73	1077254	12224238.00
2012/06/28	2.73	2.75	2.68	2.68	599563	6666629.50
2012/06/29	2.68	2.74	2.66	2.72	538783	5975666.00
2012/07/02	2.75	2.75	2.71	2.74	368927	4133173.50
2012/07/03	2.74	2.78	2.72	2.73	477831	5395503.50
2012/07/04	2.75	2.76	2.71	2.73	341747	3832184.75
2012/07/05	2.73	2.73	2.62	2.62	487712	5321332.00
2012/07/06	2.63	2.66	2.56	2.66	255300	2741170.75
2012/07/09	2.63	2.64	2.55	2.55	311920	3329167.75
2012/07/10	2.54	2.57	2.52	2.54	197793	2076105.50
2012/07/11	2.55	2.59	2.53	2.59	180575	1906884.25
2012/07/12	2.59	2.59	2.43	2.53	601143	6183704.50
2012/07/13	2.51	2.52	2.43	2.44	419501	4261351.50
2012/07/16	2.45	2.45	2.28	2.28	413440	4001436.00
2012/07/17	2.28	2.30	2.23	2.30	216160	2042520.75
2012/07/18	2.25	2.32	2.25	2.32	241720	2274649.50
2012/07/19	2.32	2.37	2.31	2.37	337780	3277082.75
2012/07/20	2.37	2.42	2.35	2.35	291090	2849516.25
2012/07/23	2.34	2.34	2.26	2.30	242444	2282326.00
2012/07/24	2.29	2.42	2.29	2.32	284531	2740290.50
2012/07/25	2.33	2.33	2.29	2.30	243669	2325721.75
2012/07/26	2.30	2.32	2.28	2.29	141619	1345258.00
2012/07/27	2.32	2.32	2.27	2.29	122110	1157478.75
2012/07/30	2.31	2.31	2.22	2.22	248205	2300668.25
2012/07/31	2.22	2.23	2.18	2.18	224150	2029472.75
2012/08/01	2.20	2.24	2.15	2.21	181629	1667321.63
2012/08/02	2.21	2.23	2.18	2.19	133849	1213581.38
2012/08/03	2.21	2.26	2.19	2.26	217054	1998258.00
2012/08/06	2.22	2.31	2.22	2.30	218829	2068702.50
2012/08/07	2.30	2.35	2.29	2.34	318980	3067887.00
2012/08/08	2.32	2.39	2.32	2.36	339436	3292980.00
2012/08/09	2.36	2.58	2.34	2.58	1636010	16698294.00
2012/08/10	2.55	2.68	2.50	2.65	2705312	28984192.00
2012/08/13	2.61	2.70	2.50	2.51	973468	10397488.00
2012/08/14	2.51	2.55	2.44	2.53	573004	5869250.00
2012/08/15	2.52	2.52	2.45	2.48	397039	4051014.50
2012/08/16	2.43	2.50	2.38	2.48	227382	2307235.75
2012/08/17	2.45	2.48	2.44	2.48	258811	2623721.25
2012/08/20	2.45	2.49	2.43	2.48	212180	2145816.50
2012/08/21	2.46	2.54	2.46	2.50	349372	3602649.50
2012/08/22	2.49	2.53	2.48	2.52	376022	3878918.25
2012/08/23	2.52	2.57	2.43	2.57	561822	5808343.50
2012/08/24	2.57	2.60	2.48	2.48	533112	5579208.00
2012/08/27	2.44	2.44	2.33	2.38	353415	3498333.75
2012/08/28	2.37	2.41	2.33	2.36	230684	2267440.00
2012/08/29	2.39	2.45	2.38	2.42	251770	2504287.50
2012/08/30	2.41	2.41	2.23	2.30	278164	2689269.25
2012/08/31	2.32	2.35	2.29	2.35	120667	1161114.00
2012/09/03	2.34	2.41	2.30	2.40	339151	3342238.00
2012/09/04	2.37	2.45	2.37	2.43	304653	3023150.00
2012/09/05	2.43	2.47	2.39	2.46	375647	3785182.75
2012/09/06	2.46	2.51	2.44	2.50	529665	5420010.00
2012/09/07	2.50	2.63	2.50	2.58	1067181	11258784.00
2012/09/10	2.58	2.62	2.53	2.58	780695	8265140.00
2012/09/11	2.57	2.66	2.53	2.65	947183	10186219.00
2012/09/12	2.65	2.67	2.59	2.62	648538	6961425.00
2012/09/13	2.63	2.63	2.55	2.56	589180	6246415.50
2012/09/14	2.58	2.60	2.54	2.57	390712	4130033.00
2012/09/17	2.55	2.62	2.47	2.48	438080	4592034.00
2012/09/18	2.47	2.51	2.44	2.49	179016	1823809.25
2012/09/19	2.49	2.55	2.49	2.55	227078	2367967.75
2012/09/20	2.53	2.54	2.40	2.43	289338	2945269.25
2012/09/21	2.45	2.50	2.43	2.43	209910	2103133.00
2012/09/24	2.40	2.45	2.33	2.41	190735	1868052.88
2012/09/25	2.39	2.44	2.37	2.37	99316	974384.50
2012/09/26	2.42	2.42	2.34	2.36	127440	1227371.63
2012/09/27	2.40	2.49	2.34	2.43	262216	2589396.25
2012/09/28	2.40	2.47	2.39	2.46	192641	1914901.75
2012/10/08	2.46	2.65	2.43	2.58	764109	7984965.50
2012/10/09	2.59	2.63	2.57	2.62	919039	9739173.00
2012/10/10	2.60	2.60	2.54	2.59	755826	7929830.00
2012/10/11	2.58	2.59	2.50	2.50	574356	5956624.00
2012/10/12	2.53	2.54	2.50	2.54	398354	4103537.25
2012/10/15	2.54	2.54	2.42	2.45	449945	4523105.50
2012/10/16	2.47	2.48	2.43	2.44	273398	2734436.00
2012/10/17	2.44	2.46	2.41	2.46	251812	2515330.25
2012/10/18	2.46	2.51	2.45	2.50	489616	4968815.50
2012/10/19	2.48	2.60	2.48	2.52	534913	5533979.50
2012/10/22	2.53	2.55	2.48	2.53	451117	4640208.00
2012/10/23	2.55	2.60	2.48	2.49	305423	3153195.75
2012/10/24	2.47	2.52	2.47	2.49	169444	1722557.38
2012/10/25	2.52	2.52	2.46	2.46	191850	1943720.50
2012/10/26	2.45	2.47	2.34	2.34	398261	3886447.25
2012/10/29	2.34	2.40	2.31	2.34	188970	1803400.13
2012/10/30	2.37	2.37	2.33	2.34	324880	3095066.75
2012/10/31	2.33	2.33	2.28	2.33	385146	3643690.50
2012/11/01	2.31	2.41	2.31	2.38	431202	4184749.50
2012/11/02	2.38	2.42	2.37	2.38	186822	1819969.38
2012/11/05	2.38	2.39	2.35	2.38	168399	1622760.13
2012/11/06	2.37	2.40	2.30	2.40	274003	2639113.00
2012/11/07	2.43	2.43	2.37	2.40	205247	2007655.13
2012/11/08	2.36	2.38	2.32	2.32	171320	1641831.38
2012/11/09	2.28	2.34	2.27	2.29	284737	2676860.75
2012/11/12	2.29	2.38	2.29	2.36	194948	1866515.25
2012/11/13	2.34	2.43	2.33	2.40	404793	3915145.00
2012/11/14	2.43	2.64	2.43	2.64	2556107	27267452.00
2012/11/15	2.70	2.91	2.68	2.81	8270270	93645352.00
2012/11/16	2.72	2.74	2.61	2.70	3846293	41930100.00
2012/11/19	2.64	2.97	2.62	2.97	6910224	79614848.00
2012/11/20	2.95	3.24	2.90	3.10	7992195	100569144.00
2012/11/21	3.05	3.11	2.93	3.09	5061494	61989088.00
2012/11/22	3.03	3.07	2.86	2.90	4572082	54859292.00
2012/11/23	2.90	2.93	2.83	2.92	4188382	49054400.00
2012/11/26	2.88	2.89	2.78	2.84	3129708	36140740.00
2012/11/27	2.79	2.82	2.63	2.68	3006967	32981000.00
2012/11/28	2.67	2.77	2.66	2.71	2837443	31419066.00
2012/11/29	2.68	2.95	2.68	2.90	5480685	63644840.00
2012/11/30	2.85	3.05	2.78	2.99	4303463	50742880.00
2012/12/03	2.95	3.10	2.88	2.90	4125303	50057812.00
2012/12/04	2.80	2.80	2.61	2.78	3930467	43348908.00
2012/12/05	2.74	3.05	2.68	2.96	4280161	50282968.00
2012/12/06	2.93	3.11	2.88	3.00	4207512	51321344.00
2012/12/07	2.96	3.21	2.91	3.14	5716976	71784392.00
2012/12/10	3.15	3.46	3.08	3.46	6796196	91646248.00
2012/12/11	3.46	3.56	3.27	3.27	5568051	76385952.00
2012/12/12	3.28	3.38	3.15	3.36	4564963	60924656.00
2012/12/13	3.29	3.30	3.16	3.17	2964326	38775260.00
2012/12/14	3.13	3.31	3.13	3.27	3084710	40702240.00
2012/12/17	3.27	3.35	3.20	3.27	2649458	35166956.00
2012/12/18	3.27	3.29	3.08	3.11	3291987	42447272.00
2012/12/19	3.14	3.20	3.08	3.18	2081280	26583624.00
2012/12/20	3.16	3.23	3.08	3.22	2016955	25814780.00
2012/12/21	3.21	3.35	3.10	3.30	3735361	49361264.00
2012/12/24	3.26	3.34	3.23	3.25	1760762	23375014.00
2012/12/25	3.20	3.33	3.20	3.31	2707817	36205872.00
2012/12/26	3.30	3.48	3.28	3.36	2859207	39318184.00
2012/12/27	3.36	3.61	3.36	3.44	5196714	73719840.00
2012/12/28	3.46	3.54	3.36	3.48	3932663	55155544.00
2012/12/31	3.49	3.50	3.32	3.35	2725889	37292876.00
2013/01/04	3.37	3.37	3.27	3.33	1864003	24988444.00
2013/01/07	3.35	3.44	3.29	3.44	2100348	28640436.00
2013/01/08	3.44	3.44	3.33	3.38	1935892	26568614.00
2013/01/09	3.31	3.39	3.21	3.25	2130983	28472222.00
2013/01/10	3.25	3.33	3.22	3.33	1723987	22983560.00
2013/01/11	3.31	3.32	3.21	3.23	1607225	21207760.00
2013/01/14	3.22	3.34	3.20	3.33	1599866	21413456.00
2013/01/15	3.32	3.39	3.32	3.39	2337513	31883780.00
2013/01/16	3.40	3.58	3.38	3.45	3800267	53571380.00
2013/01/17	3.45	3.51	3.31	3.33	1883900	25762434.00
2013/01/18	3.33	3.37	3.30	3.36	1117832	15110731.00
2013/01/21	3.36	3.38	3.30	3.32	1192297	16103009.00
2013/01/22	3.31	3.31	3.14	3.14	2156417	28117104.00
2013/01/23	3.15	3.16	3.07	3.12	1050634	13236026.00
2013/01/24	3.13	3.18	3.01	3.04	1374711	17304734.00
2013/01/25	3.04	3.09	3.01	3.06	698598	8632796.00
2013/01/28	3.06	3.17	3.06	3.17	1076811	13731378.00
2013/01/29	3.15	3.19	3.13	3.17	811012	10433815.00
2013/01/30	3.17	3.18	3.07	3.10	969615	12257483.00
2013/01/31	3.11	3.14	3.06	3.13	679657	8565770.00
2013/02/01	3.16	3.16	3.12	3.15	915022	11679758.00
2013/02/04	3.18	3.18	2.99	2.99	1142501	14158606.00
2013/02/05	2.99	3.06	2.97	3.05	529211	6499179.00
2013/02/06	3.03	3.06	3.03	3.06	461233	5717617.50
2013/02/07	3.09	3.10	3.05	3.07	362056	4519006.00
2013/02/08	3.10	3.12	3.07	3.10	575786	7245577.00
2013/02/18	3.12	3.23	3.10	3.19	1252017	16179552.00
2013/02/19	3.19	3.22	3.16	3.18	900221	11657766.00
2013/02/20	3.18	3.28	3.13	3.26	1297993	16905642.00
2013/02/21	3.25	3.25	3.14	3.19	988222	12830929.00
2013/02/22	3.15	3.19	3.11	3.13	525930	6708771.00
2013/02/25	3.13	3.16	3.10	3.14	600024	7630092.50
2013/02/26	3.13	3.15	3.03	3.03	894945	11215231.00
2013/02/27	3.01	3.08	3.00	3.03	517930	6375328.00
2013/02/28	3.03	3.17	3.02	3.16	1032951	13043883.00
2013/03/01	3.16	3.22	3.13	3.18	1028094	13277216.00
2013/03/04	3.18	3.32	3.15	3.25	2585634	34184324.00
2013/03/05	3.25	3.55	3.21	3.45	3949888	55175556.00
2013/03/06	3.45	3.49	3.36	3.47	2378254	33116506.00
2013/03/07	3.43	3.46	3.36	3.39	1643294	22681450.00
2013/03/08	3.41	3.50	3.38	3.49	1722029	24070976.00
2013/03/11	3.55	3.83	3.55	3.63	4007624	59775396.00
2013/03/12	3.56	3.63	3.30	3.36	2866370	40176944.00
2013/03/13	3.30	3.39	3.24	3.31	1197589	16046319.00
2013/03/14	3.33	3.35	3.20	3.20	1248232	16556760.00
2013/03/15	3.21	3.30	3.18	3.22	902685	11876911.00
2013/03/18	3.23	3.29	3.21	3.23	825881	10883663.00
2013/03/19	3.24	3.28	3.19	3.27	621269	8190461.00
2013/03/20	3.30	3.39	3.25	3.38	1089846	14785270.00
2013/03/21	3.38	3.48	3.36	3.43	1585457	22169400.00
2013/03/22	3.41	3.49	3.40	3.43	921180	12821470.00
2013/03/25	3.45	3.45	3.35	3.35	891408	12204552.00
2013/03/26	3.35	3.37	3.27	3.31	703051	9409676.00
2013/03/27	3.31	3.35	3.27	3.33	579700	7772004.50
2013/03/28	3.30	3.30	3.09	3.09	1101427	14155539.00
2013/03/29	3.05	3.10	2.98	3.00	674111	8297017.50
2013/04/01	3.00	3.04	2.95	3.02	437170	5321526.00
2013/04/02	3.05	3.06	3.00	3.02	365225	4480806.50
2013/04/03	3.03	3.03	2.98	3.00	236528	2889641.25
2013/04/08	2.96	2.98	2.84	2.90	528959	6189348.50
2013/04/09	2.88	3.00	2.88	2.95	425584	5106533.50
2013/04/10	2.95	2.99	2.85	2.90	348367	4124014.75
2013/04/11	2.92	2.93	2.87	2.91	347655	4084114.50
2013/04/12	2.91	2.91	2.86	2.89	207482	2435710.50
2013/04/15	2.90	3.01	2.90	3.01	481546	5782714.00
2013/04/16	2.99	3.04	2.97	3.02	472700	5770740.00
2013/04/17	3.00	3.03	2.97	3.01	379015	4620679.50
2013/04/18	2.95	2.98	2.91	2.93	440007	5247827.00
2013/04/19	2.91	3.04	2.91	3.01	441575	5353761.50
2013/04/22	3.01	3.03	2.95	2.99	397255	4806437.00
2013/04/23	3.00	3.00	2.90	2.91	459690	5492029.50
2013/04/24	2.95	2.97	2.88	2.94	329818	3922457.00
2013/04/25	2.94	3.00	2.85	2.86	424247	5063332.50
2013/04/26	2.85	2.88	2.71	2.75	358589	4137256.00
2013/05/02	2.76	2.82	2.70	2.80	243466	2719405.50
2013/05/03	2.74	2.90	2.74	2.85	226804	2625994.50
2013/05/06	2.87	2.92	2.85	2.91	305213	3573265.50
2013/05/07	2.91	2.91	2.84	2.88	266999	3130935.75
2013/05/08	2.88	3.00	2.88	2.98	663445	7995250.50
2013/05/09	2.98	2.99	2.91	2.97	510145	6128856.00
2013/05/10	2.97	3.02	2.92	3.02	515142	6225613.50
2013/05/13	3.02	3.03	2.98	3.01	285142	3478889.75
2013/05/14	3.01	3.03	2.95	2.97	549384	6648859.50
2013/05/15	2.97	3.02	2.96	3.01	449221	5440748.50
2013/05/16	3.02	3.10	2.99	3.04	676788	8400520.00
2013/05/17	3.05	3.10	3.03	3.09	457936	5708632.00
2013/05/20	3.09	3.17	3.05	3.17	698771	8885329.00
2013/05/21	3.17	3.25	3.14	3.24	1008868	13130595.00
2013/05/22	3.24	3.25	3.14	3.18	827671	10692259.00
2013/05/23	3.15	3.22	3.13	3.16	620065	7976789.00
2013/05/24	3.15	3.20	3.13	3.20	403488	5196912.00
2013/05/27	3.20	3.24	3.18	3.19	556481	7264069.50
2013/05/28	3.20	3.22	3.10	3.20	772182	9904775.00
2013/05/29	3.20	3.27	3.18	3.27	827024	10815647.00
2013/05/30	3.29	3.36	3.28	3.35	1592671	21509604.00
2013/05/31	3.35	3.42	3.30	3.35	1409736	19189978.00
2013/06/03	3.31	3.34	3.23	3.31	642504	8589717.00
2013/06/04	3.31	3.31	3.13	3.14	943768	12297557.00
2013/06/05	3.15	3.20	3.04	3.18	572337	7309281.00
2013/06/06	3.18	3.20	3.06	3.06	422467	5341860.50
2013/06/07	3.06	3.08	2.95	2.97	569323	6953177.00
2013/06/13	2.97	2.99	2.86	2.90	369080	4343830.50
2013/06/14	2.94	2.97	2.90	2.96	345365	4125038.75
2013/06/17	2.97	3.01	2.89	2.98	362281	4361571.00
2013/06/18	2.95	3.01	2.95	2.97	242759	2938511.00
2013/06/19	2.97	2.99	2.87	2.99	380440	4537471.00
2013/06/20	3.02	3.09	2.93	2.95	803309	9830558.00
2013/06/21	2.88	2.95	2.78	2.89	495663	5781734.50
2013/06/24	2.89	2.89	2.70	2.73	387635	4392639.00
2013/06/25	2.72	2.78	2.46	2.65	654518	6865763.50
2013/06/26	2.68	2.70	2.58	2.65	300728	3224578.75
2013/06/27	2.66	2.71	2.63	2.67	612424	6695674.00
2013/06/28	2.64	2.73	2.60	2.70	391819	4281705.00
2013/07/01	2.69	2.74	2.61	2.72	249368	2727903.50
2013/07/02	2.74	2.87	2.73	2.82	562113	6363828.00
2013/07/03	2.83	2.97	2.83	2.96	778166	9242456.00
2013/09/30	3.26	3.26	3.26	3.26	109032	1441403.00
2013/10/08	3.59	3.59	3.59	3.59	159563	2320046.00
2013/10/09	3.95	3.95	3.88	3.95	3004130	48021944.00
2013/10/10	4.08	4.35	4.00	4.35	9165963	154741696.00
2013/10/11	4.16	4.33	4.13	4.26	5900626	100666408.00
2013/10/14	4.29	4.29	4.09	4.23	4391661	74377112.00
2013/10/15	4.21	4.50	4.18	4.21	5175086	90466720.00
2013/10/16	4.11	4.20	3.96	4.04	3845734	63110444.00
2013/10/17	4.08	4.33	3.98	4.21	4502883	76150416.00
2013/10/18	4.10	4.16	3.92	4.08	2538593	41369696.00
2013/10/21	4.02	4.34	3.98	4.26	4022146	68496424.00
2013/10/22	4.18	4.44	4.03	4.11	3642739	62301924.00
2013/10/23	4.04	4.10	3.92	4.07	2331603	37873704.00
2013/10/24	4.05	4.23	3.99	4.09	2224269	37150500.00
2013/10/25	4.05	4.28	4.01	4.01	2943248	49619008.00
2013/10/28	3.90	3.90	3.60	3.60	1676500	24929110.00
2013/10/29	3.48	3.53	3.30	3.39	3571618	49763064.00
2013/10/30	3.41	3.49	3.39	3.45	1773035	24792528.00
2013/10/31	3.45	3.55	3.36	3.47	1579425	22108700.00
2013/11/01	3.45	3.50	3.38	3.38	1273150	17718992.00
2013/11/04	3.48	3.72	3.45	3.72	1881086	27589382.00
2013/11/05	3.93	4.10	3.91	4.10	2405914	39346796.00
2013/11/06	4.35	4.52	4.25	4.52	11870231	213038704.00
2013/11/07	4.58	4.73	4.32	4.42	7950150	144396768.00
2013/11/08	4.55	4.79	4.45	4.48	9482877	176922368.00
2013/11/11	4.44	4.46	4.14	4.42	6294016	109086864.00
2013/11/12	4.32	4.57	4.28	4.41	5256110	93639216.00
2013/11/13	4.25	4.45	4.17	4.31	3636092	63423900.00
2013/11/14	4.35	4.75	4.23	4.75	9779961	182214592.00
2013/11/15	4.79	4.81	4.55	4.55	8772563	165433760.00
2013/11/18	4.55	4.55	4.31	4.48	6801308	121819128.00
2013/11/19	4.39	4.67	4.36	4.64	6315496	115077648.00
2013/11/20	4.56	4.59	4.41	4.50	3391334	61308812.00
2013/11/21	4.49	4.56	4.28	4.33	3739888	66212632.00
2013/11/22	4.22	4.41	4.22	4.38	2604261	45650400.00
2013/11/25	4.39	4.40	4.23	4.23	1999621	34767496.00
2013/11/26	4.24	4.42	4.12	4.42	3056501	53325512.00
2013/11/27	4.33	4.49	4.33	4.43	2763644	49552892.00
2013/11/28	4.43	4.43	4.25	4.30	2355862	41178980.00
2013/11/29	4.30	4.45	4.29	4.37	1949520	34606784.00
2013/12/02	4.18	4.18	3.93	3.93	2536785	41016448.00
2013/12/03	3.68	4.03	3.68	3.94	1595162	25217582.00
2013/12/04	4.06	4.26	4.06	4.14	1812856	30602792.00
2013/12/05	4.10	4.25	4.10	4.11	1225802	20704830.00
2013/12/06	4.11	4.22	4.09	4.19	830185	13981658.00
2013/12/09	4.26	4.26	4.15	4.18	579274	9829291.00
2013/12/10	4.19	4.20	3.97	4.10	847106	13971224.00
2013/12/11	4.07	4.08	3.97	4.00	689617	11140248.00
2013/12/12	4.01	4.10	3.98	4.05	680806	11120188.00
2013/12/13	4.02	4.12	4.00	4.08	675170	11093888.00
2013/12/16	4.06	4.14	4.01	4.10	766847	12732395.00
2013/12/17	4.04	4.11	3.98	4.02	503153	8212476.00
2013/12/18	4.04	4.10	3.98	4.00	497061	8096746.50
2013/12/19	4.01	4.41	4.01	4.41	2816612	48660120.00
2013/12/20	4.50	4.57	4.27	4.30	2626740	46865268.00
2013/12/23	4.30	4.42	4.12	4.13	1845561	32020918.00
2013/12/24	4.07	4.08	3.95	4.02	1805206	29291134.00
2013/12/25	4.01	4.11	3.97	4.10	1404064	23032228.00
2013/12/26	4.11	4.33	4.08	4.30	3238316	55970028.00
2013/12/27	4.20	4.39	4.18	4.31	2239215	39105260.00
2013/12/30	4.32	4.74	4.32	4.74	4831541	89227704.00
2013/12/31	4.75	4.79	4.51	4.73	4187667	78990112.00
2014/01/02	4.88	5.08	4.76	5.01	5084826	101157592.00
2014/01/03	4.88	5.19	4.79	5.15	5640425	114320872.00
2014/01/06	5.09	5.09	4.85	4.85	3637970	72984304.00
2014/01/07	4.76	4.83	4.60	4.75	2382163	45795304.00
2014/01/08	4.84	4.88	4.70	4.78	1911045	37016216.00
2014/01/09	4.82	5.00	4.74	4.77	2672720	52622844.00
2014/01/10	4.77	4.83	4.52	4.53	1789586	33590832.00
2014/01/13	4.80	4.80	4.30	4.44	3272104	60305808.00
2014/01/14	4.45	4.54	4.35	4.48	1969951	35312504.00
2014/01/15	4.48	4.88	4.39	4.62	3565766	67438520.00
2014/01/16	4.63	4.78	4.52	4.65	2666650	50131476.00
2014/01/17	4.58	4.71	4.50	4.50	1720254	32136624.00
2014/01/20	4.51	4.70	4.45	4.65	1539711	28659870.00
2014/01/21	4.64	4.87	4.64	4.82	4076418	78939672.00
2014/01/22	4.84	5.02	4.74	4.94	4279732	84895600.00
2014/01/23	4.93	4.99	4.83	4.90	1931701	38304724.00
2014/01/24	4.88	5.08	4.85	4.91	3295363	66404936.00
2014/01/27	4.91	5.40	4.78	5.25	3872990	80107368.00
2014/01/28	5.20	5.78	5.20	5.78	5461719	124283328.00
2014/01/29	6.02	6.35	5.97	6.32	6480028	161176176.00
2014/01/30	6.29	6.29	6.01	6.25	4491776	111381224.00
2014/02/07	6.18	6.24	6.05	6.23	5364781	133014016.00
2014/02/10	6.20	6.28	6.01	6.28	5326453	131842864.00
2014/02/11	6.24	6.25	5.70	6.03	4487567	108644480.00
2014/02/12	6.00	6.07	5.88	6.00	3170574	75997304.00
2014/02/13	6.05	6.50	5.95	5.99	7518759	188826832.00
2014/02/14	5.78	6.00	5.67	5.91	3090652	73136944.00
2014/02/17	5.91	6.19	5.86	5.96	2887595	70180344.00
2014/02/18	5.95	6.33	5.81	6.30	3882058	94932104.00
2014/02/19	6.25	6.40	6.07	6.09	2693655	67525408.00
2014/02/20	6.09	6.23	5.83	5.86	1867367	45003156.00
2014/02/21	5.73	6.01	5.73	5.98	841246	20108920.00
2014/02/24	6.07	6.24	5.97	6.18	1483857	36433484.00
2014/02/25	6.23	6.25	5.56	5.56	2260243	53588888.00
2014/02/26	5.57	5.58	5.11	5.34	2350831	50518032.00
2014/02/27	5.39	5.39	4.93	4.95	2208134	46066360.00
2014/02/28	4.90	5.20	4.84	5.08	2082162	42358620.00
2014/03/03	5.09	5.27	5.09	5.27	2181935	45821388.00
2014/03/04	5.22	5.24	4.96	5.15	1616785	33352684.00
2014/03/05	5.19	5.24	5.08	5.13	1122373	23430246.00
2014/03/06	5.07	5.32	5.07	5.31	2396246	50241092.00
2014/03/07	5.32	5.35	5.05	5.14	2289038	47795932.00
2014/03/10	5.17	5.30	4.96	4.96	2010932	41693260.00
2014/03/11	4.90	4.90	4.57	4.68	2070837	39412572.00
2014/03/12	4.68	4.86	4.64	4.75	1539325	29520692.00
2014/03/13	4.74	4.80	4.63	4.78	881101	16882864.00
2014/03/14	4.78	4.78	4.60	4.66	1760070	33229906.00
2014/03/17	4.65	4.87	4.64	4.84	1365616	26371368.00
2014/03/18	4.81	5.02	4.81	4.93	1485721	29555146.00
2014/03/19	4.93	4.93	4.81	4.87	961326	18844192.00
2014/03/20	4.88	4.88	4.62	4.62	1323075	25365088.00
2014/03/21	4.60	4.74	4.45	4.73	1136153	21196426.00
2014/03/24	4.72	4.76	4.62	4.62	689949	13063554.00
2014/03/25	4.61	4.90	4.58	4.89	1464337	28141842.00
2014/03/26	4.91	5.08	4.85	4.99	1847259	36837152.00
2014/03/27	5.03	5.03	4.67	4.70	1556868	30467332.00
2014/03/28	4.70	4.73	4.38	4.41	1647848	30099530.00
2014/03/31	4.41	4.53	4.39	4.46	448174	8094274.00
2014/04/01	4.48	4.91	4.47	4.89	2870471	55496444.00
2014/04/02	4.87	4.90	4.71	4.75	1452805	28006722.00
2014/04/03	4.75	4.98	4.72	4.77	1312292	25578480.00
2014/04/04	4.77	4.92	4.73	4.90	1341383	26332232.00
2014/04/08	4.87	5.04	4.84	4.97	1642426	32994758.00
2014/04/09	5.08	5.15	4.97	5.04	1883160	38461036.00
2014/04/10	5.04	5.12	5.04	5.06	1333655	27340552.00
2014/04/11	4.97	5.03	4.90	4.91	910145	18172372.00
2014/04/14	4.91	5.02	4.91	5.00	619727	12423059.00
2014/04/15	5.04	5.05	4.93	4.94	503439	10073899.00
2014/04/16	4.91	4.96	4.83	4.91	720410	14202353.00
2014/04/17	4.87	4.97	4.83	4.92	498363	9917099.00
2014/04/18	4.94	5.20	4.94	5.14	2527653	52200832.00
2014/04/21	5.15	5.16	4.97	5.01	1175988	24012622.00
2014/04/22	5.01	5.03	4.83	4.88	993625	19655956.00
2014/04/23	4.90	5.07	4.85	5.05	1261458	25452140.00
2014/04/24	5.08	5.52	4.99	5.46	3976978	84237504.00
2014/04/25	5.45	5.90	5.24	5.60	5695277	127250016.00
2014/04/28	5.58	5.69	5.04	5.04	6568245	69584504.00
2014/04/29	4.83	5.04	4.63	4.93	3978916	38531504.00
2014/04/30	4.91	5.34	4.87	5.03	5292658	54626332.00
2014/05/05	4.95	5.40	4.67	5.36	6715194	68868720.00
2014/05/06	5.21	5.45	5.19	5.32	5995576	63801636.00
2014/05/07	5.28	5.60	5.28	5.42	7408759	81271440.00
2014/05/08	5.35	5.90	5.32	5.74	9607530	108414528.00
2014/05/09	5.69	5.73	5.53	5.64	6709932	75274568.00
2014/05/12	5.65	5.66	5.34	5.54	7291089	79800200.00
2014/05/13	5.52	5.53	5.04	5.05	8336257	88246424.00
2014/05/14	5.06	5.55	5.04	5.55	9374847	100949368.00
2014/05/15	5.79	5.90	5.61	5.70	13616323	156447024.00
2014/05/16	5.65	5.68	5.23	5.37	9989532	107674808.00
2014/05/19	5.37	5.41	5.06	5.20	7032700	73300632.00
2014/05/20	5.21	5.72	5.15	5.72	12013709	131521384.00
2014/05/21	5.75	5.99	5.69	5.92	17970294	210516592.00
2014/05/22	5.85	6.06	5.77	5.80	13131832	154410880.00
2014/05/23	5.80	5.97	5.76	5.88	9008762	105589376.00
2014/05/26	5.83	5.94	5.77	5.86	7298709	85115536.00
2014/05/27	5.85	6.08	5.69	6.08	9887784	116209160.00
2014/05/28	6.00	6.07	5.86	5.96	8631521	103120008.00
2014/05/29	5.89	5.96	5.70	5.70	6877966	79765896.00
2014/05/30	5.67	5.84	5.59	5.75	4946806	56627124.00
2014/06/03	5.74	5.98	5.68	5.73	5102638	59669648.00
2014/06/04	5.68	5.71	5.56	5.66	3388419	38120648.00
2014/06/05	5.63	5.69	5.51	5.64	4001549	44749344.00
2014/06/06	5.64	5.74	5.54	5.61	3129404	35209976.00
2014/06/09	5.41	5.63	5.41	5.49	2829263	31063832.00
2014/06/10	5.48	5.61	5.34	5.57	3473436	38074544.00
2014/06/11	5.52	5.84	5.52	5.72	6337390	72510744.00
2014/06/12	5.66	5.68	5.53	5.60	3641915	40758748.00
2014/06/13	5.60	5.98	5.58	5.82	9307730	108193920.00
2014/06/16	5.79	5.93	5.66	5.81	5195452	60412284.00
2014/06/17	5.81	5.81	5.58	5.65	4644638	52706508.00
2014/06/18	5.70	5.70	5.43	5.44	4841038	53357908.00
2014/06/19	5.46	5.50	4.90	5.27	4560227	48060012.00
2014/06/20	5.23	5.34	5.13	5.28	1784961	18712154.00
2014/06/23	5.27	5.37	5.25	5.30	1932902	20470784.00
2014/06/24	5.29	5.33	5.25	5.33	1398421	14792257.00
2014/06/25	5.32	5.38	5.17	5.19	1658148	17414528.00
2014/06/26	5.13	5.29	5.13	5.24	2267186	23744686.00
2014/06/27	5.20	5.38	5.19	5.31	2882339	30584616.00
2014/06/30	5.42	5.42	5.27	5.28	2827744	30063414.00
2014/07/01	5.28	5.43	5.26	5.41	3110220	33303642.00
2014/07/02	5.39	5.50	5.36	5.48	3631101	39386744.00
2014/07/11	6.03	6.03	5.73	6.03	12941366	153415120.00
2014/07/14	6.04	6.43	6.00	6.14	17127596	212880608.00
2014/07/15	6.06	6.30	5.95	6.03	7937057	96428352.00
2014/07/16	5.93	6.00	5.71	5.79	6834077	79497496.00
2014/07/17	5.82	5.84	5.61	5.73	3488937	39810980.00
2014/07/18	5.69	5.82	5.59	5.76	2632194	30230522.00
2014/07/21	5.77	5.77	5.52	5.54	3906025	43658552.00
2014/07/22	5.56	5.62	5.53	5.59	2358278	26348980.00
2014/07/23	5.59	5.63	5.43	5.44	3669448	40409708.00
2014/07/24	5.44	5.44	5.24	5.31	3184803	33840160.00
2014/07/25	5.32	5.42	5.30	5.33	1569437	16810994.00
2014/07/28	5.34	5.43	5.34	5.41	3054542	32850214.00
2014/07/29	5.41	5.60	5.41	5.60	4049191	44778224.00
2014/07/30	5.63	5.64	5.50	5.58	3375456	37497492.00
2014/07/31	5.63	6.14	5.62	6.14	4966160	59772364.00
2014/08/01	6.35	6.35	5.84	5.91	15884511	193619648.00
2014/08/04	5.90	5.95	5.80	5.91	6895119	80913456.00
2014/08/05	5.90	5.95	5.77	5.94	5214312	61011168.00
2014/08/06	5.90	5.94	5.82	5.89	3235022	38093152.00
2014/08/07	5.90	6.10	5.89	5.98	8340614	100177784.00
2014/08/08	5.99	6.16	5.98	6.10	6833018	83174448.00
2014/08/11	6.12	6.21	6.04	6.12	5441675	66262388.00
2014/08/12	6.12	6.15	6.03	6.06	3709213	45074784.00
2014/08/13	6.06	6.10	5.83	5.96	5102534	60777648.00
2014/08/14	5.91	6.05	5.88	5.99	3919122	46935020.00
2014/08/15	6.02	6.17	5.95	6.11	5238988	63713540.00
2014/08/18	6.13	6.39	6.13	6.39	9737622	122448104.00
2014/08/19	6.40	6.43	6.19	6.31	6923047	87020568.00
2014/08/20	6.30	6.70	6.26	6.54	10707566	139212464.00
2014/08/21	6.61	6.63	6.36	6.58	7194568	93398400.00
2014/08/22	6.55	6.57	6.30	6.41	6904614	88224728.00
2014/08/25	6.40	6.58	6.31	6.49	6234357	80878864.00
2014/08/26	6.41	6.80	6.38	6.60	10031602	132804512.00
2014/08/27	6.50	6.69	6.40	6.59	7112839	93373848.00
2014/08/28	6.59	6.78	6.32	6.34	7005898	92206704.00
2014/08/29	6.35	6.51	6.18	6.46	4316603	54619284.00
2014/09/01	6.46	6.69	6.40	6.66	6375226	83753224.00
2014/09/02	6.68	6.92	6.62	6.90	11421132	155057600.00
2014/09/03	6.88	7.57	6.84	7.30	21869992	310811104.00
2014/09/04	7.11	7.20	7.00	7.08	16908483	239351680.00
2014/09/05	7.06	7.07	6.81	6.91	11363762	156922480.00
2014/09/09	6.93	7.09	6.83	6.99	7854439	109462912.00
2014/09/10	6.93	7.04	6.86	7.02	6575026	91321968.00
2014/09/11	7.02	7.08	6.80	6.85	7077360	98321544.00
2014/09/12	6.86	7.07	6.75	7.06	8215470	113343296.00
2014/09/15	7.04	7.17	6.98	7.09	7632197	107946704.00
2014/09/16	7.09	7.39	7.05	7.08	12992349	186518096.00
2014/09/17	7.02	7.39	6.89	7.35	9620427	138205200.00
2014/09/18	7.36	7.57	7.25	7.51	11477816	170727552.00
2014/09/19	7.64	7.90	7.49	7.49	11000688	168652272.00
2014/09/22	7.39	7.83	7.20	7.74	10721168	161952112.00
2014/09/23	7.70	7.94	7.65	7.78	7179244	111869856.00
2014/11/21	7.89	7.89	7.03	7.30	16605783	242257824.00
2014/11/24	7.20	7.20	6.94	6.98	13320033	186793744.00
2014/11/25	6.98	7.09	6.91	7.06	7487250	105129720.00
2014/11/26	7.05	7.18	6.92	7.17	8949132	126203072.00
2014/11/27	7.15	7.40	7.13	7.40	11280981	164024640.00
2014/11/28	7.38	7.61	7.32	7.40	9033100	135138144.00
2014/12/01	7.35	7.44	7.12	7.12	4426349	63717364.00
2014/12/02	7.11	7.40	7.05	7.29	5148683	74785000.00
2014/12/03	7.30	7.41	7.14	7.19	5370249	77585344.00
2014/12/04	7.18	7.25	7.11	7.13	6616259	94697336.00
2014/12/05	7.13	7.13	6.60	6.79	6389893	87820984.00
2014/12/08	6.60	7.20	6.58	7.17	7574362	104452312.00
2014/12/09	7.15	7.34	6.80	6.87	9453029	135553856.00
2014/12/10	6.81	7.25	6.78	7.15	6066466	85598784.00
2014/12/11	7.15	7.40	7.06	7.37	7283886	106251224.00
2014/12/12	7.37	7.65	7.33	7.59	10807062	161463200.00
2014/12/15	7.44	7.47	7.31	7.46	8132739	120258848.00
2014/12/16	7.40	7.47	7.29	7.40	4546972	67003276.00
2014/12/17	7.39	7.68	7.25	7.62	9048542	135305392.00
2014/12/18	7.40	7.55	7.27	7.30	6296706	93275808.00
2014/12/19	7.28	7.28	6.75	6.84	5584436	77319264.00
2014/12/22	6.84	6.89	6.16	6.16	5037406	63165832.00
2014/12/23	5.93	5.97	5.54	5.78	5347258	60921780.00
2014/12/24	5.73	6.20	5.71	6.09	3481263	41239992.00
2014/12/25	6.09	6.14	5.88	6.02	1979198	23685512.00
2014/12/26	6.02	6.14	5.99	6.05	1876246	22682786.00
2014/12/29	6.00	6.00	5.57	5.59	4144066	47299404.00
2014/12/30	5.60	5.94	5.45	5.49	3546212	39561668.00
2014/12/31	5.50	5.61	5.49	5.58	1904883	21156262.00
2015/01/05	5.57	5.62	5.26	5.42	3472863	37468260.00
2015/01/06	5.36	5.68	5.36	5.63	3259984	36023756.00
2015/01/07	5.60	5.81	5.58	5.80	2797436	31745862.00
2015/01/08	5.85	5.98	5.73	5.90	3532342	41502204.00
2015/01/09	6.00	6.00	5.67	5.76	3186070	37085796.00
2015/01/12	5.71	5.90	5.66	5.82	2665508	30863052.00
2015/01/13	5.82	5.87	5.67	5.87	2571788	29726916.00
2015/01/14	5.87	5.90	5.69	5.75	2029682	23332380.00
2015/01/15	5.75	6.03	5.75	5.91	3846388	45495768.00
2015/01/16	5.91	6.04	5.86	5.96	1966369	23437364.00
2015/01/19	5.91	6.03	5.50	5.75	2460682	28839198.00
2015/01/20	5.77	6.08	5.77	6.07	4205592	49993080.00
2015/01/21	6.12	6.42	6.09	6.32	4281961	53671852.00
2015/01/22	6.31	6.95	6.31	6.90	8879789	119207000.00
2015/01/23	6.85	7.00	6.62	6.73	5032968	68468368.00
2015/01/26	6.63	7.07	6.63	6.98	5815397	80556952.00
2015/01/27	6.98	7.10	6.80	6.88	3524357	48886204.00
2015/01/28	6.88	7.05	6.81	6.81	3408004	47310204.00
2015/01/29	6.83	6.88	6.75	6.80	1900427	25839620.00
2015/01/30	6.80	6.93	6.61	6.61	2253521	30312898.00
2015/02/02	6.55	6.71	6.39	6.63	2168347	28509904.00
2015/02/03	6.65	6.73	6.60	6.69	1982338	26355880.00
2015/02/04	6.71	6.90	6.68	6.73	2515112	34363764.00
2015/02/05	6.80	6.88	6.70	6.78	1576768	21468040.00
2015/02/06	6.80	6.88	6.71	6.76	1876335	25431988.00
2015/02/09	6.79	6.82	6.51	6.58	1508398	20166766.00
2015/02/10	6.55	6.74	6.55	6.70	890110	11804640.00
2015/02/11	6.75	6.97	6.75	6.95	2255465	30917364.00
2015/02/12	7.00	7.00	6.82	6.83	1560450	21521234.00
2015/02/13	6.89	7.01	6.88	6.90	2827463	39256644.00
2015/02/16	6.86	7.55	6.86	7.47	6772734	99086888.00
2015/02/17	7.47	7.65	7.23	7.58	6040142	89136592.00
2015/02/25	7.50	7.56	7.33	7.46	3207376	47651724.00
2015/02/26	7.45	7.54	7.34	7.38	2397317	35486748.00
2015/02/27	7.39	7.54	7.39	7.54	2937521	43915612.00
2015/03/02	8.03	8.30	7.88	8.30	12106730	197905344.00
2015/03/03	8.37	8.99	8.30	8.50	9852911	170561568.00
2015/03/04	8.46	8.80	8.26	8.53	4279989	72899848.00
2015/03/05	8.55	9.14	8.43	8.98	5772290	101982544.00
2015/03/06	8.92	9.42	8.70	9.11	6204557	113426624.00
2015/03/09	9.25	9.40	8.93	9.09	3543678	64407280.00
2015/03/10	9.05	9.22	8.90	8.93	3511120	63428500.00
2015/03/11	9.15	9.60	9.10	9.25	4569615	85322992.00
2015/03/12	9.20	9.22	8.67	8.87	5452804	97413192.00
2015/03/13	8.88	9.18	8.83	9.17	3625911	65042124.00
2015/03/16	9.27	9.81	9.20	9.65	4423541	84313488.00
2015/03/17	9.68	9.74	9.50	9.67	2869265	55190236.00
2015/03/18	9.70	9.80	9.59	9.62	3301902	63871544.00
2015/03/19	9.61	9.78	9.40	9.51	3662783	70092144.00
2015/03/20	9.56	10.00	9.56	9.93	4266991	83978720.00
2015/03/23	9.92	10.49	9.90	10.43	5345141	108321264.00
2015/03/24	10.43	10.46	9.70	10.33	7369760	149120304.00
2015/03/25	10.32	11.36	10.00	11.18	7024679	151954880.00
2015/03/26	11.00	11.35	10.81	11.07	4493332	99437920.00
2015/03/27	10.99	11.21	10.81	11.17	2293275	50604096.00
2015/03/30	11.17	11.17	10.28	10.75	5753454	122908472.00
2015/03/31	10.73	10.83	10.55	10.55	3012441	64063788.00
2015/04/01	10.58	11.00	10.37	10.93	4207207	90320136.00
2015/04/02	11.55	12.00	11.38	11.89	7385449	172210160.00
2015/04/03	11.64	12.35	11.58	12.24	6400280	151686304.00
2015/04/07	12.01	12.68	12.01	12.30	6103544	150725504.00
2015/04/08	12.30	12.43	11.80	12.30	4829618	117324320.00
2015/04/16	12.40	13.53	11.08	13.53	7863480	206914592.00
2015/04/17	13.94	14.20	13.06	13.53	7871164	213311344.00
2015/04/20	13.30	13.51	12.40	12.40	6964011	179175440.00
2015/04/21	12.25	12.90	12.23	12.90	3525847	88982856.00
2015/04/22	12.99	13.39	12.90	12.91	4041611	105894128.00
2015/04/23	12.90	14.20	12.54	14.20	8970187	243760400.00
2015/04/24	14.05	14.81	13.89	14.30	5520280	157553920.00
2015/04/27	14.40	15.16	14.02	15.13	8317704	245843872.00
2015/04/28	14.72	15.13	14.50	14.52	4465591	131896288.00
2015/04/29	14.53	14.86	14.00	14.24	3674731	105667536.00
2015/04/30	14.35	14.94	14.25	14.54	2365351	69117144.00
2015/05/04	14.54	14.80	14.23	14.67	2543669	74039312.00
2015/05/05	14.67	14.67	13.40	13.94	3275638	92093528.00
2015/05/06	13.94	14.19	12.54	12.82	4083564	109463864.00
2015/05/07	12.80	13.13	12.15	12.28	3277756	81486984.00
2015/05/08	12.50	12.98	12.29	12.91	4389829	109712208.00
2015/05/11	12.91	14.17	12.91	14.03	3879212	105509680.00
2015/05/12	14.02	14.20	13.48	13.98	4634086	128516128.00
2015/05/13	13.59	14.34	13.59	14.20	5600427	158360048.00
2015/05/14	14.10	14.35	14.01	14.35	3590828	101750808.00
2015/05/15	14.35	14.93	14.15	14.50	3809171	110535760.00
2015/05/18	14.25	14.67	14.23	14.55	3432176	99237224.00
2015/05/19	14.54	14.90	14.23	14.52	2768995	79692704.00
2015/05/20	14.54	15.97	14.54	15.81	6899058	213558112.00
2015/05/21	15.89	16.39	15.45	16.25	4979950	158994192.00
2015/05/22	16.25	16.62	15.61	16.00	4410570	141164496.00
2015/05/25	15.95	16.55	15.64	16.35	4557605	147545648.00
2015/05/26	16.43	17.56	16.28	17.04	4794607	163382272.00
2015/05/27	17.04	17.35	16.25	16.85	3540820	118801472.00
2015/05/28	16.42	17.10	15.51	15.55	4824441	158098608.00
2015/05/29	15.53	16.18	14.80	15.78	4126981	128969448.00
2015/06/01	16.03	17.36	15.45	17.36	7154220	236386672.00
2015/06/02	17.57	19.09	17.57	19.09	9058111	334126656.00
2015/06/03	19.13	19.15	18.08	18.60	5980632	221779824.00
2015/06/04	18.30	18.80	16.91	18.58	4450593	161566064.00
2015/06/05	18.57	19.25	18.11	18.45	4726081	174899312.00
2015/06/08	18.28	18.30	17.53	17.91	4415475	157940720.00
2015/06/09	17.65	17.88	16.94	17.25	6447934	223338528.00
2015/06/10	17.15	17.99	16.84	17.70	8155943	283624672.00
2015/06/11	17.70	18.31	17.50	18.25	5326230	192147424.00
2015/06/12	18.28	18.85	18.28	18.45	5225196	194262160.00
2015/06/15	18.48	18.94	17.68	17.70	5774627	210105776.00
2015/06/16	17.55	17.55	16.26	16.44	4739677	157965264.00
2015/06/17	16.72	16.99	16.00	16.94	4621422	151556096.00
2015/06/18	16.90	16.99	15.90	15.96	3169378	104462672.00
2015/06/19	15.15	15.65	14.37	14.37	4013476	119619424.00
2015/06/23	14.60	15.06	13.05	15.06	3530951	102138088.00
2015/06/24	15.09	15.74	14.96	15.23	5829173	177867632.00
2015/06/25	15.35	15.75	14.61	15.00	4683515	143385440.00
2015/06/26	14.36	14.50	13.50	13.50	4075738	112785696.00
2015/06/29	14.00	14.11	12.15	12.15	3796616	95654552.00
2015/06/30	10.95	12.74	10.94	12.53	4475405	105435888.00
2015/07/01	12.25	13.05	11.28	11.28	4591848	114308224.00
2015/07/02	11.28	11.65	10.15	10.15	4912642	102875912.00
2015/07/03	9.20	10.71	9.14	9.14	7667228	148746128.00
2015/07/06	10.05	10.05	8.22	8.22	6393536	114747000.00
2015/07/07	7.60	8.64	7.40	7.40	7737285	120674496.00
2016/01/08	8.14	8.14	8.14	8.14	45521	741081.88
2016/01/11	8.96	8.96	8.96	8.96	54102	968966.81
2016/01/12	9.85	9.85	9.61	9.85	14443823	284448896.00
2016/01/13	9.85	10.50	9.55	9.60	24302275	488237152.00
2016/01/14	8.75	10.34	8.64	10.13	19196780	353239104.00
2016/01/15	9.70	10.67	9.70	10.50	19047036	393486720.00
2016/01/18	10.25	10.93	10.07	10.46	12900857	271269632.00
2016/01/19	10.35	10.88	9.90	10.59	12665836	261906240.00
2016/01/20	10.35	11.59	10.31	11.18	13918541	308689024.00
2016/01/21	11.12	11.45	10.75	10.75	10255112	228191504.00
2016/01/22	11.00	11.10	10.31	11.06	6611341	141770224.00
2016/01/25	11.05	12.17	11.05	12.17	11411017	269118720.00
2016/01/26	12.17	12.74	10.95	10.97	18770986	452018912.00
2016/01/27	10.67	10.75	9.87	9.90	12277236	246783216.00
2016/01/28	9.51	10.04	8.91	8.91	8874618	167622752.00
2016/01/29	8.59	9.28	8.35	8.98	10700915	189143472.00
2016/02/01	8.75	9.51	8.66	9.09	8819003	162096112.00
2016/02/02	9.00	9.70	9.00	9.66	7356138	139086784.00
2016/02/03	9.50	9.70	9.30	9.58	4427726	83811832.00
2016/02/04	9.66	9.94	9.58	9.77	4583257	89697920.00
2016/02/05	9.78	9.95	9.30	9.34	4325588	82493232.00
2016/02/15	8.75	9.33	8.75	9.14	3634163	65670968.00
2016/02/16	9.25	9.83	9.15	9.66	4982829	95457192.00
2016/02/17	9.60	10.55	9.40	10.50	9343565	185757504.00
2016/02/18	10.43	10.90	10.40	10.40	8009107	170208192.00
2016/02/19	10.30	10.68	10.25	10.43	5020720	104829368.00
2016/02/22	10.55	10.87	10.36	10.80	5630017	120068096.00
2016/02/23	10.80	10.81	10.35	10.52	6429896	135667984.00
2016/02/24	10.45	10.50	9.73	10.00	7234464	145190848.00
2016/02/25	10.05	10.09	9.00	9.00	7232573	135743536.00
2016/02/26	9.25	9.25	8.50	8.74	5649336	99724392.00
2016/02/29	8.74	8.91	7.87	8.03	7489551	123622632.00
2016/03/01	8.05	8.30	7.90	8.20	4763610	77467632.00
2016/03/02	8.15	8.84	8.05	8.71	5692509	96510704.00
2016/03/03	8.72	9.05	8.60	8.72	4840844	85693656.00
2016/03/04	8.61	8.80	8.01	8.18	4380040	73294656.00
2016/03/07	8.27	8.76	8.26	8.53	4572099	78110504.00
2016/03/08	8.50	9.10	8.05	8.98	4563438	78404464.00
2016/03/09	8.66	9.15	8.61	8.75	4462695	79471920.00
2016/03/10	8.76	9.10	8.59	8.64	3830133	67667320.00
2016/03/11	8.41	8.89	8.41	8.68	3149301	54759508.00
2016/03/14	8.80	9.17	8.80	8.95	5321452	95966520.00
2016/03/15	8.95	9.10	8.87	8.93	3850385	69162512.00
2016/03/16	9.00	9.10	8.73	8.77	3571508	63244744.00
2016/03/17	8.83	9.16	8.75	9.16	4696511	84563712.00
2016/03/18	9.20	9.70	9.11	9.55	5895091	111819232.00
2016/03/21	9.58	9.83	9.48	9.76	7121287	137395680.00
2016/03/22	9.64	10.55	9.55	10.18	8996923	181686128.00
2016/03/23	10.23	11.20	10.11	11.20	12206738	260756832.00
2016/03/24	11.30	11.98	11.08	11.50	13820403	320278752.00
2016/03/25	11.45	11.65	10.79	11.50	11675221	260778464.00
2016/03/28	11.38	11.55	10.95	10.98	7149170	161495216.00
2016/03/29	10.79	10.98	10.35	10.47	6427851	135684624.00
2016/03/30	10.70	11.06	10.56	11.04	5508923	118930136.00
2016/03/31	11.15	11.23	10.75	10.85	7546913	164400896.00
2016/04/01	10.83	10.84	10.43	10.62	4529768	95855896.00
2016/04/05	10.69	11.09	10.59	10.95	5899243	128416512.00
2016/04/06	10.92	11.50	10.74	11.45	10500138	233620848.00
2016/04/07	11.33	11.54	11.20	11.22	9358774	212459632.00
2016/04/08	11.00	11.06	10.51	10.75	5491827	118835968.00
2016/04/11	10.93	11.15	10.80	10.90	4340848	95084440.00
2016/04/12	10.90	11.00	10.55	10.72	4071919	87300400.00
2016/04/13	10.76	11.04	10.76	10.82	5404533	118222112.00
2016/04/14	10.82	10.99	10.75	10.99	5132557	111600504.00
2016/04/15	11.04	11.10	10.86	10.92	4528060	99259192.00
2016/04/18	10.81	10.82	10.40	10.45	4459174	94080208.00
2016/04/19	10.53	10.72	10.35	10.50	3954275	83202312.00
2016/04/20	10.56	10.84	10.00	10.46	8643503	180730048.00
2016/04/21	10.44	10.62	10.22	10.25	3916549	81206280.00
2016/04/22	10.00	10.37	9.58	9.83	6906489	136483984.00
2016/04/25	9.75	10.05	9.62	9.88	3509096	69443920.00
2016/04/26	9.88	10.00	9.76	9.98	2470432	48995312.00
2016/04/27	9.98	10.48	9.95	10.30	5396618	110437768.00
2016/04/28	10.05	10.37	9.75	10.08	5166297	103092000.00
2016/04/29	10.08	10.15	9.95	9.98	2131274	42759488.00
2016/05/03	10.03	10.44	9.93	10.38	6064315	124160536.00
2016/05/04	10.29	10.42	10.25	10.28	3625710	74778240.00
2016/05/05	10.23	11.31	10.21	11.10	17718365	386007872.00
2016/05/06	11.00	11.50	10.48	11.48	24383736	545274112.00
2016/05/09	11.40	11.81	10.86	11.58	20150413	463170784.00
2016/05/10	11.26	12.29	10.93	12.03	24403457	575611072.00
2016/05/11	11.82	12.40	10.83	11.15	24882713	585245952.00
2016/05/12	10.55	11.37	10.16	11.30	14876122	318905184.00
2016/05/13	11.10	11.62	10.94	11.59	18330978	416251456.00
2016/05/16	11.58	12.25	11.23	12.05	18864674	443872608.00
2016/05/17	11.90	12.24	11.15	11.21	17283060	407532160.00
2016/05/18	10.85	11.59	10.76	11.40	13050816	292083808.00
2016/05/19	11.30	12.13	11.23	11.89	16975989	399802368.00
2016/05/20	11.65	13.05	11.59	12.75	25452479	630449216.00
2016/05/23	12.74	13.31	12.42	12.56	22692629	579054208.00
2016/05/24	12.56	13.60	12.43	13.40	21317413	547793728.00
2016/05/25	13.25	13.55	12.76	12.98	23413082	614308352.00
2016/05/26	12.65	12.75	11.68	12.09	27516908	661778240.00
2016/05/27	11.70	12.63	11.23	12.20	42735641	506677184.00
2016/05/30	11.95	12.08	11.10	11.13	28432587	329967104.00
2016/05/31	11.25	11.59	11.05	11.49	31207343	354742592.00
2016/06/01	11.50	12.64	11.36	12.64	50710683	615279040.00
2016/06/02	12.49	13.27	12.30	12.76	70552679	900503808.00
2016/06/03	12.90	12.90	12.17	12.20	57927955	717487616.00
2016/06/06	12.02	12.66	12.01	12.57	38220035	469004736.00
2016/06/07	12.50	13.83	12.41	13.83	92679481	1240395776.00
2016/06/08	13.56	15.06	13.24	14.25	95056109	1329728384.00
2016/06/13	13.71	14.07	12.83	12.83	56515439	765326592.00
2016/06/14	12.50	12.79	12.12	12.71	31428124	393285984.00
2016/06/15	12.34	13.59	12.22	13.48	45378741	594827392.00
2016/06/16	13.33	14.16	13.14	13.77	56797611	774593024.00
2016/06/17	13.48	13.89	13.00	13.23	42303963	568725312.00
2016/06/20	13.16	13.82	13.08	13.55	32285530	436937760.00
2016/06/21	13.59	13.75	12.60	12.82	38516416	506271008.00
2016/06/22	12.82	13.16	12.53	13.14	20831714	269014496.00
2016/06/23	13.05	13.05	12.42	12.56	27433917	347494464.00
2016/06/24	12.55	12.70	11.40	12.07	29719573	361050240.00
2016/06/27	11.90	12.45	11.78	12.35	20366388	249084896.00
2016/06/28	12.25	12.60	12.21	12.36	20905587	259571312.00
2016/06/29	12.42	12.59	12.14	12.57	22928712	282185504.00
2016/06/30	12.50	12.56	12.16	12.22	17077672	210061360.00
2016/07/01	12.23	12.32	11.98	12.02	14634515	177203520.00
2016/07/04	11.86	12.47	11.85	12.39	20122128	246362672.00
2016/07/05	12.41	12.52	12.14	12.21	16934529	207582384.00
2016/07/06	12.22	12.35	12.11	12.23	13242714	162123744.00
2016/07/07	12.22	12.28	12.00	12.09	15258719	184730064.00
2016/07/08	12.12	12.34	12.00	12.22	14238006	173460448.00
2016/07/11	12.21	12.27	12.01	12.06	11780618	142631056.00
2016/07/12	12.02	12.15	11.36	11.91	17693349	209731088.00
2016/07/13	11.96	12.02	11.71	11.79	14826827	175075760.00
2016/07/14	11.79	11.88	11.60	11.66	11964603	139508000.00
2016/07/15	11.51	11.79	11.51	11.64	10078062	117527432.00
2016/07/18	11.68	11.68	11.31	11.38	11057201	126642024.00
2016/07/19	11.40	11.45	11.27	11.39	8979129	101823416.00
2016/07/20	11.35	11.96	11.35	11.85	22720656	266677232.00
2016/07/21	11.80	11.85	11.61	11.69	12063825	141471776.00
2016/07/22	11.70	11.75	11.45	11.47	8056874	93325312.00
2016/07/25	11.50	11.54	11.29	11.35	8445389	96191296.00
2016/07/26	11.40	11.55	11.37	11.50	6875470	78922384.00
2016/07/27	11.50	11.55	10.53	10.61	16824169	184257104.00
2016/07/28	10.61	10.65	9.80	10.19	14220169	145462640.00
2016/07/29	10.19	10.23	9.95	9.98	7379061	74071664.00
2016/08/01	9.98	9.98	9.56	9.71	7143995	69131016.00
2016/08/02	9.65	9.89	9.65	9.87	5103040	49981248.00
2016/08/03	9.89	9.93	9.75	9.79	5134116	50433480.00
2016/08/04	9.86	10.08	9.73	9.97	8262919	81908280.00
2016/08/05	10.04	10.05	9.80	9.80	6626764	65456396.00
2016/08/08	9.88	9.96	9.70	9.95	6509113	64374976.00
2016/08/09	9.96	10.35	9.91	10.23	10501380	107312912.00
2016/08/10	10.27	10.27	10.11	10.16	6720965	68411168.00
2016/08/11	10.17	10.17	9.94	9.95	5529500	55492568.00
2016/08/12	10.00	10.05	9.91	10.05	4731916	47226928.00
2016/08/15	10.04	10.30	9.95	10.21	7979196	80932864.00
2016/08/16	10.25	10.35	10.16	10.27	7747106	79399320.00
2016/08/17	10.28	10.31	10.14	10.19	6013729	61324212.00
2016/08/18	10.21	10.23	10.15	10.21	5498267	56003036.00
2016/08/19	10.19	10.20	10.01	10.11	6129292	61951508.00
2016/08/22	10.11	10.38	9.92	10.29	11339531	115116968.00
2016/08/23	10.25	10.39	10.11	10.31	9838681	100872888.00
2016/08/24	10.30	11.09	10.25	10.77	18917293	201032464.00
2016/08/25	10.61	10.68	10.38	10.52	12388712	130202032.00
2016/08/26	10.56	10.61	10.41	10.55	8494225	89269384.00
2016/08/29	10.46	11.05	10.46	10.95	17985579	194151104.00
2016/08/30	10.88	11.11	10.80	11.06	14516558	159328592.00
2016/08/31	11.00	11.02	10.81	10.90	7729328	84146120.00
2016/09/01	10.91	10.97	10.67	10.81	7789126	84271352.00
2016/09/02	10.80	10.87	10.64	10.68	5848200	62773796.00
2016/09/05	10.68	11.01	10.66	11.00	10968030	119502680.00
2016/09/06	10.95	11.09	10.83	11.00	11342005	124663352.00
2016/09/07	11.04	11.08	10.90	11.00	8203106	90203728.00
2016/09/08	10.96	11.18	10.96	11.13	9391517	103988800.00
2016/09/09	11.10	11.49	11.06	11.34	15990469	181216304.00
2016/09/12	11.13	11.33	11.00	11.12	10237486	114219160.00
2016/09/13	11.15	11.30	10.90	11.06	9220470	102049344.00
2016/09/14	11.08	11.17	10.86	10.99	6098793	66919096.00
2016/09/19	10.97	11.33	10.96	11.30	13792819	154072528.00
2016/09/20	11.24	11.32	11.12	11.22	7698638	86317976.00
2016/09/21	11.20	11.40	11.13	11.31	10330389	116819376.00
2016/09/22	11.30	11.45	11.27	11.36	9519418	107931192.00
2016/09/23	11.32	11.91	11.28	11.64	33285555	387169248.00
2016/09/26	11.45	11.64	11.33	11.40	18057085	206857840.00
2016/09/27	11.35	11.49	11.20	11.42	10426700	118061232.00
2016/09/28	11.37	11.63	11.35	11.40	11075569	127060488.00
2016/09/29	11.40	11.54	11.23	11.43	11372501	129510672.00
2016/09/30	11.40	11.40	11.06	11.06	9569520	107650320.00
2016/10/10	11.08	11.54	10.98	11.50	27835338	313695392.00
2016/10/11	11.25	11.41	11.22	11.31	19723773	222677312.00
2016/10/12	11.25	11.29	10.92	10.97	18247640	202014768.00
2016/10/13	10.95	11.04	10.85	10.91	10331611	112878768.00
2016/10/14	10.89	10.90	10.60	10.70	11612241	124403104.00
2016/10/17	10.75	10.80	10.55	10.59	6598000	70331360.00
2016/10/18	10.63	10.80	10.56	10.74	7438846	79908456.00
2016/10/19	10.76	10.83	10.72	10.76	6784924	73115688.00
2016/10/20	10.70	10.84	10.61	10.68	6971492	74644448.00
2016/10/21	10.68	11.03	10.62	11.01	17372899	189170800.00
2016/10/24	10.86	10.99	10.81	10.90	10014949	109095944.00
2016/10/25	10.91	10.93	10.80	10.83	7346638	79660848.00
2016/10/26	10.76	10.85	10.58	10.58	8385452	89496968.00
2016/10/27	10.55	10.75	10.53	10.61	5121741	54555916.00
2016/10/28	10.62	10.69	10.31	10.33	7257268	76266344.00
2016/10/31	10.32	10.44	10.20	10.39	4122644	42396696.00
2016/11/01	10.35	10.57	10.35	10.46	4950870	51833700.00
2016/11/02	10.47	10.52	10.20	10.22	7191760	74239760.00
2016/11/03	10.21	10.40	10.15	10.23	7528798	77235144.00
2016/11/04	10.25	10.36	10.17	10.29	5028349	51585804.00
2016/11/07	10.28	10.42	10.25	10.33	4885673	50492196.00
2016/11/08	10.30	10.41	10.29	10.35	4635000	47922896.00
2016/11/09	10.34	10.34	10.05	10.19	7004594	71486800.00
2016/11/10	10.29	10.34	10.23	10.31	5909305	60774820.00
2016/11/11	10.32	10.52	10.22	10.49	10856139	112781920.00
2016/11/14	10.50	10.65	10.42	10.61	10170882	107260288.00
2016/11/15	10.56	10.72	10.52	10.68	8213082	87361176.00
2016/11/16	10.66	10.94	10.55	10.57	13864008	148741392.00
2016/11/17	10.50	10.56	10.43	10.50	5115060	53612952.00
2016/11/18	10.54	10.56	10.33	10.34	4934560	51537600.00
2016/11/21	10.39	10.45	10.32	10.37	4505400	46749452.00
2016/11/22	10.36	10.47	10.36	10.47	4893941	51006288.00
2016/11/23	10.47	10.55	10.40	10.41	6838348	71658552.00
2016/11/24	10.38	10.43	10.24	10.28	5106794	52823804.00
2016/11/25	10.26	10.43	10.07	10.41	6718559	68690808.00
2016/11/28	10.45	10.47	10.31	10.37	4335568	45073256.00
2016/11/29	10.36	10.43	10.25	10.25	5522885	57132432.00
2016/11/30	10.20	10.28	10.16	10.19	3088271	31530322.00
2016/12/01	10.16	10.25	10.13	10.17	3492375	35521952.00
2016/12/02	10.17	10.20	9.78	9.81	8026791	79880984.00
2016/12/05	9.75	9.90	9.68	9.85	4188594	41131936.00
2016/12/06	9.83	9.96	9.83	9.88	2862357	28327028.00
2016/12/07	9.88	10.04	9.83	10.00	3275063	32568164.00
2016/12/08	9.99	10.04	9.84	9.85	3539364	35082412.00
2016/12/09	9.85	9.91	9.69	9.73	3146047	30771198.00
2016/12/12	9.74	9.79	8.80	8.85	8378474	77519856.00
2016/12/13	8.85	8.95	8.65	8.85	4850131	42724732.00
2016/12/14	8.78	8.85	8.52	8.60	5563299	48161256.00
2016/12/15	8.60	8.90	8.56	8.78	5169809	45325344.00
2016/12/16	8.78	8.91	8.76	8.89	3349773	29681690.00
2016/12/19	8.93	8.98	8.89	8.94	3090387	27639160.00
2016/12/20	8.95	9.60	8.86	9.43	10853372	101189680.00
2016/12/21	9.40	9.40	9.22	9.35	8404634	78153392.00
2016/12/22	9.36	9.37	9.23	9.32	4153665	38594200.00
2016/12/23	9.32	9.32	9.05	9.10	4061304	37155072.00
2016/12/26	9.03	9.13	8.80	9.04	3707940	33093012.00
2016/12/27	9.04	9.15	8.96	9.03	2644017	23960948.00
2016/12/28	9.03	9.20	8.99	9.10	3545217	32400460.00
2016/12/29	9.12	9.22	9.04	9.15	3129120	28667086.00
2016/12/30	9.20	9.40	9.12	9.29	3948513	36750336.00
2017/01/03	9.36	9.36	9.20	9.30	2562198	23767748.00
2017/01/04	9.34	9.34	9.23	9.32	3482331	32362180.00
2017/01/05	9.32	9.38	9.28	9.29	2943005	27431686.00
2017/01/06	9.29	9.33	9.13	9.13	2720780	25065848.00
2017/01/09	9.11	9.25	9.07	9.14	2293634	21048360.00
2017/01/10	9.16	9.21	9.13	9.13	2380111	21789594.00
2017/01/11	9.12	9.19	9.02	9.03	2254487	20479498.00
2017/01/12	9.01	9.06	8.85	8.87	2659898	23814602.00
2017/01/13	8.89	8.89	8.53	8.64	3404176	29766002.00
2017/01/16	8.63	8.64	7.78	8.19	4773756	39336116.00
2017/01/17	8.19	8.33	8.00	8.31	3009742	24671186.00
2017/01/18	8.33	8.33	8.15	8.19	1794460	14771348.00
2017/01/19	8.19	8.28	8.09	8.10	2080226	16982546.00
2017/01/20	8.10	8.29	8.08	8.25	4321979	35537200.00
2017/01/23	8.25	8.50	8.22	8.48	4906064	41184928.00
2017/01/24	8.44	9.33	8.32	8.79	10346338	92261072.00
2017/01/25	8.70	9.33	8.46	8.92	10564937	93395560.00
2017/01/26	8.55	8.80	8.52	8.60	7746533	67068216.00
2017/02/03	8.61	8.65	8.48	8.54	2995628	25580876.00
2017/02/06	8.53	8.57	8.42	8.57	4955958	42128060.00
2017/02/07	8.53	8.59	8.38	8.42	6268919	53053940.00
2017/02/08	8.42	8.43	8.25	8.41	4826082	40211532.00
2017/02/09	8.40	8.72	8.38	8.70	8732186	74869488.00
2017/02/10	8.70	9.57	8.65	9.57	15684563	147966800.00
2017/02/13	9.57	9.97	9.42	9.79	41435905	404043808.00
2017/02/14	9.60	9.72	9.46	9.60	17069416	163149904.00
2017/02/15	9.55	9.65	9.41	9.43	13539480	128998064.00
2017/02/16	9.43	9.43	9.17	9.39	11256618	104488336.00
2017/02/17	9.33	9.34	9.12	9.20	8865323	81763120.00
2017/02/20	9.19	9.36	9.14	9.31	7430982	68816848.00
2017/02/21	9.28	9.44	9.25	9.36	7553087	70539216.00
2017/02/22	9.31	9.34	9.20	9.25	5863230	54210976.00
2017/02/23	9.29	9.32	9.13	9.22	5186482	47697640.00
2017/02/24	9.24	9.36	9.14	9.34	6577280	60952624.00
2017/02/27	9.36	9.52	9.21	9.24	7220247	67440848.00
2017/02/28	9.19	9.22	9.13	9.18	4829152	44254388.00
2017/03/01	9.15	9.31	9.15	9.21	4391106	40565080.00
2017/03/02	9.22	9.26	8.90	8.90	6540370	59309964.00
2017/03/03	8.80	9.05	8.76	8.87	7313378	65027136.00
2017/03/06	8.83	8.99	8.81	8.97	3805141	33966516.00
2017/03/07	8.99	9.30	8.99	9.15	9670637	88781416.00
2017/03/08	9.12	9.22	9.05	9.12	3975722	36250640.00
2017/03/09	9.18	9.18	8.91	8.93	5285000	47592616.00
2017/03/10	8.96	9.03	8.90	8.94	2626200	23516938.00
2017/03/13	9.00	9.25	9.00	9.20	5946524	54498588.00
2017/03/14	9.19	9.21	9.06	9.12	3793280	34552392.00
2017/03/15	9.13	9.18	9.08	9.16	3027898	27708868.00
2017/03/16	9.17	9.24	9.13	9.24	6152749	56660948.00
2017/03/17	9.29	9.43	9.11	9.11	6579358	60798556.00
2017/03/20	9.10	9.19	9.06	9.12	3317374	30210764.00
2017/03/21	9.16	9.17	9.06	9.07	2816496	25626680.00
2017/03/22	9.00	9.05	8.89	8.90	4265036	38168880.00
2017/03/23	8.94	8.95	8.80	8.88	4729298	41928524.00
2017/03/24	8.83	8.95	8.83	8.93	2477609	22046276.00
2017/03/27	8.98	8.98	8.83	8.83	2831291	25150946.00
2017/03/28	8.82	8.95	8.81	8.86	3822424	34024772.00
2017/03/29	8.92	8.92	8.60	8.69	3327539	29117100.00
2017/03/30	8.69	8.69	8.21	8.21	5887604	49427888.00
2017/03/31	8.26	8.63	8.21	8.45	5559292	47110352.00
2017/04/05	8.45	8.72	8.38	8.64	3625765	31089280.00
2017/04/06	8.73	8.85	8.66	8.72	3928808	34461844.00
2017/04/07	8.68	8.83	8.68	8.80	2880326	25281412.00
2017/04/10	8.80	9.03	8.63	8.81	5018574	44129116.00
2017/04/11	8.81	8.88	8.68	8.79	3558865	31190048.00
2017/04/12	8.79	9.03	8.71	8.87	5510696	49093288.00
2017/04/13	8.90	8.93	8.76	8.77	2854672	25186522.00
2017/04/14	8.79	8.79	8.55	8.57	2886837	24887430.00
2017/04/17	8.45	8.60	8.44	8.53	3197773	27121706.00
2017/04/18	8.50	8.57	8.32	8.35	2663518	22453492.00
2017/04/19	8.35	8.36	7.90	8.15	3231232	26377150.00
2017/04/20	8.12	8.25	7.96	8.00	2894700	23389008.00
2017/04/21	8.01	8.11	7.97	8.02	2055846	16494997.00
2017/04/24	8.00	8.00	7.80	7.80	2658272	20920392.00
2017/04/25	7.76	8.01	7.76	7.86	1892213	14941074.00
2017/04/26	7.96	8.00	7.83	7.92	1844994	14589207.00
2017/04/27	8.06	8.06	7.78	8.00	2542990	20216098.00
2017/04/28	7.95	8.05	7.95	8.05	1880190	15048105.00
2017/05/02	8.04	8.25	8.01	8.20	2456750	20106456.00
2017/05/03	8.22	8.32	8.17	8.29	2886396	23835850.00
2017/05/04	8.32	8.32	8.16	8.21	2311123	19065310.00
2017/05/05	8.24	8.35	8.05	8.26	3630213	29709798.00
2017/05/08	8.20	8.30	8.09	8.25	2046504	16770084.00
2017/05/09	8.13	8.19	8.00	8.11	1973577	15996782.00
2017/05/10	8.19	8.23	8.00	8.01	1589877	12856733.00
2017/05/11	8.02	8.04	7.73	7.86	2598739	20380580.00
2017/05/12	7.83	7.92	7.83	7.83	1189390	9360810.00
2017/05/15	7.86	8.61	7.86	8.30	5635041	46788228.00
2017/05/16	8.28	8.41	8.17	8.40	3992152	32993224.00
2017/05/17	8.35	8.49	8.27	8.32	3709283	31104150.00
2017/05/18	8.24	8.33	8.20	8.24	2027466	16748876.00
2017/05/19	8.21	8.33	8.21	8.29	1414506	11706559.00
2017/05/22	8.29	8.29	8.00	8.09	2419254	19710734.00
2017/05/23	8.08	8.10	7.81	7.89	2108351	16746623.00
2017/05/24	7.88	8.10	7.83	8.10	2240857	17852780.00
2017/05/25	8.10	8.18	7.94	8.11	1764990	14229624.00
2017/05/26	8.16	8.17	8.08	8.09	1019697	8279308.00
2017/05/31	8.10	8.19	8.00	8.03	1160300	9408801.00
2017/06/01	8.03	8.07	7.82	7.82	1803500	14288543.00
2017/06/02	7.82	7.90	7.77	7.87	1393221	10912077.00
2017/06/05	7.94	7.94	7.85	7.90	1427146	11264255.00
2017/06/06	7.88	8.01	7.83	8.00	1402000	11174607.00
2017/06/07	7.98	8.15	7.98	8.14	2455190	19838492.00
2017/06/08	8.10	8.22	8.10	8.13	2470522	20132398.00
2017/06/09	8.12	8.18	8.06	8.16	1937656	15702446.00
2017/06/12	8.12	8.20	8.09	8.11	1596800	13018334.00
2017/06/13	8.10	8.19	8.09	8.15	1257562	10260702.00
2017/06/14	8.15	8.20	8.11	8.12	1235600	10059420.00
2017/06/15	8.13	8.22	8.10	8.20	2422597	19835352.00
2017/06/16	8.16	8.32	8.16	8.23	2628094	21699124.00
2017/06/19	8.20	8.44	8.19	8.38	3006662	25109768.00
2017/06/20	8.43	8.48	8.26	8.28	2213923	18428712.00
2017/06/21	8.30	8.35	8.26	8.31	3926972	32612016.00
2017/06/22	8.35	8.35	8.12	8.12	2355153	19312768.00
2017/06/23	8.12	8.17	8.00	8.08	1918063	15457530.00
2017/06/26	8.10	8.16	8.01	8.13	1237820	10033956.00
2017/06/27	8.10	8.20	8.10	8.17	1327895	10843248.00
2017/06/28	8.20	8.23	8.15	8.18	1255845	10274646.00
2017/06/29	8.18	8.24	8.12	8.17	1044948	8542916.00
2017/06/30	8.18	8.18	8.00	8.07	1605015	12971106.00
2017/07/03	8.06	8.15	8.03	8.15	1399344	11322148.00
2017/07/04	8.15	8.19	8.08	8.13	1239700	10059129.00
2017/07/05	8.15	8.17	8.08	8.16	1476872	12012811.00
2017/07/06	8.16	8.23	8.13	8.20	1997464	16327418.00
2017/07/07	8.20	8.29	8.17	8.26	2799696	23097372.00
2017/07/10	8.26	8.32	8.18	8.23	2282905	18820868.00
2017/07/11	8.18	8.29	8.08	8.23	5063716	41438568.00
2017/07/12	8.23	8.23	7.96	8.17	2971037	24054406.00
2017/07/13	8.16	8.21	8.07	8.17	1518271	12380187.00
2017/07/14	8.20	8.22	8.12	8.19	2412752	19724130.00
2017/07/17	8.18	8.29	7.50	8.05	4515300	36415264.00
2017/07/18	8.03	8.03	7.83	7.99	1946126	15448813.00
2017/07/19	7.90	8.10	7.90	8.04	2087462	16732300.00
2017/07/20	8.02	8.13	8.01	8.10	2086799	16868146.00
2017/07/21	8.10	8.73	8.05	8.40	7160791	59951100.00
2017/07/24	8.30	8.38	8.21	8.34	3035853	25126048.00
2017/07/25	8.36	8.53	8.27	8.45	5608357	47197872.00
2017/07/26	8.50	8.57	8.37	8.44	3975056	33544328.00
2017/07/27	8.44	8.53	8.35	8.51	4119701	34905436.00
2017/07/28	8.48	8.57	8.47	8.52	3902656	33270696.00
2017/07/31	8.59	8.80	8.59	8.70	6702356	58253320.00
2017/08/01	8.74	8.79	8.62	8.71	3831247	33236080.00
2017/08/02	8.70	8.70	8.50	8.66	4558574	39233492.00
2017/08/03	8.63	8.64	8.49	8.61	2500650	21400994.00
2017/08/04	8.60	8.68	8.54	8.66	2955931	25455238.00
2017/08/07	8.64	8.79	8.63	8.68	3632767	31558776.00
2017/08/08	8.63	8.64	8.46	8.46	3045363	25942394.00
2017/08/09	8.52	8.53	8.44	8.48	1277300	10846918.00
2017/08/10	8.46	8.53	8.33	8.38	2179000	18323646.00
2017/08/11	8.34	8.40	8.28	8.32	1562345	13044290.00
2017/08/14	8.32	8.45	8.32	8.40	1669964	14032358.00
2017/08/15	8.39	8.41	8.33	8.35	1341189	11213369.00
2017/08/16	8.35	8.35	8.24	8.25	2921300	24192676.00
2017/08/17	8.29	8.34	8.21	8.23	4855216	40039740.00
2017/08/18	8.18	8.23	8.09	8.21	3457804	28224064.00
2017/08/21	8.09	8.33	7.50	8.32	5228514	42872856.00
2017/08/22	8.31	8.45	8.28	8.35	3690012	30787358.00
2017/08/23	8.31	8.45	8.29	8.44	3880171	32544730.00
2017/08/24	8.45	8.48	8.37	8.43	2454800	20660030.00
2017/08/25	8.43	9.02	8.40	8.59	5998964	51947204.00
2017/08/28	8.52	8.74	8.50	8.69	4434937	38443932.00
2017/08/29	8.64	8.70	8.56	8.58	2082950	17929302.00
2017/08/30	8.55	8.68	8.47	8.58	2231700	19019280.00
2017/08/31	8.58	8.61	8.49	8.61	1781200	15233011.00
2017/09/01	8.56	8.66	8.52	8.61	1927054	16535874.00
2017/09/04	8.57	8.80	8.57	8.63	2576500	22362572.00
2017/09/05	8.63	8.70	8.56	8.64	1392127	12025221.00
2017/09/06	8.61	8.75	8.52	8.70	2944209	25444408.00
2017/09/07	8.61	8.73	8.60	8.66	3464016	30065382.00
2017/09/08	8.63	8.78	8.63	8.76	2498552	21761976.00
2017/09/11	8.77	8.88	8.70	8.70	2581102	22611494.00
2017/09/12	8.68	8.82	8.55	8.80	4374718	37992848.00
2017/09/13	8.80	8.84	8.72	8.79	2285215	20077102.00
2017/09/14	8.79	8.87	8.68	8.69	2090675	18350034.00
2017/09/15	8.66	8.76	8.65	8.76	2159347	18769426.00
2017/09/18	8.73	8.84	8.70	8.84	2164944	19069564.00
2017/09/19	8.84	8.90	8.78	8.88	3227904	28589592.00
2017/09/20	8.88	9.18	8.82	9.10	7692267	69571800.00
2017/09/21	9.10	9.16	8.96	8.99	4272200	38646264.00
2017/09/22	8.97	8.99	8.83	8.92	3116681	27727240.00
2017/09/25	8.88	8.95	8.64	8.68	2439805	21465390.00
2017/09/26	8.73	9.28	8.67	9.17	10283456	93428552.00
2017/09/27	9.20	9.22	9.03	9.12	5455367	49721976.00
2017/09/28	9.08	9.16	9.01	9.07	3261214	29615442.00
2017/09/29	9.08	9.39	9.05	9.33	7996868	74195040.00
2017/10/09	9.45	9.45	9.24	9.35	6840978	63759488.00
2017/10/10	9.28	9.38	9.20	9.32	3397649	31469108.00
2017/10/11	9.27	9.38	9.19	9.32	3296472	30625470.00
2017/10/12	9.30	9.49	9.22	9.25	3858400	36083804.00
2017/10/13	9.25	9.35	9.20	9.29	2645104	24518870.00
2017/10/16	9.29	9.34	9.03	9.04	4242000	38620688.00
2017/10/17	9.00	9.01	8.82	8.90	2062800	18408298.00
2017/10/18	8.91	9.03	8.78	8.91	3401556	30207862.00
2017/10/19	8.91	8.92	8.78	8.91	1803866	15943552.00
2017/10/20	9.13	9.30	9.03	9.05	3395468	31063888.00
2017/10/23	9.05	9.17	8.97	9.12	1880942	17083304.00
2017/10/24	9.10	9.16	8.97	9.12	2236682	20268282.00
2017/10/25	9.12	9.12	8.96	9.06	1580426	14259506.00
2017/10/26	9.05	9.10	8.97	9.06	1822800	16462039.00
2017/10/27	9.05	9.05	8.82	8.89	2450100	21865924.00
2017/10/30	8.86	9.00	8.00	8.98	4745860	40653584.00
2017/10/31	8.80	8.96	8.61	8.89	2190060	19329486.00
2017/11/01	8.84	8.91	8.70	8.70	1889708	16634559.00
2017/11/02	8.72	8.75	8.48	8.50	2293100	19696512.00
2017/11/03	8.52	8.56	8.37	8.38	1108000	9371758.00
2017/11/06	8.35	8.60	8.31	8.48	1138500	9633428.00
2017/11/07	8.44	8.52	8.36	8.48	1207702	10201882.00
2017/11/08	8.50	8.55	8.43	8.46	1189220	10065424.00
2017/11/09	8.47	8.47	8.28	8.32	1767502	14784466.00
2017/11/10	8.30	8.32	8.05	8.16	2809913	22937556.00
2017/11/13	8.19	8.67	8.15	8.48	3714722	31432218.00
2017/11/14	8.45	8.59	8.32	8.49	2324760	19538498.00
2017/11/15	8.48	8.58	8.34	8.54	1690300	14316808.00
2017/11/16	8.55	8.66	8.45	8.63	1771000	15132466.00
2017/11/17	8.63	8.67	8.48	8.63	2183500	18729444.00
2017/11/20	8.54	8.63	8.30	8.53	1149500	9730307.00
2017/11/21	8.52	8.75	8.45	8.75	3248395	28143046.00
2017/11/22	8.75	8.92	8.70	8.92	3492027	30899832.00
2017/11/23	9.10	9.10	8.72	8.74	3666780	32640096.00
2017/11/24	8.74	8.85	8.15	8.85	4554540	38720664.00
2017/11/27	8.56	8.68	8.49	8.57	1285300	11036150.00
2017/11/28	8.51	8.81	8.51	8.78	2541809	22169414.00
2017/11/29	8.83	8.83	8.64	8.71	1503699	13084620.00
2017/11/30	8.72	8.75	8.54	8.56	1245995	10715933.00
2017/12/01	8.52	8.57	8.40	8.51	1789239	15124902.00
2017/12/04	8.47	8.47	8.18	8.37	2326000	19362052.00
2017/12/05	8.38	8.38	8.13	8.17	1822912	14969278.00
2017/12/06	8.30	8.30	8.10	8.30	1471540	12051541.00
2017/12/07	8.30	8.30	8.16	8.16	1062417	8709085.00
2017/12/08	8.16	8.20	8.11	8.18	1009900	8234815.00
2017/12/11	8.16	8.20	8.10	8.18	1174600	9574238.00
2017/12/12	8.18	8.20	8.10	8.15	1110542	9023680.00
2017/12/13	8.10	8.16	8.09	8.14	876500	7111634.00
2017/12/14	8.12	8.31	8.10	8.24	1404600	11521388.00
2017/12/15	8.27	8.35	8.22	8.30	944633	7835607.00
2017/12/18	8.27	8.64	8.27	8.35	1040206	8738319.00
2017/12/19	8.40	8.40	8.22	8.25	786200	6495859.00
2017/12/20	8.26	8.29	8.10	8.15	1193984	9733855.00
2017/12/21	8.17	8.32	8.10	8.16	1142402	9340460.00
2017/12/22	8.20	8.20	7.94	7.94	1542595	12389883.00
2017/12/25	7.94	8.20	7.60	7.93	2062169	16343922.00
2017/12/26	7.93	7.93	7.60	7.73	1785684	13792229.00
2017/12/27	7.70	7.84	7.52	7.54	1741384	13242283.00
2017/12/28	7.50	7.63	7.48	7.48	1250900	9430204.00
2017/12/29	7.52	7.66	7.51	7.64	934842	7107199.00
2018/01/02	7.67	7.82	7.67	7.76	2075200	16101607.00
2018/01/03	7.78	7.88	7.76	7.81	1074340	8394907.00
2018/01/04	7.84	7.84	7.65	7.72	1508391	11655771.00
2018/01/05	7.74	7.75	7.67	7.68	1862164	14331037.00
2018/01/08	7.68	7.74	7.61	7.63	1159662	8880672.00
2018/01/09	7.67	7.68	7.58	7.64	730060	5558417.00
2018/01/10	7.63	7.71	7.51	7.69	1310108	9955426.00
2018/01/11	7.61	7.77	7.60	7.73	1431644	10999923.00
2018/01/12	7.75	7.76	7.67	7.72	684200	5273415.00
2018/01/15	7.75	7.75	7.52	7.55	985900	7517319.00
2018/01/16	7.57	8.09	7.52	8.00	2998628	23326512.00
2018/01/17	7.90	8.80	7.78	8.50	11516949	96642192.00
2018/01/18	8.18	8.44	8.05	8.07	6868370	56169496.00
2018/01/19	8.00	8.05	7.75	7.78	4443385	34830512.00
2018/01/22	7.72	7.85	7.66	7.75	1341000	10400882.00
2018/01/23	7.76	7.85	7.66	7.68	1336926	10324216.00
2018/01/24	7.66	7.82	7.66	7.76	1341029	10392185.00
2018/01/25	7.80	8.29	7.75	8.02	10504454	83648936.00
2018/01/26	7.94	7.99	7.82	7.86	2446633	19281700.00
2018/01/29	8.65	8.65	8.65	8.65	6834775	59120804.00
2018/01/30	8.80	8.80	8.20	8.21	10581212	89594224.00
2018/01/31	8.21	8.35	8.01	8.05	4866110	39714048.00
2018/02/01	8.10	8.20	8.02	8.06	5014000	40603184.00
2018/02/02	7.93	7.95	7.58	7.68	6027068	46318312.00
2018/02/05	7.45	7.50	7.26	7.36	3904298	28870852.00
2018/02/06	7.20	7.27	6.62	6.63	5462800	37419152.00
2018/02/07	6.80	6.85	6.54	6.64	4913000	32738256.00
2018/02/08	6.61	6.84	6.35	6.80	13336984	88063064.00
2018/02/09	6.55	6.66	6.40	6.62	4600700	29907676.00
2018/02/12	6.63	6.70	6.54	6.64	3392726	22479858.00
2018/02/13	6.64	6.69	6.57	6.65	3895490	25777400.00
2018/02/14	6.65	6.69	6.59	6.61	1368800	9067616.00
2018/02/22	6.71	6.71	6.59	6.65	1827420	12123249.00
2018/02/23	6.66	6.74	6.56	6.68	2142800	14188520.00
2018/02/26	6.67	6.81	6.61	6.79	3825100	25661852.00
2018/02/27	6.78	6.84	6.70	6.79	3405029	22997946.00
2018/02/28	6.74	6.84	6.71	6.78	2779564	18866746.00
2018/03/01	6.77	6.97	6.73	6.85	2695844	18408840.00
2018/03/02	6.82	6.90	6.73	6.79	2855342	19422236.00
2018/03/05	6.79	6.79	6.64	6.74	3024820	20246570.00
2018/03/06	6.74	6.85	6.71	6.81	7591266	51554776.00
2018/03/07	6.81	6.86	6.77	6.82	6088400	41556000.00
2018/03/08	6.91	6.96	6.82	6.89	7776557	53377036.00
2018/03/09	6.89	7.00	6.82	6.96	5429000	37529656.00
2018/03/12	6.97	7.10	6.93	7.06	5399707	37961124.00
2018/03/13	7.01	7.02	6.93	6.93	4652199	32471138.00
2018/03/14	6.90	6.95	6.81	6.83	4134604	28407320.00
2018/03/15	6.83	6.87	6.63	6.69	3758700	25417604.00
2018/03/16	6.65	6.75	6.65	6.72	1964054	13172194.00
2018/03/19	6.73	6.78	6.67	6.74	1707920	11499460.00
2018/03/20	6.70	6.74	6.65	6.74	2015405	13523254.00
2018/03/21	6.75	6.83	6.68	6.68	2854423	19328950.00
2018/03/22	6.69	6.77	6.66	6.69	1693800	11361391.00
2018/03/23	6.60	6.60	6.06	6.08	6105544	38731476.00
2018/03/26	5.88	5.98	5.57	5.82	9675593	55448184.00
2018/03/27	5.77	6.04	5.76	6.03	6985279	41324216.00
2018/03/28	5.94	6.08	5.88	6.02	5409011	32294172.00
2018/03/29	6.04	6.09	5.93	6.03	3694704	22195686.00
2018/03/30	6.03	6.13	6.02	6.12	3460176	21078608.00
2018/04/02	6.15	6.17	6.07	6.08	3210700	19622926.00
2018/04/03	5.98	6.06	5.90	6.03	3932528	23492112.00
2018/04/04	6.07	6.08	5.96	5.96	2123800	12806857.00
2018/04/09	5.95	6.26	5.86	6.22	4929570	29827054.00
2018/04/10	6.21	6.33	6.10	6.15	5847048	36335976.00
2018/04/11	6.16	6.28	6.15	6.16	2960300	18322862.00
2018/04/12	6.17	6.19	6.07	6.10	2310800	14141329.00
2018/04/13	6.10	6.26	6.10	6.19	3938500	24423360.00
2018/04/16	6.15	6.17	5.98	6.05	3530202	21372678.00
2018/04/17	6.06	6.09	5.79	5.88	3441382	20370782.00
2018/04/18	5.90	6.47	5.68	6.47	14487626	90209864.00
2018/04/19	6.41	6.63	6.31	6.37	18169871	117551048.00
2018/04/20	6.24	6.58	6.23	6.46	12576307	81325752.00
2018/04/23	6.49	6.53	6.30	6.52	7795271	50233620.00
2018/04/24	6.48	6.62	6.46	6.57	4837874	31579334.00
2018/04/25	6.53	6.56	6.42	6.45	4210802	27319272.00
2018/04/26	6.22	6.40	6.22	6.24	3438489	21669864.00
2018/04/27	6.31	6.35	6.23	6.25	2380389	14938694.00
2018/05/02	6.30	6.63	6.23	6.57	7727171	50061700.00
2018/05/03	6.47	7.03	6.46	6.77	9531184	64763144.00
2018/05/04	6.78	6.98	6.74	6.80	5642600	38890324.00
2018/05/07	6.90	6.92	6.71	6.84	3642662	24817812.00
2018/05/08	6.76	6.85	6.66	6.71	4290177	28909366.00
2018/05/09	6.69	6.82	6.63	6.80	4794431	32266752.00
2018/05/10	6.75	6.80	6.62	6.67	4547181	30404664.00
2018/05/11	6.70	6.70	6.50	6.55	4457229	29287866.00
2018/05/14	6.55	6.61	6.42	6.48	2828931	18457448.00
2018/05/15	6.48	6.51	6.40	6.44	3176995	20449640.00
2018/05/16	6.46	6.52	6.35	6.46	2722884	17573636.00
2018/05/17	6.44	6.50	6.32	6.33	2686029	17257644.00
2018/05/18	6.34	6.35	6.23	6.27	3093976	19416660.00
2018/05/21	6.33	6.46	6.30	6.46	3349270	21421568.00
2018/05/22	6.49	6.49	6.33	6.38	3569992	22809818.00
2018/05/23	6.40	6.40	6.11	6.18	4047004	25321874.00
2018/05/24	6.20	6.24	6.08	6.11	2218341	13624785.00
2018/05/25	6.11	6.12	5.96	5.99	2690721	16210789.00
2018/05/28	5.96	6.09	5.94	5.97	2070060	12421019.00
2018/05/29	5.92	6.02	5.86	5.87	1873038	11135465.00
2018/05/30	5.79	5.79	5.50	5.67	3636800	20532434.00
2018/05/31	5.66	5.80	5.65	5.78	2022493	11544232.00
2018/06/01	5.75	5.94	5.73	5.92	3876103	22807670.00
2018/06/04	5.92	5.93	5.81	5.83	1456245	8518902.00
2018/06/05	5.83	5.89	5.81	5.86	1382542	8073054.00
2018/06/06	5.86	5.88	5.80	5.81	1425157	8315352.50
2018/06/07	5.81	5.86	5.73	5.74	1361400	7885352.00
2018/06/08	5.70	5.83	5.54	5.73	2365626	13471089.00
2018/06/11	5.71	5.91	5.67	5.75	1957900	11399527.00
2018/06/12	5.72	5.88	5.71	5.82	1458240	8436615.00
2018/06/13	5.82	5.82	5.66	5.72	2190008	12522813.00
2018/06/14	5.68	5.75	5.62	5.69	1705000	9663020.00
2018/06/15	5.65	5.66	5.51	5.66	1762156	9835119.00
2018/06/19	5.58	5.61	5.16	5.61	4409581	24046120.00
2018/06/20	5.53	5.69	5.39	5.64	4330300	24044640.00
2018/06/21	5.60	5.68	5.50	5.58	1909907	10641678.00
2018/06/22	5.55	5.73	5.45	5.71	3154363	17803562.00
2018/06/25	5.75	5.80	5.60	5.63	1624665	9281146.00
2018/06/26	5.63	5.80	5.52	5.80	4603691	26242948.00
2018/06/27	5.80	5.87	5.75	5.75	4205841	24356246.00
2018/06/28	5.75	5.78	5.52	5.68	2213399	12526412.00
2018/06/29	5.60	5.88	5.59	5.80	2438341	14103132.00
2018/07/02	5.80	5.88	5.68	5.75	2016856	11627311.00
2018/07/03	5.76	5.77	5.62	5.75	2025900	11562557.00
2018/07/04	5.76	5.77	5.63	5.68	1623200	9191011.00
2018/07/05	5.61	5.67	5.57	5.65	1501300	8443338.00
2018/07/06	5.64	5.64	5.26	5.61	2988100	16554435.00
2018/07/09	5.55	5.72	5.51	5.67	3241500	18190670.00
2018/07/10	5.64	5.67	5.59	5.65	2366683	13313152.00
2018/07/11	5.62	5.64	5.46	5.52	2504896	13866945.00
2018/07/12	5.54	5.64	5.53	5.58	2129300	11901378.00
2018/07/13	5.58	5.59	5.52	5.52	1095300	6075966.00
2018/07/16	5.52	5.62	5.46	5.60	2865900	15859708.00
2018/07/17	5.59	5.63	5.52	5.58	1863900	10372296.00
2018/07/18	5.57	5.63	5.56	5.59	1188957	6651333.50
2018/07/19	5.55	5.61	5.55	5.57	1008596	5624938.00
2018/07/20	5.56	5.66	5.55	5.64	1970557	11075046.00
2018/07/23	5.56	5.68	5.55	5.64	1356861	7635674.00
2018/07/24	5.63	5.79	5.62	5.76	3137347	17877144.00
2018/07/25	5.74	5.82	5.67	5.69	2146321	12280550.00
2018/07/26	5.65	5.87	5.61	5.75	5179475	29665462.00
2018/07/27	5.70	5.73	5.66	5.67	2470700	14052840.00
2018/07/30	5.68	5.71	5.59	5.65	1064949	6004707.50
2018/07/31	5.61	5.71	5.61	5.65	820713	4645670.00
2018/08/01	5.66	5.71	5.57	5.57	1035036	5820508.00
2018/08/02	5.55	5.58	5.40	5.54	2232400	12230552.00
2018/08/03	5.54	5.58	5.46	5.53	1069382	5894757.50
2018/08/06	5.55	5.55	5.46	5.51	1529361	8396465.00
2018/08/07	5.48	5.56	5.40	5.54	889900	4900804.00
2018/08/08	5.53	5.53	5.44	5.51	929382	5103674.00
2018/08/09	5.52	5.58	5.46	5.54	1208300	6689973.00
2018/08/10	5.53	5.60	5.50	5.60	1113300	6187912.00
2018/08/13	5.54	5.65	5.48	5.64	1444500	8029995.00
2018/08/14	5.62	5.65	5.57	5.65	1474800	8290325.00
2018/08/15	5.65	5.79	5.63	5.69	2492800	14228888.00
2018/08/16	5.68	5.69	5.52	5.64	1428436	8044698.50
2018/08/17	5.68	5.90	5.65	5.68	2543800	14702148.00
2018/08/20	5.60	5.73	5.52	5.69	1767140	9958379.00
2018/08/21	5.65	5.83	5.53	5.58	4662935	26356564.00
2018/08/22	5.53	5.60	5.45	5.60	2221408	12284144.00
2018/08/23	5.59	5.61	5.53	5.58	1167472	6512401.50
2018/08/24	5.57	5.60	5.52	5.58	740100	4115374.00
2018/08/27	5.58	5.60	5.48	5.56	2887655	15988596.00
2018/08/28	5.54	5.54	5.47	5.50	1701700	9360798.00
2018/08/29	5.47	5.53	5.44	5.51	1693204	9291060.00
2018/08/30	5.50	5.51	5.46	5.46	946300	5193022.00
2018/08/31	5.44	5.55	5.41	5.55	1254157	6866247.00
2018/09/03	5.56	5.57	5.40	5.55	1225131	6744824.00
2018/09/04	5.48	5.53	5.42	5.51	2851826	15576317.00
2018/09/05	5.48	5.51	5.43	5.44	1578300	8610046.00
2018/09/06	5.43	5.45	5.39	5.43	798300	4325348.00
2018/09/07	5.42	5.45	5.38	5.38	1155500	6249815.00
2018/09/10	5.42	5.42	5.30	5.40	1050302	5609687.50
2018/09/11	5.40	5.40	5.32	5.38	769900	4123026.00
2018/09/12	5.38	5.40	5.32	5.40	1106400	5926425.00
2018/09/13	5.38	5.40	5.33	5.39	955000	5118433.00
2018/09/14	5.35	5.38	5.32	5.38	1423100	7616032.00
2018/09/17	5.33	5.37	5.31	5.36	1186000	6330614.00
2018/09/18	5.33	5.41	5.31	5.41	1291653	6931766.50
2018/09/19	5.38	5.43	5.34	5.41	903007	4876798.00
2018/09/20	5.41	5.43	5.37	5.42	1410383	7613944.50
2018/09/21	5.40	5.43	5.38	5.43	682500	3692929.00
2018/09/25	5.39	5.45	5.37	5.43	963300	5217701.00
2018/09/26	5.41	5.46	5.41	5.44	1018400	5535906.00
2018/09/27	5.45	5.48	5.42	5.43	1021500	5561691.00
2018/09/28	5.43	5.53	5.43	5.51	1270700	6970504.50
2018/10/08	5.51	5.51	5.44	5.48	1133249	6197321.00
2018/10/09	5.48	5.55	5.46	5.49	700904	3845556.00
2018/10/10	5.50	5.56	5.47	5.53	1232200	6786448.00
2018/10/11	5.45	5.70	5.16	5.58	4363800	23903636.00
2018/10/12	5.49	5.65	5.36	5.62	3109444	17295236.00
2018/10/15	5.60	5.67	5.55	5.66	1730740	9722752.00
2018/10/16	5.66	5.77	5.60	5.70	4208239	23949144.00
2018/10/17	5.73	5.89	5.71	5.85	8314618	48274544.00
2018/10/18	5.84	5.84	5.60	5.70	5114065	29111808.00
2018/10/19	5.60	5.70	5.45	5.67	3261300	18277272.00
2018/10/22	5.60	5.87	5.60	5.80	5150100	29741510.00
2018/10/23	5.78	5.78	5.63	5.65	2573670	14702226.00
2018/10/24	5.61	5.73	5.59	5.66	1949216	11026355.00
2018/10/25	5.55	5.74	5.54	5.70	2297800	13051695.00
2018/10/26	5.74	5.74	5.63	5.68	1530900	8691932.00
2018/10/29	5.70	5.79	5.60	5.74	2312500	13173348.00
2018/10/30	5.75	5.87	5.72	5.81	4421900	25719356.00
2018/10/31	5.80	5.85	5.75	5.83	7223520	41798452.00
2018/11/01	5.83	5.86	5.75	5.75	9921397	57623788.00
2018/11/02	5.75	5.78	5.70	5.72	5475300	31372302.00
2018/11/05	5.77	5.94	5.67	5.79	6266999	36390560.00
2018/11/06	5.75	6.12	5.71	6.08	13150440	78331464.00
2018/11/07	6.07	6.08	5.96	6.00	7435146	44691136.00
2018/11/08	6.03	6.07	5.94	6.02	3114943	18704080.00
2018/11/09	5.96	6.05	5.93	5.96	3017200	18069052.00
2018/11/12	5.98	6.07	5.97	6.07	3336323	20114292.00
2018/11/13	6.05	6.21	6.01	6.17	7853059	48082668.00
2018/11/14	6.21	6.43	6.18	6.30	8762245	55387680.00
2018/11/15	6.39	6.42	6.26	6.39	5428170	34497368.00
2018/11/16	6.36	6.43	6.33	6.40	5610300	35809300.00
2018/11/19	6.42	6.53	6.35	6.39	3074000	19688964.00
2018/11/20	6.38	6.38	6.21	6.35	3541741	22293680.00
2018/11/21	6.27	6.34	6.21	6.26	2198343	13811793.00
2018/11/22	6.30	6.35	6.18	6.18	4175800	26057508.00
2018/11/23	6.28	6.30	6.10	6.17	5101700	31698658.00
2018/11/26	6.17	6.35	6.13	6.34	3184100	19899258.00
2018/11/27	6.34	6.39	6.29	6.33	1882443	11940432.00
2018/11/28	6.31	6.42	6.23	6.35	5618304	35574740.00
2018/11/29	6.41	6.48	6.32	6.36	4019644	25737736.00
2018/11/30	6.33	6.44	6.29	6.40	2704700	17214856.00
2018/12/03	6.50	6.80	6.42	6.71	8869544	58418140.00
2018/12/04	6.71	6.88	6.62	6.81	8552089	57964528.00
2018/12/05	6.80	6.80	6.61	6.71	5947100	40009260.00
2018/12/06	6.70	7.38	6.65	7.05	19162934	136318960.00
2018/12/07	6.92	7.02	6.87	6.89	7438865	51555056.00
2018/12/10	6.78	6.95	6.70	6.87	5740665	39054740.00
2018/12/11	6.87	7.30	6.82	6.99	7884813	55255072.00
2018/12/12	7.09	7.12	6.92	6.99	4419800	31060402.00
2018/12/13	6.99	7.43	6.88	7.29	16656389	120133664.00
2018/12/14	7.27	7.33	7.09	7.19	5772718	41694112.00
2018/12/17	6.75	7.15	6.73	6.94	12845964	88837624.00
2018/12/18	6.93	7.10	6.82	6.95	9071309	62856580.00
2018/12/19	6.93	6.98	6.79	6.84	6696100	45986372.00
2018/12/20	6.84	6.87	6.73	6.82	7124970	48434764.00
2018/12/21	6.84	6.84	6.53	6.74	9984230	66221156.00
2018/12/24	6.65	6.87	6.07	6.07	22541486	144064336.00
2018/12/25	5.54	5.71	5.46	5.46	30884800	168878720.00
2018/12/26	5.33	5.53	5.26	5.47	22005681	119208208.00
2018/12/27	5.45	5.46	5.34	5.39	9819100	53145948.00
2018/12/28	5.39	5.43	5.21	5.33	7632500	40676612.00
2019/01/02	5.32	5.37	5.23	5.35	6228070	33042992.00
2019/01/03	5.36	5.36	5.23	5.28	4649700	24569536.00
数据来源:通达信
