002537 海联金汇 日线 前复权
      日期	    开盘	    最高	    最低	    收盘	    成交量	    成交额
2011/01/10	5.89	6.13	5.78	5.79	7640833	306904544.00
2011/01/11	5.55	5.64	5.43	5.47	2915627	109016840.00
2011/01/12	5.45	5.52	5.43	5.51	1256011	46791016.00
2011/01/13	5.49	5.50	5.44	5.44	1024048	38051344.00
2011/01/14	5.43	5.43	5.28	5.28	1085298	39376560.00
2011/01/17	5.28	5.28	5.01	5.02	967355	33729952.00
2011/01/18	4.98	5.15	4.98	5.06	471812	16339221.00
2011/01/19	5.13	5.15	5.06	5.14	466585	16313605.00
2011/01/20	5.14	5.14	4.98	4.98	493739	16979596.00
2011/01/21	4.98	5.05	4.96	4.99	332489	11363504.00
2011/01/24	4.99	5.08	4.99	5.00	403965	13883086.00
2011/01/25	4.99	5.16	4.99	5.14	588723	20406184.00
2011/01/26	5.11	5.18	5.08	5.15	433066	15149090.00
2011/01/27	5.11	5.14	5.01	5.13	519045	18027318.00
2011/01/28	5.13	5.16	5.08	5.11	331170	11547689.00
2011/01/31	5.07	5.14	5.07	5.13	324168	11314354.00
2011/02/01	5.13	5.15	5.10	5.12	232792	8128955.00
2011/02/09	5.08	5.13	5.04	5.05	268984	9319091.00
2011/02/11	5.24	5.41	5.23	5.30	1703681	61721204.00
2011/02/14	5.32	5.40	5.30	5.36	1328527	48379568.00
2011/02/15	5.35	5.36	5.30	5.32	795420	28896182.00
2011/02/16	5.32	5.44	5.31	5.43	1061194	39037360.00
2011/02/17	5.43	5.52	5.41	5.50	1473341	54701804.00
2011/02/18	5.50	5.50	5.38	5.40	711968	26334386.00
2011/02/21	5.37	5.45	5.36	5.45	492388	18196892.00
2011/02/22	5.45	5.45	5.25	5.25	721117	26221544.00
2011/02/23	5.25	5.31	5.24	5.29	331598	11962127.00
2011/02/24	5.29	5.32	5.26	5.31	336333	12130199.00
2011/02/25	5.28	5.30	5.25	5.29	231150	8321148.50
2011/02/28	5.27	5.36	5.27	5.36	385197	14004080.00
2011/03/01	5.34	5.40	5.33	5.34	338946	12361721.00
2011/03/02	5.34	5.34	5.28	5.32	289494	10456667.00
2011/03/03	5.34	5.35	5.24	5.24	353679	12755588.00
2011/03/04	5.25	5.28	5.13	5.26	418085	14850807.00
2011/03/07	5.26	5.31	5.23	5.26	287301	10334540.00
2011/03/08	5.26	5.30	5.25	5.28	217441	7818708.00
2011/03/09	5.25	5.30	5.24	5.24	347280	12444603.00
2011/03/10	5.26	5.34	5.24	5.28	367557	13275837.00
2011/03/11	5.28	5.31	5.24	5.29	387074	13920102.00
2011/03/14	5.28	5.35	5.27	5.35	558955	20258488.00
2011/03/15	5.35	5.46	5.33	5.45	1421238	52222264.00
2011/03/16	5.45	5.45	5.36	5.42	754337	27795076.00
2011/03/17	5.38	5.41	5.31	5.31	534983	19519630.00
2011/03/18	5.33	5.37	5.31	5.36	210639	7673015.50
2011/03/21	5.34	5.38	5.30	5.36	214606	7799958.50
2011/03/22	5.36	5.37	5.29	5.30	185307	6705971.00
2011/03/23	5.32	5.32	5.29	5.30	210237	7601025.00
2011/03/24	5.31	5.33	5.30	5.31	133909	4850533.50
2011/03/25	5.31	5.34	5.28	5.30	357064	12917358.00
2011/03/28	5.27	5.30	5.17	5.18	744179	26517316.00
2011/03/29	5.18	5.18	5.11	5.12	435159	15249423.00
2011/03/30	5.11	5.16	5.08	5.10	188083	6553619.50
2011/03/31	5.13	5.15	5.10	5.14	112100	3917441.50
2011/04/01	5.14	5.16	5.11	5.14	109650	3838778.50
2011/04/06	5.13	5.14	5.08	5.10	157637	5490878.50
2011/04/07	5.08	5.14	5.06	5.13	130670	4560802.00
2011/04/08	5.15	5.16	5.11	5.14	140660	4931361.50
2011/04/11	5.16	5.21	5.04	5.21	1116228	38710216.00
2011/04/12	5.29	5.29	5.09	5.11	657745	23053328.00
2011/04/13	5.08	5.11	5.05	5.10	390572	13543033.00
2011/04/14	5.10	5.11	5.06	5.06	392928	13602220.00
2011/04/15	5.06	5.06	4.98	5.06	677844	23203232.00
2011/04/18	5.04	5.07	5.01	5.07	289400	9988148.00
2011/04/19	5.05	5.07	4.98	5.07	374613	12838919.00
2011/04/20	5.07	5.07	5.01	5.04	210049	7211805.50
2011/04/21	5.04	5.09	4.99	5.06	573009	19767456.00
2011/04/22	5.00	5.04	4.99	5.01	307594	10529885.00
2011/04/25	5.01	5.04	4.98	5.02	328948	11253219.00
2011/04/26	4.98	5.03	4.98	4.99	311927	10632862.00
2011/04/27	4.99	5.01	4.89	4.89	417400	14138924.00
2011/04/28	4.88	4.89	4.66	4.66	363400	11816508.00
2011/04/29	4.67	4.74	4.61	4.67	95850	3064592.00
2011/05/03	4.63	4.70	4.58	4.60	550160	17325628.00
2011/05/04	4.59	4.59	4.38	4.39	482281	14764277.00
2011/05/05	4.39	4.39	4.32	4.35	521193	15570139.00
2011/05/06	4.34	4.35	4.27	4.34	369705	10947438.00
2011/05/09	4.31	4.37	4.31	4.35	202439	6041632.50
2011/05/10	4.35	4.38	4.33	4.38	141732	4242015.50
2011/05/11	4.42	4.42	4.36	4.39	107600	3238786.75
2011/05/13	4.33	4.39	4.29	4.31	294390	8745917.00
2011/05/16	4.31	4.41	4.31	4.33	215382	6443265.00
2011/05/17	4.37	4.37	4.31	4.33	149805	4455917.00
2011/05/18	4.33	4.33	4.30	4.31	180300	5349237.00
2011/05/19	4.33	4.36	4.30	4.30	232729	6926646.50
2011/05/20	4.33	4.33	4.26	4.26	121418	3566301.50
2011/05/23	4.26	4.26	4.05	4.05	345999	9815655.00
2011/05/24	4.02	4.11	3.92	4.02	530219	14508478.00
2011/05/25	4.01	4.03	3.92	3.93	238479	6519416.00
2011/05/26	3.93	3.96	3.92	3.92	121397	3293003.75
2011/05/27	3.87	3.93	3.84	3.85	151200	4039639.00
2011/05/30	3.84	3.91	3.84	3.88	146578	3925269.00
2011/05/31	3.88	3.98	3.69	3.97	2097718	54413980.00
2011/06/01	3.90	4.12	3.89	4.07	2169592	59182724.00
2011/06/02	4.01	4.04	3.89	3.99	917934	25139440.00
2011/06/03	3.94	4.03	3.90	4.00	502329	13819615.00
2011/06/07	3.96	4.02	3.96	3.99	307345	8459172.00
2011/06/08	3.98	4.01	3.86	3.95	486301	13144825.00
2011/06/09	3.92	4.01	3.89	3.95	459008	12453940.00
2011/06/10	3.96	3.96	3.80	3.91	443972	11718658.00
2011/06/13	3.81	3.88	3.81	3.85	276508	7247387.00
2011/06/14	3.85	3.91	3.84	3.89	413349	10924473.00
2011/06/15	3.87	3.89	3.85	3.86	232325	6132445.50
2011/06/16	3.81	3.81	3.76	3.77	201404	5200670.50
2011/06/17	3.76	3.79	3.75	3.76	135173	3478108.25
2011/06/20	3.76	3.76	3.70	3.76	138488	3541169.75
2011/06/21	3.76	3.83	3.75	3.82	161422	4182752.75
2011/06/22	3.83	3.85	3.78	3.80	166034	4311222.00
2011/06/23	3.79	3.93	3.79	3.91	361293	9570064.00
2011/06/24	3.88	4.00	3.88	3.99	598948	16182670.00
2011/06/27	3.99	4.08	3.99	4.04	522511	14356349.00
2011/06/28	4.04	4.04	3.95	4.02	360288	9787387.00
2011/06/29	4.01	4.03	3.96	3.96	294639	8022932.50
2011/06/30	3.96	4.04	3.96	3.99	248921	6788137.50
2011/07/01	4.04	4.06	4.00	4.01	264283	7242810.00
2011/07/04	4.01	4.12	4.01	4.11	602076	16717664.00
2011/07/05	4.14	4.14	4.09	4.14	598485	16786054.00
2011/07/06	4.14	4.18	4.11	4.18	471318	13313557.00
2011/07/07	4.16	4.26	4.14	4.17	766605	21946230.00
2011/07/08	4.17	4.22	4.15	4.19	389343	11079098.00
2011/07/11	4.21	4.21	4.16	4.20	355065	10125293.00
2011/07/12	4.19	4.26	4.15	4.24	664099	19003442.00
2011/07/13	4.21	4.39	4.21	4.36	1516849	44671480.00
2011/07/14	4.36	4.36	4.29	4.36	742271	21830088.00
2011/07/15	4.35	4.39	4.31	4.36	635160	18819004.00
2011/07/18	4.35	4.38	4.27	4.29	521967	15402156.00
2011/07/19	4.28	4.28	4.15	4.16	523877	14963804.00
2011/07/20	4.19	4.22	4.16	4.20	300692	8555315.00
2011/07/21	4.21	4.21	4.17	4.19	249995	7125895.50
2011/07/22	4.19	4.23	4.17	4.20	215878	6169862.50
2011/07/25	4.16	4.17	3.98	3.98	433543	12005322.00
2011/07/26	3.97	4.00	3.95	4.00	214452	5802526.00
2011/07/27	4.01	4.05	3.95	4.05	225304	6170831.00
2011/07/28	4.03	4.09	3.98	4.09	338837	9307166.00
2011/07/29	4.05	4.14	4.05	4.10	197534	5510085.00
2011/08/01	4.09	4.16	4.06	4.15	206861	5815580.00
2011/08/02	4.14	4.15	4.07	4.13	294998	8258030.50
2011/08/03	4.10	4.20	4.08	4.16	335787	9535677.00
2011/08/04	4.17	4.31	4.17	4.26	699491	20309704.00
2011/08/05	4.19	4.21	4.10	4.14	505990	14356294.00
2011/08/08	4.07	4.07	3.78	3.86	573417	15328905.00
2011/08/09	3.77	3.92	3.71	3.84	387520	10057662.00
2011/08/10	3.90	3.92	3.86	3.91	329284	8758836.00
2011/08/11	3.81	3.97	3.81	3.97	309823	8306005.00
2011/08/12	4.01	4.08	3.99	4.04	309508	8522209.00
2011/08/15	4.06	4.12	4.05	4.12	283502	7890737.00
2011/08/16	4.14	4.14	4.02	4.03	495141	13705923.00
2011/08/17	3.99	4.07	3.99	4.04	207290	5703919.00
2011/08/18	4.02	4.06	3.92	3.93	218624	5930448.50
2011/08/19	3.85	3.91	3.84	3.90	202113	5353144.00
2011/08/22	3.89	3.94	3.86	3.91	175094	4673236.00
2011/08/23	3.93	4.02	3.91	4.01	242866	6556936.00
2011/08/24	4.03	4.07	4.02	4.04	370696	10212307.00
2011/08/25	4.03	4.09	4.02	4.09	342373	9463862.00
2011/08/26	4.04	4.15	4.04	4.15	563428	15813307.00
2011/08/29	4.08	4.18	4.08	4.12	422405	11886907.00
2011/08/30	4.12	4.17	4.05	4.05	352941	9865624.00
2011/08/31	4.04	4.09	3.98	4.02	206165	5678028.50
2011/09/01	4.02	4.06	3.97	3.99	169915	4650263.00
2011/09/02	3.99	4.00	3.95	3.98	127580	3451421.25
2011/09/05	3.95	3.97	3.89	3.90	125525	3362435.75
2011/09/06	3.89	3.93	3.89	3.91	89666	2386767.50
2011/09/07	3.96	4.14	3.91	4.11	387619	10715824.00
2011/09/08	4.12	4.12	4.00	4.01	286574	7940977.50
2011/09/09	4.01	4.07	3.93	3.94	230349	6244154.00
2011/09/13	3.93	3.93	3.86	3.89	110201	2917011.25
2011/09/14	3.94	3.95	3.88	3.95	161991	4319874.00
2011/09/15	3.98	4.03	3.96	4.02	263720	7202632.00
2011/09/16	4.04	4.06	3.96	3.99	171476	4675546.50
2011/09/19	3.95	3.95	3.91	3.92	105244	2819049.75
2011/09/20	3.91	3.98	3.89	3.95	101627	2731784.50
2011/09/21	3.96	4.06	3.92	4.05	271350	7436777.00
2011/09/22	4.03	4.04	3.93	3.94	206194	5607761.50
2011/09/23	3.87	3.94	3.86	3.91	195113	5184388.50
2011/09/26	3.86	3.92	3.85	3.86	133650	3528788.50
2011/09/27	3.91	3.91	3.84	3.87	119800	3161837.00
2011/09/28	3.91	3.91	3.83	3.84	88400	2334493.75
2011/09/29	3.82	3.84	3.74	3.75	147268	3800855.75
2011/09/30	3.75	3.78	3.72	3.76	107774	2751684.75
2011/10/10	3.76	3.81	3.76	3.76	67081	1722589.88
2011/10/11	3.84	3.84	3.71	3.76	109816	2840590.00
2011/10/12	3.73	3.86	3.71	3.85	149311	3895268.75
2011/10/13	3.87	3.90	3.83	3.87	197379	5209667.00
2011/10/14	3.86	3.86	3.77	3.81	203150	5276483.00
2011/10/17	3.81	3.83	3.81	3.81	146762	3821700.25
2011/10/18	3.81	3.83	3.71	3.72	211778	5452125.00
2011/10/19	3.73	3.76	3.67	3.67	195905	4944970.50
2011/10/20	3.67	3.67	3.54	3.56	230845	5652853.50
2011/10/21	3.56	3.61	3.49	3.50	135076	3250830.00
2011/10/24	3.51	3.54	3.46	3.53	228990	5492413.50
2011/10/25	3.53	3.61	3.48	3.59	281737	6851729.00
2011/10/26	3.55	3.63	3.55	3.59	255722	6274147.50
2011/10/27	3.59	3.61	3.56	3.57	193250	4726796.50
2011/10/28	3.61	3.64	3.58	3.62	270672	6672256.00
2011/10/31	3.62	3.66	3.60	3.64	226897	5629688.50
2011/11/01	3.61	3.63	3.59	3.63	201440	4979121.00
2011/11/02	3.58	3.69	3.56	3.68	285727	7098115.50
2011/11/03	3.68	3.76	3.68	3.71	413109	10504063.00
2011/11/04	3.71	3.76	3.71	3.75	235127	6001168.50
2011/11/07	3.74	3.76	3.71	3.74	164286	4200146.00
2011/11/08	3.74	3.77	3.73	3.75	234970	6008689.50
2011/11/09	3.73	3.84	3.73	3.83	484103	12543775.00
2011/11/10	3.81	3.84	3.79	3.83	463631	12063878.00
2011/11/11	3.83	3.86	3.81	3.84	387088	10123672.00
2011/11/14	3.86	3.91	3.84	3.91	425621	11294613.00
2011/11/15	3.91	3.96	3.87	3.96	630062	16908304.00
2011/11/16	3.96	3.99	3.90	3.92	1039195	27880048.00
2011/11/17	3.92	3.93	3.84	3.85	504848	13309831.00
2011/11/18	3.85	3.85	3.73	3.73	392820	10144643.00
2011/11/21	3.73	3.78	3.70	3.75	131489	3364154.75
2011/11/22	3.71	3.78	3.71	3.75	187258	4776778.00
2011/11/23	3.76	3.80	3.76	3.77	187720	4842557.50
2011/11/24	3.76	3.81	3.73	3.79	190300	4904823.00
2011/11/25	3.75	3.82	3.75	3.80	241274	6254328.00
2011/11/28	3.81	3.91	3.79	3.85	935050	24669650.00
2011/11/29	3.86	3.87	3.76	3.79	465654	12105026.00
2011/11/30	3.78	3.78	3.56	3.57	464267	11663503.00
2011/12/01	3.66	3.68	3.60	3.61	280242	6989026.50
2011/12/02	3.60	3.61	3.53	3.54	186228	4524936.50
2011/12/05	3.55	3.55	3.48	3.48	143100	3435343.00
2011/12/06	3.48	3.54	3.48	3.52	105696	2533504.25
2011/12/07	3.53	3.54	3.49	3.53	91981	2218490.75
2011/12/08	3.54	3.57	3.49	3.56	169887	4116224.50
2011/12/09	3.52	3.56	3.50	3.54	130338	3147805.00
2011/12/12	3.52	3.54	3.46	3.46	137500	3285106.00
2011/12/13	3.46	3.46	3.29	3.30	205188	4740213.50
2011/12/14	3.30	3.33	3.21	3.23	103050	2314000.75
2011/12/15	3.23	3.23	3.12	3.14	231945	5043810.00
2011/12/16	3.11	3.18	3.06	3.17	373455	8007809.50
2011/12/19	3.14	3.15	3.08	3.15	141657	3025168.25
2011/12/20	3.11	3.19	3.11	3.14	98460	2135028.50
2011/12/21	3.15	3.20	3.08	3.08	147508	3187631.75
2011/12/22	3.05	3.10	2.93	2.98	175062	3587737.50
2011/12/23	2.94	3.01	2.94	2.99	96741	1988375.88
2011/12/26	2.96	3.02	2.96	2.99	43531	894643.63
2011/12/27	2.99	2.99	2.91	2.91	57000	1153811.75
2011/12/28	2.90	2.92	2.75	2.84	110827	2165158.75
2011/12/29	2.83	2.85	2.81	2.84	47200	923169.88
2011/12/30	2.87	2.88	2.84	2.86	81200	1604960.38
2012/01/04	2.91	2.91	2.75	2.75	117050	2286428.50
2012/01/05	2.69	2.81	2.63	2.63	93922	1753443.50
2012/01/06	2.62	2.62	2.45	2.55	203383	3570282.75
2012/01/09	2.46	2.64	2.46	2.63	192772	3433044.25
2012/01/17	2.37	2.74	2.37	2.74	370878	6686254.50
2012/01/18	2.72	2.78	2.61	2.62	252407	4702022.50
2012/01/19	2.60	2.64	2.57	2.59	168710	3038182.25
2012/01/20	2.62	2.63	2.57	2.61	140630	2547776.00
2012/01/30	2.61	2.65	2.59	2.62	119559	2176112.50
2012/01/31	2.63	2.63	2.55	2.60	80822	1445930.88
2012/02/01	2.60	2.65	2.58	2.63	79835	1450963.50
2012/02/02	2.65	2.66	2.61	2.66	96525	1765801.13
2012/02/03	2.65	2.72	2.64	2.72	201452	3754276.00
2012/02/06	2.72	2.78	2.72	2.75	180129	3433431.25
2012/02/07	2.76	2.76	2.69	2.70	102624	1920687.38
2012/02/08	2.73	2.85	2.70	2.80	213886	4111514.75
2012/02/09	2.80	2.84	2.78	2.83	276647	5375897.50
2012/02/10	2.81	2.86	2.81	2.82	201900	3950098.75
2012/02/13	2.83	2.90	2.80	2.89	268845	5316992.50
2012/02/14	2.90	2.92	2.86	2.90	202426	4039112.00
2012/02/15	2.90	2.95	2.88	2.94	222243	4477873.00
2012/02/16	2.94	3.01	2.94	2.99	333263	6841016.00
2012/02/17	3.00	3.01	2.95	2.98	173748	3564221.00
2012/02/20	3.02	3.04	2.96	2.97	203850	4196009.50
2012/02/21	2.98	3.06	2.95	3.06	289643	5999861.50
2012/02/22	3.05	3.16	3.05	3.14	392888	8434395.00
2012/02/23	3.13	3.24	3.13	3.23	463666	10192430.00
2012/02/24	3.23	3.30	3.23	3.26	583253	13043377.00
2012/02/27	3.27	3.43	3.27	3.33	992211	22735812.00
2012/02/28	3.20	3.20	3.04	3.09	1559744	33345404.00
2012/02/29	3.08	3.08	3.01	3.01	449313	9395113.00
2012/03/01	3.01	3.07	3.01	3.05	260630	5457692.50
2012/03/02	3.05	3.08	3.05	3.08	467858	9882292.00
2012/03/05	3.08	3.13	3.08	3.11	413080	8803337.00
2012/03/06	3.11	3.25	3.09	3.11	533023	11538862.00
2012/03/07	3.09	3.10	3.03	3.08	373385	7877167.50
2012/03/08	3.08	3.11	3.07	3.10	243762	5190424.00
2012/03/09	3.14	3.15	3.10	3.15	275772	5926522.50
2012/03/12	3.15	3.20	3.14	3.16	475005	10321986.00
2012/03/13	3.14	3.19	3.14	3.17	344556	7477031.50
2012/03/14	3.17	3.23	2.98	3.00	742468	16108323.00
2012/03/15	3.00	3.05	2.83	2.90	325775	6597043.00
2012/03/16	2.90	2.95	2.89	2.95	240967	4863574.00
2012/03/19	2.95	3.01	2.95	3.01	258872	5316284.00
2012/03/20	3.01	3.02	2.93	2.96	200114	4099742.00
2012/03/22	2.95	2.99	2.90	2.98	117005	2378196.25
2012/03/23	2.96	2.97	2.93	2.97	185430	3765974.25
2012/03/26	2.98	3.00	2.95	2.98	76479	1565198.75
2012/03/27	3.02	3.03	2.98	3.00	102069	2106425.25
2012/03/28	3.00	3.00	2.84	2.86	232740	4686873.50
2012/03/29	2.85	2.91	2.79	2.84	113252	2235456.25
2012/03/30	2.80	2.88	2.79	2.81	123997	2408846.50
2012/04/05	2.80	2.85	2.78	2.85	150959	2954306.75
2012/04/06	2.84	2.94	2.84	2.87	178998	2372151.00
2012/04/09	2.85	2.93	2.84	2.89	237115	3132191.25
2012/04/10	2.85	2.87	2.75	2.86	189268	2451772.00
2012/04/11	2.85	2.87	2.80	2.83	135753	1773626.13
2012/04/12	2.85	2.88	2.81	2.87	236923	3107435.00
2012/04/13	2.89	2.90	2.85	2.88	225007	2974882.00
2012/04/16	2.87	2.89	2.86	2.88	187839	2483315.25
2012/04/17	2.88	2.88	2.80	2.80	226965	2946057.00
2012/04/18	2.80	2.85	2.80	2.85	215400	2806723.75
2012/04/19	2.86	2.88	2.84	2.88	279066	3673415.00
2012/04/20	2.89	2.89	2.81	2.85	409251	5360151.00
2012/04/23	2.82	2.85	2.76	2.77	358482	4600459.00
2012/04/24	2.75	2.78	2.65	2.69	313234	3904651.75
2012/04/25	2.65	2.71	2.65	2.70	222665	2747501.25
2012/04/26	2.72	2.99	2.68	2.99	1213042	16238273.00
2012/04/27	3.07	3.07	2.92	2.98	1555004	21336292.00
2012/05/02	2.98	3.00	2.87	2.95	728954	9847191.00
2012/05/03	2.94	2.97	2.90	2.95	462270	6225736.00
2012/05/04	2.96	3.25	2.91	3.19	2251569	32007396.00
2012/05/07	3.16	3.18	3.09	3.17	1216290	17397662.00
2012/05/08	3.14	3.25	3.09	3.11	832487	11908260.00
2012/05/09	3.09	3.09	2.99	3.01	524076	7296925.00
2012/05/10	2.99	3.07	2.99	3.03	382966	5328427.50
2012/05/11	3.03	3.07	2.99	3.02	341785	4760198.00
2012/05/14	3.05	3.08	3.00	3.02	196000	2727060.00
2012/05/15	3.01	3.01	2.92	2.96	276640	3743771.00
2012/05/17	3.03	3.27	2.93	3.27	2980249	43753384.00
2012/05/18	3.38	3.61	3.37	3.61	8691327	140268784.00
2012/05/21	3.44	3.44	3.24	3.29	5625869	83846656.00
2012/05/22	3.28	3.38	3.17	3.36	3827764	57070120.00
2012/05/23	3.28	3.33	3.21	3.30	2446624	36587692.00
2012/05/24	3.27	3.54	3.26	3.45	4807895	75371488.00
2012/05/25	3.37	3.56	3.28	3.47	4005627	62993620.00
2012/05/28	3.41	3.71	3.33	3.63	5163925	83833672.00
2012/05/29	3.59	3.72	3.53	3.58	4260882	70093792.00
2012/05/30	3.58	3.64	3.46	3.52	3104131	49996024.00
2012/05/31	3.52	3.52	3.43	3.44	1907202	30145410.00
2012/06/01	3.46	3.55	3.41	3.43	1523890	24139870.00
2012/06/04	3.35	3.39	3.28	3.28	1354140	20596368.00
2012/06/05	3.28	3.31	3.18	3.22	972941	14370516.00
2012/06/06	3.25	3.30	3.19	3.27	918521	13665653.00
2012/06/07	3.28	3.32	3.10	3.11	1114586	16375662.00
2012/06/08	3.15	3.18	3.05	3.10	1335968	18934796.00
2012/06/11	3.10	3.18	3.08	3.17	869345	12481289.00
2012/06/12	3.15	3.21	3.11	3.17	762815	11080862.00
2012/06/13	3.21	3.22	3.11	3.20	952343	13810689.00
2012/06/14	3.18	3.23	3.17	3.19	744967	10898621.00
2012/06/15	3.18	3.21	3.11	3.17	767285	11057635.00
2012/06/18	3.23	3.32	3.21	3.23	1249535	18596702.00
2012/06/19	3.24	3.24	3.09	3.10	1190685	17165400.00
2012/06/20	3.10	3.15	3.10	3.12	534292	7634130.00
2012/06/21	3.10	3.11	2.97	2.98	775925	10738750.00
2012/06/25	2.96	3.03	2.94	2.94	497315	6780985.00
2012/06/26	2.87	2.96	2.87	2.94	231532	3116096.50
2012/06/27	2.93	2.97	2.92	2.93	305074	4133269.00
2012/06/28	2.92	3.02	2.92	2.96	412141	5629253.00
2012/06/29	2.94	3.00	2.88	2.99	505605	6845767.50
2012/07/03	2.95	3.02	2.95	3.00	539649	7414974.50
2012/07/04	3.01	3.03	2.98	2.99	331491	4567082.50
2012/07/05	2.93	2.97	2.79	2.79	722310	9476937.00
2012/07/06	2.81	2.83	2.71	2.80	448982	5718895.00
2012/07/09	2.77	2.81	2.68	2.68	335674	4218523.00
2012/07/10	2.68	2.75	2.67	2.71	180604	2250191.50
2012/07/11	2.63	2.73	2.63	2.71	165733	2072677.13
2012/07/12	2.69	2.75	2.65	2.73	355621	4427760.50
2012/07/13	2.73	2.74	2.65	2.68	286292	3550168.50
2012/07/16	2.68	2.69	2.44	2.45	583828	6817237.50
2012/07/17	2.48	2.49	2.44	2.48	184648	2106679.50
2012/07/18	2.49	2.51	2.45	2.51	205065	2354247.00
2012/07/19	2.51	2.72	2.47	2.63	703696	8490420.00
2012/07/20	2.60	2.62	2.56	2.57	335741	4001736.50
2012/07/23	2.57	2.57	2.50	2.51	156241	1820097.25
2012/07/24	2.49	2.55	2.47	2.54	238370	2782291.25
2012/07/25	2.53	2.55	2.48	2.53	213239	2485013.75
2012/07/26	2.52	2.57	2.49	2.50	254700	2984703.25
2012/07/27	2.49	2.55	2.49	2.53	134024	1558262.75
2012/07/30	2.53	2.55	2.46	2.50	141966	1640770.88
2012/07/31	2.48	2.52	2.42	2.44	195525	2222460.75
2012/08/01	2.45	2.49	2.43	2.47	180150	2062037.50
2012/08/02	2.44	2.48	2.42	2.42	144000	1625556.00
2012/08/03	2.42	2.49	2.40	2.49	188696	2148790.25
2012/08/06	2.46	2.56	2.46	2.54	335954	3928708.75
2012/08/07	2.54	2.60	2.54	2.57	346823	4111191.00
2012/08/08	2.55	2.59	2.55	2.58	324430	3858243.75
2012/08/09	2.58	2.62	2.55	2.62	340522	4073443.00
2012/08/10	2.60	2.62	2.58	2.62	318011	3821251.75
2012/08/13	2.60	2.60	2.52	2.54	288223	3414979.50
2012/08/14	2.57	2.57	2.48	2.54	222186	2579168.75
2012/08/15	2.52	2.55	2.49	2.50	176950	2056804.50
2012/08/16	2.49	2.53	2.49	2.52	166999	1936582.50
2012/08/17	2.53	2.75	2.50	2.66	856670	10453509.00
2012/08/20	2.60	2.66	2.58	2.62	640838	7694460.50
2012/08/21	2.62	2.66	2.62	2.65	352960	4305605.00
2012/08/22	2.66	2.68	2.59	2.60	387236	4693958.00
2012/08/23	2.56	2.64	2.55	2.60	327552	3945301.25
2012/08/24	2.61	2.61	2.57	2.60	314785	3769267.00
2012/08/27	2.60	2.60	2.46	2.48	276319	3216286.75
2012/08/28	2.47	2.53	2.47	2.52	110000	1276382.00
2012/08/29	2.51	2.55	2.50	2.52	130538	1520886.38
2012/08/30	2.53	2.55	2.46	2.48	166750	1933953.50
2012/08/31	2.49	2.54	2.48	2.53	142311	1649677.75
2012/09/03	2.54	2.59	2.51	2.59	255078	3024293.75
2012/09/04	2.59	2.61	2.57	2.57	273455	3272048.50
2012/09/05	2.55	2.68	2.55	2.61	401000	4841538.50
2012/09/06	2.63	2.64	2.61	2.64	299185	3624919.75
2012/09/07	2.64	2.75	2.62	2.71	713437	8892616.00
2012/09/10	2.70	2.74	2.67	2.72	649162	8098931.50
2012/09/11	2.69	2.75	2.69	2.71	557454	6970835.50
2012/09/12	2.71	2.74	2.69	2.72	361327	4521102.50
2012/09/13	2.72	2.80	2.70	2.73	889449	11300404.00
2012/09/14	2.73	2.75	2.66	2.69	556686	6927188.00
2012/09/17	2.71	2.71	2.60	2.60	300998	3662671.75
2012/09/18	2.62	2.62	2.58	2.60	155198	1860074.13
2012/09/19	2.61	2.63	2.59	2.60	164549	1983205.38
2012/09/20	2.60	2.60	2.42	2.42	333498	3864753.25
2012/09/21	2.42	2.48	2.40	2.42	206762	2330289.00
2012/09/24	2.45	2.46	2.38	2.43	162889	1819486.88
2012/09/25	2.45	2.45	2.38	2.41	94900	1060239.13
2012/09/26	2.38	2.41	2.37	2.37	151402	1674315.13
2012/09/27	2.35	2.44	2.35	2.41	221370	2463014.75
2012/09/28	2.42	2.45	2.40	2.45	132066	1487943.63
2012/10/08	2.45	2.48	2.42	2.46	146576	1664106.88
2012/10/09	2.48	2.72	2.45	2.72	1931039	23941212.00
2012/10/10	2.78	2.93	2.76	2.80	3715852	48561076.00
2012/10/11	2.78	2.78	2.64	2.67	1882280	23377490.00
2012/10/12	2.64	2.70	2.60	2.67	1004988	12269688.00
2012/10/15	2.64	2.66	2.60	2.65	578390	7008042.00
2012/10/16	2.63	2.69	2.62	2.65	755356	9302638.00
2012/10/17	2.63	2.68	2.60	2.67	591274	7212631.50
2012/10/18	2.67	2.75	2.65	2.70	820998	10244272.00
2012/10/19	2.70	2.73	2.64	2.65	581840	7205910.00
2012/10/22	2.64	2.64	2.60	2.64	353763	4277555.00
2012/10/23	2.64	2.69	2.63	2.64	370155	4527828.50
2012/10/24	2.61	2.64	2.60	2.62	306621	3707777.25
2012/10/25	2.62	2.63	2.55	2.55	428589	5140620.50
2012/10/26	2.56	2.57	2.42	2.44	602274	6921331.50
2012/10/29	2.42	2.46	2.42	2.44	202718	2285651.00
2012/10/30	2.44	2.46	2.43	2.46	216901	2454645.00
2012/10/31	2.48	2.50	2.46	2.49	202844	2331553.25
2012/11/01	2.51	2.56	2.50	2.53	298178	3489458.75
2012/11/02	2.55	2.55	2.51	2.52	170235	1987063.38
2012/11/05	2.52	2.53	2.49	2.51	149095	1728762.13
2012/11/06	2.50	2.51	2.44	2.47	192500	2199974.00
2012/11/07	2.49	2.50	2.45	2.48	196060	2249538.25
2012/11/08	2.45	2.45	2.38	2.39	262502	2944189.75
2012/11/09	2.40	2.43	2.38	2.40	182498	2030290.63
2012/11/12	2.42	2.43	2.38	2.40	107399	1197319.50
2012/11/13	2.40	2.40	2.38	2.38	173919	1929791.00
2012/11/14	2.39	2.44	2.35	2.44	131823	1468326.00
2012/11/15	2.44	2.44	2.37	2.37	161221	1792100.88
2012/11/16	2.37	2.55	2.36	2.47	732164	8381864.50
2012/11/19	2.47	2.51	2.45	2.51	460900	5309164.50
2012/11/20	2.51	2.53	2.47	2.50	331853	3835807.25
2012/11/21	2.55	2.76	2.54	2.71	3197354	40033424.00
2012/11/22	2.60	2.66	2.59	2.65	1541496	18649352.00
2012/11/23	2.61	2.63	2.55	2.56	950646	11359594.00
2012/11/26	2.53	2.54	2.44	2.45	644350	7437570.50
2012/11/27	2.43	2.44	2.35	2.37	620044	6863718.50
2012/11/28	2.35	2.39	2.25	2.28	482241	5112180.50
2012/11/29	2.30	2.32	2.23	2.25	305192	3234556.25
2012/11/30	2.25	2.29	2.24	2.28	210768	2225866.25
2012/12/03	2.25	2.30	2.21	2.21	205000	2154691.00
2012/12/04	2.19	2.22	2.12	2.20	259579	2628320.00
2012/12/05	2.21	2.30	2.18	2.28	465736	4914563.50
2012/12/06	2.29	2.31	2.25	2.28	261385	2762325.25
2012/12/07	2.27	2.33	2.24	2.33	499201	5338135.50
2012/12/10	2.33	2.37	2.29	2.37	522958	5666927.00
2012/12/11	2.35	2.36	2.32	2.34	412567	4474869.50
2012/12/12	2.32	2.34	2.27	2.32	397511	4242337.50
2012/12/13	2.29	2.32	2.28	2.28	215886	2305571.25
2012/12/14	2.22	2.38	2.22	2.37	423048	4601068.00
2012/12/17	2.36	2.38	2.35	2.35	448616	4913256.00
2012/12/18	2.37	2.37	2.33	2.33	454605	4947989.50
2012/12/19	2.32	2.36	2.32	2.36	222536	2422609.00
2012/12/20	2.33	2.36	2.33	2.35	310792	3389879.00
2012/12/21	2.34	2.40	2.34	2.38	495522	5436848.00
2012/12/24	2.38	2.44	2.38	2.44	678487	7610665.50
2012/12/25	2.43	2.50	2.42	2.50	775898	8866421.00
2012/12/26	2.50	2.63	2.47	2.49	1420123	16519400.00
2012/12/27	2.49	2.50	2.44	2.44	1222219	13946829.00
2012/12/28	2.41	2.47	2.41	2.46	547311	6201773.50
2012/12/31	2.48	2.48	2.44	2.46	394812	4509729.00
2013/01/04	2.49	2.50	2.43	2.47	517302	5893339.00
2013/01/07	2.47	2.50	2.43	2.50	387830	4448980.50
2013/01/08	2.50	2.58	2.49	2.57	996043	11702893.00
2013/01/09	2.56	2.65	2.54	2.64	1701153	20466602.00
2013/01/10	2.64	2.66	2.62	2.63	1003281	12229801.00
2013/01/11	2.63	2.76	2.54	2.55	2255531	27653938.00
2013/01/14	2.51	2.63	2.51	2.61	1219539	14509098.00
2013/01/15	2.60	2.67	2.60	2.65	1193111	14567482.00
2013/01/16	2.66	2.92	2.58	2.91	2110030	26341718.00
2013/01/17	2.79	2.84	2.74	2.74	3035537	38990512.00
2013/01/18	2.71	2.77	2.65	2.71	1186801	14785615.00
2013/01/21	2.72	2.75	2.70	2.73	715205	8957530.00
2013/01/22	2.72	2.72	2.63	2.64	700415	8664170.00
2013/01/23	2.63	2.65	2.58	2.62	557070	6724657.50
2013/01/24	2.61	2.66	2.51	2.53	968388	11553743.00
2013/01/25	2.53	2.57	2.53	2.55	308185	3630841.75
2013/01/28	2.54	2.64	2.54	2.62	568640	6827031.50
2013/01/29	2.63	2.71	2.63	2.67	832760	10261708.00
2013/01/30	2.67	2.69	2.63	2.69	559646	6870402.50
2013/01/31	2.71	2.80	2.67	2.67	842741	10532393.00
2013/02/01	2.66	2.67	2.59	2.63	639789	7739336.50
2013/02/04	2.63	2.65	2.60	2.60	475683	5733756.50
2013/02/05	2.60	2.65	2.60	2.64	587211	7129740.50
2013/02/06	2.67	2.67	2.64	2.65	576955	7064477.50
2013/02/07	2.65	2.66	2.63	2.63	410393	4992972.00
2013/02/08	2.65	2.68	2.63	2.68	499781	6141758.00
2013/02/18	2.68	2.71	2.67	2.69	583939	7238461.50
2013/02/19	2.70	2.71	2.64	2.69	778641	9618058.00
2013/02/20	2.69	2.75	2.68	2.74	1103171	13836297.00
2013/02/21	2.73	2.76	2.68	2.75	1129202	14126430.00
2013/02/22	2.74	2.78	2.70	2.70	699252	8814067.00
2013/02/25	2.67	2.73	2.67	2.73	473872	5918474.00
2013/02/26	2.72	2.73	2.70	2.70	473735	5927171.00
2013/02/27	2.70	2.71	2.68	2.68	399759	4964383.50
2013/02/28	2.70	2.73	2.67	2.73	572973	7118350.50
2013/03/01	2.73	2.76	2.71	2.75	779900	9819150.00
2013/03/04	2.74	2.75	2.62	2.62	658742	8108318.00
2013/03/05	2.60	2.66	2.60	2.65	390815	4760321.50
2013/03/06	2.65	2.72	2.65	2.71	543592	6732108.00
2013/03/07	2.73	2.73	2.68	2.69	504098	6282186.50
2013/03/08	2.68	2.75	2.68	2.71	627426	7888482.00
2013/03/11	2.73	2.73	2.69	2.73	438436	5492336.00
2013/03/12	2.72	2.73	2.60	2.62	600525	7357670.00
2013/03/13	2.63	2.64	2.59	2.59	222094	2669534.50
2013/03/14	2.60	2.61	2.55	2.55	267399	3194881.25
2013/03/15	2.56	2.62	2.55	2.58	243250	2920361.25
2013/03/18	2.56	2.59	2.48	2.49	361520	4249096.50
2013/03/19	2.49	2.53	2.44	2.53	244110	2828480.25
2013/03/20	2.52	2.59	2.51	2.58	292849	3474070.50
2013/03/21	2.58	2.61	2.57	2.58	384784	4603266.50
2013/03/22	2.60	2.61	2.55	2.60	404186	4812251.00
2013/03/26	2.66	2.73	2.61	2.61	867899	10645769.00
2013/03/27	2.58	2.61	2.55	2.57	460900	5479991.50
2013/03/28	2.55	2.55	2.44	2.48	372981	4312022.50
2013/03/29	2.50	2.50	2.40	2.43	445109	5059246.50
2013/04/01	2.43	2.44	2.42	2.43	272755	3067777.50
2013/04/02	2.44	2.48	2.43	2.46	239527	2715875.75
2013/04/03	2.47	2.47	2.42	2.46	195474	2215089.00
2013/04/08	2.43	2.47	2.37	2.46	316523	3553481.25
2013/04/09	2.46	2.52	2.45	2.52	370176	4254781.50
2013/04/10	2.62	2.64	2.50	2.51	1332984	16012708.00
2013/04/11	2.44	2.48	2.41	2.42	651633	7364821.00
2013/04/12	2.40	2.43	2.39	2.39	244630	2731765.75
2013/04/15	2.37	2.41	2.31	2.32	323855	3533460.00
2013/04/16	2.27	2.35	2.27	2.35	143688	1547692.38
2013/04/17	2.33	2.35	2.30	2.35	121931	1319931.38
2013/04/18	2.33	2.36	2.33	2.35	137771	1501209.88
2013/04/19	2.35	2.41	2.35	2.40	301098	3343038.50
2013/04/22	2.39	2.50	2.38	2.43	341045	3844695.25
2013/04/23	2.40	2.46	2.40	2.42	531499	6009382.00
2013/04/24	2.42	2.44	2.37	2.41	428844	4786986.00
2013/04/25	2.42	2.46	2.38	2.38	332961	3726253.50
2013/04/26	2.38	2.40	2.32	2.32	241612	2653357.25
2013/05/02	2.31	2.38	2.27	2.31	365360	3893635.50
2013/05/03	2.30	2.36	2.30	2.34	283685	3068180.75
2013/05/06	2.34	2.38	2.33	2.37	295497	3244709.25
2013/05/07	2.37	2.37	2.35	2.35	376309	4121870.75
2013/05/08	2.36	2.40	2.36	2.39	460294	5086014.00
2013/05/09	2.39	2.64	2.38	2.64	2346649	27236656.00
2013/05/10	2.57	2.73	2.55	2.68	3982239	48763912.00
2013/05/13	2.62	2.62	2.56	2.59	1456130	17399666.00
2013/05/14	2.59	2.59	2.50	2.51	868796	10165138.00
2013/05/15	2.51	2.56	2.50	2.56	603493	7054479.00
2013/05/16	2.55	2.57	2.52	2.55	704568	8290850.50
2013/05/17	2.55	2.59	2.52	2.57	789168	9363541.00
2013/05/20	2.57	2.64	2.57	2.62	931422	11227823.00
2013/05/21	2.61	2.70	2.61	2.69	1898388	23475956.00
2013/05/22	2.67	2.70	2.64	2.67	1064946	13079681.00
2013/05/23	2.68	2.71	2.63	2.68	1229155	15200085.00
2013/05/24	2.67	2.74	2.67	2.71	1199355	14987042.00
2013/05/27	2.72	2.75	2.72	2.75	1090203	13758778.00
2013/05/28	2.76	2.95	2.70	2.93	4897030	64428720.00
2013/05/29	2.89	2.89	2.80	2.82	2491583	32453706.00
2013/05/30	2.83	2.84	2.76	2.82	1374858	17661942.00
2013/05/31	2.82	2.85	2.75	2.76	927201	11924440.00
2013/06/03	2.76	2.80	2.69	2.70	849679	10656120.00
2013/06/04	2.70	2.72	2.63	2.68	664887	8186420.00
2013/06/05	2.68	2.74	2.68	2.74	631369	7895425.50
2013/06/06	2.70	2.74	2.63	2.63	547500	6741753.00
2013/06/07	2.62	2.65	2.58	2.58	468809	5643349.50
2013/06/13	2.56	2.58	2.49	2.51	334861	3900183.50
2013/06/14	2.53	2.55	2.51	2.54	409621	4804323.50
2013/06/17	2.54	2.59	2.51	2.58	574128	6789060.00
2013/06/18	2.58	2.58	2.52	2.56	332834	3927220.00
2013/06/19	2.57	2.57	2.52	2.55	320741	3758965.25
2013/06/20	2.54	2.54	2.44	2.44	344144	3967742.50
2013/06/21	2.44	2.45	2.37	2.43	354045	3956166.50
2013/06/24	2.40	2.44	2.23	2.28	425111	4622805.00
2013/06/25	2.28	2.41	2.17	2.40	792546	8490839.00
2013/06/26	2.38	2.43	2.33	2.41	551541	6100107.50
2013/06/27	2.42	2.43	2.35	2.35	447599	4990825.00
2013/06/28	2.33	2.41	2.33	2.37	293300	3227692.25
2013/07/01	2.35	2.43	2.35	2.43	388863	4321110.00
2013/07/02	2.43	2.46	2.41	2.45	390883	4406965.00
2013/07/03	2.47	2.47	2.38	2.41	372805	4124033.50
2013/07/04	2.40	2.46	2.39	2.45	365552	4086755.50
2013/07/05	2.45	2.46	2.42	2.42	304258	3415405.50
2013/07/08	2.42	2.42	2.31	2.31	352458	3788357.00
2013/07/09	2.32	2.35	2.31	2.34	126533	1355721.63
2013/07/10	2.35	2.40	2.34	2.40	264375	2882960.50
2013/07/11	2.40	2.49	2.40	2.47	671173	7593098.50
2013/07/12	2.46	2.49	2.43	2.44	387548	4370892.00
2013/07/15	2.44	2.48	2.43	2.48	415441	4699224.50
2013/07/16	2.50	2.50	2.46	2.48	338453	3843356.00
2013/07/17	2.48	2.48	2.42	2.44	301443	3404953.50
2013/07/18	2.46	2.54	2.43	2.52	683087	7803110.00
2013/07/19	2.53	2.67	2.46	2.46	639100	7473594.00
2013/07/22	2.45	2.46	2.40	2.46	438677	4910806.00
2013/07/23	2.47	2.53	2.46	2.52	549820	6310801.00
2013/07/24	2.54	2.58	2.51	2.58	804868	9417614.00
2013/07/25	2.57	2.60	2.51	2.52	618787	7218612.50
2013/07/26	2.50	2.57	2.48	2.57	523170	6070246.00
2013/07/29	2.56	2.64	2.55	2.57	860645	10214492.00
2013/07/30	2.55	2.69	2.52	2.66	1111151	13347538.00
2013/07/31	2.65	2.66	2.59	2.63	1030505	12373099.00
2013/08/01	2.65	2.68	2.62	2.67	951065	11552196.00
2013/08/02	2.70	2.70	2.60	2.63	856146	10350002.00
2013/08/05	2.61	2.72	2.61	2.72	951718	11680760.00
2013/08/06	2.72	2.72	2.66	2.68	623134	7657277.00
2013/08/07	2.67	2.68	2.63	2.63	567072	6877380.50
2013/08/08	2.62	2.67	2.62	2.63	429020	5189913.00
2013/08/09	2.64	2.65	2.61	2.65	419110	5058739.50
2013/08/12	2.67	2.70	2.64	2.66	660433	8064435.00
2013/08/13	2.67	2.70	2.66	2.69	593068	7267006.50
2013/08/14	2.69	2.72	2.67	2.69	847302	10463479.00
2013/08/15	2.69	2.69	2.60	2.60	882887	10649588.00
2013/08/16	2.59	2.64	2.52	2.52	680592	8064339.50
2013/08/19	2.51	2.57	2.50	2.56	495308	5773582.50
2013/08/20	2.56	2.60	2.56	2.57	445241	5263681.50
2013/08/21	2.60	2.60	2.57	2.60	313462	3714771.25
2013/08/22	2.60	2.65	2.60	2.65	541071	6526266.00
2013/08/23	2.65	2.66	2.59	2.61	452972	5447352.50
2013/08/26	2.62	2.68	2.60	2.68	640138	7778312.50
2013/08/27	2.68	2.75	2.67	2.74	1175326	14575004.00
2013/08/28	2.72	2.78	2.69	2.72	1089651	13584891.00
2013/08/29	2.71	2.74	2.66	2.72	615330	7607761.50
2013/08/30	2.71	2.82	2.71	2.78	1661120	21046474.00
2013/09/02	2.78	2.78	2.68	2.77	1301446	16248553.00
2013/09/03	2.76	2.83	2.71	2.82	1683689	21487588.00
2013/09/04	2.82	2.86	2.78	2.84	1320385	16991898.00
2013/09/05	2.84	2.85	2.79	2.82	1022387	13117308.00
2013/09/06	2.80	2.82	2.76	2.81	1179233	15024973.00
2013/09/09	2.82	2.82	2.78	2.79	668105	8524400.00
2013/09/10	2.79	2.79	2.71	2.77	1745674	21904912.00
2013/09/11	2.76	2.79	2.72	2.77	1364110	17139580.00
2013/09/12	2.77	2.79	2.74	2.78	794271	10055552.00
2013/09/13	2.77	2.77	2.74	2.77	674025	8489268.00
2013/09/16	2.77	2.84	2.75	2.84	1436649	18314862.00
2013/09/17	2.83	2.89	2.79	2.82	1891145	24642260.00
2013/09/18	2.82	2.83	2.77	2.81	673231	8579325.00
2013/09/23	2.81	2.87	2.78	2.86	1181963	15273663.00
2013/09/24	2.86	2.87	2.82	2.85	683327	8862057.00
2013/09/25	2.85	2.89	2.81	2.87	1440703	18817964.00
2013/09/26	2.87	2.88	2.76	2.76	969688	12411446.00
2013/09/27	2.76	2.78	2.73	2.77	570852	7203702.50
2013/09/30	2.76	2.84	2.76	2.84	926615	11866879.00
2013/10/08	2.84	2.88	2.80	2.88	1287423	16770989.00
2013/10/09	2.87	2.93	2.85	2.91	1522817	20157750.00
2013/10/10	2.92	2.93	2.87	2.92	1152327	15290230.00
2013/10/11	2.93	2.96	2.91	2.96	1485357	19924496.00
2013/10/14	2.94	3.00	2.91	2.98	1381523	18584420.00
2013/10/15	2.99	2.99	2.94	2.96	751312	10144731.00
2013/10/16	2.96	2.96	2.87	2.88	788891	10387361.00
2013/10/17	2.89	2.91	2.85	2.87	669827	8789308.00
2013/10/18	2.89	2.89	2.86	2.87	465387	6098440.00
2013/10/21	2.87	2.97	2.86	2.95	1112445	14914379.00
2013/10/22	2.96	2.96	2.92	2.92	534359	7165096.50
2013/10/23	2.91	2.94	2.80	2.81	834398	10910710.00
2013/10/24	2.81	2.83	2.76	2.81	494173	6311387.00
2013/10/25	2.80	2.80	2.74	2.75	618422	7793858.00
2013/10/28	2.74	2.77	2.74	2.75	183751	2311837.25
2013/10/29	2.74	2.78	2.60	2.66	547756	6691099.50
2013/10/30	2.66	2.94	2.64	2.94	3748473	48708520.00
2013/10/31	3.04	3.24	2.97	2.98	7094069	99815328.00
2013/11/01	2.92	2.92	2.72	2.73	4420645	56540400.00
2013/11/04	2.73	2.81	2.69	2.76	1529275	19244712.00
2013/11/05	2.73	2.81	2.68	2.81	1858058	23421946.00
2013/11/06	2.80	2.92	2.76	2.88	2147923	27970024.00
2013/11/07	2.90	2.90	2.78	2.78	1196565	15472511.00
2013/11/08	2.78	2.80	2.74	2.76	612357	7725720.00
2013/11/11	2.76	2.80	2.71	2.79	507661	6418489.50
2013/11/12	2.81	2.81	2.76	2.81	579121	7381604.50
2013/11/13	2.80	2.88	2.75	2.85	1444812	18734888.00
2013/11/14	2.86	3.00	2.81	2.98	3279459	43980104.00
2013/11/15	2.97	3.05	2.92	3.02	2268964	30998902.00
2013/11/18	3.02	3.12	2.98	3.01	2276758	31432446.00
2013/11/19	3.02	3.05	2.99	3.05	1495957	20543906.00
2013/11/20	3.04	3.04	2.97	3.00	1236051	16883786.00
2013/11/21	2.99	2.99	2.93	2.97	1046455	14090826.00
2013/11/22	2.96	3.12	2.94	3.09	2941594	41197028.00
2013/11/25	3.06	3.19	3.05	3.10	1975598	28071524.00
2013/11/26	3.10	3.12	3.01	3.05	1252836	17425886.00
2013/11/27	3.05	3.08	3.02	3.07	1090960	15178230.00
2013/11/28	3.07	3.14	3.05	3.07	1471149	20713718.00
2013/11/29	3.07	3.21	3.06	3.16	2638905	37890912.00
2013/12/02	3.07	3.09	2.84	2.84	2646729	35622044.00
2013/12/03	2.82	2.91	2.81	2.90	1043779	13678625.00
2013/12/04	2.88	3.00	2.88	2.95	1435249	19355942.00
2013/12/05	2.95	2.99	2.93	2.97	780302	10528710.00
2013/12/06	2.96	2.99	2.94	2.97	579864	7843525.50
2013/12/09	2.98	3.08	2.96	3.05	1171453	16157457.00
2013/12/10	3.06	3.12	3.03	3.06	1310160	18386306.00
2013/12/11	3.06	3.13	3.03	3.07	1331084	18646270.00
2013/12/12	3.09	3.18	3.04	3.16	1884894	26817922.00
2013/12/13	3.12	3.20	3.11	3.17	1857873	26682236.00
2013/12/16	3.18	3.25	3.13	3.17	1894392	27449984.00
2013/12/17	3.16	3.19	3.03	3.06	1291277	18109614.00
2013/12/18	3.06	3.08	3.03	3.05	623399	8680823.00
2013/12/19	3.06	3.11	3.04	3.05	771792	10809498.00
2013/12/20	3.08	3.08	2.94	2.95	947714	12855492.00
2013/12/23	2.95	2.99	2.90	2.98	598213	8069633.50
2013/12/24	3.00	3.02	2.94	2.98	552169	7536831.50
2013/12/25	2.98	3.15	2.96	3.14	1301680	18373962.00
2013/12/26	3.12	3.15	3.06	3.09	934737	13196653.00
2013/12/27	3.11	3.23	3.07	3.22	1729711	25084266.00
2013/12/30	3.22	3.27	3.18	3.20	1752716	25654730.00
2013/12/31	3.20	3.23	3.13	3.14	1005441	14464943.00
2014/01/02	3.12	3.27	3.12	3.27	2040949	30015786.00
2014/01/03	3.25	3.27	3.17	3.20	1514965	22188248.00
2014/01/06	3.19	3.19	3.03	3.04	1069533	15064743.00
2014/01/07	3.04	3.12	3.03	3.09	773437	10843591.00
2014/01/08	3.10	3.14	3.02	3.06	882472	12382298.00
2014/01/09	3.06	3.09	2.98	2.99	930511	12863741.00
2014/01/10	2.96	3.03	2.96	2.98	503527	6872869.00
2014/01/13	2.98	3.07	2.98	3.07	555904	7686840.00
2014/01/14	3.07	3.13	3.06	3.13	725854	10278108.00
2014/01/15	3.13	3.17	3.11	3.15	609902	8710631.00
2014/01/16	3.14	3.34	3.11	3.33	2876150	42439788.00
2014/01/17	3.30	3.33	3.25	3.32	1870805	27907912.00
2014/01/20	3.29	3.29	3.23	3.29	1058424	15706256.00
2014/01/21	3.27	3.63	3.27	3.63	3214040	51581796.00
2014/01/22	3.82	4.00	3.54	3.67	9181421	154840592.00
2014/01/23	3.57	3.73	3.52	3.66	4669090	76498064.00
2014/01/24	3.60	3.73	3.58	3.62	3393125	56256804.00
2014/01/27	3.62	3.62	3.48	3.53	2239487	35790232.00
2014/01/28	3.52	3.57	3.48	3.54	1222049	19494310.00
2014/01/29	3.54	3.68	3.53	3.62	2113188	34619332.00
2014/01/30	3.62	3.64	3.53	3.55	1177921	19019960.00
2014/02/07	3.51	3.57	3.44	3.53	1620282	25735554.00
2014/02/10	3.55	3.70	3.52	3.69	2345179	38456352.00
2014/02/11	3.69	3.72	3.61	3.67	1854651	30711774.00
2014/02/12	3.67	3.67	3.55	3.65	1697281	27765014.00
2014/02/13	3.64	3.67	3.56	3.62	1488480	24484972.00
2014/02/14	3.62	3.84	3.62	3.77	3003884	51111056.00
2014/02/17	3.80	3.83	3.71	3.78	1986851	33870372.00
2014/02/18	3.78	3.78	3.65	3.67	2453158	40857660.00
2014/02/19	3.64	3.70	3.62	3.67	1549998	25644822.00
2014/02/20	3.65	3.69	3.46	3.47	1906413	30492860.00
2014/02/21	3.46	3.52	3.45	3.51	909785	14336485.00
2014/02/24	3.51	3.51	3.41	3.50	870976	13646302.00
2014/02/25	3.50	3.53	3.32	3.33	1156247	18014082.00
2014/02/26	3.33	3.43	3.27	3.43	819836	12466523.00
2014/02/27	3.42	3.46	3.34	3.34	867974	13430205.00
2014/02/28	3.32	3.39	3.29	3.37	630739	9539098.00
2014/03/03	3.37	3.44	3.37	3.42	639841	9909428.00
2014/03/04	3.40	3.45	3.38	3.45	554343	8593632.00
2014/03/05	3.45	3.47	3.42	3.43	584210	9125717.00
2014/03/06	3.43	3.43	3.32	3.42	737607	11327308.00
2014/03/07	3.43	3.45	3.37	3.41	608676	9452087.00
2014/03/10	3.40	3.40	3.15	3.16	900261	13338986.00
2014/03/11	3.15	3.21	3.15	3.20	457809	6629192.50
2014/03/12	3.19	3.22	3.13	3.17	371330	5361781.00
2014/03/13	3.15	3.22	3.15	3.21	423507	6165866.50
2014/03/14	3.20	3.25	3.09	3.24	389310	5691867.00
2014/03/17	3.23	3.34	3.21	3.33	487318	7284069.50
2014/03/18	3.35	3.36	3.31	3.33	465699	7058712.00
2014/03/19	3.33	3.35	3.28	3.35	321516	4840451.50
2014/03/20	3.35	3.39	3.25	3.25	566301	8558367.00
2014/03/21	3.25	3.30	3.19	3.30	496670	7318674.00
2014/03/24	3.28	3.31	3.26	3.31	529454	7912705.00
2014/03/25	3.31	3.62	3.26	3.60	2969304	46956816.00
2014/03/26	3.60	3.60	3.47	3.51	1245976	19772392.00
2014/03/27	3.50	3.64	3.47	3.49	1200738	19339234.00
2014/03/28	3.49	3.59	3.43	3.50	954031	15138081.00
2014/03/31	3.48	3.53	3.14	3.18	1885455	27972200.00
2014/04/01	3.19	3.22	3.15	3.21	426904	6212187.50
2014/04/02	3.20	3.24	3.12	3.13	573397	8257856.50
2014/04/03	3.13	3.14	3.04	3.09	877872	12286208.00
2014/04/04	3.07	3.12	3.06	3.10	520888	7360354.00
2014/04/08	3.10	3.16	3.08	3.13	528915	7528525.50
2014/04/09	3.15	3.20	3.13	3.20	524814	7544100.00
2014/04/10	3.20	3.20	3.16	3.17	812731	11736606.00
2014/04/11	3.17	3.17	3.09	3.12	806737	11475754.00
2014/04/14	3.12	3.16	3.10	3.15	709216	10077646.00
2014/04/15	3.15	3.17	3.13	3.17	551031	7890672.50
2014/04/16	3.13	3.17	3.13	3.14	378176	5418357.50
2014/04/17	3.14	3.17	3.12	3.17	569766	8169863.00
2014/04/18	3.18	3.19	3.14	3.19	525389	7582354.00
2014/04/21	3.16	3.21	3.12	3.12	628580	9072564.00
2014/04/22	3.12	3.17	3.04	3.07	476745	6715746.50
2014/04/23	3.05	3.30	3.05	3.28	1394580	20290150.00
2014/04/24	3.28	3.28	3.09	3.10	1622522	23585070.00
2014/04/25	3.10	3.13	2.85	3.02	605062	8359032.00
2014/04/28	2.97	3.00	2.92	2.94	526684	7103008.00
2014/04/29	3.00	3.00	2.95	2.98	171279	2318469.25
2014/04/30	2.97	3.01	2.95	2.98	246919	3354175.00
2014/05/05	2.98	3.02	2.97	3.02	339965	4653651.00
2014/05/06	3.02	3.06	3.01	3.05	276640	3835101.50
2014/05/07	3.04	3.04	2.94	2.94	448579	6101992.00
2014/05/08	2.95	3.00	2.93	2.96	251652	3408118.75
2014/05/09	2.94	2.98	2.92	2.92	308497	4125725.00
2014/05/12	2.96	3.04	2.94	3.01	440091	6026707.50
2014/05/13	3.01	3.05	3.01	3.04	319452	4412111.50
2014/05/14	3.05	3.07	3.02	3.05	269028	3730876.00
2014/05/15	3.05	3.10	3.04	3.07	503604	7039258.00
2014/05/16	3.06	3.09	2.99	3.07	468462	6486666.00
2014/05/19	3.05	3.20	2.99	3.18	680653	9602478.00
2014/05/20	3.17	3.23	3.12	3.18	2071132	30139614.00
2014/05/21	3.14	3.14	3.06	3.10	942059	13223360.00
2014/05/22	3.11	3.11	3.07	3.08	568028	8000464.00
2014/05/23	3.08	3.10	3.04	3.07	638806	8914761.00
2014/05/26	3.07	3.10	3.07	3.10	504594	7100543.00
2014/05/27	3.10	3.12	3.08	3.11	431875	6098107.00
2014/05/28	3.12	3.14	3.08	3.13	558162	7907808.50
2014/05/29	3.11	3.14	3.07	3.07	388030	5479194.50
2014/05/30	3.08	3.11	3.04	3.07	519960	7206481.00
2014/06/03	3.08	3.11	3.07	3.07	449829	6281761.50
2014/06/04	3.07	3.09	3.04	3.04	398268	5501710.50
2014/06/05	3.04	3.10	3.04	3.09	415979	5766948.00
2014/06/06	3.08	3.10	3.05	3.09	372760	5183456.00
2014/06/09	3.09	3.10	3.05	3.05	311638	4334944.50
2014/06/10	3.08	3.09	3.04	3.08	400265	5548129.50
2014/06/11	3.10	3.16	3.07	3.14	902435	12729836.00
2014/06/12	3.14	3.28	3.13	3.27	1744940	25249508.00
2014/06/13	3.25	3.36	3.22	3.26	3132110	46662120.00
2014/06/16	3.26	3.26	3.19	3.22	1357361	19705862.00
2014/06/17	3.21	3.22	3.17	3.18	785659	11314618.00
2014/06/18	3.17	3.20	3.14	3.17	508565	7266135.50
2014/06/19	3.17	3.18	3.04	3.05	733169	10324232.00
2014/06/20	3.05	3.09	3.05	3.09	474388	6575482.00
2014/06/23	3.09	3.14	3.09	3.12	575121	8078137.50
2014/06/24	3.12	3.16	3.10	3.16	552734	7847846.00
2014/06/25	3.16	3.20	3.13	3.19	720495	10307206.00
2014/06/26	3.18	3.24	3.18	3.22	742745	10785102.00
2014/06/27	3.23	3.25	3.20	3.23	796305	11615149.00
2014/06/30	3.23	3.36	3.22	3.36	1799759	26836066.00
2014/07/01	3.36	3.39	3.32	3.37	2151948	32596528.00
2014/07/02	3.37	3.42	3.33	3.38	1520864	23178546.00
2014/07/03	3.37	3.39	3.33	3.35	1293957	19617190.00
2014/07/04	3.35	3.36	3.30	3.31	989556	14793743.00
2014/07/07	3.30	3.37	3.30	3.37	1002397	15099451.00
2014/07/08	3.37	3.38	3.31	3.36	656170	9909279.00
2014/07/09	3.34	3.38	3.26	3.26	1095637	16490437.00
2014/07/10	3.27	3.36	3.23	3.33	858752	12792010.00
2014/07/11	3.34	3.55	3.34	3.54	2851648	44281388.00
2014/07/14	3.52	3.55	3.44	3.50	3523255	55461488.00
2014/07/15	3.46	3.46	3.32	3.35	2654594	40368744.00
2014/07/16	3.37	3.37	3.31	3.34	1085860	16325258.00
2014/07/17	3.33	3.36	3.32	3.36	607835	9155915.00
2014/07/18	3.35	3.38	3.32	3.32	755188	11395371.00
2014/07/21	3.32	3.34	3.26	3.27	608454	9001230.00
2014/07/22	3.30	3.35	3.26	3.33	633105	9482706.00
2014/07/23	3.28	3.32	3.19	3.20	1354280	19779524.00
2014/07/24	3.23	3.23	3.10	3.13	973656	13901901.00
2014/07/25	3.14	3.20	3.14	3.19	644029	9255645.00
2014/07/28	3.19	3.27	3.19	3.25	786629	11528622.00
2014/07/29	3.27	3.31	3.27	3.28	692009	10263468.00
2014/07/30	3.28	3.31	3.25	3.29	636838	9417511.00
2014/07/31	3.30	3.37	3.27	3.35	1198614	18028506.00
2014/08/01	3.35	3.40	3.28	3.28	1264480	19149692.00
2014/08/04	3.28	3.38	3.28	3.37	809107	12266341.00
2014/08/05	3.35	3.41	3.35	3.40	890907	13600385.00
2014/08/06	3.40	3.40	3.36	3.39	536281	8171877.00
2014/08/07	3.39	3.39	3.33	3.33	675149	10263431.00
2014/08/08	3.33	3.41	3.33	3.37	596322	9084821.00
2014/08/11	3.37	3.43	3.36	3.42	803102	12356091.00
2014/08/12	3.42	3.49	3.42	3.44	1023809	15923199.00
2014/08/13	3.43	3.43	3.35	3.39	959340	14598577.00
2014/08/14	3.38	3.42	3.36	3.39	876499	13460897.00
2014/08/15	3.39	3.48	3.38	3.46	973252	15129304.00
2014/08/18	3.47	3.54	3.47	3.51	1428653	22625376.00
2014/08/19	3.51	3.55	3.48	3.53	1085545	17192266.00
2014/08/20	3.55	3.55	3.49	3.50	722242	11452609.00
2014/08/21	3.48	3.52	3.46	3.51	641405	10088489.00
2014/08/22	3.50	3.55	3.50	3.53	670268	10645499.00
2014/08/25	3.53	3.70	3.51	3.65	2521465	41114664.00
2014/08/26	3.65	3.72	3.53	3.53	3849162	63560828.00
2014/08/27	3.54	3.71	3.45	3.70	3268591	52345380.00
2014/08/28	3.62	3.67	3.55	3.60	1817214	29380940.00
2014/08/29	3.60	3.62	3.53	3.57	1836237	29378678.00
2014/09/01	3.57	3.68	3.54	3.67	4504976	73765720.00
2014/09/02	3.67	3.73	3.67	3.72	2888536	48236740.00
2014/09/03	3.72	3.76	3.68	3.71	1813750	30269406.00
2014/09/04	3.70	3.76	3.67	3.74	1714092	28723142.00
2014/09/05	3.74	3.81	3.71	3.75	1509478	25376714.00
2014/09/09	3.73	3.76	3.70	3.76	1243101	20872184.00
2014/09/10	3.74	3.80	3.72	3.80	1404478	23859710.00
2014/09/11	3.78	3.82	3.71	3.74	1431500	24293400.00
2014/09/12	3.74	3.76	3.69	3.75	1141709	19164466.00
2014/09/15	3.75	3.78	3.74	3.77	1164761	19719840.00
2014/09/16	3.77	3.77	3.59	3.61	1748377	29043050.00
2014/09/17	3.62	3.72	3.55	3.70	1186758	19370640.00
2014/09/18	3.70	3.75	3.68	3.71	1016873	16980552.00
2014/09/19	3.69	3.71	3.66	3.69	970179	16096145.00
2014/09/22	3.69	3.69	3.58	3.58	834809	13662851.00
2014/09/23	3.58	3.75	3.58	3.75	1255355	20814226.00
2014/09/24	3.73	3.80	3.71	3.78	1233468	20928682.00
2014/09/25	3.79	3.82	3.75	3.75	1084561	18477374.00
2014/09/26	3.75	4.13	3.74	4.13	5605005	99883344.00
2014/09/29	4.45	4.45	4.16	4.23	8153990	155032720.00
2014/09/30	4.26	4.26	4.16	4.18	2899273	54565568.00
2014/10/08	4.15	4.23	4.14	4.18	2106493	39482056.00
2014/10/09	4.17	4.30	4.17	4.28	3761456	71472184.00
2014/10/10	4.25	4.35	4.19	4.20	2565044	48941356.00
2014/10/13	4.17	4.26	4.14	4.24	1187887	22339272.00
2014/10/14	4.24	4.28	4.18	4.20	1333534	25308348.00
2014/10/15	4.19	4.28	4.17	4.28	1368832	25965604.00
2014/10/30	4.15	4.20	4.00	4.01	4224341	76844824.00
2014/10/31	4.00	4.07	3.97	4.05	2118588	38368884.00
2014/11/03	4.02	4.10	4.02	4.05	1503785	27384778.00
2014/11/04	4.06	4.07	4.01	4.06	1300094	23544180.00
2014/11/05	4.05	4.08	4.02	4.07	1125238	20500772.00
2014/11/06	4.08	4.10	4.04	4.10	1107342	20277570.00
2014/11/07	4.11	4.15	4.02	4.02	1423131	26086972.00
2014/11/10	4.01	4.05	3.97	4.03	1019011	18355636.00
2014/11/11	4.02	4.03	3.78	3.83	1943151	34033652.00
2014/11/12	3.79	3.87	3.79	3.87	947806	16339669.00
2014/11/13	3.86	3.86	3.76	3.80	1131221	19332074.00
2014/11/14	3.76	3.84	3.75	3.81	681412	11676779.00
2014/11/17	3.81	3.94	3.81	3.90	829771	14514657.00
2014/11/18	3.87	3.98	3.87	3.95	727815	12877156.00
2014/11/19	3.92	3.96	3.90	3.95	529861	9369843.00
2014/11/20	3.94	3.94	3.90	3.92	339780	5980694.00
2014/11/21	3.92	4.02	3.90	4.00	1039171	18549764.00
2014/11/24	4.01	4.05	3.97	4.04	974506	17566880.00
2014/11/25	4.03	4.18	4.01	4.10	1234723	22503234.00
2014/11/26	4.10	4.12	4.05	4.12	1161177	21367072.00
2014/11/27	4.12	4.13	4.06	4.10	954534	17591864.00
2014/11/28	4.11	4.11	4.01	4.03	1132969	20576972.00
2014/12/01	4.03	4.06	3.93	3.96	967604	17352470.00
2014/12/02	3.95	4.07	3.95	4.07	932815	16889784.00
2014/12/03	4.07	4.07	4.01	4.07	847928	15415620.00
2014/12/04	4.08	4.17	4.07	4.14	1570245	29096906.00
2014/12/05	4.14	4.14	3.91	3.92	1638132	29273848.00
2014/12/08	3.92	3.92	3.83	3.92	1452189	25182958.00
2014/12/09	3.86	4.12	3.83	4.08	2849026	50537504.00
2014/12/10	4.06	4.44	3.98	4.37	6696855	126313776.00
2014/12/11	4.30	4.30	4.16	4.24	2889590	54825484.00
2014/12/12	4.23	4.25	4.14	4.23	2136198	40148744.00
2014/12/15	4.22	4.26	4.14	4.25	1790176	33821372.00
2014/12/16	4.25	4.26	4.17	4.17	1376650	25937980.00
2014/12/17	4.16	4.18	3.98	4.04	1531835	27956380.00
2014/12/18	4.05	4.09	4.00	4.00	927321	16795400.00
2014/12/19	4.01	4.01	3.85	3.92	1213641	21323688.00
2014/12/22	3.92	3.92	3.52	3.52	1944294	31675136.00
2014/12/23	3.52	3.55	3.47	3.52	995194	15794026.00
2014/12/24	3.55	3.62	3.55	3.60	855506	13804967.00
2014/12/25	3.61	3.67	3.59	3.61	586940	9577305.00
2014/12/26	3.61	3.64	3.57	3.61	576382	9366277.00
2014/12/29	3.62	3.62	3.50	3.52	794401	12639642.00
2014/12/30	3.52	3.55	3.44	3.46	602094	9430960.00
2014/12/31	3.50	3.52	3.46	3.51	375952	5908728.50
2015/01/05	3.53	3.70	3.51	3.69	1429081	23268222.00
2015/01/06	3.63	3.76	3.63	3.72	888228	14866302.00
2015/01/07	3.75	3.75	3.65	3.70	637273	10616912.00
2015/01/08	3.72	3.73	3.68	3.71	446872	7465295.00
2015/01/09	3.69	3.70	3.63	3.63	603838	9965871.00
2015/01/12	3.62	3.66	3.52	3.65	530691	8545543.00
2015/01/13	3.60	3.69	3.60	3.69	445802	7360272.50
2015/01/14	3.68	3.87	3.64	3.80	1661742	28406748.00
2015/01/15	3.78	3.78	3.64	3.64	2410250	39992048.00
2015/01/16	3.67	3.73	3.64	3.70	614222	10233112.00
2015/01/19	3.70	3.84	3.55	3.77	1506972	25522980.00
2015/01/20	3.77	4.02	3.77	4.00	2736091	48620968.00
2015/01/21	3.99	4.15	3.94	4.05	1979475	36288584.00
2015/01/22	4.06	4.16	4.06	4.13	1064044	19666582.00
2015/01/23	4.12	4.20	4.07	4.18	1609072	29875836.00
2015/01/26	4.18	4.29	4.14	4.26	1512902	28678816.00
2015/01/27	4.33	4.34	4.16	4.17	2123859	40310752.00
2015/01/28	4.17	4.21	4.12	4.15	1193797	22247920.00
2015/01/29	4.12	4.21	4.06	4.18	1564254	29070660.00
2015/01/30	4.18	4.45	4.13	4.42	3173797	61366896.00
2015/02/02	4.39	4.85	4.35	4.72	4803592	99693560.00
2015/02/03	4.68	4.94	4.62	4.85	3581584	76974400.00
2015/02/04	4.82	4.87	4.72	4.84	2007855	43216780.00
2015/02/05	4.84	5.14	4.74	5.09	2384157	53104140.00
2015/02/06	5.01	5.20	4.89	5.03	2320698	52788072.00
2015/02/09	5.00	5.05	4.69	4.84	1341754	29180602.00
2015/02/10	4.76	4.86	4.71	4.86	790941	16967506.00
2015/02/11	4.85	4.91	4.74	4.86	722303	15677341.00
2015/02/12	4.87	5.02	4.82	4.87	767652	16872454.00
2015/02/13	4.89	4.97	4.80	4.83	1110220	24198662.00
2015/02/16	4.83	4.97	4.79	4.97	1143598	24956078.00
2015/02/17	4.97	5.04	4.86	4.92	737414	16299141.00
2015/02/25	4.95	5.18	4.86	5.16	1567418	35445800.00
2015/02/26	5.17	5.30	5.07	5.11	1101893	25535258.00
2015/02/27	5.05	5.13	5.01	5.10	798243	18102380.00
2015/03/02	5.10	5.44	5.06	5.41	2225554	52744676.00
2015/03/03	5.42	5.66	5.41	5.47	1973017	49008296.00
2015/03/04	5.50	5.69	5.42	5.55	2143487	53392680.00
2015/03/05	5.53	5.67	5.42	5.61	1145106	28455140.00
2015/03/06	5.56	5.64	5.52	5.59	928751	23197642.00
2015/03/09	5.57	5.91	5.54	5.77	1825107	46774272.00
2015/03/10	5.75	5.89	5.71	5.85	993737	25808330.00
2015/03/11	5.85	5.89	5.78	5.79	815203	21162692.00
2015/03/12	5.78	5.84	5.53	5.61	927584	23577482.00
2015/03/13	5.61	5.82	5.61	5.80	838211	21420292.00
2015/03/16	5.82	5.84	5.69	5.79	1593054	40995660.00
2015/03/17	5.82	5.82	5.67	5.71	1477746	37671628.00
2015/03/18	5.72	5.93	5.72	5.87	2355739	61416000.00
2015/03/19	5.87	6.02	5.80	6.00	2225153	58754196.00
2015/03/20	6.00	6.02	5.86	5.99	1674911	44404516.00
2015/03/23	5.94	6.60	5.94	6.60	3985319	114557000.00
2015/03/24	6.73	7.01	6.64	7.01	5255911	159656288.00
2015/03/25	7.14	7.18	6.64	6.86	4450389	136126192.00
2015/03/26	6.82	6.91	6.67	6.85	2554238	77319472.00
2015/03/27	6.85	7.02	6.75	6.90	1543815	47515176.00
2015/03/30	6.93	7.19	6.92	6.94	2850590	89326144.00
2015/03/31	6.89	7.05	6.88	6.89	2454451	75847280.00
2015/04/01	6.89	7.07	6.84	7.00	3723642	115179664.00
2015/04/02	7.04	7.55	7.04	7.33	2465118	79823784.00
2015/04/03	7.30	7.48	7.22	7.43	2235730	73398040.00
2015/04/07	7.53	7.55	7.36	7.55	2427210	80653832.00
2015/04/08	7.55	7.63	7.19	7.39	1938871	64051444.00
2015/04/09	7.40	7.40	6.74	7.02	2150997	67251504.00
2015/04/10	7.02	7.30	6.85	7.28	2365651	75287640.00
2015/04/13	7.41	7.52	7.16	7.46	2658416	87036456.00
2015/04/14	7.41	7.42	7.12	7.19	2547195	82435488.00
2015/04/15	7.08	7.22	6.60	6.60	2457053	74799784.00
2015/04/16	6.64	6.91	6.52	6.67	1864728	55893136.00
2015/04/17	6.67	6.85	6.58	6.61	2515982	74963416.00
2015/04/20	6.53	6.59	6.28	6.39	2658356	75543360.00
2015/04/21	6.35	6.88	6.35	6.77	2077872	61716888.00
2015/04/22	6.84	7.28	6.80	7.25	5193704	163551488.00
2015/04/23	7.28	7.64	7.09	7.48	5198334	171635184.00
2015/04/24	7.30	7.52	7.14	7.30	4600831	149249072.00
2015/04/27	7.39	7.39	7.17	7.20	2596751	83847856.00
2015/04/28	7.14	7.23	6.75	6.82	3003076	93114752.00
2015/04/29	6.82	7.11	6.82	7.06	1991360	62245284.00
2015/04/30	7.08	7.31	7.01	7.01	2848280	90990680.00
2015/05/04	7.01	7.19	6.85	7.06	1878706	59006644.00
2015/05/05	7.06	7.06	6.80	6.85	1490429	46039536.00
2015/05/06	6.79	7.07	6.52	6.67	2392117	73098728.00
2015/05/07	6.73	7.23	6.73	7.23	4552680	143734944.00
2015/05/08	7.36	7.53	7.16	7.52	4453772	146061200.00
2015/05/11	7.70	8.29	7.69	8.28	5434069	193490016.00
2015/05/12	8.31	8.57	7.99	8.29	5584288	205229136.00
2015/05/13	8.28	8.57	8.01	8.44	4383847	161768432.00
2015/05/14	8.36	8.52	8.16	8.17	3374205	123727464.00
2015/05/15	8.19	8.34	7.78	7.97	5282696	93933848.00
2015/05/18	7.92	8.65	7.82	8.56	8667743	161607152.00
2015/05/19	8.61	8.74	8.34	8.51	7566359	142172272.00
2015/05/20	8.51	9.33	8.47	8.84	9418407	186820592.00
2015/05/21	8.93	9.67	8.82	9.64	9080583	186411664.00
2015/05/22	9.80	10.32	9.50	9.52	12952606	280630144.00
2015/05/25	9.53	10.01	9.18	9.79	8721838	184476224.00
2015/05/26	9.81	10.37	9.71	10.12	8967948	199633616.00
2015/05/27	10.13	11.10	9.70	11.05	10857299	248792256.00
2015/05/28	11.06	11.38	9.97	10.06	10569685	253383088.00
2015/05/29	10.00	10.40	9.11	9.71	7284282	158795456.00
2015/06/01	9.72	10.13	9.72	10.13	6726169	148647520.00
2015/06/02	10.15	10.67	10.15	10.47	7980729	184848240.00
2015/06/03	10.57	10.90	10.11	10.30	8405353	194902832.00
2015/06/04	10.20	10.20	9.26	9.99	6541766	142330816.00
2015/06/05	10.05	10.42	9.53	10.11	8260614	185782032.00
2015/06/08	10.11	10.24	9.75	9.81	6542045	143440656.00
2015/06/09	9.81	9.90	9.56	9.73	4923209	106179152.00
2015/06/10	9.80	10.59	9.76	10.39	10387736	233850032.00
2015/06/11	10.34	10.55	10.04	10.42	7895307	179805136.00
2015/06/12	11.19	11.19	10.65	10.72	11836222	285530528.00
2015/06/15	10.63	11.06	10.59	10.72	8624370	207152384.00
2015/06/16	10.42	10.47	9.74	9.81	7320695	163047696.00
2015/06/17	9.97	9.97	9.25	9.86	5534295	117384128.00
2015/06/18	9.65	10.10	9.61	9.65	5051823	110855992.00
2015/06/19	9.46	9.46	8.68	8.68	3734435	74719136.00
2015/06/23	8.68	8.93	8.05	8.42	5734524	107484112.00
2015/06/24	8.56	8.81	8.24	8.67	5486924	104238912.00
2015/06/25	8.72	8.72	7.88	8.04	5721413	106604424.00
2015/06/26	7.74	7.77	7.23	7.23	5441058	88781480.00
2015/06/29	7.32	7.43	6.50	6.50	7159927	107456848.00
2015/06/30	6.06	7.12	5.88	7.02	7800405	111178048.00
2015/07/01	7.08	7.25	6.75	6.78	7979347	125114888.00
2015/07/02	6.88	6.90	6.17	6.25	5274703	76619200.00
2015/07/03	6.06	6.38	5.61	5.61	6560456	85813560.00
2015/07/06	6.18	6.18	5.05	5.31	6765712	84336032.00
2015/07/07	5.10	5.16	4.77	4.77	3957862	43034960.00
2015/07/21	5.26	5.26	5.26	5.26	107945	1266194.88
2015/07/22	5.79	5.79	5.79	5.79	113079	1458719.13
2015/07/23	6.38	6.38	6.38	6.38	127924	1815241.50
2015/07/24	7.02	7.02	7.02	7.02	1792155	27975540.00
2015/07/27	7.73	7.73	7.06	7.15	26179169	435911488.00
2015/07/28	6.45	7.48	6.45	7.17	12936343	200840880.00
2015/07/29	7.43	7.55	6.78	7.38	10176903	161373616.00
2015/07/30	7.19	7.31	6.75	6.75	8517147	134521168.00
2015/07/31	6.61	7.01	6.46	6.66	5975370	89265024.00
2015/08/03	6.67	6.72	5.99	5.99	7477633	104325256.00
2015/08/04	5.98	6.36	5.78	6.35	11224894	152358992.00
2015/08/05	6.35	6.99	6.30	6.99	20433886	311854528.00
2015/08/06	6.83	6.99	6.61	6.77	10725682	162308720.00
2015/08/07	6.78	7.18	6.78	7.02	10463821	161611056.00
2015/08/10	7.02	7.60	6.98	7.50	10569699	170769152.00
2015/08/11	7.50	7.70	7.33	7.39	9666968	161638400.00
2015/08/12	7.34	7.42	7.14	7.14	5350170	86432760.00
2015/08/13	7.11	7.38	7.01	7.38	5313886	85375320.00
2015/08/14	7.45	7.73	7.36	7.47	5787667	97217328.00
2016/02/18	8.22	8.22	8.22	8.22	945238	17250594.00
2016/02/19	9.05	9.05	9.05	9.05	386896	7768871.50
2016/02/22	9.97	9.97	9.97	9.97	402122	8882875.00
2016/02/23	10.97	10.97	10.97	10.97	2593217	63015172.00
2016/02/24	11.74	12.08	11.52	12.08	34693438	919224576.00
2016/02/25	12.21	12.31	10.86	10.86	29778148	752066432.00
2016/02/26	10.70	11.51	10.17	10.25	21189308	511694336.00
2016/02/29	10.15	10.15	9.22	9.25	17465555	361473856.00
2016/03/01	9.10	10.19	8.86	9.79	16385070	343270624.00
2016/03/02	9.65	10.63	9.52	10.30	14231198	314922208.00
2016/03/03	10.07	10.84	9.93	9.93	11047230	254281920.00
2016/03/04	9.93	10.05	8.93	8.93	15461342	317111232.00
2016/03/07	8.93	9.40	8.87	9.10	8402320	170372528.00
2016/03/08	9.14	9.75	8.34	9.56	14134767	285212192.00
2016/03/09	9.29	9.50	9.05	9.20	6767957	139103808.00
2016/03/10	9.13	9.44	8.95	9.04	4565064	93344368.00
2016/03/11	8.86	9.09	8.47	8.94	6924550	135868224.00
2016/03/14	9.11	9.84	9.11	9.84	6641312	142274064.00
2016/03/15	10.10	10.61	9.70	9.83	12710914	286006528.00
2016/03/16	9.93	10.47	9.83	10.29	10271998	232263616.00
2016/03/17	10.31	11.08	10.29	10.98	13701414	327684608.00
2016/03/18	10.95	11.51	10.66	11.25	10287066	255196128.00
2016/03/21	11.51	11.51	10.68	11.36	15678634	382660032.00
2016/03/22	11.07	11.21	10.81	10.83	9326359	226252880.00
2016/03/23	10.79	11.19	10.57	11.01	8650518	208016320.00
2016/03/24	10.84	10.84	10.40	10.43	10694329	251649936.00
2016/03/25	10.42	10.56	10.20	10.52	5643424	129741496.00
2016/03/28	10.65	11.58	10.62	11.06	16468748	408553728.00
2016/03/29	11.20	11.20	10.65	10.90	9017429	217881968.00
2016/03/30	11.22	11.38	10.88	11.16	12781651	313914432.00
2016/03/31	11.06	11.37	10.81	11.00	10476254	256775296.00
2016/04/01	10.85	10.95	10.42	10.78	7689584	180709216.00
2016/04/05	10.84	11.36	10.72	11.11	8915820	218692304.00
2016/04/06	11.24	12.23	11.11	11.84	20831758	551369152.00
2016/04/07	11.65	11.74	11.11	11.65	15331875	387181792.00
2016/04/08	11.52	12.82	11.47	12.82	25035246	692249280.00
2016/04/11	13.02	14.11	13.02	13.52	30334032	906946176.00
2016/04/12	13.34	13.74	12.56	12.73	16635341	483092000.00
2016/04/13	12.89	13.34	12.72	12.72	14697582	423129120.00
2016/04/14	13.02	13.29	12.52	12.77	10819022	308011392.00
2016/04/15	12.79	13.05	12.48	12.84	8593526	242322160.00
2016/04/18	12.56	12.60	11.79	11.83	15748597	419088512.00
2016/04/19	12.10	12.20	11.70	12.00	10798312	285592544.00
2016/04/20	12.05	12.09	10.87	11.05	14270606	361220928.00
2016/04/21	11.05	11.59	11.05	11.17	9205255	231161792.00
2016/04/22	10.89	11.47	10.89	11.31	6463641	160637216.00
2016/04/25	11.29	11.29	10.79	11.22	5769600	140862928.00
2016/04/26	11.20	11.58	10.95	11.58	5580146	140643120.00
2016/04/27	11.58	11.94	11.40	11.54	7570722	195381952.00
2016/05/06	12.20	12.26	11.54	11.68	14209597	375457920.00
2016/05/09	11.36	11.36	10.50	10.50	10234080	242410608.00
2016/05/10	10.50	10.62	10.20	10.45	5442277	125350856.00
2016/05/11	10.52	10.60	9.50	10.22	9378968	207639440.00
2016/05/12	9.93	10.28	9.61	10.10	4803006	106857784.00
2016/05/13	10.20	10.44	10.08	10.15	5240060	119129552.00
2016/05/16	10.31	10.35	9.75	10.29	4434653	100415816.00
2016/05/17	10.38	11.01	10.35	10.61	8872303	210480000.00
2016/05/18	10.28	10.38	9.88	10.00	4689661	105133904.00
2016/05/19	10.04	10.41	10.04	10.28	5407955	123349720.00
2016/05/20	10.17	10.66	10.11	10.57	5588999	130013296.00
2016/05/23	10.60	10.82	10.52	10.79	5547830	131368096.00
2016/05/24	10.68	10.79	10.35	10.57	4377313	101878912.00
2016/05/25	10.93	11.64	10.93	11.64	10281713	263058320.00
2016/05/26	11.75	11.75	10.86	11.57	16729025	419889920.00
2016/05/27	11.47	11.50	11.11	11.11	7843474	195726624.00
2016/05/30	10.93	11.45	10.75	11.14	5675659	140229456.00
2016/05/31	11.14	11.97	11.06	11.75	13143375	339555616.00
2016/06/01	11.65	12.18	11.61	12.02	12031476	316459616.00
2016/06/02	11.93	12.37	11.92	12.10	10124160	273343616.00
2016/06/03	12.10	12.65	11.75	12.41	14241254	385293312.00
2016/06/06	12.49	12.51	12.15	12.40	7564693	206547936.00
2016/06/07	12.28	12.64	12.21	12.43	7268971	200261072.00
2016/06/08	12.30	12.38	12.13	12.15	6985770	188911440.00
2016/06/13	11.96	12.59	11.43	11.64	8794123	236124128.00
2016/06/14	11.40	12.05	11.40	11.74	5105438	132509488.00
2016/06/15	11.60	12.57	11.52	12.37	9613541	258766880.00
2016/06/16	12.36	12.97	12.17	12.66	15811147	441431840.00
2016/06/17	12.52	12.82	12.24	12.40	9232298	255042192.00
2016/06/20	12.38	12.40	11.89	12.12	6467106	173428640.00
2016/06/21	12.05	12.82	12.05	12.24	11295600	311935392.00
2016/06/22	12.26	12.27	11.80	12.11	8063651	213010192.00
2016/06/23	12.66	13.10	12.43	12.68	15845390	449664032.00
2016/06/24	12.75	13.03	12.27	12.98	11908977	335693248.00
2016/06/27	12.88	14.28	12.88	14.28	18861772	581519744.00
2016/06/28	14.42	14.42	13.76	13.81	14469203	447160032.00
2016/06/29	13.95	14.11	13.65	13.94	9498354	291899296.00
2016/06/30	13.84	13.93	13.55	13.75	8931436	270654880.00
2016/07/01	13.82	13.87	13.31	13.38	9313111	277769568.00
2016/07/04	13.21	13.70	13.21	13.45	7801057	233175648.00
2016/07/05	13.45	14.06	13.35	13.88	9189922	278726336.00
2016/07/06	13.80	13.80	13.40	13.48	7081161	212069568.00
2016/07/07	13.44	13.80	13.30	13.48	5543638	165251136.00
2016/07/08	13.43	13.73	13.34	13.35	4937333	147132192.00
2016/07/11	13.36	13.46	13.04	13.08	6392571	187097872.00
2016/07/12	13.11	13.20	12.51	12.96	7833922	221446656.00
2016/07/13	13.00	13.08	12.82	13.03	3313512	95142856.00
2016/07/14	12.94	13.15	12.88	12.97	3163519	90976480.00
2016/07/15	12.95	13.13	12.93	12.99	3191598	91993920.00
2016/07/18	13.02	13.10	12.63	12.66	4476501	126361664.00
2016/07/19	12.55	12.95	12.55	12.95	2834788	80240344.00
2016/07/20	13.04	13.38	12.90	13.05	5153689	150428688.00
2016/07/21	13.06	13.15	12.88	12.90	2630003	75487080.00
2016/07/22	12.90	13.02	12.81	12.93	2373107	67904008.00
2016/07/25	12.92	13.02	12.68	12.81	3208851	91185160.00
2016/07/26	12.66	13.18	12.66	12.96	3231664	92837088.00
2016/07/27	12.98	13.00	12.11	12.21	6607223	182747616.00
2016/07/28	12.15	12.32	11.85	11.85	4187139	111855432.00
2016/07/29	11.92	11.92	11.25	11.29	9119600	231296464.00
2016/08/01	11.15	11.54	10.88	11.29	5244031	130806040.00
2016/08/02	11.38	11.42	11.24	11.26	2047136	51325728.00
2016/08/03	11.27	11.46	11.25	11.33	2540636	63689856.00
2016/08/04	11.37	11.40	11.15	11.37	3276174	81903320.00
2016/08/05	11.35	12.01	11.35	11.51	7269783	187687488.00
2016/08/08	11.38	11.72	11.30	11.72	2749245	70277960.00
2016/08/09	11.67	12.20	11.67	12.08	4564741	121042512.00
2016/08/10	12.05	12.10	11.77	11.87	2897778	76445880.00
2016/08/11	11.83	11.97	11.70	11.78	2409716	63161124.00
2016/08/12	11.75	11.92	11.71	11.87	2390159	62533548.00
2016/08/15	11.88	12.29	11.80	12.12	4827785	129292560.00
2016/08/16	12.15	12.33	12.07	12.10	2417720	65186424.00
2016/08/17	12.09	12.18	11.80	12.04	2956571	78496624.00
2016/08/18	11.98	12.15	11.84	11.85	3190369	84522152.00
2016/08/19	11.84	12.10	11.84	11.96	3284469	87238168.00
2016/08/22	11.96	12.28	11.93	11.98	3621895	96853992.00
2016/08/23	11.93	12.49	11.85	12.37	3524641	94565376.00
2016/08/24	12.36	12.70	12.29	12.43	4993561	137846672.00
2016/08/25	12.30	12.41	12.14	12.29	3069910	83321456.00
2016/08/26	12.34	12.40	12.23	12.25	1658859	45216076.00
2016/08/29	12.28	12.37	12.09	12.23	2325233	62719672.00
2016/08/30	12.30	12.33	12.14	12.19	1508000	40785136.00
2016/08/31	12.14	12.28	12.06	12.15	1758503	47223456.00
2016/09/01	12.18	12.19	11.95	11.95	2002452	53358396.00
2016/09/02	11.96	12.10	11.70	11.79	2734485	71926976.00
2016/09/05	11.79	11.95	11.79	11.91	1104449	29065860.00
2016/09/06	11.90	12.29	11.85	12.25	2475825	66262800.00
2016/09/07	12.26	12.28	12.07	12.13	1652689	44416748.00
2016/09/08	12.19	12.22	11.98	12.11	1186800	31827720.00
2016/09/09	12.11	12.17	12.01	12.01	1165734	31201310.00
2016/09/12	11.80	11.96	11.65	11.65	2483724	64656700.00
2016/09/13	11.70	11.81	11.67	11.69	749600	19457568.00
2016/09/14	11.57	11.72	11.56	11.60	1141007	29368086.00
2016/09/19	11.56	11.87	11.56	11.80	1101383	28717548.00
2016/09/20	11.81	12.06	11.66	11.95	2034879	53305232.00
2016/09/21	11.93	12.01	11.89	11.95	1215100	32147798.00
2016/09/22	12.00	12.11	11.86	11.97	1674142	44417420.00
2016/09/23	12.10	12.28	11.75	11.86	3967460	105691000.00
2016/09/26	11.78	12.06	11.66	11.89	2487800	65320828.00
2016/09/27	11.66	11.82	11.43	11.75	1795106	46491716.00
2016/09/28	11.72	11.75	11.52	11.53	1600700	41225276.00
2016/09/29	11.53	11.63	11.46	11.54	1072855	27461510.00
2016/09/30	11.55	11.73	11.52	11.56	1287700	33050918.00
2016/10/10	11.57	11.87	11.57	11.82	2364427	61582956.00
2016/10/11	11.87	12.00	11.69	11.72	1701536	44272288.00
2016/10/12	11.72	12.11	11.66	12.02	2018206	52672276.00
2016/10/13	12.03	12.48	11.92	12.25	5772328	155852096.00
2016/10/14	12.20	12.24	12.00	12.11	2808613	75248208.00
2016/10/17	12.02	12.22	11.98	12.05	2466731	66115020.00
2016/10/18	12.05	12.13	11.97	12.00	3767279	100424888.00
2016/10/19	12.01	12.04	11.75	11.82	3481050	91561976.00
2016/10/20	11.84	11.98	11.81	11.92	2262415	59629616.00
2016/10/21	11.93	12.10	11.75	11.94	4025005	106180368.00
2016/10/24	11.92	12.24	11.89	12.17	5899392	158516208.00
2016/10/25	12.20	12.43	12.01	12.32	5744442	156238288.00
2016/10/26	12.38	13.15	12.29	13.02	8433492	238373088.00
2016/10/27	12.99	13.45	12.84	13.05	7818964	228668512.00
2016/10/28	13.10	13.41	12.95	13.05	3851458	112199704.00
2016/10/31	13.01	13.13	12.81	13.01	2213323	63344956.00
2016/11/01	13.01	13.28	12.97	13.10	2862687	82898728.00
2016/11/02	13.11	13.29	12.72	12.83	3408834	97710448.00
2016/11/03	12.93	13.11	12.70	12.86	2527665	72154504.00
2016/11/04	12.89	13.20	12.84	13.19	3795399	109605208.00
2016/11/07	13.22	13.33	12.97	13.05	2277164	65899492.00
2016/11/08	13.05	13.11	12.95	13.10	1073970	31018878.00
2016/11/09	13.14	13.15	12.56	12.92	4470130	126809608.00
2016/11/10	13.01	13.76	13.01	13.60	6909132	206761072.00
2016/11/11	13.52	13.68	13.26	13.34	3668547	108759432.00
2016/11/14	13.27	13.41	13.24	13.36	2212750	65084696.00
2016/11/15	13.40	13.99	13.40	13.77	4778056	145108288.00
2016/11/16	13.95	14.30	13.85	14.06	6362096	198307616.00
2016/11/17	13.94	14.08	13.79	13.96	3690942	113393368.00
2016/11/18	13.97	14.01	13.83	14.00	1798735	55451112.00
2016/11/21	14.09	14.73	14.09	14.25	9412451	298764928.00
2016/11/22	14.16	14.34	14.05	14.22	2758650	86360584.00
2016/11/23	14.33	14.50	14.16	14.24	1951200	61611764.00
2016/11/24	14.24	14.41	14.18	14.22	1752713	55385292.00
2016/11/25	14.11	14.24	13.93	14.11	3179221	98829400.00
2016/11/28	14.16	14.16	13.70	13.81	3771039	115670136.00
2016/11/29	13.82	13.90	13.69	13.77	3260500	99459472.00
2016/11/30	13.67	14.15	13.65	14.12	3045927	93821056.00
2016/12/01	14.06	14.63	14.06	14.56	4511279	144365040.00
2016/12/02	14.71	14.71	14.25	14.42	3553568	113621712.00
2016/12/05	14.36	14.62	14.25	14.32	2826446	90098264.00
2016/12/06	14.36	14.59	14.25	14.46	2138513	68049712.00
2016/12/07	14.42	15.00	14.39	14.97	4894888	159576720.00
2016/12/08	14.97	15.06	14.70	14.88	3094843	101540848.00
2016/12/09	14.97	14.97	14.75	14.90	1890528	61981064.00
2016/12/12	14.81	14.90	14.44	14.59	3994610	128724064.00
2016/12/13	14.49	14.86	14.40	14.60	3370233	108923408.00
2016/12/14	14.81	15.36	14.61	15.19	3838614	127403760.00
2016/12/15	15.19	15.40	14.93	15.20	4238600	142524656.00
2016/12/16	15.28	15.35	14.81	15.20	2472747	82358408.00
2016/12/19	15.22	15.22	14.86	15.00	2422870	80402648.00
2016/12/20	15.00	15.06	14.75	14.88	1715918	56474720.00
2016/12/21	14.93	14.97	14.78	14.90	1435716	47146848.00
2016/12/22	14.96	14.96	14.66	14.91	1121347	36787356.00
2016/12/23	14.90	15.01	14.70	14.79	1558800	51012356.00
2016/12/26	14.72	14.84	14.19	14.78	4049193	129118976.00
2016/12/27	14.75	14.91	14.33	14.86	1688000	55002224.00
2016/12/28	14.86	15.18	14.74	15.02	2810918	93164992.00
2016/12/29	15.05	15.33	14.92	14.96	2373200	79120040.00
2016/12/30	14.89	14.89	14.57	14.65	1678735	54682792.00
2017/01/03	14.75	14.75	14.38	14.41	1621373	52084284.00
2017/01/04	14.47	14.62	14.37	14.47	1247600	39983716.00
2017/01/05	14.54	14.65	14.47	14.53	921575	29679886.00
2017/01/06	14.70	14.83	14.55	14.68	1668900	54277896.00
2017/01/09	14.56	15.24	14.42	15.05	3122833	102667336.00
2017/01/10	15.11	15.49	14.84	14.95	3160500	105888352.00
2017/01/11	14.87	14.95	14.52	14.64	2028235	66114272.00
2017/01/12	14.60	14.65	14.28	14.60	1565529	50126364.00
2017/01/13	14.48	14.65	14.40	14.47	1181700	37909348.00
2017/01/16	14.11	14.51	13.13	13.74	4520813	137491856.00
2017/01/17	13.70	14.00	13.58	13.85	911300	27789962.00
2017/01/18	13.81	14.04	13.65	13.79	1304034	39811400.00
2017/01/19	13.79	13.88	13.05	13.25	2048373	60562092.00
2017/01/20	13.27	13.47	13.25	13.43	964941	28509342.00
2017/01/23	13.47	13.47	13.15	13.29	1351100	39749080.00
2017/01/24	13.28	13.33	13.09	13.24	1321122	38480516.00
2017/01/25	13.23	13.46	13.15	13.24	691232	20402990.00
2017/01/26	13.45	13.81	13.38	13.73	1016372	30695164.00
2017/02/03	13.79	13.82	13.61	13.79	668100	20305102.00
2017/02/06	13.80	13.94	13.62	13.77	889014	26980776.00
2017/02/07	13.77	13.83	13.55	13.58	1018904	30758958.00
2017/02/08	13.58	13.63	13.37	13.58	869565	25948784.00
2017/02/09	13.58	13.77	13.53	13.68	791963	23993052.00
2017/02/10	13.66	13.73	13.53	13.56	688766	20690942.00
2017/02/13	13.58	13.92	13.56	13.60	634149	19196180.00
2017/02/14	13.67	13.88	13.62	13.71	804385	24369600.00
2017/02/15	13.66	13.76	13.43	13.53	679647	20464522.00
2017/02/16	13.56	13.62	13.47	13.53	617900	18524396.00
2017/02/17	13.60	13.67	13.40	13.50	680304	20345170.00
2017/02/20	13.49	13.56	13.46	13.52	572700	17110358.00
2017/02/21	13.51	13.55	13.25	13.55	1248988	37030180.00
2017/02/22	13.55	13.56	13.37	13.49	941971	28001080.00
2017/02/23	13.43	13.75	13.43	13.65	1371050	41290656.00
2017/02/24	13.56	13.70	13.40	13.65	1433790	43017344.00
2017/02/27	13.65	13.75	13.48	13.55	934445	28139208.00
2017/02/28	13.65	13.70	13.43	13.61	1052358	31684602.00
2017/03/01	13.70	14.00	13.60	13.73	2629146	80403248.00
2017/03/02	13.73	13.85	13.65	13.78	1654777	50398336.00
2017/03/03	13.70	14.00	13.66	13.94	1216210	37369068.00
2017/03/06	14.02	14.37	13.96	14.17	2223328	69834488.00
2017/03/07	14.22	14.22	14.00	14.13	1069458	33306188.00
2017/03/08	14.15	14.21	13.90	14.05	1546733	47933576.00
2017/03/09	14.06	14.06	13.51	13.78	1550543	47228180.00
2017/03/10	13.96	13.96	13.80	13.85	718689	22073594.00
2017/03/13	13.84	14.01	13.68	13.90	1386915	42460108.00
2017/03/14	13.88	14.11	13.84	13.95	1625092	50326580.00
2017/03/15	13.85	14.28	13.83	14.09	2495461	77848816.00
2017/03/16	14.14	14.36	14.02	14.21	2180819	68515992.00
2017/03/17	14.32	14.50	14.22	14.25	2277881	72530248.00
2017/03/20	14.24	14.44	14.06	14.30	1862595	58599192.00
2017/03/21	14.30	14.30	14.05	14.06	1603049	50131608.00
2017/03/22	14.06	14.15	13.90	14.05	1483886	45996432.00
2017/03/23	14.05	14.13	13.96	14.05	1087101	33708256.00
2017/03/24	14.12	14.15	13.90	14.05	1032608	31943650.00
2017/03/27	14.02	14.08	13.86	13.97	801622	24703038.00
2017/03/28	14.01	14.10	13.83	13.94	1370107	42130868.00
2017/03/29	14.02	14.02	13.80	13.86	847502	26012334.00
2017/03/30	13.86	13.90	13.74	13.84	1017971	31107332.00
2017/03/31	13.99	13.99	13.81	13.83	760781	23333634.00
2017/04/05	13.89	14.06	13.71	14.02	1549340	47617476.00
2017/04/06	14.11	14.42	14.02	14.28	2201476	69392584.00
2017/04/07	14.32	14.50	14.20	14.25	2277233	72326808.00
2017/04/10	14.03	14.25	13.74	13.85	2181939	67037012.00
2017/04/11	13.78	14.06	13.78	13.85	2042932	62744360.00
2017/04/12	13.85	13.91	13.61	13.62	1195725	36331232.00
2017/04/13	13.61	13.81	13.54	13.72	606547	18367418.00
2017/04/14	13.69	13.71	13.06	13.12	3199948	94084008.00
2017/04/17	13.29	13.32	13.03	13.20	967209	28221842.00
2017/04/18	13.28	13.28	13.06	13.20	762962	22291764.00
2017/04/19	13.20	13.28	12.93	13.15	1429316	41236140.00
2017/04/20	13.15	13.15	12.79	13.02	1939122	55697860.00
2017/04/21	13.06	13.06	12.33	12.60	3428872	95603064.00
2017/04/24	12.61	12.65	12.25	12.38	872722	23823708.00
2017/04/25	12.38	12.50	12.25	12.38	955238	26238960.00
2017/04/26	12.30	12.60	12.30	12.54	665297	18417386.00
2017/04/27	12.65	12.79	12.44	12.55	884950	24468456.00
2017/04/28	12.61	12.68	12.49	12.62	588202	16393950.00
2017/05/02	12.60	12.65	12.49	12.61	836300	23278434.00
2017/05/03	12.60	12.70	12.48	12.55	831824	23157082.00
2017/05/04	12.52	12.68	12.43	12.58	916563	25597622.00
2017/05/05	12.60	13.01	12.54	12.90	1611233	45744872.00
2017/05/08	12.79	12.79	12.50	12.60	1632680	45455536.00
2017/05/09	12.51	12.57	11.95	12.40	2671019	72036944.00
2017/05/10	12.34	12.38	12.02	12.20	2328770	62845752.00
2017/05/11	12.05	12.20	11.61	11.88	2395215	62966376.00
2017/05/12	11.87	11.95	11.61	11.88	1757985	45819108.00
2017/05/15	12.00	12.18	11.75	11.88	1305160	34213720.00
2017/05/16	11.88	11.92	11.36	11.87	3432820	40260224.00
2017/05/17	11.85	12.40	11.85	12.19	5148793	63333296.00
2017/05/18	11.96	12.25	11.96	12.03	1942096	23641120.00
2017/05/19	12.20	12.38	11.93	12.04	2827067	34357020.00
2017/05/22	11.97	12.07	11.71	11.80	2202533	26395510.00
2017/05/23	11.75	11.75	11.06	11.50	4837791	55420356.00
2017/05/24	11.43	11.87	11.10	11.87	5303957	60702456.00
2017/05/25	11.86	11.98	11.65	11.90	3446202	40950628.00
2017/05/26	12.00	12.01	11.79	11.85	1719244	20536830.00
2017/05/31	11.96	12.03	11.56	11.84	2113160	25094452.00
2017/06/01	11.83	11.95	11.48	11.83	3492699	41073932.00
2017/06/02	11.83	11.93	11.58	11.87	2580392	30530272.00
2017/06/05	11.89	12.20	11.77	11.99	4245466	51006264.00
2017/06/06	11.94	12.13	11.93	12.09	3129700	37898324.00
2017/06/07	12.15	12.30	12.03	12.18	3901035	47593044.00
2017/06/08	12.24	12.40	12.16	12.26	4636315	57201556.00
2017/06/09	12.33	12.35	12.04	12.13	2595140	31669508.00
2017/06/12	12.13	12.14	11.96	11.98	1566428	18917076.00
2017/06/13	11.95	12.09	11.87	12.03	1831136	22051840.00
2017/06/14	12.03	12.20	11.96	12.04	1861392	22547530.00
2017/06/15	12.00	12.11	11.88	12.08	2545547	30718582.00
2017/06/16	12.05	12.08	11.89	11.95	2049720	24600916.00
2017/06/19	12.02	12.10	11.87	12.05	2229746	26828650.00
2017/06/20	12.05	12.10	11.90	11.92	1720060	20733438.00
2017/06/21	11.93	12.02	11.82	11.93	1362383	16288763.00
2017/06/22	11.97	11.97	11.77	11.82	2005332	23846852.00
2017/06/23	11.80	12.15	11.74	12.05	4285446	51546156.00
2017/06/26	12.07	12.25	11.96	12.01	1854086	22414382.00
2017/06/27	11.96	12.23	11.96	12.14	3297600	40167096.00
2017/06/28	12.17	12.19	12.04	12.09	1457756	17739820.00
2017/06/29	12.13	12.15	12.03	12.13	1453801	17671184.00
2017/06/30	12.13	12.19	12.04	12.13	2209807	26883708.00
2017/07/03	12.17	12.40	12.12	12.29	3681322	45418824.00
2017/07/04	12.20	12.39	12.17	12.28	2280120	28142760.00
2017/07/05	12.29	12.81	12.29	12.65	6978405	88246144.00
2017/07/06	12.85	12.87	12.47	12.63	4560340	57796180.00
2017/07/07	12.70	12.88	12.65	12.74	4576566	58861656.00
2017/07/10	12.66	12.84	12.63	12.75	4867169	62246036.00
2017/07/11	12.80	12.83	12.35	12.44	4915925	62240588.00
2017/07/12	12.36	12.52	12.09	12.25	5361219	66174588.00
2017/07/13	12.27	12.27	11.53	11.70	10750857	127853136.00
2017/07/14	11.68	11.84	11.50	11.75	2917077	34045456.00
2017/07/17	11.70	11.70	10.65	11.10	8408615	93263416.00
2017/07/18	11.04	11.05	10.70	10.81	4282299	46564612.00
2017/07/19	10.76	11.05	10.50	10.82	2898994	31209102.00
2017/07/20	10.96	11.12	10.88	10.91	3389306	37421968.00
2017/07/21	10.86	10.96	10.74	10.81	1510787	16430235.00
2017/07/24	10.84	10.91	10.81	10.87	1810849	19764956.00
2017/07/25	10.93	10.93	10.77	10.87	1209745	13161086.00
2017/07/26	10.89	10.93	10.76	10.93	1330302	14492212.00
2017/07/27	10.98	11.23	10.86	11.11	2601520	28885010.00
2017/07/28	11.13	11.16	11.00	11.02	1557764	17296938.00
2017/07/31	11.13	11.19	11.03	11.11	1810828	20171434.00
2017/08/01	11.16	11.16	10.91	10.99	2280807	25193066.00
2017/08/02	11.01	11.03	10.36	10.54	4389431	47262960.00
2017/08/03	10.48	10.84	10.37	10.78	6017831	64271252.00
2017/08/04	10.79	10.92	10.56	10.89	6144666	66275284.00
2017/08/07	11.55	11.97	10.95	11.24	12278869	141127632.00
2017/08/08	11.21	12.37	10.96	12.37	32011339	381756608.00
2017/08/09	12.39	12.64	11.99	12.35	28273577	348686752.00
2017/08/10	12.44	12.90	12.00	12.55	31181224	391068128.00
2017/08/11	12.35	13.02	12.26	12.68	28638144	363775680.00
2017/08/14	12.90	13.44	12.66	13.18	35178561	460913088.00
2017/08/15	13.15	13.15	12.51	12.57	25401812	325044128.00
2017/08/16	12.47	12.75	12.32	12.55	15289411	193085792.00
2017/08/17	12.35	12.53	12.17	12.32	15445705	191562624.00
2017/08/18	12.15	12.30	11.97	11.97	11115180	135152048.00
2017/08/21	11.95	12.27	11.90	12.19	7332299	89202688.00
2017/08/22	12.19	12.24	11.57	11.82	14530864	172684416.00
2017/08/23	11.91	12.03	11.67	12.02	7863059	93862760.00
2017/08/24	11.92	12.00	11.60	11.65	6077084	71933176.00
2017/08/25	11.57	11.87	11.57	11.77	4184621	49286064.00
2017/08/28	11.70	12.10	11.69	12.01	8170336	97938272.00
2017/08/29	11.98	12.09	11.75	11.77	6536012	77882168.00
2017/08/30	11.85	11.93	11.69	11.80	4733087	56131068.00
2017/08/31	11.81	11.85	11.60	11.66	5159788	60611840.00
2017/09/01	11.69	12.20	11.64	12.11	10697861	128691480.00
2017/09/04	12.03	12.05	11.83	12.02	8647722	103607320.00
2017/09/05	11.96	11.96	11.63	11.72	7866512	92857536.00
2017/09/06	11.71	11.87	11.65	11.76	4728937	55785076.00
2017/09/07	11.77	11.90	11.25	11.46	6369072	74820496.00
2017/09/08	11.56	11.61	11.15	11.38	7343135	83647896.00
2017/09/11	11.37	11.39	11.23	11.38	4332028	49271400.00
2017/09/12	11.40	11.60	11.38	11.58	5355240	61750520.00
2017/09/13	11.57	11.60	11.38	11.46	4843664	55886392.00
2017/09/14	11.46	11.47	11.22	11.28	4493952	51069320.00
2017/09/15	11.23	11.36	11.11	11.16	3610566	40741948.00
2017/09/18	11.16	11.63	11.15	11.40	4036023	46195872.00
2017/09/19	11.40	11.46	11.20	11.24	3083963	35013660.00
2017/09/20	11.28	11.37	11.21	11.34	2733524	31051226.00
2017/09/21	11.39	11.51	11.31	11.34	3441821	39424740.00
2017/09/22	11.27	11.35	11.15	11.23	2586100	29206980.00
2017/09/25	11.21	11.30	11.10	11.11	2361000	26540420.00
2017/09/26	11.23	11.25	11.02	11.06	2720420	30416532.00
2017/09/27	11.10	11.12	10.95	11.12	2012399	22353922.00
2017/09/28	11.12	11.19	11.03	11.03	1836523	20462184.00
2017/09/29	11.08	11.12	10.99	11.11	1805486	20110796.00
2017/10/09	11.18	11.31	11.17	11.22	3238460	36538440.00
2017/10/10	11.23	11.30	11.20	11.30	3061394	34592264.00
2017/10/11	11.33	11.80	11.25	11.66	9637081	112557192.00
2017/10/12	11.66	11.73	11.43	11.58	4784513	55581912.00
2017/10/13	11.63	11.67	11.50	11.59	3352249	39000060.00
2017/10/16	11.65	12.68	11.56	12.11	15933582	194287040.00
2017/10/17	11.97	11.98	11.61	11.73	9562311	113246256.00
2017/10/18	11.40	11.45	11.14	11.15	9134228	103091424.00
2017/10/19	11.14	11.24	11.01	11.17	3538351	39594708.00
2017/10/20	11.14	11.17	11.02	11.08	3932943	43797540.00
2017/10/23	11.08	11.11	10.80	10.89	3963900	43533552.00
2017/10/24	10.89	10.99	10.85	10.92	3058277	33529132.00
2017/10/25	10.89	11.08	10.88	11.01	2236923	24762240.00
2017/10/26	11.01	11.18	10.96	11.08	2281874	25418674.00
2017/10/27	11.10	11.10	10.92	10.93	1748543	19325890.00
2017/10/30	10.85	10.93	10.52	10.55	4253232	45413508.00
2017/10/31	10.61	10.71	10.54	10.55	2588226	27574986.00
2017/11/01	10.57	10.76	10.51	10.67	2661897	28568498.00
2017/11/02	10.68	10.68	10.44	10.47	2513120	26578628.00
2017/11/03	10.47	10.58	10.38	10.53	1856099	19560204.00
2017/11/06	10.53	10.61	10.42	10.58	1696472	17943636.00
2017/11/07	10.60	10.66	10.51	10.58	1656317	17585356.00
2017/11/08	10.58	10.67	10.52	10.55	2117125	22521408.00
2017/11/09	10.55	10.70	10.52	10.61	2317460	24676902.00
2017/11/10	10.63	10.67	10.57	10.67	1997140	21319434.00
2017/11/13	10.69	10.73	10.61	10.64	2432710	26090904.00
2017/11/14	10.61	11.14	10.57	10.79	5260066	57433936.00
2017/11/15	10.72	10.93	10.64	10.64	2374120	25609198.00
2017/11/16	10.62	10.70	10.44	10.50	2485060	26374176.00
2017/11/17	10.41	10.43	9.72	9.85	5308660	53526960.00
2017/11/20	9.83	9.84	9.51	9.76	2933847	28441220.00
2017/11/21	9.76	9.88	9.62	9.85	2562922	25095720.00
2017/11/22	9.84	10.03	9.75	9.85	1924880	19150742.00
2017/11/23	9.83	10.13	9.83	9.88	2612220	26231940.00
2017/11/24	9.83	9.92	9.76	9.80	1526527	15070695.00
2017/11/27	9.77	9.81	9.60	9.67	2176949	21192476.00
2017/11/28	9.67	9.78	9.59	9.73	1354975	13178404.00
2017/11/29	9.75	9.79	9.40	9.56	2490851	23954194.00
2017/11/30	9.56	9.61	9.41	9.54	2164480	20684456.00
2017/12/01	9.57	9.81	9.41	9.80	4592092	44524176.00
2017/12/04	9.75	9.85	9.40	9.48	3734455	36034948.00
2017/12/05	9.45	9.50	9.20	9.25	1990120	18707086.00
2017/12/06	9.21	9.33	9.17	9.31	1192181	11083636.00
2017/12/07	9.32	9.39	9.23	9.39	1592500	14929708.00
2017/12/08	9.39	9.70	9.35	9.55	3126080	30043438.00
2017/12/11	9.55	10.35	9.51	10.10	7206024	72995496.00
2017/12/12	10.15	10.20	9.78	9.81	4249128	42265372.00
2017/12/13	9.82	10.30	9.81	10.12	4257707	43379044.00
2017/12/14	10.13	10.35	10.02	10.32	4709893	48489124.00
2017/12/15	10.26	10.42	10.12	10.16	1966643	20210676.00
2017/12/18	10.21	10.30	9.88	9.95	2958200	29860602.00
2017/12/19	9.98	10.70	9.98	10.48	10652882	112280592.00
2017/12/20	10.41	10.47	10.03	10.21	6859065	70380448.00
2017/12/21	10.10	10.18	9.82	10.03	3907631	39248560.00
2017/12/22	10.01	10.09	9.91	9.96	1680785	16856506.00
2017/12/25	9.94	9.94	9.57	9.65	3423013	33431756.00
2017/12/26	9.65	9.78	9.57	9.78	3245304	31654452.00
2017/12/27	9.79	9.79	9.68	9.75	1917191	18765822.00
2017/12/28	9.75	9.87	9.68	9.80	2530341	24905862.00
2017/12/29	9.75	9.80	9.69	9.74	2500135	24460178.00
2018/01/02	9.75	9.94	9.63	9.92	4266466	42040220.00
2018/01/03	9.90	10.11	9.86	10.00	5255708	52792832.00
2018/01/04	10.00	10.33	9.84	10.23	5751949	58267088.00
2018/01/05	10.50	10.80	10.36	10.41	8311790	88268912.00
2018/01/08	10.32	11.12	10.23	10.73	12818209	138624256.00
2018/01/09	10.63	11.61	10.46	11.51	19911543	223039040.00
2018/01/10	11.51	11.95	11.22	11.61	25651239	297670080.00
2018/01/11	11.45	12.15	11.30	11.81	31369844	369350432.00
2018/01/12	11.58	11.68	11.10	11.11	21128802	240520448.00
2018/01/15	10.65	10.90	10.42	10.46	14303628	152498688.00
2018/01/16	10.65	10.79	10.48	10.69	8743676	93322048.00
2018/01/17	10.16	10.37	9.96	10.22	9972196	101683464.00
2018/01/18	10.16	10.34	10.03	10.09	4873160	49668784.00
2018/01/19	10.10	10.20	9.99	10.00	4629420	46952320.00
2018/01/22	10.00	10.08	9.82	10.01	5404162	54056136.00
2018/01/23	9.94	10.13	9.92	9.99	2849875	28669496.00
2018/01/24	9.93	10.04	9.69	10.02	6444836	63853304.00
2018/01/25	9.98	10.09	9.89	9.96	11828031	118475568.00
2018/01/26	9.93	10.02	9.80	9.82	3989229	39674088.00
2018/01/29	9.78	10.00	9.78	9.99	8052580	80130624.00
2018/01/30	9.95	10.01	9.88	9.96	4606948	46106428.00
2018/01/31	9.90	10.03	9.84	9.92	3698689	36858264.00
2018/02/01	9.90	10.00	9.55	9.65	5969124	58467308.00
2018/02/02	9.72	9.92	9.35	9.60	4134302	40232584.00
2018/02/05	9.45	9.65	9.40	9.46	5147780	49359756.00
2018/02/06	9.35	9.40	8.75	9.35	11121220	101253296.00
2018/02/07	9.31	9.46	9.15	9.32	3629922	33927488.00
2018/02/08	9.32	9.64	9.18	9.41	7896420	74884608.00
2018/02/09	9.20	9.53	8.88	9.26	8148523	74968144.00
2018/02/12	9.34	9.35	9.17	9.28	5044600	46914388.00
2018/02/13	9.25	9.30	9.04	9.25	6664989	61687448.00
2018/02/14	9.19	9.28	9.10	9.26	4003985	37039284.00
2018/02/22	9.26	9.38	9.22	9.37	4664074	43544168.00
2018/02/23	9.31	9.88	9.27	9.79	8535073	82769520.00
2018/02/26	9.78	10.33	9.71	10.29	10386204	105686632.00
2018/02/27	10.30	10.30	10.10	10.23	8580172	87889968.00
2018/02/28	10.26	10.62	10.12	10.37	11161429	117186480.00
2018/03/01	10.36	10.44	10.23	10.40	6574878	68352120.00
2018/03/02	10.26	10.93	10.25	10.66	13837000	147503920.00
2018/03/05	10.58	10.81	10.41	10.79	10889597	116174488.00
2018/03/06	10.75	11.19	10.70	11.05	8839575	97329392.00
2018/03/07	10.96	11.19	10.63	10.86	9647925	105638376.00
2018/03/08	10.86	11.19	10.75	11.12	6399450	71015216.00
2018/03/09	11.15	11.52	10.94	11.47	12599004	143439232.00
2018/03/12	11.36	11.69	11.35	11.44	7762878	89477712.00
2018/03/13	11.34	11.43	11.20	11.34	12254091	138738768.00
2018/03/14	11.25	11.38	11.06	11.22	9722235	109448600.00
2018/03/15	11.29	12.17	11.29	11.74	22947933	271064704.00
2018/03/16	12.07	12.25	11.34	11.65	16627764	197235728.00
2018/03/19	11.62	11.67	11.30	11.55	5657988	65132648.00
2018/03/20	11.40	11.61	11.31	11.48	6319431	72922352.00
2018/03/21	11.43	11.65	11.00	11.04	10579560	119605440.00
2018/03/22	10.97	11.19	10.92	11.04	8083800	89619344.00
2018/03/23	11.04	11.82	10.67	11.12	16284568	184772640.00
2018/03/26	10.79	11.40	10.47	11.39	11376300	126598304.00
2018/03/27	11.56	12.53	11.47	12.38	36688201	450825344.00
2018/03/28	11.79	12.09	11.57	11.57	24160948	288040576.00
2018/03/29	11.55	11.77	11.47	11.58	13825058	161215008.00
2018/03/30	11.55	11.68	11.39	11.46	10740872	123737344.00
2018/04/02	11.52	11.78	11.42	11.60	15318363	178451680.00
2018/04/03	11.45	11.52	11.17	11.30	10071879	114712976.00
2018/04/04	11.44	11.44	10.96	11.22	14807211	166567760.00
2018/04/09	11.27	11.65	11.26	11.48	9665507	110805912.00
2018/04/10	11.60	12.05	11.52	11.73	28001805	330438304.00
2018/04/11	11.66	11.74	11.53	11.61	8505979	98966336.00
2018/04/12	11.64	11.64	11.40	11.44	5344200	61739404.00
2018/04/13	11.53	11.72	11.49	11.51	7865840	91612920.00
2018/04/16	11.43	11.61	11.22	11.26	7208305	82322776.00
2018/04/17	11.23	11.34	10.78	11.06	8122076	90241408.00
2018/04/18	11.18	11.24	10.90	11.04	6108508	68056040.00
2018/04/19	11.09	11.37	11.00	11.29	6522936	73370600.00
2018/04/20	11.25	11.28	10.93	11.19	5469483	61020628.00
2018/04/23	11.15	11.25	10.94	11.08	4976220	55419836.00
2018/04/24	11.08	11.25	11.03	11.11	5010640	56210444.00
2018/04/25	11.14	11.21	11.03	11.04	8841776	98718432.00
2018/04/26	11.01	11.22	10.80	11.05	8286781	92410112.00
2018/04/27	11.03	11.31	10.90	11.26	7011280	78290000.00
2018/05/02	11.26	11.44	11.05	11.36	3962224	44720284.00
2018/05/03	11.36	11.39	11.07	11.29	4098550	46146308.00
2018/05/04	11.30	11.30	10.97	11.02	8776380	97927888.00
2018/05/07	11.02	11.17	10.95	11.03	5277860	58622980.00
2018/05/08	11.10	11.47	11.08	11.26	10278449	116901536.00
2018/05/09	11.19	11.31	11.02	11.04	6280155	70344216.00
2018/05/10	11.10	11.84	11.06	11.53	19532696	225779472.00
2018/05/11	11.62	11.62	11.25	11.27	9869060	112862352.00
2018/05/14	11.26	11.33	10.98	11.14	8844020	98356368.00
2018/05/15	11.14	11.14	10.97	11.04	3545663	39254944.00
2018/05/16	11.00	11.04	10.66	10.66	6376215	69391280.00
2018/05/17	10.57	10.88	10.57	10.71	3338042	35906680.00
2018/05/18	10.65	10.79	10.58	10.73	3072880	33086654.00
2018/05/21	10.80	10.89	10.71	10.75	2224600	24067138.00
2018/05/22	10.77	10.85	10.65	10.70	2181500	23514278.00
2018/05/23	10.75	10.89	10.45	10.84	4467140	48310312.00
2018/05/24	10.75	10.89	10.60	10.81	2726260	29386960.00
2018/05/25	10.68	10.81	10.35	10.69	5184020	55161832.00
2018/05/28	10.64	10.69	10.38	10.61	2721899	28847024.00
2018/05/29	10.46	10.75	10.42	10.61	3878184	41070152.00
2018/05/30	10.41	10.51	9.95	10.19	4889480	50132856.00
2018/05/31	10.09	10.23	9.92	10.05	2805932	28441484.00
2018/06/01	10.01	10.08	9.83	9.90	1648400	16502047.00
2018/06/04	9.89	10.10	9.87	9.91	1516200	15241462.00
2018/06/05	9.93	10.14	9.93	10.07	2432020	24521794.00
2018/06/06	10.09	10.20	9.90	9.98	2009500	20226260.00
2018/06/07	10.03	10.03	9.77	9.78	3357640	33303040.00
2018/06/08	9.79	9.79	9.11	9.67	9702385	91788656.00
2018/06/11	9.63	9.64	9.35	9.42	2775000	26320436.00
2018/06/12	9.43	9.50	9.33	9.43	1990540	18841020.00
2018/06/13	9.38	9.45	9.29	9.35	1130600	10657439.00
2018/06/14	9.35	9.40	9.29	9.34	1240360	11663722.00
2018/06/15	9.33	9.38	9.16	9.34	2252502	20856500.00
2018/06/19	9.00	9.34	8.51	9.31	6019440	55143032.00
2018/06/20	9.21	9.73	9.11	9.69	2340480	22049740.00
2018/06/21	9.57	9.74	9.33	9.49	2975822	28206048.00
2018/06/22	9.50	9.58	9.35	9.56	1396440	13233186.00
2018/06/25	9.70	9.70	9.37	9.55	1649062	15684729.00
2018/06/26	9.45	9.56	9.26	9.52	2851860	26876132.00
2018/06/27	9.51	9.51	9.36	9.44	1291319	12175401.00
2018/06/28	9.39	9.46	9.29	9.40	1014400	9513339.00
2018/06/29	9.35	9.47	9.26	9.44	1967124	18430626.00
2018/07/02	9.45	9.45	9.35	9.38	1215364	11387743.00
2018/07/03	9.34	9.65	9.31	9.58	2277155	21544620.00
2018/07/04	9.50	9.67	9.40	9.50	1399600	13338263.00
2018/07/05	9.48	9.53	9.31	9.41	1473936	13808296.00
2018/07/06	9.28	9.53	9.23	9.42	1552554	14644991.00
2018/07/09	9.45	9.61	9.35	9.53	2020948	19206448.00
2018/07/10	9.57	9.57	9.45	9.50	846270	8035654.50
2018/07/11	9.48	9.48	9.30	9.47	1462384	13704146.00
2018/07/12	9.45	9.63	9.35	9.53	1588040	15146822.00
2018/07/13	9.50	9.54	9.38	9.45	1319660	12466445.00
2018/07/16	9.44	9.96	9.37	9.76	3461860	33309138.00
2018/07/17	9.68	9.79	9.52	9.70	1644280	15818112.00
2018/07/18	9.68	9.90	9.62	9.80	2793200	27271486.00
2018/07/19	9.80	9.94	9.64	9.93	2852239	28093212.00
2018/07/20	9.93	10.09	9.82	9.98	5081860	50726168.00
2018/07/23	10.00	10.04	9.82	9.87	2874700	28491998.00
2018/07/24	9.87	9.88	9.74	9.81	2726333	26716968.00
2018/07/25	9.80	9.80	9.66	9.71	2009720	19527030.00
2018/07/26	9.71	9.77	9.58	9.60	1663400	16009323.00
2018/07/27	9.59	9.66	9.53	9.59	718060	6906159.00
2018/07/30	9.45	9.63	9.45	9.60	1927400	18402668.00
2018/07/31	9.60	9.87	9.52	9.69	1614864	15645170.00
2018/08/01	9.70	9.75	9.60	9.68	1590660	15366215.00
2018/08/02	9.63	9.63	9.28	9.33	1685800	15896804.00
2018/08/03	9.32	9.74	9.32	9.66	3888120	37076144.00
2018/08/06	9.68	9.87	9.55	9.70	2251300	21974664.00
2018/08/07	9.56	9.90	9.46	9.89	2820330	27536884.00
2018/08/08	9.90	10.05	9.68	9.71	3703600	36344412.00
2018/08/09	9.71	10.03	9.71	9.88	3082880	30571078.00
2018/08/10	9.80	9.92	9.75	9.92	1949076	19148820.00
2018/08/13	9.92	9.93	9.72	9.89	808700	7962917.00
2018/08/14	9.88	9.92	9.76	9.88	869900	8554219.00
2018/08/15	9.88	9.88	9.65	9.70	1185700	11535809.00
2018/08/16	9.60	9.70	9.53	9.66	1065720	10278855.00
2018/08/17	9.61	9.74	9.55	9.64	2070505	19927534.00
2018/08/20	9.58	9.77	9.51	9.77	1207700	11636604.00
2018/08/21	9.70	9.78	9.57	9.74	1230400	11914228.00
2018/08/22	9.74	9.80	9.65	9.74	1100944	10713163.00
2018/08/23	9.78	9.79	9.57	9.60	1902540	18285596.00
2018/08/24	9.59	9.71	9.54	9.70	1383800	13331143.00
2018/08/27	9.70	9.85	9.66	9.81	2759400	26993696.00
2018/08/28	9.81	9.90	9.80	9.85	1088444	10716950.00
2018/08/29	9.78	9.88	9.78	9.84	717140	7052612.00
2018/08/30	9.84	9.93	9.62	9.84	1514220	14842965.00
2018/08/31	9.67	9.87	9.67	9.80	758840	7426395.50
2018/09/03	9.75	9.85	9.62	9.77	718436	6996574.50
2018/09/04	9.75	9.83	9.72	9.78	845340	8276427.50
2018/09/05	9.73	9.81	9.63	9.72	950980	9227699.00
2018/09/06	9.61	9.78	9.58	9.71	3018160	29250424.00
2018/09/07	9.70	9.84	9.65	9.73	4543960	44269792.00
2018/09/10	9.68	10.00	9.68	9.87	3147755	30948426.00
2018/09/11	9.85	9.99	9.85	9.94	3610775	35811872.00
2018/09/12	9.94	9.99	9.73	9.93	5051701	49732556.00
2018/09/13	9.93	10.07	9.74	10.07	7413680	73488560.00
2018/09/14	10.08	10.47	10.00	10.38	9710687	99296016.00
2018/09/17	10.33	10.41	10.10	10.37	4684100	48025996.00
2018/09/18	10.30	10.70	10.30	10.48	5951119	62584476.00
2018/09/19	10.48	10.80	10.37	10.59	5675260	60360392.00
2018/09/20	10.57	10.72	10.50	10.58	3837013	40630240.00
2018/09/21	10.54	10.78	10.42	10.68	3727820	39504688.00
2018/09/25	10.61	10.90	10.58	10.82	4362332	47047648.00
2018/09/26	10.74	10.85	10.60	10.69	2887185	30925228.00
2018/09/27	10.60	10.69	10.56	10.60	2092833	22257172.00
2018/09/28	10.70	10.74	10.53	10.61	3084300	32742892.00
2018/10/08	10.55	10.55	10.30	10.35	3390368	35211516.00
2018/10/09	10.42	10.43	10.23	10.29	3954163	40730632.00
2018/10/10	10.36	10.36	10.18	10.21	1257004	12868760.00
2018/10/11	10.02	10.08	9.71	10.00	4997560	49513228.00
2018/10/12	9.95	10.24	9.83	10.20	3381123	33915584.00
2018/10/15	10.26	10.48	9.95	10.44	2806013	28437652.00
2018/10/16	10.35	10.37	10.13	10.29	3007840	30772454.00
2018/10/17	10.35	10.47	10.04	10.20	2461540	25251442.00
2018/10/18	10.07	10.15	9.75	10.10	3108320	30951032.00
2018/10/19	10.09	10.16	9.91	10.09	1435080	14396318.00
2018/10/22	10.18	10.48	10.11	10.38	4470294	46101904.00
2018/10/23	10.35	10.35	10.05	10.25	2698083	27528978.00
2018/10/24	10.24	10.35	10.16	10.24	1480939	15142199.00
2018/10/25	10.10	10.19	9.96	10.18	826480	8334246.50
2018/10/26	10.18	10.22	10.11	10.18	563800	5729653.00
2018/10/29	10.18	10.20	9.98	10.17	2760860	27906414.00
2018/10/30	10.13	10.25	10.01	10.16	1670427	16935546.00
2018/10/31	10.07	10.16	10.06	10.11	794518	8025561.50
2018/11/01	10.12	10.35	10.01	10.18	2669267	27163714.00
2018/11/02	10.20	10.34	10.19	10.33	1700500	17442730.00
2018/11/05	10.32	10.45	10.21	10.31	3080280	31800572.00
2018/11/06	10.32	10.35	10.21	10.34	2275000	23420560.00
2018/11/07	10.34	10.45	10.30	10.42	4650494	48375868.00
2018/11/08	10.43	10.55	10.36	10.47	4809280	50334116.00
2018/11/09	10.42	10.47	10.28	10.38	4422000	45921764.00
2018/11/12	10.35	10.75	10.20	10.54	4640458	48468736.00
2018/11/13	10.43	10.73	10.41	10.65	3417640	36252100.00
2018/11/14	10.60	10.71	10.49	10.68	2857195	30304510.00
2018/11/15	10.56	10.77	10.49	10.68	2734960	29121916.00
2018/11/16	10.67	10.74	10.59	10.64	2125860	22645530.00
2018/11/19	10.59	11.18	10.49	11.03	7499314	81195024.00
2018/11/20	10.90	11.07	10.70	10.84	4899683	53203972.00
2018/11/21	10.72	10.79	10.41	10.64	4587665	48835652.00
2018/11/22	10.53	10.67	10.49	10.66	2345209	24761220.00
2018/11/23	10.64	10.75	10.46	10.58	3076109	32624642.00
2018/11/26	10.32	10.64	10.32	10.53	2761361	28957502.00
2018/11/27	10.45	10.58	10.35	10.45	1956456	20394552.00
2018/11/28	10.48	10.51	10.35	10.46	1211420	12641093.00
2018/11/29	10.46	10.49	10.33	10.43	1801720	18745516.00
2018/11/30	10.37	10.48	10.36	10.40	1745016	18186710.00
2018/12/03	10.48	10.58	10.38	10.50	2632900	27491742.00
2018/12/04	10.49	10.51	10.38	10.45	1633954	17018288.00
2018/12/05	10.39	10.42	10.10	10.35	2168833	22388596.00
2018/12/06	10.38	10.38	10.12	10.22	2181183	22300444.00
2018/12/07	10.28	10.28	10.13	10.18	2215529	22557528.00
2018/12/10	10.05	10.30	10.05	10.27	1618120	16389855.00
2018/12/11	10.18	10.60	10.18	10.56	3065667	31934098.00
2018/12/12	10.56	10.58	10.43	10.51	1653500	17356174.00
2018/12/13	10.59	10.59	10.42	10.50	1369800	14402245.00
2018/12/14	10.57	10.60	10.38	10.40	1910517	20019690.00
2018/12/17	10.38	10.38	10.04	10.14	2145620	21786976.00
2018/12/18	10.13	10.26	10.05	10.21	2468179	25075154.00
2018/12/19	10.21	10.27	10.13	10.22	1108319	11287617.00
2018/12/20	10.26	10.29	10.12	10.20	1887320	19270200.00
2018/12/21	10.14	10.21	10.03	10.20	1326529	13463955.00
2018/12/24	10.18	10.29	10.12	10.20	843500	8575386.00
2018/12/25	10.15	10.25	9.88	10.18	4389494	44125776.00
2018/12/26	10.18	10.37	10.08	10.34	3784660	38667196.00
2018/12/27	10.40	10.44	10.25	10.39	3177156	32813966.00
2018/12/28	10.19	10.45	10.13	10.25	4078700	41809372.00
2019/01/02	10.23	10.30	10.18	10.25	2087112	21345080.00
2019/01/03	10.06	10.35	10.06	10.26	4948329	50737864.00
数据来源:通达信
