002742 三圣股份 日线 前复权
      日期	    开盘	    最高	    最低	    收盘	    成交量	    成交额
2015/02/17	5.16	6.25	5.16	6.25	43600	1276585.00
2015/02/25	6.90	6.90	6.90	6.90	14700	474222.00
2015/02/26	7.61	7.61	7.61	7.61	10550	374419.50
2015/02/27	8.40	8.40	8.40	8.40	49950	1950048.00
2015/03/02	9.27	9.27	9.27	9.27	149650	6425971.00
2015/03/03	10.17	10.17	8.40	9.55	14119125	610102016.00
2015/03/04	8.93	9.24	8.80	8.99	7659377	318528768.00
2015/03/05	8.87	8.94	8.73	8.75	4507019	184243312.00
2015/03/06	8.79	9.02	8.58	8.62	3824245	154862272.00
2015/03/09	8.49	8.54	8.19	8.30	3311900	127762560.00
2015/03/10	8.31	8.46	8.31	8.40	2198479	85673104.00
2015/03/11	8.35	8.62	8.29	8.49	3353547	132205136.00
2015/03/12	8.59	8.59	8.33	8.38	2551946	99822392.00
2015/03/13	8.39	8.55	8.37	8.55	1986718	77940488.00
2015/03/16	8.58	8.78	8.58	8.77	3129963	126264928.00
2015/03/17	8.76	8.94	8.69	8.83	4071612	166548880.00
2015/03/18	8.83	8.93	8.77	8.90	3342517	137657344.00
2015/03/19	8.93	9.03	8.82	9.01	3654078	151327584.00
2015/03/20	9.02	9.05	8.87	8.93	3475466	144113632.00
2015/03/23	8.89	9.04	8.88	9.04	3439887	142952672.00
2015/03/24	9.06	9.06	8.71	8.96	3695307	152962656.00
2015/03/25	8.88	9.78	8.84	9.59	5502642	240815728.00
2015/03/26	9.44	9.81	9.19	9.66	4207916	185913520.00
2015/03/27	9.66	9.71	9.46	9.53	2517937	111387800.00
2015/03/30	9.66	9.97	9.54	9.79	6432275	289294976.00
2015/03/31	9.73	9.73	9.55	9.55	3349815	149172464.00
2015/04/01	9.55	9.64	9.55	9.62	2428005	107843528.00
2015/04/02	9.62	9.70	9.58	9.68	2723982	121519808.00
2015/04/03	9.64	10.02	9.60	9.96	3681076	167883728.00
2015/04/07	10.03	10.81	10.02	10.65	4281539	207849552.00
2015/04/08	10.82	11.35	10.46	11.35	5036103	253301728.00
2015/04/09	11.13	11.13	10.39	10.84	4084900	202875424.00
2015/04/10	11.02	11.06	10.73	10.93	2660335	134182400.00
2015/04/13	10.95	11.32	10.75	11.05	2912123	148195984.00
2015/04/14	10.95	10.97	10.64	10.66	2474994	122850848.00
2015/04/15	10.60	10.62	10.03	10.03	2529572	120036144.00
2015/04/16	10.03	10.31	9.90	10.18	1581527	74249704.00
2015/04/17	10.27	10.39	10.08	10.17	1976414	92962824.00
2015/04/20	10.06	10.06	9.70	9.75	2390276	109152608.00
2015/04/21	9.75	10.17	9.75	10.13	1911210	88505376.00
2015/04/22	10.17	10.41	10.16	10.31	2010150	95590280.00
2015/04/23	10.30	10.35	10.13	10.29	2113907	99686512.00
2015/04/24	10.17	10.79	10.08	10.61	3517016	170003408.00
2015/04/27	10.54	10.82	10.47	10.61	2396293	117644168.00
2015/04/28	10.67	10.67	10.08	10.11	1881850	89578464.00
2015/04/29	10.05	10.34	10.02	10.30	1439860	67957496.00
2015/04/30	10.31	10.56	10.24	10.24	1881719	90397096.00
2015/05/04	10.17	10.35	10.03	10.28	1608270	75727472.00
2015/05/05	10.26	10.26	9.91	10.06	1754809	81827232.00
2015/05/06	10.06	10.27	9.95	9.98	1850309	86648600.00
2015/05/07	9.95	9.95	9.24	9.59	2184367	97275936.00
2015/05/08	9.63	9.97	9.60	9.96	2081729	93836296.00
2015/05/11	10.11	10.54	9.97	10.49	3243514	153928304.00
2015/05/12	10.53	11.56	10.31	11.44	5325163	266212992.00
2015/05/13	11.06	11.40	10.98	11.15	3203501	165264272.00
2015/05/14	11.13	12.03	11.11	11.76	4928952	264892208.00
2015/05/15	11.77	12.28	11.23	11.85	5158375	277122304.00
2015/05/18	12.03	13.07	11.87	13.07	5660717	329762368.00
2015/05/19	13.57	13.61	12.55	12.87	5165069	307213824.00
2015/05/20	12.71	14.18	12.71	13.81	10101840	428527680.00
2015/05/21	13.84	14.26	13.35	14.13	8863132	376586176.00
2015/05/22	14.34	14.69	13.63	14.20	7944028	340865408.00
2015/05/25	13.94	15.11	13.77	14.80	7925834	349711616.00
2015/05/26	14.88	16.30	14.88	16.30	7114141	341383456.00
2015/05/27	17.11	17.96	16.46	17.96	6177255	326418656.00
2015/05/28	19.04	19.78	17.11	17.11	12303842	723637504.00
2015/05/29	16.44	18.30	15.37	17.47	10364388	536859008.00
2015/06/01	17.50	18.11	16.77	17.68	7789616	412001216.00
2015/06/02	17.69	17.91	16.53	16.97	5580371	289229760.00
2015/06/03	16.90	17.53	16.67	17.14	4116173	213918752.00
2015/06/04	17.14	17.21	15.40	15.72	6305326	304611840.00
2015/06/05	15.94	16.11	14.95	15.45	4256872	201800080.00
2015/06/08	15.56	15.81	14.77	14.94	4144249	191634176.00
2015/06/09	14.94	15.61	14.94	15.52	3245195	151499088.00
2015/06/10	15.52	16.12	15.04	15.88	3915789	188780416.00
2015/06/11	15.88	16.36	15.63	16.22	3855984	187796976.00
2015/06/12	16.22	16.36	15.77	15.78	3213245	155894544.00
2015/06/15	15.79	15.92	14.88	14.89	3282410	153432592.00
2015/06/16	14.66	14.81	13.44	14.18	2967789	127324008.00
2015/06/17	14.27	14.90	13.93	14.85	2745760	120678744.00
2015/06/18	14.61	14.94	13.64	13.69	2217307	96864696.00
2015/06/19	13.44	13.44	12.30	12.34	2170605	84946616.00
2015/06/23	12.34	12.70	11.62	12.69	2023597	76873560.00
2015/06/24	13.04	13.16	12.72	13.14	2177801	86336448.00
2015/06/25	13.20	13.20	12.11	12.29	1896553	74063096.00
2015/06/26	11.77	12.01	11.04	11.04	2394501	83566696.00
2015/06/29	11.44	11.44	9.91	9.93	2917285	93708840.00
2015/06/30	9.91	10.95	9.03	10.93	3933234	121442688.00
2015/07/01	10.91	11.37	10.13	10.34	3571049	120901288.00
2015/07/02	10.44	10.67	9.51	9.72	2470391	77145008.00
2015/07/03	9.22	10.32	8.79	9.50	2614516	77019360.00
2015/07/06	10.48	10.48	8.63	9.87	3973702	119144992.00
2015/07/07	9.31	9.67	8.86	8.86	2261510	63605208.00
2015/07/08	7.95	7.95	7.95	7.95	417400	10238822.00
2015/07/09	7.13	8.77	7.13	8.77	4404154	109785800.00
2015/07/10	9.11	9.67	9.04	9.67	2025687	59317096.00
2015/07/13	10.36	10.66	9.98	10.66	4426580	141619360.00
2015/07/14	10.71	11.56	10.27	10.92	6644564	223166944.00
2015/07/15	10.44	10.55	9.80	9.80	2986849	91982496.00
2015/07/16	9.80	10.27	8.83	9.92	3281473	98586664.00
2015/07/17	10.07	10.71	9.94	10.44	3197420	100880600.00
2015/07/20	10.37	10.87	10.06	10.44	3412053	110086216.00
2015/07/21	10.27	10.84	10.10	10.84	3172186	102119176.00
2015/07/22	10.90	11.06	10.52	10.83	3550483	117504992.00
2015/07/23	10.67	11.80	10.67	11.56	5777187	199121568.00
2015/07/24	11.56	11.75	11.02	11.07	5534938	193886672.00
2015/07/27	10.77	11.16	9.94	9.94	3693824	119608576.00
2015/07/28	9.24	10.07	8.96	9.56	3010456	87118032.00
2015/07/29	9.91	10.44	9.40	10.44	2997032	90775160.00
2015/07/30	10.44	11.10	9.94	10.32	3825339	125505432.00
2015/07/31	10.11	10.83	9.90	10.55	3239258	103051688.00
2015/08/03	10.35	11.55	10.27	11.55	5729454	191936592.00
2015/08/04	11.55	12.07	10.91	11.99	7488928	262633968.00
2015/08/05	11.67	12.20	11.52	11.71	5849063	211816048.00
2015/08/06	11.44	11.59	10.91	10.98	3264070	112368704.00
2015/08/07	11.12	11.51	10.98	11.43	2992823	103520240.00
2015/08/10	11.57	12.10	11.31	12.07	4474429	160113072.00
2015/08/11	11.96	12.10	11.78	12.00	4635276	169292288.00
2015/08/12	11.77	11.94	11.44	11.51	2985272	106777256.00
2015/08/13	11.44	11.77	11.22	11.60	2479023	87432592.00
2015/08/14	11.72	11.87	11.61	11.77	2881826	103426672.00
2015/08/17	11.44	11.56	11.20	11.40	2619375	91152144.00
2015/08/18	11.40	11.55	10.24	10.24	2748238	92033520.00
2015/08/19	10.02	10.42	9.31	10.35	2755855	83931304.00
2015/08/20	10.37	10.41	9.84	9.87	1806446	56410964.00
2015/08/21	9.70	9.77	9.07	9.13	1987436	57622024.00
2015/08/24	8.48	8.94	8.19	8.19	1831800	46905988.00
2015/08/25	7.44	7.96	7.35	7.35	2215601	51484392.00
2015/08/26	7.64	8.07	7.27	7.59	3129732	74618792.00
2015/08/27	7.84	8.08	7.55	8.04	2181995	52923168.00
2015/08/28	8.17	8.65	8.07	8.62	2731493	69830624.00
2015/08/31	8.37	8.50	8.06	8.07	1765422	44778576.00
2015/09/01	8.08	8.09	7.41	7.44	1626076	38324936.00
2015/09/02	7.25	7.70	7.07	7.34	1658407	38327580.00
2015/09/07	7.54	7.95	7.44	7.73	1495901	35565148.00
2015/09/08	7.61	8.36	7.61	8.29	2059775	50536652.00
2015/09/09	8.29	8.57	8.21	8.49	3016111	78394944.00
2015/09/10	8.40	8.40	8.11	8.11	1945097	49552348.00
2015/09/11	8.06	8.24	7.97	8.20	1188259	29802120.00
2015/09/14	8.14	8.22	7.36	7.36	1780335	42233556.00
2015/09/15	7.26	7.38	6.88	6.94	1367500	30412226.00
2015/09/16	7.04	7.66	7.00	7.63	1715036	38788624.00
2015/09/17	7.53	7.82	7.44	7.68	2253054	53087636.00
2015/09/18	7.63	7.74	7.50	7.68	1554603	36672332.00
2015/09/21	7.57	8.29	7.44	8.20	2073553	50634872.00
2015/09/22	8.10	8.27	8.02	8.10	2090610	52483176.00
2015/09/23	7.88	8.09	7.85	7.97	1351514	33235300.00
2015/09/24	7.98	8.21	7.98	8.11	1406074	35143592.00
2015/09/25	8.06	8.12	7.58	7.61	1398576	33725892.00
2015/09/28	7.66	8.27	7.45	8.21	2180747	53827516.00
2015/09/29	7.97	8.58	7.97	8.47	3580488	91724000.00
2015/09/30	8.48	8.75	8.26	8.28	3392960	88975848.00
2015/10/08	8.54	9.03	8.43	8.84	3376299	89785352.00
2015/10/09	8.87	9.00	8.69	8.86	3227079	87732120.00
2015/10/12	8.86	9.31	8.84	9.16	3291963	91947288.00
2015/10/13	9.04	9.67	8.87	9.63	4269003	121269232.00
2015/10/14	9.46	9.77	9.27	9.63	4962042	145958608.00
2015/10/15	9.54	9.82	9.40	9.76	3150794	93546384.00
2015/10/16	9.83	9.83	9.31	9.56	4824981	141290848.00
2015/10/19	9.54	9.54	9.11	9.42	2955832	84942112.00
2015/10/20	9.36	9.59	9.28	9.55	2817089	81694480.00
2015/10/21	9.52	9.56	8.59	8.61	2999061	83783568.00
2015/10/22	8.62	8.90	8.62	8.89	1946541	52543448.00
2015/10/23	8.91	9.26	8.91	9.16	2045158	57111752.00
2015/10/26	9.44	9.44	9.17	9.27	2398262	68576664.00
2015/10/27	9.23	9.77	9.11	9.77	3207099	92947832.00
2015/10/28	9.72	9.72	9.37	9.51	2940898	86095616.00
2015/10/29	9.56	9.69	9.47	9.66	2975294	87614120.00
2015/10/30	9.62	9.70	9.37	9.44	2310260	67632520.00
2015/11/02	9.11	9.84	9.07	9.52	3268546	96149112.00
2015/11/03	9.43	10.15	9.38	10.12	5129137	154700384.00
2015/11/04	10.10	10.60	9.98	10.56	4996280	156951152.00
2015/11/05	10.44	10.70	10.21	10.34	4021499	128221128.00
2015/11/06	10.29	10.87	10.29	10.67	3074620	100170440.00
2015/11/09	10.64	11.38	10.64	11.26	6114328	207920800.00
2015/11/10	11.11	11.94	10.94	11.54	4644009	160687184.00
2015/11/11	11.40	12.45	11.18	12.34	5787267	209723936.00
2015/11/12	12.44	13.04	12.14	12.93	6858138	264530272.00
2015/11/13	12.69	12.72	11.62	11.62	6059571	224430672.00
2015/11/16	11.11	11.74	10.98	11.72	3080348	108057520.00
2015/11/17	11.82	12.20	11.31	11.36	4024155	145429488.00
2015/11/18	11.34	11.60	11.06	11.10	2777642	96409080.00
2015/11/19	11.10	11.57	11.10	11.56	2363538	81977840.00
2015/11/20	11.67	11.77	11.45	11.67	3067131	108957360.00
2015/11/23	11.67	12.16	11.59	11.65	3476790	126301848.00
2015/11/24	11.58	12.61	11.58	12.52	4636651	171919584.00
2015/11/25	12.57	12.61	12.19	12.46	4341231	164293184.00
2015/11/26	12.27	12.67	12.13	12.29	4317806	163955504.00
2015/11/27	12.07	12.58	11.44	11.68	3959437	146661328.00
2015/11/30	11.77	12.27	11.12	12.17	3504985	126554416.00
2015/12/01	12.07	13.11	12.07	12.65	6805195	263124176.00
2015/12/02	12.31	12.59	11.38	12.02	4162404	152286000.00
2015/12/03	12.11	13.24	12.03	13.24	7476877	292426592.00
2015/12/04	13.21	13.61	12.71	12.90	6066788	241803600.00
2015/12/07	12.87	13.17	12.70	12.90	4028940	159054640.00
2015/12/08	12.77	12.86	12.46	12.64	3443295	133429032.00
2015/12/09	12.61	12.70	12.05	12.15	3334983	124880616.00
2015/12/10	12.14	12.24	11.89	11.92	2382674	87595792.00
2015/12/11	11.91	12.04	11.84	11.98	1582567	57859596.00
2015/12/14	11.91	12.44	11.86	12.42	2020787	75148040.00
2015/12/15	12.52	12.52	12.31	12.38	1992894	75534808.00
2015/12/16	12.49	12.89	12.37	12.69	3381203	130861704.00
2015/12/17	12.81	13.09	12.78	13.03	4454626	175619200.00
2015/12/18	13.01	13.01	12.51	12.71	3472842	135073984.00
2015/12/21	12.74	13.61	12.55	13.44	5357404	214631072.00
2015/12/22	14.29	14.29	13.42	13.73	5591405	233533104.00
2015/12/23	13.61	14.10	13.27	13.43	4474500	188580576.00
2015/12/24	13.73	14.10	13.01	13.89	4336689	177520752.00
2015/12/25	14.39	15.31	13.97	14.31	7260578	324698240.00
2015/12/28	14.42	14.64	13.17	14.03	6539236	277193184.00
2015/12/29	14.27	14.76	13.77	14.60	5697226	247851888.00
2015/12/30	14.78	15.40	14.45	15.16	6177676	279910720.00
2015/12/31	15.44	15.44	14.56	14.75	5733040	260200736.00
2016/01/04	15.10	15.40	13.25	13.25	5239533	232574576.00
2016/01/05	11.90	12.97	11.90	12.54	6258789	235056000.00
2016/01/06	12.47	12.74	11.99	12.64	4491001	170246064.00
2016/01/07	12.14	12.27	11.36	11.36	980500	34998080.00
2016/01/08	11.56	11.72	10.53	11.47	2953797	103145392.00
2016/01/11	11.11	11.71	10.81	10.81	3308971	114525752.00
2016/01/12	10.81	11.44	10.64	11.19	2395480	80953024.00
2016/01/13	11.27	11.30	10.10	10.25	2169082	72357992.00
2016/01/14	9.98	10.61	9.56	10.49	2580585	79980840.00
2016/01/15	10.43	10.44	9.54	9.64	1884917	57917848.00
2016/01/18	9.21	10.03	9.11	9.80	2115847	63177616.00
2016/01/19	9.80	10.77	9.74	10.61	3011455	96236176.00
2016/01/20	10.48	11.33	10.40	11.11	3549895	120045088.00
2016/04/29	12.11	12.24	11.44	11.46	6328329	228415872.00
2016/05/03	11.27	11.84	10.84	11.71	4109872	143160672.00
2016/05/04	11.67	11.67	11.31	11.34	3057740	107497792.00
2016/05/05	11.24	11.56	11.18	11.44	1645823	57458048.00
2016/05/06	11.44	11.55	10.64	10.76	2569811	87712384.00
2016/05/09	10.56	10.64	9.77	9.86	2031608	63267332.00
2016/05/10	9.86	10.03	9.80	9.92	1050560	31983956.00
2016/05/11	9.94	10.07	9.73	9.77	1188427	36174940.00
2016/05/12	9.58	9.69	9.19	9.54	1242117	36168544.00
2016/05/13	9.51	9.70	9.41	9.59	918367	27062688.00
2016/05/16	9.67	10.16	9.57	10.12	1531581	46505180.00
2016/05/17	10.62	10.94	10.50	10.51	3775968	123431456.00
2016/05/18	10.20	10.29	9.69	9.75	2192671	67427240.00
2016/05/19	9.75	10.35	9.74	10.15	1666645	51770052.00
2016/05/20	10.11	10.92	9.89	10.88	2525688	81457584.00
2016/05/23	10.80	11.07	10.63	10.81	2454378	81255648.00
2016/05/24	10.81	11.04	10.36	10.50	2401348	51450316.00
2016/05/25	10.68	10.74	10.20	10.24	1843291	39130640.00
2016/05/26	10.24	10.32	9.63	10.30	2526708	50935816.00
2016/05/27	10.21	10.32	10.03	10.16	2063709	42531820.00
2016/05/30	10.11	10.54	10.03	10.23	2461994	51589416.00
2016/05/31	10.36	11.11	10.16	10.86	3200092	68744520.00
2016/06/01	10.90	11.13	10.81	10.89	4912568	109189184.00
2016/06/02	11.06	12.00	11.02	11.30	7262087	169229584.00
2016/06/03	11.16	11.19	10.86	11.07	7664950	170662432.00
2016/06/06	11.00	11.05	10.78	10.89	4353565	96334152.00
2016/06/07	11.23	11.23	10.91	11.15	4950288	111193768.00
2016/06/08	11.15	11.24	10.86	11.21	4551044	101721984.00
2016/06/13	10.96	10.96	10.31	10.31	4790925	104371048.00
2016/06/14	10.09	10.29	9.91	10.03	2532410	51742184.00
2016/06/15	9.84	10.43	9.80	10.33	2699227	56195200.00
2016/06/16	10.33	10.43	10.16	10.28	2527410	52829828.00
2016/06/17	10.35	10.52	10.29	10.38	2128662	44900976.00
2016/06/20	10.40	10.46	10.22	10.42	1669101	35082896.00
2016/06/21	10.48	10.56	10.11	10.13	3369339	70617528.00
2016/06/22	10.16	10.46	10.11	10.45	2343809	48967996.00
2016/06/23	10.45	10.74	10.27	10.59	3100922	66428508.00
2016/06/24	10.56	10.76	10.11	10.59	3314634	70900208.00
2016/06/27	10.56	10.95	10.38	10.93	3386975	74140432.00
2016/06/28	10.95	11.10	10.85	10.96	3525036	78316896.00
2016/06/29	11.02	11.09	10.86	10.96	2502156	55456256.00
2016/06/30	10.90	11.48	10.90	11.42	5556190	126248864.00
2016/07/01	11.37	11.84	11.27	11.49	5335061	124655264.00
2016/07/04	11.31	11.66	11.31	11.51	3664045	85456144.00
2016/07/05	11.51	12.10	11.43	11.97	5707074	136204656.00
2016/07/06	11.86	13.00	11.80	12.80	10230642	254959520.00
2016/07/07	12.61	12.69	12.11	12.32	8530696	212938096.00
2016/07/08	12.11	12.11	11.74	11.86	6593074	158743008.00
2016/07/11	11.78	12.08	11.77	11.91	4384237	105676712.00
2016/07/12	11.87	11.99	11.58	11.92	3699802	88435624.00
2016/07/13	12.02	12.02	11.77	11.86	2713761	65143260.00
2016/07/14	11.79	11.92	11.79	11.86	2293564	55020252.00
2016/07/15	11.86	12.34	11.81	12.24	5088835	124665296.00
2016/07/18	12.30	12.43	11.91	12.00	7959960	197340752.00
2016/07/19	12.10	12.34	11.98	12.23	7646352	188045648.00
2016/07/20	12.12	12.17	11.87	11.94	4372536	106088592.00
2016/07/21	11.91	11.97	11.75	11.77	3600235	86355672.00
2016/07/22	11.77	11.84	11.31	11.40	4123482	96566912.00
2016/07/25	11.40	11.51	11.32	11.37	1836260	42399020.00
2016/07/26	11.36	11.55	11.36	11.52	1899306	44230604.00
2016/07/27	11.55	11.58	10.70	10.80	3692751	82772136.00
2016/07/28	10.81	10.86	10.58	10.70	2469706	53620552.00
2016/07/29	10.71	10.91	10.57	10.83	2531975	55102840.00
2016/08/01	10.76	10.84	10.57	10.77	1566700	33956564.00
2016/08/02	10.75	10.85	10.75	10.84	1067701	23373012.00
2016/08/03	10.82	10.89	10.79	10.86	1113571	24476928.00
2016/08/04	10.86	11.08	10.80	11.02	1698471	37702092.00
2016/08/05	10.98	11.08	10.90	10.93	1394541	31022754.00
2016/08/08	10.93	11.06	10.74	11.06	1682547	37321180.00
2016/08/09	11.07	11.15	10.98	11.07	1341375	30073910.00
2016/08/10	11.07	11.11	10.99	10.99	1251990	27994540.00
2016/08/11	10.95	11.03	10.79	10.79	1591896	35045356.00
2016/08/12	10.78	10.92	10.71	10.91	767552	16826296.00
2016/08/15	10.91	11.33	10.91	11.25	2741058	61751748.00
2016/08/16	11.24	11.61	11.21	11.50	2939662	68230800.00
2016/08/17	11.37	11.51	11.22	11.51	2183345	50422608.00
2016/08/18	11.51	11.60	11.37	11.45	2195265	50791984.00
2016/08/19	11.41	11.50	11.33	11.46	2125144	49075196.00
2016/08/22	11.50	11.55	11.31	11.31	1475399	34095204.00
2016/08/23	11.25	11.35	11.25	11.31	1108115	25349842.00
2016/08/24	11.32	11.39	11.26	11.31	1533444	35137092.00
2016/08/25	11.26	12.11	11.04	11.55	5293220	122954880.00
2016/08/26	11.46	11.56	11.33	11.38	3674251	85233984.00
2016/08/29	11.33	11.47	11.29	11.38	2059869	47406576.00
2016/08/30	11.37	11.44	11.32	11.39	1801904	41507572.00
2016/08/31	11.40	11.60	11.39	11.55	3686531	85842264.00
2016/09/01	11.50	11.59	11.32	11.32	2517292	58352092.00
2016/09/02	11.28	11.42	11.27	11.35	1293803	29722746.00
2016/09/05	11.33	11.46	11.29	11.31	1853614	42648696.00
2016/09/06	11.29	11.41	11.18	11.37	2155141	49300164.00
2016/09/07	11.36	11.61	11.36	11.49	4605818	107416176.00
2016/09/08	11.45	11.72	11.44	11.66	4335768	102036792.00
2016/09/09	11.70	11.73	11.53	11.54	3093225	72562152.00
2016/09/12	11.14	11.17	10.79	10.80	4407949	97965272.00
2016/09/13	10.91	10.94	10.77	10.82	1739595	38140236.00
2016/09/14	10.78	10.86	10.72	10.82	1132554	24726770.00
2016/09/19	10.82	10.92	10.79	10.90	1066449	23442370.00
2016/09/20	10.90	10.95	10.82	10.88	956150	21097356.00
2016/09/21	10.97	10.97	10.84	10.90	2035233	44879504.00
2016/09/22	10.94	10.97	10.88	10.93	1341256	29723650.00
2016/09/23	11.21	11.35	10.95	11.16	6779725	154069664.00
2016/09/26	11.28	11.28	10.88	10.88	3884703	86335752.00
2016/09/27	10.82	11.00	10.80	11.00	1951853	43037716.00
2016/09/28	10.99	10.99	10.84	10.86	1174066	25902388.00
2016/09/29	10.86	10.98	10.84	10.89	1194638	26410848.00
2016/09/30	10.89	10.97	10.86	10.97	1097253	24320984.00
2016/10/10	10.97	11.13	10.94	11.12	2095890	46956268.00
2016/10/11	11.11	11.18	11.11	11.15	1778341	40135176.00
2016/10/12	11.13	11.16	11.05	11.11	1447296	32484734.00
2016/10/13	10.96	11.05	10.93	11.00	2886757	64184468.00
2016/10/14	10.93	10.97	10.83	10.91	2506843	55278736.00
2016/10/17	10.96	11.08	10.93	10.98	3380400	75492208.00
2016/10/18	10.91	11.21	10.84	11.11	3605904	80535728.00
2016/10/19	11.15	11.33	11.03	11.27	4723033	106862712.00
2016/10/20	11.32	11.43	11.21	11.35	4495537	103081992.00
2016/10/21	11.69	11.71	11.11	11.22	5486491	126828152.00
2016/10/24	11.07	11.20	10.96	11.09	4314284	96845872.00
2016/10/25	11.09	11.41	11.06	11.37	5975200	136637616.00
2016/10/26	11.31	11.41	11.21	11.26	2823876	64476912.00
2016/10/27	11.25	11.35	11.17	11.31	2393138	54709892.00
2016/10/28	11.06	11.63	11.06	11.53	6683842	154147664.00
2016/10/31	11.56	11.62	11.37	11.55	4964080	115449464.00
2016/11/01	11.51	11.65	11.45	11.65	4775985	111720376.00
2016/11/02	11.85	11.85	11.49	11.64	5346105	125647184.00
2016/11/03	11.56	11.68	11.42	11.55	4244049	99353496.00
2016/11/04	11.61	12.72	11.46	11.78	9978217	241312160.00
2016/11/07	11.91	12.06	11.71	12.02	6877937	165075408.00
2016/11/08	12.00	12.41	11.93	12.02	6011371	147320304.00
2016/11/09	11.99	12.26	11.75	12.11	7761537	188834448.00
2016/11/10	12.16	12.70	12.13	12.58	10168999	255311856.00
2016/11/11	12.60	12.85	12.39	12.60	11552582	294778464.00
2016/11/14	12.81	12.81	12.39	12.59	8113437	205653184.00
2016/11/15	12.80	12.80	12.17	12.30	7364757	184024144.00
2016/11/16	12.28	12.45	12.23	12.31	4892283	122110672.00
2016/11/17	12.28	12.28	11.98	12.19	4479331	109861240.00
2016/11/18	12.19	12.35	12.11	12.16	3614717	89515288.00
2016/11/21	12.12	12.34	12.11	12.26	3987207	98798600.00
2016/11/22	12.33	12.57	12.30	12.44	5558443	140242720.00
2016/11/23	12.40	12.48	12.14	12.20	4467018	110867624.00
2016/11/24	12.16	12.23	11.96	12.00	3617277	88431136.00
2016/11/25	12.01	12.22	11.86	12.05	2869822	69841224.00
2016/11/28	12.08	12.15	11.96	12.05	1687960	41115708.00
2016/11/29	12.03	12.10	11.71	11.74	3009148	72720992.00
2016/11/30	11.74	11.83	11.68	11.78	2134990	50764584.00
2016/12/01	11.77	11.94	11.73	11.87	1818499	43618204.00
2016/12/02	11.86	11.98	11.56	11.59	2519193	59745184.00
2016/12/05	11.56	11.57	11.41	11.51	1238460	28823966.00
2016/12/06	11.51	11.70	11.51	11.61	1123350	26395870.00
2016/12/07	11.67	11.69	11.53	11.68	1177225	27676148.00
2016/12/08	11.69	11.73	11.61	11.62	1284350	30326710.00
2016/12/09	11.61	11.91	11.61	11.81	2638967	62946216.00
2016/12/12	11.80	12.07	11.71	11.83	7807733	188664624.00
2016/12/13	11.73	12.01	11.01	11.95	4315621	101066584.00
2016/12/14	12.04	12.33	11.95	12.17	5570528	137457328.00
2016/12/15	12.10	12.34	12.08	12.23	4210347	103976240.00
2016/12/16	12.23	12.23	12.01	12.11	3006345	73517672.00
2016/12/19	12.02	12.26	11.94	12.20	2615324	64203464.00
2016/12/20	12.22	12.30	11.75	11.77	3443649	83330712.00
2016/12/21	11.78	12.01	11.78	11.85	2171951	52204488.00
2016/12/22	11.85	11.87	11.48	11.76	3174465	74809560.00
2016/12/23	11.71	11.71	11.44	11.44	1429825	33494278.00
2016/12/26	11.36	11.54	11.04	11.54	2981212	67700240.00
2016/12/27	11.45	12.56	11.43	11.87	4122211	99730088.00
2016/12/28	11.86	11.86	11.65	11.79	2387288	56694644.00
2016/12/29	11.72	11.90	11.66	11.68	1453900	34670408.00
2016/12/30	11.68	11.74	11.31	11.36	2549081	59065948.00
2017/01/03	11.56	11.71	11.49	11.58	2027656	47597784.00
2017/01/04	11.65	11.79	11.58	11.72	1678887	39762272.00
2017/01/05	11.77	11.93	11.67	11.88	2887440	69064848.00
2017/01/06	11.78	11.97	11.71	11.75	2290266	54878912.00
2017/01/09	11.74	11.85	11.62	11.75	1805592	42874180.00
2017/01/10	11.76	11.76	11.46	11.52	2723543	63723744.00
2017/01/11	11.49	11.49	11.16	11.19	2604116	59679632.00
2017/01/12	11.13	11.24	10.76	10.81	4639350	102815224.00
2017/01/13	10.85	11.36	10.32	10.50	3680395	79804616.00
2017/01/16	10.57	10.57	9.46	10.13	2886198	59020716.00
2017/01/17	10.04	10.60	9.90	10.25	2007508	41552504.00
2017/01/18	10.16	10.25	10.09	10.11	1054900	21756644.00
2017/01/19	10.06	10.18	9.97	10.11	841562	17236488.00
2017/01/20	10.14	10.36	10.04	10.32	1862007	38705160.00
2017/01/23	10.32	10.65	10.26	10.50	2097175	44626936.00
2017/01/24	10.43	10.60	10.43	10.57	1630291	34792652.00
2017/01/25	10.51	10.55	10.32	10.48	2595442	54878632.00
2017/01/26	10.28	10.42	10.27	10.37	1819259	38086988.00
2017/02/03	10.32	10.42	10.27	10.38	1262971	26496898.00
2017/02/06	10.38	10.76	10.29	10.65	2467327	52879132.00
2017/02/07	10.65	10.74	10.58	10.65	1367687	29566308.00
2017/02/08	10.61	11.00	10.60	10.90	2532531	55784680.00
2017/02/09	10.93	11.07	10.87	10.91	1438504	31905234.00
2017/02/10	10.84	11.33	10.84	11.04	2424085	54419496.00
2017/02/13	11.03	11.21	10.86	11.16	2163169	48621936.00
2017/02/14	11.22	11.32	11.07	11.28	2536803	57696384.00
2017/02/15	11.18	11.30	11.18	11.26	3050115	69408456.00
2017/02/16	11.26	11.60	11.24	11.58	3516065	81901872.00
2017/02/17	11.58	11.78	11.41	11.41	4666555	110104240.00
2017/02/20	11.18	11.61	11.17	11.53	5990922	137517600.00
2017/02/21	11.46	11.76	11.43	11.58	3520856	83068200.00
2017/02/22	11.64	12.61	11.64	12.06	12543593	305451616.00
2017/02/23	12.09	12.10	11.75	11.79	5854679	140158544.00
2017/02/24	11.91	11.93	11.61	11.76	3263986	77578984.00
2017/02/27	11.99	11.99	11.66	11.71	1873419	44514492.00
2017/02/28	11.73	11.83	11.67	11.77	1740537	41498176.00
2017/03/01	11.72	11.79	11.72	11.75	1986463	47307948.00
2017/03/02	11.75	11.84	11.72	11.76	1719909	40984544.00
2017/03/03	11.76	12.00	11.65	11.86	2592177	62005348.00
2017/03/06	11.85	12.32	11.81	12.20	2813129	69174360.00
2017/03/07	12.15	12.63	12.15	12.62	5104901	128657024.00
2017/03/08	12.69	13.89	12.62	13.89	18832566	518072608.00
2017/03/09	13.91	14.06	12.49	13.16	28733350	750740224.00
2017/03/10	12.66	12.85	12.41	12.49	13021330	332018496.00
2017/03/13	12.70	12.86	12.24	12.32	10598605	267666944.00
2017/03/14	12.14	12.46	12.07	12.41	7974878	196975744.00
2017/03/15	12.31	12.76	12.16	12.16	5986601	149657984.00
2017/03/16	12.11	12.45	12.07	12.28	6445021	159575104.00
2017/03/17	12.21	12.38	12.08	12.09	4368033	108221000.00
2017/03/20	12.05	12.11	11.94	12.08	3799229	92308576.00
2017/03/21	12.02	12.18	11.92	12.12	3682485	89821480.00
2017/03/22	12.04	12.39	11.97	12.31	6398697	158586528.00
2017/03/23	12.32	12.39	11.95	12.14	4152715	102100872.00
2017/03/24	12.05	12.24	11.98	12.15	3647794	89333344.00
2017/03/27	12.13	12.19	11.95	12.12	4206913	102601208.00
2017/03/28	12.08	12.16	11.99	12.08	2392820	58413552.00
2017/03/29	12.04	12.41	12.01	12.10	5818093	144086240.00
2017/03/30	12.05	12.26	11.91	12.10	5370990	130891064.00
2017/03/31	12.10	12.28	11.98	12.26	2587337	63586932.00
2017/04/05	12.28	12.78	12.28	12.75	5456979	139401568.00
2017/04/06	12.78	12.81	12.52	12.52	4029426	102926280.00
2017/04/07	12.53	12.60	12.32	12.53	3439953	86686712.00
2017/04/10	12.53	12.53	12.30	12.40	3340491	83580456.00
2017/04/11	12.41	12.60	12.31	12.60	3092388	77834496.00
2017/04/12	12.60	12.73	12.36	12.36	2747400	69764952.00
2017/04/13	12.34	12.50	12.30	12.37	1769549	44302056.00
2017/04/14	12.33	12.46	12.26	12.40	1677104	41966828.00
2017/04/17	12.40	12.68	12.39	12.52	2876493	72881872.00
2017/04/18	12.53	12.66	12.32	12.37	2547043	64086644.00
2017/04/19	12.26	12.26	11.44	12.13	8392553	200151392.00
2017/04/20	12.14	12.35	11.83	11.86	2894147	70927600.00
2017/04/21	11.96	12.16	11.71	12.07	3732974	89586120.00
2017/04/24	11.97	12.37	11.86	12.11	4343354	106544176.00
2017/04/25	11.96	12.41	11.96	12.00	4553450	112144584.00
2017/04/26	12.00	12.07	11.85	11.90	1436113	34608832.00
2017/04/27	12.03	12.18	11.86	12.01	4259325	103697336.00
2017/04/28	12.05	12.05	11.88	12.00	1155505	27930364.00
2017/05/02	11.98	12.25	11.76	12.24	3824550	92945456.00
2017/05/03	12.19	12.62	12.19	12.55	5472600	137804384.00
2017/05/04	12.46	12.73	12.40	12.52	4092222	104020560.00
2017/05/05	12.58	13.11	12.21	13.01	7002054	179534496.00
2017/05/08	13.00	13.36	12.73	12.75	7179892	189326128.00
2017/05/09	12.71	12.96	12.61	12.90	3778904	97819488.00
2017/05/10	12.86	13.04	12.76	12.86	2762750	71954968.00
2017/05/11	12.81	13.65	12.76	13.60	6796948	181486608.00
2017/05/12	13.57	14.21	13.41	13.69	9314553	258982096.00
2017/05/15	13.73	13.73	13.47	13.67	3156875	86117936.00
2017/05/16	13.64	14.38	13.40	14.24	9251520	257470368.00
2017/05/17	14.34	14.56	13.98	14.24	5904411	168846512.00
2017/05/18	14.18	14.67	14.11	14.63	5606116	163655984.00
2017/05/19	14.62	15.43	14.56	15.11	7029765	210212528.00
2017/05/22	15.43	15.43	14.63	14.88	7849533	235839504.00
2017/05/23	14.88	14.88	13.39	13.68	10944869	305346976.00
2017/05/24	13.63	13.80	13.52	13.69	2751779	75335600.00
2017/05/25	13.70	13.78	13.49	13.53	1851979	50516340.00
2017/05/26	13.55	14.07	13.43	13.58	2447448	67026972.00
2017/05/31	13.91	13.94	13.42	13.42	1747175	47502464.00
2017/06/01	13.43	13.66	13.41	13.41	2479725	67153888.00
2017/06/02	13.41	13.58	13.40	13.41	2275225	61504476.00
2017/06/05	13.41	13.58	13.39	13.41	2100200	56703588.00
2017/06/06	13.41	13.52	13.29	13.36	3031066	81540072.00
2017/06/07	13.38	13.40	13.23	13.37	2854074	76429392.00
2017/06/08	13.42	13.58	13.37	13.44	4885390	132241896.00
2017/06/09	13.42	13.60	12.88	13.12	4219600	112034072.00
2017/06/23	12.71	12.94	12.38	12.73	8440840	214680752.00
2017/06/26	12.68	12.93	12.68	12.93	1520275	39168108.00
2017/06/27	12.88	13.58	12.82	13.31	8552007	229594640.00
2017/06/28	13.14	13.48	12.83	13.35	6639569	178008720.00
2017/06/29	13.33	13.43	13.18	13.32	3820490	102682728.00
2017/06/30	13.31	13.31	12.98	13.17	1216100	32167110.00
2017/07/03	13.17	13.22	12.98	13.09	2948509	77431976.00
2017/07/04	13.05	13.05	12.54	12.54	4818450	123631168.00
2017/07/05	12.38	12.55	12.04	12.53	6732100	166047408.00
2017/07/06	12.53	12.76	12.33	12.34	3206817	81039560.00
2017/07/07	12.29	12.73	12.29	12.72	2684592	67677880.00
2017/07/10	12.71	13.13	12.68	13.13	3470185	90200352.00
2017/07/11	13.13	13.32	12.93	13.03	1791100	47123580.00
2017/07/12	13.04	13.21	12.88	13.20	2330150	61051860.00
2017/07/13	13.21	13.28	13.09	13.20	2386799	63237552.00
2017/07/14	14.53	14.53	13.43	13.71	22947254	650536576.00
2017/07/17	13.68	13.70	12.33	12.51	13128293	333957344.00
2017/07/18	12.22	12.74	12.04	12.67	7310593	181934032.00
2017/07/19	12.43	12.57	12.24	12.52	4155400	103975208.00
2017/07/20	12.41	12.80	12.37	12.59	4149343	105101192.00
2017/07/21	12.58	12.93	12.51	12.75	3810113	97424192.00
2017/07/24	12.75	13.16	12.66	13.08	6723905	174170320.00
2017/07/25	13.08	13.22	12.84	13.06	4624075	121223472.00
2017/07/26	13.06	13.58	12.92	13.56	6812370	181951456.00
2017/07/27	13.56	14.06	13.52	13.83	9679649	268064736.00
2017/07/28	14.08	14.08	13.37	13.43	8819375	241221616.00
2017/07/31	13.28	13.80	13.21	13.76	5036575	137922400.00
2017/08/01	13.75	13.86	13.54	13.65	4121450	113769344.00
2017/08/02	13.62	13.75	13.38	13.38	3539000	96319544.00
2017/08/03	13.38	13.78	13.38	13.51	3707126	101469264.00
2017/08/04	13.56	13.73	13.39	13.39	4321275	117463208.00
2017/08/07	13.45	13.67	12.71	13.57	6571659	174948720.00
2017/08/08	13.55	13.70	13.35	13.66	5828775	159012064.00
2017/08/09	13.66	13.76	13.45	13.56	3776450	103139768.00
2017/08/10	13.58	13.58	13.33	13.33	3143450	84936976.00
2017/08/11	13.26	13.66	13.22	13.62	5882085	159594688.00
2017/08/14	13.48	13.98	13.28	13.83	9628434	263363328.00
2017/08/15	13.73	14.38	13.69	14.38	12076942	343281568.00
2017/08/16	14.30	14.52	14.24	14.30	7999237	230603152.00
2017/08/17	14.23	14.39	14.08	14.30	8360924	239342512.00
2017/08/18	14.19	14.24	13.90	14.08	5849100	165030016.00
2017/08/21	14.08	14.18	14.00	14.13	4473308	126727984.00
2017/08/22	14.13	14.41	14.00	14.37	6942379	198474672.00
2017/08/23	14.26	14.60	14.08	14.15	4873842	140246880.00
2017/08/24	14.08	14.08	13.76	13.76	5935720	166030480.00
2017/08/25	13.74	14.21	13.74	14.18	5547138	156514560.00
2017/08/28	14.18	15.48	14.16	15.14	16777791	505283776.00
2017/08/29	15.18	15.47	15.03	15.20	13310423	407643168.00
2017/08/30	15.34	15.82	15.04	15.28	9604368	296151072.00
2017/08/31	15.46	16.82	15.46	16.82	20744323	683453632.00
2017/09/01	16.71	16.91	16.16	16.77	16252580	537920000.00
2017/09/04	17.43	17.80	16.60	17.25	20950779	723363904.00
2017/09/05	17.33	18.43	16.71	17.95	21084348	742235648.00
2017/09/06	17.99	19.75	17.69	19.23	27438314	1036758656.00
2017/09/07	18.99	20.16	18.73	18.88	24558987	956886336.00
2017/09/08	18.80	19.49	18.51	19.26	44550396	851358144.00
2017/09/11	19.13	19.53	17.96	18.52	46925658	880711360.00
2017/09/12	17.71	17.91	16.66	16.66	49744582	854832128.00
2017/09/13	16.86	17.13	16.68	16.93	23967059	407381568.00
2017/09/14	16.83	18.63	16.74	18.63	57819518	1050462976.00
2017/09/15	18.92	20.07	18.42	18.42	72087653	1391758976.00
2017/09/18	17.80	19.13	17.53	18.12	42113744	779160640.00
2017/09/19	18.39	19.81	18.39	18.90	53691332	1027091008.00
2017/09/20	17.94	19.58	17.53	19.53	48490962	901117120.00
2017/09/21	19.27	20.38	18.68	18.77	54824496	1074122240.00
2017/09/22	18.28	18.92	17.93	18.12	29565559	542760384.00
2017/09/25	18.12	18.13	16.96	17.07	23586258	411399968.00
2017/09/26	16.93	17.18	16.43	16.69	15961101	269263808.00
2017/09/27	16.86	17.30	16.59	17.23	16671216	283356000.00
2017/09/28	17.22	17.22	16.41	16.41	18942150	318152096.00
2017/09/29	16.51	16.65	16.39	16.46	9611878	158915328.00
2017/10/09	16.46	17.03	16.44	16.87	11093268	187360480.00
2017/10/10	16.87	17.10	16.60	17.00	11469864	194357664.00
2017/10/11	16.96	16.99	16.63	16.65	9547550	160688352.00
2017/10/12	16.54	16.80	16.23	16.44	8767100	145286688.00
2017/10/13	16.38	16.78	16.34	16.65	9696172	161925120.00
2017/10/16	16.51	16.53	15.94	16.06	11454376	186179856.00
2017/10/17	16.18	16.27	15.89	16.01	5287414	85044472.00
2017/10/18	16.03	16.07	15.53	15.58	8076250	128395936.00
2017/10/19	15.36	15.98	15.36	15.91	7390000	117024464.00
2017/10/20	15.91	17.04	15.75	16.71	12711459	210254208.00
2017/10/23	16.69	18.12	16.63	17.88	22950439	400814496.00
2017/10/24	17.95	18.25	17.43	18.15	20632762	371706496.00
2017/10/25	18.09	18.31	17.73	17.98	12054222	217494752.00
2017/10/26	17.90	18.61	17.74	18.17	13628750	249513936.00
2017/10/27	18.15	18.20	17.59	18.03	9066750	162940672.00
2017/10/30	18.01	18.03	17.13	17.76	7337900	130539592.00
2017/10/31	17.93	18.56	17.83	18.42	12365600	227115904.00
2017/11/01	18.41	18.83	18.14	18.44	9239800	171034464.00
2017/11/02	18.39	18.81	18.15	18.77	13979133	260343296.00
2017/11/03	18.77	19.27	18.61	18.65	12335743	234319312.00
2017/11/06	18.61	18.80	17.73	18.62	9499883	174866688.00
2017/11/07	18.60	19.37	18.28	19.32	19598656	373658880.00
2017/11/08	19.31	21.07	19.14	20.57	26210812	536210016.00
2017/11/09	20.43	20.89	20.11	20.56	16473866	339216320.00
2017/11/10	20.71	22.18	20.43	21.42	20973593	442245408.00
2017/11/13	21.34	21.51	20.77	21.24	14041132	298615584.00
2017/11/14	21.36	21.44	20.89	21.20	13509034	286711488.00
2017/11/15	21.16	21.16	20.48	20.53	8529980	177132256.00
2017/11/16	20.50	20.81	20.21	20.53	8641550	177541072.00
2017/11/17	20.58	20.93	20.01	20.81	10367362	214508448.00
2017/11/20	21.07	22.90	20.81	22.90	22685448	503549216.00
2017/11/21	23.58	23.63	20.60	21.93	28329917	622671936.00
2017/11/22	21.78	21.78	20.74	21.21	12586708	268806336.00
2017/11/23	21.10	21.51	20.53	20.99	10616600	224524352.00
2017/11/24	20.84	20.99	20.24	20.87	6332150	130969736.00
2017/11/27	20.82	21.22	20.73	20.89	6885799	144883408.00
2017/11/28	20.89	22.12	20.78	22.08	12085096	260833376.00
2017/11/29	22.35	22.37	21.43	21.72	9705600	212481984.00
2017/11/30	21.71	22.23	21.51	21.53	11076399	242063488.00
2017/12/01	21.71	22.41	21.63	21.85	12278600	270686656.00
2017/12/04	21.79	22.11	20.43	21.81	9181838	197538368.00
2017/12/05	21.84	22.13	20.94	21.30	7943400	172837792.00
2017/12/06	21.30	21.31	19.23	20.41	9216530	187708048.00
2017/12/07	20.41	20.67	20.04	20.42	5469600	112026304.00
2017/12/08	20.43	20.83	20.18	20.80	5507500	113423288.00
2017/12/11	20.80	21.86	20.80	21.56	9478150	202450336.00
2017/12/12	21.56	23.07	21.45	22.11	8748350	191685344.00
2017/12/13	22.19	22.30	21.79	21.93	6836502	151098464.00
2017/12/14	21.89	22.09	21.58	21.73	5030250	110033584.00
2017/12/15	21.92	22.03	21.59	22.02	4256250	93094072.00
2017/12/18	21.91	22.06	21.73	21.78	4260250	93594896.00
2017/12/19	21.82	21.82	21.35	21.48	5850350	126805032.00
2017/12/20	21.47	21.48	20.99	21.48	5944150	126414768.00
2017/12/21	21.43	21.43	21.06	21.14	1883300	40125872.00
2017/12/22	21.18	21.52	20.38	20.91	5028200	104890272.00
2017/12/25	20.91	20.91	20.53	20.53	2568700	53385552.00
2017/12/26	20.50	20.73	20.08	20.55	8151000	167669792.00
2017/12/27	20.58	20.89	20.25	20.73	3960300	81460320.00
2017/12/28	20.67	20.91	20.41	20.83	4427006	91894984.00
2017/12/29	20.87	21.68	20.83	21.60	5768820	122402720.00
2018/01/02	21.60	21.76	21.26	21.65	5297650	113811848.00
2018/01/03	21.53	21.65	21.25	21.32	5777684	123765528.00
2018/01/04	21.32	21.50	21.13	21.33	3559082	75968608.00
2018/01/05	21.31	21.61	21.20	21.33	6489920	138997344.00
2018/01/08	21.27	21.45	20.94	21.00	3296854	69735416.00
2018/01/09	20.98	21.98	20.94	21.73	10263892	221358400.00
2018/01/10	21.63	21.97	21.44	21.70	6090939	132330672.00
2018/01/11	21.63	22.23	21.35	22.03	11096094	242381872.00
2018/01/12	21.91	22.71	21.70	22.44	11308692	252553776.00
2018/01/15	22.44	22.77	22.13	22.42	7156902	160551536.00
2018/01/16	22.35	22.54	21.93	21.99	5556800	123386320.00
2018/01/17	22.01	22.23	21.50	21.82	4380078	95597928.00
2018/01/18	21.68	21.97	21.58	21.86	3176440	69284632.00
2018/01/19	21.81	22.18	21.69	22.10	3296140	72547328.00
2018/01/22	22.10	22.72	22.02	22.41	5857390	131384216.00
2018/01/23	22.52	23.18	22.35	22.88	10732300	245363904.00
2018/01/24	22.67	23.03	22.36	22.67	6347146	143681600.00
2018/01/25	22.49	23.11	22.16	22.90	8992100	204703648.00
2018/01/26	22.68	23.23	22.38	22.92	5729900	131349952.00
2018/01/29	22.90	23.03	22.64	22.67	3048650	69755056.00
2018/01/30	22.67	22.67	22.06	22.34	4019490	89712184.00
2018/01/31	22.34	22.70	22.05	22.36	6425704	143414640.00
2018/02/01	22.27	22.49	20.12	20.12	10806400	225157296.00
2018/02/23	19.11	21.63	19.08	21.53	20959050	413340256.00
2018/02/26	21.40	21.70	20.98	21.49	8107090	173504368.00
2018/02/27	21.48	21.63	21.14	21.40	6065276	130130016.00
2018/02/28	21.44	21.69	21.31	21.45	5887972	126729536.00
2018/03/01	21.45	22.16	21.16	22.03	10429952	228861328.00
2018/03/02	21.93	22.41	21.78	22.13	9930350	220373728.00
2018/03/05	22.12	22.51	21.81	22.03	6166734	136235120.00
2018/03/06	22.03	22.73	21.83	22.16	6242800	139309648.00
2018/03/07	22.25	22.48	21.97	22.09	5530854	122472616.00
2018/03/08	22.09	22.23	21.97	22.03	6519500	144343360.00
2018/03/09	22.08	22.20	21.93	22.03	6260150	138301216.00
2018/03/12	22.11	22.58	21.97	22.52	10238556	228777072.00
2018/03/13	22.52	23.52	22.31	23.51	16169162	374802560.00
2018/03/14	23.51	24.07	23.25	24.01	19039112	452775328.00
2018/03/15	24.04	26.23	23.78	25.33	28602224	724632256.00
2018/03/16	26.09	26.10	24.76	25.59	17315534	439780000.00
2018/03/19	28.16	28.16	28.16	28.16	13686614	386373120.00
2018/03/20	30.98	30.98	25.34	27.32	49679006	1334906496.00
2018/03/21	25.23	25.38	24.58	24.58	34742504	858642176.00
2018/03/22	22.12	22.81	22.12	22.12	55192646	1225895808.00
2018/03/23	19.91	20.60	19.90	19.90	30555300	610584192.00
2018/03/26	18.31	18.31	17.90	17.90	43984186	790956992.00
2018/03/27	17.68	17.98	16.94	17.39	54663410	953864576.00
2018/03/28	16.93	17.28	16.43	16.50	34208545	580564352.00
2018/03/29	16.53	16.92	16.53	16.65	23200945	389375136.00
2018/03/30	16.68	16.83	16.48	16.52	22290050	372335200.00
2018/04/02	16.73	17.09	16.63	16.91	23061296	390779392.00
2018/04/03	16.59	16.59	15.77	15.99	24363143	395923968.00
2018/04/04	16.17	16.31	15.88	16.00	15585000	251631440.00
2018/04/09	15.93	15.93	15.38	15.53	15237420	238902464.00
2018/04/10	15.54	15.71	15.39	15.58	12670150	197837472.00
2018/04/11	15.65	16.43	15.55	16.39	23875370	385224672.00
2018/04/12	16.23	16.37	15.96	16.04	15153797	245787440.00
2018/04/13	16.10	16.50	16.10	16.21	13977694	228951616.00
2018/04/16	16.04	16.12	15.59	15.64	11477760	182382336.00
2018/04/17	15.73	15.80	14.85	14.96	11930148	183968752.00
2018/04/18	15.10	15.18	14.34	14.93	11749514	173495104.00
2018/04/19	14.83	15.10	14.81	15.01	8399211	126332520.00
2018/04/20	14.98	14.98	14.38	14.60	10235279	150637216.00
2018/04/23	14.54	14.63	14.37	14.45	6013150	87443680.00
2018/04/24	14.47	14.83	14.37	14.66	8633868	126918208.00
2018/04/25	14.61	14.80	14.46	14.72	7292700	107069120.00
2018/04/26	14.74	14.74	13.89	13.94	10678600	153365904.00
2018/04/27	14.11	14.29	13.89	14.22	7321400	103558760.00
2018/05/02	14.22	14.22	13.64	13.98	7724550	108059464.00
2018/05/03	13.96	14.03	13.66	13.93	7863590	109187632.00
2018/05/04	13.92	13.93	13.57	13.64	8138550	112352480.00
2018/05/07	13.64	13.88	13.57	13.82	7314962	101151864.00
2018/05/08	13.85	14.42	13.81	14.12	10003910	142598448.00
2018/05/09	14.17	14.17	13.84	13.91	6937510	97229384.00
2018/05/10	13.89	14.01	13.70	13.88	6196762	86264792.00
2018/05/11	13.91	14.24	13.88	13.89	7572200	106276800.00
2018/05/14	13.80	13.97	13.65	13.88	6255568	86260840.00
2018/05/15	13.82	13.86	13.70	13.84	5016693	69142528.00
2018/05/16	13.80	13.93	13.71	13.78	4987100	68775480.00
2018/05/17	13.73	13.86	13.63	13.66	5203334	71381384.00
2018/05/18	13.66	13.93	13.60	13.72	6895691	94976104.00
2018/05/21	13.80	13.93	13.75	13.80	5932560	82045368.00
2018/05/22	13.80	13.84	13.68	13.76	5341448	73276272.00
2018/05/23	13.76	14.28	13.70	14.02	13079549	183998672.00
2018/05/24	14.04	14.05	13.75	13.78	7385611	102462296.00
2018/05/25	13.70	13.75	13.41	13.50	8065986	109367920.00
2018/05/28	13.51	13.53	13.13	13.34	5678600	75649544.00
2018/05/29	13.29	13.61	13.22	13.42	7350900	98789576.00
2018/05/30	13.20	13.20	12.50	12.76	7945600	102439872.00
2018/05/31	12.90	12.97	12.66	12.77	7611800	97672136.00
2018/06/01	12.82	13.16	12.74	13.00	6505743	84188304.00
2018/06/04	13.02	13.19	12.91	13.08	3664500	47833496.00
2018/06/05	13.09	13.17	13.05	13.10	3328615	43628576.00
2018/06/06	13.01	13.25	13.01	13.11	3823964	50218820.00
2018/06/07	13.11	13.18	12.98	13.05	3624800	47411788.00
2018/06/08	13.00	13.14	12.63	12.90	4614300	59224596.00
2018/06/11	12.82	12.93	12.69	12.80	2326200	29773324.00
2018/06/12	12.80	12.92	12.57	12.77	2943440	37446372.00
2018/06/13	12.78	12.78	12.23	12.23	4444950	55436776.00
2018/06/14	12.23	12.40	11.93	12.30	5071550	61527508.00
2018/06/15	12.23	12.23	11.07	11.41	9099250	104241688.00
2018/06/19	11.10	11.10	10.27	10.27	5589100	59299672.00
2018/06/20	9.75	9.95	9.24	9.24	14987650	141468960.00
2018/06/21	9.19	9.42	8.92	9.23	11382637	104796264.00
2018/06/22	9.22	9.44	9.00	9.39	7932447	73388208.00
2018/06/25	9.40	9.58	9.23	9.40	7461982	69968240.00
2018/06/26	9.27	9.67	9.11	9.66	7048900	66372372.00
2018/06/27	9.54	9.60	9.31	9.49	6169100	58420080.00
2018/06/28	9.45	9.57	9.35	9.41	3915600	36979760.00
2018/06/29	9.40	10.27	9.21	9.81	11098910	106812720.00
2018/07/02	9.70	9.82	9.54	9.60	6451547	62518340.00
2018/07/03	9.56	9.67	9.30	9.56	4941347	47161616.00
2018/07/04	9.62	9.70	9.23	9.40	5251902	49679464.00
2018/07/05	9.39	9.42	8.94	9.28	6196168	56900256.00
2018/07/06	9.24	9.79	8.71	9.48	11189818	102900696.00
2018/07/09	9.36	9.89	9.30	9.80	11276202	108304744.00
2018/07/10	9.85	10.19	9.85	10.00	11715684	117440712.00
2018/07/11	9.77	9.98	9.56	9.95	8661800	84030888.00
2018/07/12	9.84	10.13	9.76	10.03	8933400	89171240.00
2018/07/13	10.02	10.02	9.85	9.90	4692532	46628972.00
2018/07/16	9.92	9.92	9.72	9.79	3544500	34717984.00
2018/07/17	9.90	9.91	9.72	9.80	2821100	27635926.00
2018/07/18	9.87	9.90	9.66	9.66	3749700	36695836.00
2018/07/19	9.30	9.76	9.18	9.70	7427380	70056480.00
2018/07/20	9.60	9.96	9.51	9.58	5284182	50821564.00
2018/07/23	9.56	9.72	9.36	9.61	5311332	50879864.00
2018/07/24	9.67	10.08	9.61	9.92	9073426	89627104.00
2018/07/25	9.95	10.04	9.78	9.90	7191600	71218608.00
2018/07/26	10.16	10.68	9.88	9.89	14464329	147125056.00
2018/07/27	9.70	9.90	9.51	9.85	7599900	73520672.00
2018/07/30	9.75	10.00	9.55	9.74	6006900	58363184.00
2018/07/31	9.68	9.77	9.58	9.61	3592200	34639044.00
2018/08/01	9.63	9.70	9.44	9.54	5092900	48595644.00
2018/08/02	9.54	9.54	8.70	9.08	7802491	70730880.00
2018/08/03	9.04	9.38	8.85	9.00	6131695	55453792.00
2018/08/06	8.96	9.03	8.62	8.68	4042200	35527360.00
2018/08/07	8.75	8.85	8.50	8.76	4960295	43076600.00
2018/08/08	8.73	8.96	8.67	8.75	5116795	45148568.00
2018/08/09	8.65	8.92	8.55	8.85	5533200	48786708.00
2018/08/10	8.83	8.91	8.68	8.74	4323700	37929208.00
2018/08/13	8.61	8.75	8.53	8.73	3223500	27886124.00
2018/08/14	8.74	8.85	8.69	8.73	2747300	23991134.00
2018/08/15	8.74	8.77	8.51	8.51	4056370	34997596.00
2018/08/16	8.33	8.44	8.19	8.20	3926100	32670832.00
2018/08/17	8.28	8.32	8.11	8.22	3756300	30789196.00
2018/08/20	8.22	8.28	8.08	8.24	2863968	23466604.00
2018/08/21	8.27	8.35	8.24	8.25	3342900	27702574.00
2018/08/22	8.29	8.30	8.20	8.26	2260000	18613248.00
2018/08/23	8.26	8.29	8.22	8.27	2218200	18326202.00
2018/08/24	8.28	8.33	8.22	8.30	2196200	18151192.00
2018/08/27	8.43	8.64	8.37	8.48	6564668	55917696.00
2018/08/28	8.45	8.63	8.40	8.51	3555900	30242576.00
2018/08/29	8.54	8.79	8.49	8.62	6594150	56874956.00
2018/08/30	8.57	8.66	8.54	8.62	4105400	35280168.00
2018/08/31	8.55	8.64	8.53	8.62	3146444	26992700.00
2018/09/03	8.66	8.68	8.53	8.63	2846449	24447336.00
2018/09/04	8.65	8.69	8.58	8.65	3769800	32595510.00
2018/09/05	8.64	8.71	8.59	8.61	3220800	27839388.00
2018/09/06	8.57	8.63	8.51	8.55	4311500	36938128.00
2018/09/07	8.61	8.68	8.51	8.57	5267821	45218036.00
2018/09/10	8.61	8.62	8.53	8.57	4340750	37207212.00
2018/09/11	8.57	8.72	8.50	8.60	6219999	53576436.00
2018/09/12	8.57	8.61	8.54	8.57	3307440	28330246.00
2018/09/13	8.59	8.62	8.55	8.61	2661414	22853214.00
2018/09/14	8.65	8.65	8.56	8.60	2154490	18497066.00
2018/09/17	9.00	9.00	8.58	8.58	8365518	72814792.00
2018/09/18	8.58	8.65	8.46	8.62	6083274	52090232.00
2018/09/19	8.61	8.62	8.52	8.55	3955424	33872968.00
2018/09/20	8.54	8.57	8.47	8.53	3262522	27786702.00
2018/09/21	8.50	8.94	8.45	8.56	7663655	65858184.00
2018/09/25	8.50	8.53	8.46	8.50	3687500	31297712.00
2018/09/26	8.53	8.56	8.47	8.52	2341900	19915816.00
2018/09/27	8.54	8.77	8.50	8.76	10431068	90781424.00
2018/09/28	8.72	9.04	8.71	9.00	11823177	105550256.00
2018/10/08	8.88	9.06	8.83	8.90	6838490	61198572.00
2018/10/09	8.95	9.01	8.81	8.94	3925200	34924508.00
2018/10/10	9.00	9.04	8.86	8.91	3679250	32913830.00
2018/10/11	8.60	8.97	8.56	8.68	11109986	97253600.00
2018/10/12	8.73	8.90	8.49	8.70	9170186	79679824.00
2018/10/15	8.65	8.78	8.64	8.65	3834586	33367694.00
2018/10/16	8.65	8.92	8.60	8.66	4200450	36615748.00
2018/10/17	8.72	8.83	8.61	8.67	4138574	35969648.00
2018/10/18	8.53	8.61	8.51	8.55	4278800	36642104.00
2018/10/19	8.50	8.64	8.49	8.61	4803600	41312984.00
2018/10/22	8.63	9.01	8.60	8.91	10097750	88805872.00
2018/10/23	8.83	8.91	8.76	8.76	6409050	56494356.00
2018/10/24	8.60	8.88	8.55	8.75	4673673	40782568.00
2018/10/25	8.61	8.67	8.52	8.61	3772300	32458928.00
2018/10/26	8.75	8.75	8.55	8.56	3285400	28273656.00
2018/10/29	8.57	8.90	8.37	8.60	10698300	92711344.00
2018/10/30	8.54	8.62	8.49	8.56	3195400	27318612.00
2018/10/31	8.56	8.63	8.52	8.56	3542900	30384344.00
2018/11/01	8.53	8.83	8.51	8.65	10982594	94893048.00
2018/11/02	8.65	8.75	8.61	8.70	8141594	70778424.00
2018/11/05	8.65	8.72	8.61	8.71	4930300	42760464.00
2018/11/06	8.69	8.70	8.62	8.69	2705800	23433432.00
2018/11/07	8.69	8.74	8.62	8.64	3656810	31730340.00
2018/11/08	8.67	8.70	8.61	8.63	2843900	24559836.00
2018/11/09	8.64	8.90	8.59	8.70	13449300	117640152.00
2018/11/12	8.74	9.57	8.66	9.09	24960989	226046144.00
2018/11/13	8.99	9.23	8.90	9.11	15134735	137742208.00
2018/11/14	9.11	9.16	9.02	9.02	9316700	84591504.00
2018/11/15	9.02	9.25	8.99	9.16	9418400	85893472.00
2018/11/16	9.19	9.23	9.06	9.09	7691600	70098144.00
2018/11/19	9.13	9.17	8.90	9.03	6799145	61235456.00
2018/11/20	8.96	9.01	8.79	8.80	5479300	48695664.00
2018/11/21	8.70	8.81	8.63	8.79	4147250	36224160.00
2018/11/22	8.80	8.90	8.74	8.86	6490860	57297972.00
2018/11/23	8.91	8.92	8.48	8.50	8200900	71071184.00
2018/11/26	8.42	8.49	8.21	8.26	5893700	49112228.00
2018/11/27	8.31	8.34	8.23	8.26	2957300	24497500.00
2018/11/28	8.28	8.28	7.94	8.14	5180245	41862276.00
2018/11/29	8.15	8.36	8.13	8.30	6188060	51040692.00
2018/11/30	8.80	9.00	8.45	8.61	18425334	160017072.00
2018/12/03	8.53	8.82	8.53	8.67	14790655	128491144.00
2018/12/04	8.56	8.62	8.45	8.52	7626100	64940104.00
2018/12/05	8.28	8.33	8.20	8.21	7740498	63860840.00
2018/12/06	8.18	8.27	8.14	8.16	4232938	34669584.00
2018/12/07	8.14	8.23	8.13	8.17	2276600	18626120.00
2018/12/10	8.10	8.21	8.05	8.13	2950300	24019808.00
2018/12/11	8.18	8.18	8.10	8.15	2513550	20440124.00
2018/12/12	8.18	8.25	8.14	8.23	3021537	24774338.00
2018/12/13	8.17	8.33	8.16	8.27	4453687	36677304.00
2018/12/14	8.26	8.27	8.16	8.27	5179637	42603708.00
2018/12/17	8.26	8.33	8.22	8.28	2503500	20719684.00
2018/12/18	8.27	8.45	8.21	8.41	6208537	51795180.00
2018/12/19	8.40	8.55	8.36	8.46	6050837	51113448.00
2018/12/20	8.39	8.49	8.35	8.46	3895050	32815136.00
2018/12/21	8.40	8.44	8.22	8.38	3878800	32348280.00
2018/12/24	8.34	8.42	8.27	8.38	3184937	26590344.00
2018/12/25	8.33	8.33	8.15	8.30	4170600	34324332.00
2018/12/26	8.32	8.75	8.28	8.49	11705551	99540432.00
2018/12/27	8.55	8.55	8.18	8.22	5335600	44598024.00
2018/12/28	8.19	8.27	8.14	8.24	3601500	29553196.00
2019/01/02	8.40	8.55	8.22	8.27	5119300	42859828.00
2019/01/03	8.16	8.26	8.06	8.06	4689501	38184864.00
数据来源:通达信
