002349 精华制药 日线 前复权
      日期	    开盘	    最高	    最低	    收盘	    成交量	    成交额
2010/02/03	2.87	3.46	2.76	3.09	12334918	301154240.00
2010/02/04	2.91	3.24	2.82	3.11	7573668	186428704.00
2010/02/05	3.05	3.41	3.05	3.31	7099687	187575216.00
2010/02/08	3.32	3.40	3.21	3.36	4298585	115148832.00
2010/02/09	3.30	3.33	3.10	3.16	3180055	83101464.00
2010/02/10	3.17	3.44	3.12	3.40	3392308	90520632.00
2010/02/11	3.35	3.54	3.33	3.41	3648515	101270888.00
2010/02/12	3.38	3.48	3.31	3.41	2224542	60999684.00
2010/02/22	3.38	3.40	3.27	3.29	2139060	57555836.00
2010/02/23	3.27	3.49	3.25	3.47	2580061	70204848.00
2010/02/24	3.42	3.66	3.41	3.64	3314285	95016128.00
2010/02/25	3.64	3.73	3.59	3.62	2569189	75253200.00
2010/02/26	3.58	3.76	3.58	3.64	2307303	68331904.00
2010/03/01	3.65	3.80	3.62	3.76	1917093	57294060.00
2010/03/02	3.75	3.84	3.71	3.80	1621984	48949584.00
2010/03/03	3.74	3.81	3.71	3.73	1297661	38952312.00
2010/03/04	3.72	3.75	3.44	3.50	2522967	73121496.00
2010/03/05	3.51	3.59	3.46	3.52	1425202	40475656.00
2010/03/08	3.51	3.55	3.47	3.55	1189612	33786892.00
2010/03/09	3.53	3.53	3.42	3.46	1392668	38981304.00
2010/03/10	3.45	3.58	3.45	3.51	1339893	38111660.00
2010/03/11	3.49	3.51	3.34	3.46	1427516	39534096.00
2010/03/12	3.44	3.55	3.42	3.49	1700509	48116264.00
2010/03/15	3.47	3.50	3.40	3.46	797981	22258616.00
2010/03/16	3.37	3.42	3.31	3.36	1920090	52155616.00
2010/03/17	3.35	3.41	3.33	3.41	1050704	28803658.00
2010/03/18	3.43	3.43	3.35	3.37	924800	25329196.00
2010/03/19	3.37	3.48	3.34	3.46	1087379	29918760.00
2010/03/22	3.45	3.48	3.41	3.45	720328	20014720.00
2010/03/23	3.45	3.51	3.44	3.45	899057	25197536.00
2010/03/24	3.46	3.55	3.41	3.52	1314246	37004488.00
2010/03/25	3.49	3.64	3.48	3.56	1796239	51835700.00
2010/03/26	3.52	3.59	3.47	3.56	919357	26115298.00
2010/03/29	3.51	3.58	3.48	3.52	945910	26840656.00
2010/03/30	3.53	3.73	3.51	3.68	2180216	64281364.00
2010/03/31	3.73	4.08	3.72	4.08	2615476	83272368.00
2010/04/01	4.20	4.24	3.99	4.09	4503335	148305168.00
2010/04/02	4.03	4.10	3.95	4.06	1924547	61781064.00
2010/04/06	4.05	4.06	3.91	3.98	1745430	55646328.00
2010/04/08	4.00	4.24	4.00	4.04	2677058	88306776.00
2010/04/09	3.98	4.05	3.95	4.01	1255011	40039584.00
2010/04/12	4.01	4.20	4.00	4.17	1964640	64964644.00
2010/04/13	4.15	4.36	3.73	3.99	2226423	72417264.00
2010/04/14	3.99	4.05	3.89	4.03	950305	30417070.00
2010/04/15	4.04	4.05	3.75	3.76	1420469	43967672.00
2010/04/16	3.69	3.81	3.69	3.77	547885	16611363.00
2010/04/19	3.75	3.81	3.60	3.62	936905	28024528.00
2010/04/20	3.63	3.97	3.56	3.87	1166681	34889764.00
2010/04/21	3.90	4.09	3.83	4.06	1500675	48061852.00
2010/04/22	4.06	4.17	4.00	4.05	1422913	46695056.00
2010/04/23	4.05	4.48	4.00	4.47	2830816	95785688.00
2010/04/26	4.41	4.55	4.27	4.50	2106495	74646424.00
2010/04/27	4.40	4.46	4.03	4.17	1749129	58834724.00
2010/04/28	4.09	4.25	3.95	4.08	911364	30046674.00
2010/04/29	4.11	4.21	3.97	3.99	901766	29719472.00
2010/04/30	3.93	3.95	3.57	3.72	1481753	44333568.00
2010/05/04	3.60	3.71	3.51	3.63	2589188	75297528.00
2010/05/05	3.56	3.82	3.53	3.79	1952505	58681040.00
2010/05/06	3.77	3.91	3.70	3.71	1789705	54676424.00
2010/05/07	3.58	3.89	3.55	3.83	2013548	61233072.00
2010/05/10	3.85	3.85	3.60	3.83	1763565	52972232.00
2010/05/11	3.85	4.04	3.83	4.01	2734607	86742896.00
2010/05/12	3.97	4.03	3.59	3.72	2021825	61809764.00
2010/05/13	3.67	3.79	3.37	3.78	1724587	49463840.00
2010/05/14	3.69	3.91	3.60	3.80	1437504	43793592.00
2010/05/17	3.74	3.88	3.69	3.69	1542541	46736764.00
2010/05/18	3.63	3.84	3.44	3.72	1396687	40457624.00
2010/05/19	3.68	3.89	3.60	3.81	1699199	51846084.00
2010/05/20	3.81	3.89	3.70	3.76	1531187	46623572.00
2010/05/21	3.61	3.86	3.60	3.85	1166555	35326208.00
2010/05/24	3.84	4.07	3.84	4.01	1882080	59968000.00
2010/05/25	3.97	4.15	3.96	4.14	2331861	75885216.00
2010/05/26	4.13	4.18	4.02	4.08	1520888	49993640.00
2010/05/27	4.07	4.21	3.97	4.21	1662579	54426840.00
2010/05/31	4.21	4.38	4.03	4.04	2651165	89894960.00
2010/06/01	4.01	4.10	3.85	3.95	2000778	63507444.00
2010/06/02	3.91	3.94	3.80	3.93	1105261	34201280.00
2010/06/03	3.96	4.03	3.90	3.91	1565228	49618484.00
2010/06/04	3.92	3.92	3.77	3.92	1011237	31130342.00
2010/06/07	3.81	4.01	3.78	4.01	1619205	51188780.00
2010/06/08	3.99	4.09	3.99	4.07	2103728	67934024.00
2010/06/09	4.07	4.18	4.03	4.12	1885059	61553132.00
2010/06/10	4.09	4.26	4.08	4.19	1788085	59397316.00
2010/06/11	4.23	4.27	4.13	4.15	1392423	46253816.00
2010/06/17	4.17	4.22	3.89	3.90	1527429	49087972.00
2010/06/18	3.79	3.85	3.49	3.59	2001519	59084328.00
2010/06/21	3.55	3.70	3.48	3.66	896259	25772928.00
2010/06/22	3.61	3.71	3.61	3.67	583843	17197562.00
2010/06/23	3.62	3.72	3.61	3.68	433558	12739566.00
2010/06/24	3.68	3.75	3.68	3.69	406826	12092679.00
2010/06/25	3.67	3.71	3.57	3.60	519632	15141382.00
2010/06/28	3.60	3.65	3.49	3.50	489670	13977402.00
2010/06/29	3.50	3.51	3.21	3.21	1380513	37113664.00
2010/06/30	3.17	3.25	3.08	3.23	677011	17291856.00
2010/07/01	3.23	3.25	3.11	3.12	422331	10855078.00
2010/07/02	3.12	3.13	2.88	3.01	847972	20602524.00
2010/07/05	2.99	3.07	2.92	3.04	497358	12168714.00
2010/07/06	3.03	3.15	2.99	3.14	661090	16668027.00
2010/07/07	3.09	3.18	3.09	3.17	498933	12730625.00
2010/07/08	3.16	3.21	3.10	3.14	420500	10744599.00
2010/07/09	3.12	3.29	3.11	3.28	694119	18161784.00
2010/07/12	3.28	3.35	3.25	3.28	606446	16164971.00
2010/07/13	3.28	3.28	3.16	3.21	470029	12202618.00
2010/07/14	3.23	3.34	3.22	3.23	576873	15206774.00
2010/07/15	3.23	3.29	3.16	3.16	417551	10903473.00
2010/07/16	3.14	3.21	3.10	3.21	318811	8155784.50
2010/07/19	3.18	3.29	3.16	3.27	464583	12223479.00
2010/07/20	3.28	3.36	3.27	3.35	1202199	32189820.00
2010/07/21	3.36	3.37	3.30	3.32	800776	21552434.00
2010/07/22	3.32	3.36	3.31	3.35	569862	15370899.00
2010/07/23	3.36	3.37	3.28	3.33	1897928	50923752.00
2010/07/26	3.34	3.42	3.32	3.40	1394124	38064144.00
2010/07/27	3.40	3.40	3.36	3.37	625751	17022990.00
2010/07/28	3.37	3.44	3.35	3.43	790995	21755762.00
2010/07/29	3.43	3.48	3.40	3.45	1085455	30017266.00
2010/07/30	3.48	3.48	3.32	3.35	1227956	33431570.00
2010/08/02	3.33	3.41	3.32	3.40	1157380	31511002.00
2010/08/03	3.40	3.50	3.37	3.43	1577927	43475472.00
2010/08/04	3.41	3.44	3.34	3.42	951345	26053268.00
2010/08/05	3.41	3.59	3.41	3.50	2160456	60683332.00
2010/08/06	3.51	3.72	3.48	3.66	1884827	54229224.00
2010/08/09	3.66	3.67	3.61	3.66	1537689	44846680.00
2010/08/10	3.65	3.68	3.47	3.47	1202169	34581996.00
2010/08/11	3.48	3.56	3.45	3.56	766707	21657326.00
2010/08/12	3.49	3.63	3.49	3.55	1104345	31643098.00
2010/08/13	3.54	3.62	3.52	3.60	716373	20558410.00
2010/08/16	3.59	3.74	3.59	3.68	1434765	42468992.00
2010/08/17	3.68	3.84	3.62	3.83	2416694	72868056.00
2010/08/18	3.81	3.97	3.78	3.93	3522935	109525696.00
2010/08/19	3.89	3.91	3.83	3.86	1751499	54130964.00
2010/08/20	3.86	3.88	3.79	3.83	1254809	38411308.00
2010/08/23	3.83	3.90	3.81	3.86	884274	27243770.00
2010/08/24	3.85	3.86	3.79	3.82	797766	24397608.00
2010/08/25	3.81	3.86	3.77	3.77	820033	25040542.00
2010/08/26	3.75	4.16	3.72	4.13	5306340	166404208.00
2010/08/27	4.05	4.05	3.92	3.95	2513894	79740912.00
2010/08/30	3.92	3.99	3.85	3.95	2135819	67112528.00
2010/08/31	3.91	3.94	3.85	3.88	1840376	57131256.00
2010/09/01	3.88	3.94	3.77	3.81	1476258	45651664.00
2010/09/02	3.85	3.93	3.83	3.88	1182889	36772664.00
2010/09/03	3.92	4.02	3.92	3.97	1573021	49855656.00
2010/09/06	3.97	4.01	3.87	3.91	1190761	37225564.00
2010/09/07	3.91	3.96	3.89	3.95	753002	23666284.00
2010/09/08	3.94	4.07	3.91	4.02	1442195	45794184.00
2010/09/09	4.04	4.07	3.88	3.90	1423329	45115844.00
2010/09/10	3.90	3.98	3.84	3.96	1150087	36071820.00
2010/09/13	4.28	4.28	4.12	4.17	4004169	133859344.00
2010/09/14	4.12	4.17	4.02	4.03	2148635	69771056.00
2010/09/15	4.02	4.11	3.85	3.87	1538470	49081412.00
2010/09/16	3.91	3.92	3.70	3.80	1081189	32838656.00
2010/09/17	3.76	3.86	3.74	3.81	627253	19094948.00
2010/09/20	3.81	3.84	3.71	3.71	752147	22513184.00
2010/09/21	3.72	3.74	3.69	3.71	414309	12322621.00
2010/09/28	3.80	3.82	3.71	3.74	782062	23569338.00
2010/09/29	3.75	3.76	3.71	3.72	458345	13713797.00
2010/09/30	3.69	3.76	3.68	3.72	394140	11764317.00
2010/10/08	3.76	3.84	3.73	3.81	767743	23371228.00
2010/10/11	3.84	3.84	3.76	3.80	1109822	33605316.00
2010/10/12	3.79	3.79	3.73	3.74	768087	23162296.00
2010/10/13	3.73	3.79	3.72	3.79	695232	20908720.00
2010/10/14	3.81	3.83	3.68	3.69	1016615	30380056.00
2010/10/15	3.69	3.69	3.49	3.50	1257959	35971360.00
2010/10/18	3.49	3.50	3.35	3.46	986883	27095582.00
2010/10/19	3.46	3.63	3.46	3.62	790530	22741664.00
2010/10/20	3.54	3.70	3.53	3.68	1115035	32701302.00
2010/10/21	3.68	3.82	3.66	3.79	2145989	64570040.00
2010/10/22	3.77	3.77	3.69	3.73	972539	29053032.00
2010/10/25	3.73	3.81	3.73	3.78	1030728	31239092.00
2010/10/26	3.79	3.80	3.68	3.76	1184223	35304664.00
2010/10/27	3.77	3.92	3.76	3.79	1473059	45145872.00
2010/10/28	3.77	3.89	3.76	3.83	1134911	34836680.00
2010/10/29	3.85	3.94	3.80	3.91	1141438	35451044.00
2010/11/01	3.95	4.13	3.95	4.13	1931953	62616328.00
2010/11/02	4.13	4.18	4.02	4.09	1612048	52496280.00
2010/11/03	4.09	4.12	3.97	3.99	956418	30569428.00
2010/11/04	3.99	4.04	3.94	3.99	754417	23986414.00
2010/11/05	3.99	4.06	3.95	4.03	781496	24958058.00
2010/11/08	4.02	4.11	4.00	4.11	940704	30573532.00
2010/11/09	4.10	4.14	4.04	4.11	916085	29840670.00
2010/11/10	4.10	4.29	4.08	4.23	1552620	52297412.00
2010/11/11	4.19	4.41	4.18	4.29	2010754	68974584.00
2010/11/12	4.27	4.41	4.17	4.20	2739127	93103240.00
2010/11/15	4.28	4.43	4.21	4.42	3136744	107600400.00
2010/11/16	4.42	4.67	4.21	4.31	3144699	111336904.00
2010/11/17	4.22	4.34	3.96	4.07	1575498	52440312.00
2010/11/18	4.12	4.18	4.09	4.16	490008	16154908.00
2010/11/19	4.17	4.52	4.17	4.47	1388845	47977712.00
2010/11/22	4.47	4.77	4.47	4.68	1780464	65846588.00
2010/11/23	4.68	4.88	4.62	4.76	1472268	55186492.00
2010/11/24	4.68	4.90	4.67	4.86	1132246	43128864.00
2010/11/25	5.05	5.37	5.05	5.37	1032821	43313360.00
2010/11/26	5.48	5.88	5.27	5.34	4503096	194716016.00
2010/11/29	5.21	5.34	5.15	5.20	2168761	89092016.00
2010/11/30	5.21	5.33	4.87	5.12	2088578	83326832.00
2010/12/01	5.11	5.43	5.03	5.25	1475860	60805988.00
2010/12/02	5.25	5.33	5.15	5.15	867942	35536164.00
2010/12/03	5.11	5.20	4.81	4.97	1013486	39819496.00
2010/12/06	4.98	5.15	4.79	4.85	1098659	42866704.00
2010/12/07	4.80	4.98	4.76	4.97	795757	30795778.00
2010/12/08	4.99	5.04	4.93	4.96	518409	20341254.00
2010/12/09	4.98	5.04	4.91	4.91	475930	18637866.00
2010/12/10	4.92	5.00	4.84	4.99	575651	22523296.00
2010/12/13	5.00	5.16	4.96	5.13	997346	39989924.00
2010/12/14	5.11	5.15	5.03	5.07	1068247	42674568.00
2010/12/15	5.07	5.09	4.97	5.01	915771	36278044.00
2010/12/16	5.01	5.15	4.94	5.04	872599	34481760.00
2010/12/17	5.09	5.22	5.05	5.10	1203949	48527356.00
2010/12/20	5.08	5.13	4.81	4.98	900800	35612904.00
2010/12/21	4.97	5.01	4.97	4.98	307195	12074409.00
2010/12/22	4.97	4.99	4.86	4.91	523053	20292914.00
2010/12/23	4.90	4.94	4.72	4.73	565075	21526494.00
2010/12/24	4.69	4.69	4.48	4.52	584139	21084936.00
2010/12/27	4.52	4.61	4.44	4.45	672050	24149484.00
2010/12/28	4.48	4.68	4.45	4.60	628128	22798852.00
2010/12/29	4.66	4.72	4.57	4.72	419566	15499144.00
2010/12/30	4.72	4.75	4.64	4.74	277077	10306614.00
2010/12/31	4.74	4.80	4.69	4.79	234313	8802616.00
2011/01/04	5.29	5.29	5.29	5.29	2053780	85396176.00
2011/01/05	5.60	5.84	5.48	5.84	9859799	439317600.00
2011/01/06	5.63	5.93	5.63	5.87	5330932	241026464.00
2011/01/07	5.47	5.57	5.25	5.25	4542527	191683312.00
2011/01/10	4.98	5.03	4.79	4.91	4971039	193124288.00
2011/01/11	4.85	4.88	4.69	4.80	1999571	75493280.00
2011/01/12	4.78	4.89	4.77	4.83	1686951	64269036.00
2011/01/13	4.83	4.83	4.67	4.72	1607223	60054620.00
2011/01/14	4.72	4.96	4.71	4.87	2896782	110401384.00
2011/01/17	4.81	4.83	4.38	4.47	2146876	77769072.00
2011/01/18	4.41	4.53	4.35	4.51	1194892	42020152.00
2011/01/19	4.23	4.41	4.23	4.38	3040871	104014912.00
2011/01/20	4.33	4.33	4.01	4.02	2409288	80151152.00
2011/01/21	3.99	4.03	3.90	3.99	1485903	47131536.00
2011/01/24	3.99	4.04	3.73	3.76	1197268	36913420.00
2011/01/25	3.75	3.77	3.62	3.69	927605	27308314.00
2011/01/26	3.70	3.81	3.69	3.76	914545	27496986.00
2011/01/27	3.76	3.84	3.69	3.83	814373	24674604.00
2011/01/28	3.84	3.88	3.79	3.83	962206	29453032.00
2011/01/31	3.82	3.86	3.77	3.84	903696	27598388.00
2011/02/01	3.85	3.85	3.72	3.79	1011760	30641792.00
2011/02/09	3.73	4.05	3.72	4.05	2032197	63681280.00
2011/02/10	4.03	4.17	3.95	4.15	1738493	56775160.00
2011/02/11	4.14	4.17	4.09	4.16	1482550	48766268.00
2011/02/14	4.20	4.24	4.15	4.20	1402615	46767556.00
2011/02/15	4.20	4.23	4.16	4.16	1063050	35467708.00
2011/02/16	4.15	4.22	4.13	4.19	734736	24458418.00
2011/02/17	4.19	4.41	4.19	4.31	1187512	40667372.00
2011/02/21	4.28	4.39	4.17	4.35	1081860	37073448.00
2011/02/22	4.37	4.41	4.09	4.14	1150780	38775420.00
2011/02/23	4.16	4.25	4.16	4.21	839065	28055944.00
2011/02/24	4.21	4.38	4.18	4.38	1418868	48765148.00
2011/02/25	4.37	4.41	4.32	4.38	901782	31294502.00
2011/02/28	4.38	4.45	4.31	4.36	861008	29751274.00
2011/03/01	4.36	4.41	4.30	4.40	1082292	29917908.00
2011/03/02	4.42	4.60	4.38	4.54	1836610	52441744.00
2011/03/03	4.54	4.55	4.36	4.37	1405062	39413440.00
2011/03/04	4.36	4.42	4.33	4.38	575568	15937809.00
2011/03/07	4.39	4.43	4.26	4.33	1504917	41323724.00
2011/03/08	4.33	4.43	4.28	4.43	1503252	41491444.00
2011/03/09	4.43	4.76	4.43	4.70	3464764	101502064.00
2011/03/10	4.70	4.70	4.49	4.60	1676102	48591816.00
2011/03/11	4.56	4.66	4.55	4.58	1394557	40535396.00
2011/03/14	4.57	4.67	4.49	4.65	1847623	53605940.00
2011/03/15	4.65	4.66	4.43	4.56	1498001	42854464.00
2011/03/16	4.56	4.57	4.51	4.54	769159	22054198.00
2011/03/17	4.54	4.54	4.43	4.43	856483	24124084.00
2011/03/18	4.43	4.48	4.38	4.40	836990	23455508.00
2011/03/21	4.39	4.46	4.31	4.35	759400	20980620.00
2011/03/22	4.36	4.37	4.26	4.33	583850	15925128.00
2011/03/24	4.36	4.45	4.36	4.43	937109	26247688.00
2011/03/25	4.43	4.46	4.38	4.41	623910	17380824.00
2011/03/28	4.41	4.45	4.34	4.35	760056	21105884.00
2011/03/29	4.34	4.38	4.26	4.26	826475	22431008.00
2011/03/30	4.26	4.30	4.18	4.20	456747	12238639.00
2011/03/31	4.20	4.25	4.18	4.21	344918	9215849.00
2011/04/01	4.22	4.30	4.22	4.27	338466	9144120.00
2011/04/06	4.23	4.30	4.22	4.23	380907	10254418.00
2011/04/07	4.22	4.23	4.18	4.22	489936	13026442.00
2011/04/08	4.21	4.32	4.19	4.30	507058	13739667.00
2011/04/11	4.29	4.37	4.29	4.31	501518	13751422.00
2011/04/12	4.29	4.34	4.28	4.30	412805	11289080.00
2011/04/13	4.30	4.37	4.28	4.36	434572	11908468.00
2011/04/14	4.36	4.39	4.26	4.30	518862	14236654.00
2011/04/15	4.33	4.34	4.28	4.29	442975	12060172.00
2011/04/18	4.30	4.34	4.22	4.24	690184	18627818.00
2011/04/19	4.22	4.23	4.09	4.13	795001	20971758.00
2011/04/20	4.13	4.22	4.13	4.22	769360	20308846.00
2011/04/21	4.22	4.32	4.21	4.31	802009	21739608.00
2011/04/22	4.31	4.46	4.31	4.40	1717138	47688096.00
2011/04/25	4.43	4.48	4.30	4.37	1378787	38414316.00
2011/04/26	4.37	4.41	4.29	4.34	778630	21471932.00
2011/04/27	4.35	4.41	4.23	4.26	740196	20239590.00
2011/04/28	4.30	4.33	4.09	4.10	648259	17106480.00
2011/04/29	4.10	4.19	4.10	4.17	236979	6234423.50
2011/05/03	4.16	4.22	4.11	4.22	238441	6336451.00
2011/05/04	4.19	4.24	4.11	4.12	303119	8028699.50
2011/05/05	4.13	4.27	4.13	4.24	488233	13031999.00
2011/05/06	4.25	4.38	4.19	4.35	1010657	27792542.00
2011/05/09	4.38	4.46	4.35	4.37	951885	26509812.00
2011/05/10	4.37	4.37	4.28	4.33	625110	17055904.00
2011/05/11	4.34	4.37	4.29	4.36	604447	16614021.00
2011/05/12	4.31	4.46	4.29	4.38	1596583	44607684.00
2011/05/13	4.38	4.44	4.34	4.41	716697	19928844.00
2011/05/16	4.41	4.45	4.38	4.42	753302	21104066.00
2011/05/17	4.43	4.44	4.24	4.28	938987	25670980.00
2011/05/18	4.28	4.30	4.26	4.28	429612	11660771.00
2011/05/19	4.28	4.32	4.19	4.21	549521	14779108.00
2011/05/20	4.17	4.24	4.16	4.21	268742	7171230.50
2011/05/23	4.14	4.21	4.04	4.06	582364	15212872.00
2011/05/24	4.06	4.07	3.88	4.03	538186	13570087.00
2011/05/25	4.04	4.06	3.93	3.96	306747	7798851.00
2011/05/26	3.96	4.03	3.93	3.93	228412	5751399.50
2011/05/27	3.90	3.96	3.82	3.82	386924	9571598.00
2011/05/30	3.81	3.82	3.73	3.74	232917	5591538.00
2011/05/31	3.78	3.79	3.68	3.76	399632	9542400.00
2011/06/01	3.78	3.82	3.74	3.82	541838	13031340.00
2011/06/02	3.76	3.76	3.64	3.66	539188	12712562.00
2011/06/03	3.67	3.77	3.67	3.77	379038	9059896.00
2011/06/07	3.76	3.84	3.74	3.80	261149	6346041.50
2011/06/08	3.78	3.82	3.72	3.77	265564	6368216.50
2011/06/10	3.71	3.71	3.61	3.65	474516	11071478.00
2011/06/13	3.67	3.67	3.60	3.63	260066	6025368.00
2011/06/14	3.65	3.74	3.61	3.72	300671	7123689.50
2011/06/15	3.72	3.73	3.68	3.70	195231	4627033.00
2011/06/16	3.69	3.71	3.63	3.64	184795	4311585.50
2011/06/17	3.67	3.67	3.49	3.52	336326	7730982.00
2011/06/20	3.54	3.54	3.35	3.37	478244	10442752.00
2011/06/21	3.35	3.43	3.35	3.40	304299	6627113.50
2011/06/22	3.40	3.43	3.37	3.39	154349	3370364.00
2011/06/23	3.41	3.48	3.36	3.47	457564	10099340.00
2011/06/24	3.46	3.64	3.43	3.60	616975	14045288.00
2011/06/27	3.59	3.69	3.58	3.64	530473	12339758.00
2011/06/28	3.67	3.67	3.59	3.64	339824	7868501.00
2011/06/29	3.64	3.72	3.58	3.59	419710	9778974.00
2011/06/30	3.58	3.67	3.58	3.66	430063	10038811.00
2011/07/01	3.68	3.70	3.65	3.67	571839	13449299.00
2011/07/04	3.69	3.75	3.68	3.75	541441	12889929.00
2011/07/05	3.75	3.87	3.74	3.83	828057	20179750.00
2011/07/06	3.83	3.85	3.78	3.85	515342	12556031.00
2011/07/07	3.85	3.95	3.82	3.90	928779	23029358.00
2011/07/08	3.90	3.90	3.79	3.84	474585	11617613.00
2011/07/11	3.83	3.89	3.77	3.86	345013	8449433.00
2011/07/12	3.82	3.82	3.77	3.77	479557	11606790.00
2011/07/13	3.77	3.87	3.77	3.86	434657	10653319.00
2011/07/14	3.86	4.04	3.85	4.00	1337501	33568016.00
2011/07/15	4.02	4.39	4.02	4.32	2626730	70600992.00
2011/07/18	4.33	4.34	4.22	4.25	2037450	55398352.00
2011/07/19	4.24	4.24	4.13	4.18	812013	21452692.00
2011/07/20	4.23	4.26	4.07	4.16	889624	23520682.00
2011/07/21	4.13	4.17	4.08	4.08	718241	18745998.00
2011/07/22	4.09	4.19	4.07	4.12	618221	16239367.00
2011/07/25	4.13	4.24	3.98	4.01	1356766	35712164.00
2011/07/26	4.04	4.04	3.92	3.96	697339	17544648.00
2011/07/27	3.96	4.13	3.93	4.11	623696	16050150.00
2011/07/28	4.08	4.09	3.99	4.07	605311	15564975.00
2011/07/29	4.06	4.09	3.99	4.01	413142	10606570.00
2011/08/01	3.99	4.07	3.94	4.06	343131	8793653.00
2011/08/02	4.04	4.04	3.93	3.98	442880	11183951.00
2011/08/03	3.94	4.09	3.93	4.03	386160	9890949.00
2011/08/04	4.01	4.10	4.01	4.05	291576	7531726.00
2011/08/05	3.97	4.07	3.90	4.07	733678	18746304.00
2011/08/08	4.04	4.11	3.76	3.79	1139695	28644966.00
2011/08/09	3.59	3.76	3.43	3.72	1223479	28169688.00
2011/08/10	3.78	3.84	3.72	3.74	772724	18673088.00
2011/08/11	3.65	3.83	3.64	3.83	558760	13500845.00
2011/08/12	3.91	3.99	3.88	3.90	543100	13540195.00
2011/08/15	3.92	4.02	3.90	4.02	675929	17171234.00
2011/08/16	3.99	4.01	3.90	3.90	804566	20161154.00
2011/08/17	3.87	3.93	3.85	3.88	355791	8798256.00
2011/08/18	3.86	3.91	3.78	3.79	439695	10770730.00
2011/08/19	3.74	3.76	3.65	3.71	472340	11173277.00
2011/08/22	3.71	3.75	3.64	3.66	261415	6158264.50
2011/08/23	3.66	3.74	3.66	3.74	267731	6330825.00
2011/08/24	3.78	3.86	3.78	3.82	675755	16464524.00
2011/08/25	3.79	3.94	3.79	3.93	712147	17599060.00
2011/08/26	3.92	4.06	3.90	4.03	1203895	30712480.00
2011/08/29	3.99	4.13	3.98	4.11	1175459	30430046.00
2011/08/30	4.11	4.13	3.99	4.01	720978	18675280.00
2011/08/31	4.02	4.14	3.98	4.13	766879	19754760.00
2011/09/02	4.09	4.15	4.00	4.13	514682	13335239.00
2011/09/05	4.09	4.09	3.96	4.07	456149	11691552.00
2011/09/06	4.13	4.17	4.03	4.17	1005414	26301076.00
2011/09/07	4.16	4.25	4.15	4.18	1513192	40319412.00
2011/09/08	4.18	4.19	4.03	4.11	902719	23538432.00
2011/09/09	4.11	4.13	4.01	4.01	368205	9492851.00
2011/09/13	4.00	4.00	3.94	3.96	221860	5588477.50
2011/09/14	3.98	3.99	3.88	3.96	331003	8276715.50
2011/09/15	3.96	4.06	3.92	4.06	549386	14076989.00
2011/09/16	4.08	4.08	3.98	4.01	233741	5982501.00
2011/09/19	3.98	3.98	3.91	3.91	213730	5340209.00
2011/09/20	3.97	3.98	3.87	3.87	230234	5729147.00
2011/09/21	3.85	3.97	3.81	3.95	648810	16212207.00
2011/09/22	3.91	3.91	3.73	3.83	895684	21876690.00
2011/09/23	3.80	3.83	3.76	3.81	350332	8485360.00
2011/09/26	3.80	3.84	3.70	3.70	339188	8168758.50
2011/09/27	3.71	3.75	3.66	3.70	185582	4388501.00
2011/09/28	3.75	3.80	3.68	3.72	229611	5489637.50
2011/09/29	3.68	3.68	3.51	3.53	430750	9971436.00
2011/09/30	3.53	3.62	3.52	3.62	213669	4909732.00
2011/10/10	3.60	3.67	3.59	3.59	83678	1940801.50
2011/10/11	3.64	3.68	3.61	3.66	292522	6815756.50
2011/10/12	3.63	3.84	3.61	3.82	464413	11204732.00
2011/10/13	3.84	3.88	3.78	3.84	381850	9330705.00
2011/10/14	3.73	3.85	3.71	3.83	533852	12834470.00
2011/10/17	3.86	3.90	3.76	3.86	407778	9944672.00
2011/10/18	3.83	3.83	3.76	3.77	299156	7240277.00
2011/10/19	3.73	3.82	3.73	3.81	295148	7121426.50
2011/10/20	3.79	3.82	3.69	3.79	334307	8024993.50
2011/10/21	3.78	3.79	3.71	3.76	123671	2951792.25
2011/10/24	3.65	3.81	3.65	3.76	195625	4672069.00
2011/10/25	3.73	3.91	3.72	3.90	821572	20191026.00
2011/10/26	3.90	4.01	3.85	3.96	442780	11047987.00
2011/10/27	3.96	3.99	3.92	3.97	442250	11144047.00
2011/10/28	3.98	4.04	3.94	3.98	346569	8769768.00
2011/10/31	3.96	4.02	3.93	3.96	418454	10593769.00
2011/11/01	3.91	3.98	3.91	3.93	492357	12340376.00
2011/11/02	3.89	3.99	3.88	3.99	749386	18875652.00
2011/11/03	4.01	4.07	3.95	3.97	1063216	27097070.00
2011/11/04	4.00	4.04	3.93	4.01	699576	17775872.00
2011/11/07	4.01	4.19	4.01	4.11	1312475	34444540.00
2011/11/08	4.12	4.14	4.02	4.12	625099	16245893.00
2011/11/09	4.09	4.17	4.04	4.16	583613	15253007.00
2011/11/10	4.17	4.17	4.06	4.06	434958	11367220.00
2011/11/11	4.06	4.19	4.05	4.13	757138	19881582.00
2011/11/14	4.13	4.23	4.13	4.23	1321920	35205128.00
2011/11/15	4.21	4.24	4.19	4.22	558180	14919681.00
2011/11/16	4.24	4.25	4.07	4.19	448798	11863389.00
2011/11/17	4.19	4.19	4.11	4.15	280179	7390396.50
2011/11/18	4.14	4.14	4.08	4.08	297759	7747728.50
2011/11/21	4.07	4.08	3.97	4.04	452675	11561507.00
2011/11/22	3.97	4.11	3.97	4.10	324032	8402416.00
2011/11/23	4.13	4.14	4.05	4.06	128690	3337534.75
2011/11/24	4.02	4.13	4.02	4.06	306633	7931734.00
2011/11/25	4.06	4.10	4.01	4.05	227221	5861084.00
2011/11/28	3.99	4.09	3.99	4.04	189240	4886628.50
2011/11/29	4.07	4.17	4.07	4.17	447780	11752563.00
2011/11/30	4.17	4.17	3.81	3.93	793150	19973594.00
2011/12/01	4.01	4.06	3.97	4.00	362474	9258125.00
2011/12/02	3.98	4.01	3.93	3.94	163983	4121986.25
2011/12/05	3.91	3.91	3.86	3.87	162408	4004005.75
2011/12/06	3.85	3.88	3.83	3.87	67340	1656496.25
2011/12/07	3.89	3.89	3.79	3.82	126126	3086768.75
2011/12/08	3.73	3.86	3.73	3.79	90414	2196331.75
2011/12/09	3.74	3.83	3.73	3.79	111200	2688174.00
2011/12/12	3.81	3.82	3.75	3.77	54810	1327233.00
2011/12/13	3.76	3.76	3.58	3.70	251178	5879006.50
2011/12/14	3.69	3.70	3.61	3.65	132495	3074754.75
2011/12/15	3.63	3.66	3.54	3.63	230228	5307586.50
2011/12/16	3.62	3.66	3.53	3.65	330019	7563639.50
2011/12/19	3.62	3.72	3.55	3.70	185207	4258224.50
2011/12/20	3.63	3.72	3.63	3.69	111978	2633856.00
2011/12/21	3.69	3.71	3.60	3.60	109970	2581824.75
2011/12/22	3.58	3.59	3.39	3.49	176708	3929024.00
2011/12/23	3.41	3.52	3.41	3.52	173506	3892465.50
2011/12/26	3.43	3.56	3.43	3.51	77855	1758655.00
2011/12/27	3.55	3.55	3.36	3.39	142637	3126282.25
2011/12/28	3.41	3.51	3.28	3.30	188584	4006662.50
2011/12/29	3.36	3.48	3.28	3.33	46045	985306.50
2011/12/30	3.29	3.37	3.29	3.37	194930	4208712.00
2012/01/04	3.35	3.39	3.14	3.22	116201	2466320.25
2012/01/05	3.16	3.20	2.88	2.89	325547	6336416.00
2012/01/06	2.88	2.88	2.68	2.73	296416	5316675.00
2012/01/09	2.76	2.87	2.68	2.83	277575	5078575.50
2012/01/10	2.83	2.98	2.82	2.97	312820	5937997.00
2012/01/11	2.98	3.07	2.93	2.98	235486	4580267.00
2012/01/12	2.95	3.00	2.88	2.91	273722	5184006.00
2012/01/13	2.88	2.90	2.62	2.64	649246	11410789.00
2012/01/16	2.59	2.65	2.44	2.44	552594	9220781.00
2012/01/17	2.45	2.57	2.33	2.54	934510	15056902.00
2012/01/18	2.51	2.56	2.37	2.38	832111	13498042.00
2012/01/19	2.39	2.47	2.34	2.46	434652	6864597.50
2012/01/20	2.47	2.57	2.43	2.57	685761	11216058.00
2012/01/30	2.57	2.57	2.48	2.52	298074	4950190.50
2012/01/31	2.52	2.53	2.48	2.51	199527	3277980.00
2012/02/01	2.49	2.55	2.48	2.51	508911	8438577.00
2012/02/02	2.52	2.58	2.52	2.57	480602	8050323.50
2012/02/03	2.57	2.68	2.54	2.66	737348	12697684.00
2012/02/06	2.66	2.74	2.64	2.71	669030	11810889.00
2012/02/07	2.69	2.69	2.64	2.67	391637	6801866.00
2012/02/08	2.64	2.84	2.64	2.84	944111	16936618.00
2012/02/09	2.81	2.94	2.79	2.92	1102077	20651740.00
2012/02/10	2.92	3.01	2.91	3.01	1598185	30660148.00
2012/02/13	2.99	3.07	2.91	3.03	992260	19333068.00
2012/02/14	3.02	3.03	2.98	3.02	384271	7469578.50
2012/02/15	3.04	3.09	2.97	3.08	744976	14619612.00
2012/02/16	3.09	3.09	3.01	3.06	467481	9203482.00
2012/02/17	3.05	3.05	2.97	3.02	835563	16280427.00
2012/02/20	3.08	3.10	3.02	3.08	678182	13454962.00
2012/02/21	3.08	3.23	3.06	3.21	912019	18454796.00
2012/02/22	3.19	3.31	3.19	3.29	600941	12673872.00
2012/02/23	3.28	3.34	3.28	3.33	554173	11811456.00
2012/02/24	3.31	3.34	3.31	3.33	528279	11304670.00
2012/02/27	3.47	3.49	3.34	3.36	3734075	81798808.00
2012/02/28	3.32	3.34	3.19	3.24	1893716	39754716.00
2012/02/29	3.21	3.25	3.15	3.16	933281	19263336.00
2012/03/01	3.13	3.18	3.12	3.15	632804	12889318.00
2012/03/02	3.16	3.23	3.15	3.21	820843	16954028.00
2012/03/05	3.23	3.24	3.19	3.21	868647	17977134.00
2012/03/06	3.21	3.21	3.12	3.17	545756	11148598.00
2012/03/07	3.14	3.22	3.11	3.17	585500	12045162.00
2012/03/08	3.20	3.22	3.18	3.20	599645	12379329.00
2012/03/09	3.21	3.34	3.21	3.31	1714331	36198988.00
2012/03/12	3.32	3.36	3.27	3.36	1336886	28479242.00
2012/03/13	3.37	3.37	3.30	3.33	740918	15847459.00
2012/03/14	3.34	3.41	3.18	3.18	1737634	37031436.00
2012/03/15	3.18	3.32	3.11	3.27	1016917	21030254.00
2012/03/16	3.27	3.46	3.27	3.46	1383479	29785354.00
2012/03/19	3.46	3.56	3.44	3.47	1443664	32333038.00
2012/03/20	3.44	3.46	3.29	3.30	805001	17451194.00
2012/03/21	3.32	3.40	3.31	3.40	715045	15485153.00
2012/03/22	3.38	3.39	3.33	3.34	351145	7573644.50
2012/03/23	3.32	3.34	3.18	3.21	683960	14335538.00
2012/03/26	3.23	3.23	3.14	3.20	380549	7814190.50
2012/03/27	3.19	3.25	3.19	3.20	321532	6654291.00
2012/03/29	3.01	3.04	2.93	2.98	511295	9893259.00
2012/03/30	2.97	3.03	2.89	2.94	255589	4874427.00
2012/04/05	2.94	3.04	2.94	3.01	266391	5181567.50
2012/04/06	3.00	3.16	3.00	3.13	428997	8640756.00
2012/04/09	3.13	3.14	3.06	3.07	188539	3760424.25
2012/04/10	3.07	3.11	2.99	3.11	201073	3984719.50
2012/04/11	3.09	3.12	3.03	3.11	192017	3833512.00
2012/04/12	3.09	3.16	3.08	3.16	405302	8206927.00
2012/04/13	3.19	3.19	3.12	3.14	244204	4960992.50
2012/04/16	3.14	3.14	3.08	3.08	286466	5729115.50
2012/04/17	3.10	3.10	3.05	3.08	200985	4003599.50
2012/04/18	3.10	3.17	3.07	3.17	526746	10641985.00
2012/04/19	3.17	3.32	3.15	3.30	969717	20313958.00
2012/04/20	3.29	3.32	3.21	3.26	376112	7934104.00
2012/04/23	3.26	3.29	3.18	3.19	344500	7183981.00
2012/04/24	3.19	3.31	3.18	3.27	752963	15762434.00
2012/04/25	3.27	3.28	3.21	3.26	467613	9788175.00
2012/04/26	3.25	3.29	3.21	3.24	430502	9017385.00
2012/04/27	3.25	3.28	3.18	3.20	426473	8836024.00
2012/05/02	3.27	3.27	3.16	3.19	934390	9602371.00
2012/05/03	3.18	3.30	3.18	3.30	1636526	17059316.00
2012/05/04	3.31	3.38	3.28	3.34	1567860	16809458.00
2012/05/07	3.31	3.48	3.31	3.47	2431895	26640286.00
2012/05/08	3.46	3.54	3.39	3.40	1999833	22069700.00
2012/05/09	3.38	3.38	3.29	3.30	1649091	17509870.00
2012/05/10	3.29	3.37	3.27	3.34	1332746	14205969.00
2012/05/11	3.34	3.51	3.33	3.46	2948618	32424812.00
2012/05/14	3.48	3.61	3.40	3.54	3833535	43079824.00
2012/05/15	3.50	3.53	3.40	3.48	1949973	21520134.00
2012/05/16	3.47	3.51	3.42	3.42	1713075	18965624.00
2012/05/17	3.42	3.50	3.41	3.42	1274877	14029325.00
2012/05/18	3.37	3.44	3.11	3.26	1446034	15316187.00
2012/05/21	3.26	3.31	3.13	3.26	1129966	11659817.00
2012/05/22	3.26	3.35	3.26	3.34	1009759	10729351.00
2012/05/23	3.33	3.35	3.28	3.34	703935	7469735.50
2012/05/24	3.29	3.34	3.27	3.28	568909	6008659.00
2012/05/25	3.28	3.29	3.13	3.16	1410049	14375660.00
2012/05/28	3.13	3.16	3.10	3.14	1399374	14043131.00
2012/05/29	3.14	3.20	3.14	3.16	1738966	17693684.00
2012/05/30	3.19	3.26	3.17	3.24	1210252	12473315.00
2012/05/31	3.24	3.27	3.20	3.23	1251622	12981256.00
2012/06/01	3.23	3.29	3.21	3.24	1191534	12436429.00
2012/06/04	3.18	3.23	3.12	3.23	1348675	13734514.00
2012/06/05	3.18	3.25	3.16	3.21	1640465	16958384.00
2012/06/06	3.21	3.22	3.13	3.15	1062212	10798053.00
2012/06/07	3.20	3.22	3.11	3.11	1218104	12337879.00
2012/06/11	3.11	3.16	2.92	3.14	1241832	12299905.00
2012/06/12	3.12	3.22	3.05	3.15	1208874	12146694.00
2012/06/13	3.17	3.27	3.15	3.27	3278142	34056000.00
2012/06/14	3.25	3.33	3.22	3.24	2158546	22671794.00
2012/06/15	3.29	3.58	3.27	3.58	5755467	65017832.00
2012/06/18	3.68	3.96	3.65	3.96	13959032	170722032.00
2012/06/19	4.08	4.38	4.03	4.38	22563218	302907968.00
2012/06/20	4.38	4.38	4.16	4.25	16067903	215322640.00
2012/06/21	4.21	4.23	4.09	4.15	9161503	120315216.00
2012/06/25	4.11	4.34	3.96	4.16	13448332	176977792.00
2012/06/26	4.04	4.24	3.88	4.20	10067158	130317160.00
2012/06/27	4.16	4.61	3.90	4.21	16272695	220566352.00
2012/06/28	4.10	4.38	4.07	4.32	12372114	166004304.00
2012/06/29	4.31	4.77	4.28	4.77	21114500	305372256.00
2012/07/02	4.91	5.04	4.68	4.85	19585800	298724384.00
2012/07/03	4.74	4.84	4.62	4.65	14804408	219256800.00
2012/07/04	4.60	4.72	4.55	4.68	8990617	131187000.00
2012/07/05	4.66	4.66	4.46	4.46	7404282	105606288.00
2012/07/06	4.49	4.68	4.28	4.64	10334375	145628960.00
2012/07/09	4.54	4.64	4.28	4.30	8243819	116632488.00
2012/07/10	4.24	4.24	4.04	4.09	5586644	73139064.00
2012/07/11	4.04	4.26	4.02	4.21	5047030	66621868.00
2012/07/12	4.21	4.41	4.09	4.34	7529809	101817000.00
2012/07/13	4.28	4.44	4.23	4.29	4940216	67369640.00
2012/07/16	4.29	4.73	4.19	4.68	14272443	205263744.00
2012/07/17	4.54	4.63	4.19	4.46	8706634	120692544.00
2012/07/18	4.43	4.48	4.21	4.45	7092862	97057768.00
2012/07/19	4.39	4.48	4.28	4.37	5246911	72489936.00
2012/07/20	4.33	4.46	4.28	4.34	4836704	66548160.00
2012/07/23	4.24	4.27	4.08	4.10	4044545	53118488.00
2012/07/24	4.05	4.31	3.98	4.20	3884801	51572840.00
2012/07/25	4.17	4.20	4.06	4.07	3038597	39660004.00
2012/07/26	4.10	4.10	3.97	3.97	3233292	41335060.00
2012/07/27	4.00	4.11	3.86	3.89	3746211	47066272.00
2012/07/30	3.83	3.89	3.58	3.60	4622659	54493908.00
2012/07/31	3.57	3.66	3.45	3.61	3101971	35228480.00
2012/08/01	3.61	3.72	3.59	3.69	2731661	31866212.00
2012/08/02	3.69	3.91	3.68	3.81	5689357	68938064.00
2012/08/03	3.79	3.87	3.73	3.86	3385021	40962180.00
2012/08/06	3.85	3.97	3.80	3.96	3421198	42195996.00
2012/08/07	3.94	3.95	3.77	3.85	5402445	66044896.00
2012/08/08	3.85	3.85	3.71	3.73	3637754	43435204.00
2012/08/09	3.73	4.03	3.70	4.01	6188993	76108400.00
2012/08/10	4.01	4.07	3.92	4.01	6250944	79143032.00
2012/08/13	4.04	4.14	3.93	3.98	4783136	61316972.00
2012/08/14	3.98	4.00	3.78	3.96	3041507	37557468.00
2012/08/15	3.94	3.96	3.81	3.82	2155502	26444830.00
2012/08/16	3.81	3.84	3.73	3.75	2152644	25858054.00
2012/08/17	3.73	3.77	3.71	3.77	1541190	18291114.00
2012/08/20	3.74	3.90	3.61	3.88	2611475	30950188.00
2012/08/21	3.87	3.98	3.84	3.96	4629565	57583976.00
2012/08/22	3.96	3.98	3.86	3.88	2948416	36470544.00
2012/08/23	3.87	3.90	3.81	3.85	1610325	19652418.00
2012/08/24	3.84	3.87	3.74	3.74	1792420	21562942.00
2012/08/27	3.70	3.72	3.64	3.67	1792528	20950532.00
2012/08/28	3.65	3.78	3.65	3.73	1245161	14747498.00
2012/08/29	3.71	3.80	3.68	3.68	896276	10630532.00
2012/08/30	3.69	3.72	3.31	3.53	2219922	25057548.00
2012/08/31	3.52	3.54	3.41	3.49	1018856	11295026.00
2012/09/03	3.45	3.53	3.44	3.52	1307174	14656098.00
2012/09/04	3.54	3.64	3.53	3.56	1598547	18247124.00
2012/09/05	3.51	3.56	3.45	3.53	1234538	13862313.00
2012/09/06	3.55	3.66	3.53	3.61	2005323	23043886.00
2012/09/07	3.66	3.84	3.64	3.80	3862253	45864192.00
2012/09/10	3.81	3.84	3.75	3.80	2393681	28863122.00
2012/09/11	3.76	3.86	3.76	3.78	2207257	26665260.00
2012/09/12	3.81	3.92	3.77	3.82	2192621	26610366.00
2012/09/13	3.82	3.84	3.76	3.76	1650575	19935228.00
2012/09/14	3.77	3.83	3.76	3.78	2214558	26684674.00
2012/09/17	3.79	3.81	3.56	3.58	2062544	24035846.00
2012/09/18	3.56	3.56	3.47	3.54	2361288	26379540.00
2012/09/19	3.52	3.55	3.48	3.52	1152376	12916736.00
2012/09/20	3.50	3.52	3.34	3.36	1421115	15567562.00
2012/09/21	3.36	3.43	3.30	3.32	1053859	11318685.00
2012/09/24	3.28	3.36	3.26	3.33	958039	10198102.00
2012/09/25	3.33	3.38	3.29	3.38	1173883	12602224.00
2012/09/26	3.35	3.39	3.17	3.18	1064213	11121021.00
2012/09/27	3.18	3.28	3.14	3.26	1239546	12866736.00
2012/09/28	3.26	3.33	3.22	3.32	1118074	11781590.00
2012/10/08	3.35	3.36	3.29	3.32	973712	10339648.00
2012/10/09	3.32	3.50	3.32	3.48	1757722	19278928.00
2012/10/10	3.44	3.52	3.43	3.49	1260208	13990104.00
2012/10/11	3.49	3.57	3.40	3.42	1672773	18677900.00
2012/10/12	3.44	3.49	3.34	3.40	1069978	11643304.00
2012/10/15	3.40	3.49	3.38	3.49	1141123	12564357.00
2012/10/16	3.49	3.62	3.44	3.54	3336821	37829528.00
2012/10/17	3.54	3.56	3.45	3.51	1198180	13385782.00
2012/10/18	3.52	3.58	3.48	3.57	1700804	19209352.00
2012/10/19	3.58	3.59	3.51	3.54	1369740	15454120.00
2012/10/22	3.54	3.56	3.49	3.55	790398	8878885.00
2012/10/23	3.57	3.57	3.45	3.49	1550304	17248736.00
2012/10/24	3.49	3.49	3.41	3.42	1418050	15591754.00
2012/10/25	3.44	3.46	3.36	3.40	905702	9868924.00
2012/10/26	3.41	3.41	3.28	3.36	954774	10157839.00
2012/10/29	3.35	3.37	3.32	3.37	457650	4905741.00
2012/10/30	3.38	3.38	3.31	3.36	562373	6006405.50
2012/10/31	3.36	3.36	3.31	3.36	514427	5494062.50
2012/11/01	3.36	3.42	3.35	3.41	1528523	16590027.00
2012/11/02	3.44	3.50	3.42	3.45	1492996	16500267.00
2012/11/05	3.48	3.48	3.37	3.41	971955	10576506.00
2012/11/06	3.43	3.43	3.31	3.37	1041224	11115887.00
2012/11/07	3.36	3.37	3.28	3.30	1761817	18649682.00
2012/11/08	3.26	3.26	3.18	3.19	1652266	17101960.00
2012/11/09	3.21	3.22	3.16	3.18	732730	7490827.50
2012/11/12	3.21	3.23	3.17	3.20	565929	5813539.50
2012/11/13	3.20	3.23	3.15	3.15	634871	6465998.00
2012/11/14	3.15	3.19	3.15	3.18	396462	4033325.75
2012/11/15	3.17	3.17	3.09	3.13	830957	8356503.00
2012/11/16	3.12	3.12	3.05	3.11	540099	5362367.50
2012/11/19	3.10	3.11	3.03	3.08	480851	4739365.50
2012/11/20	3.10	3.17	3.08	3.08	759140	7604770.00
2012/11/21	3.08	3.13	3.04	3.12	606722	6038209.00
2012/11/22	3.10	3.11	3.02	3.05	530701	5217456.00
2012/11/23	3.05	3.07	3.02	3.04	533074	5237308.00
2012/11/26	3.07	3.07	3.01	3.04	377950	3700793.50
2012/11/27	3.01	3.01	2.82	2.86	1499476	13984180.00
2012/11/28	2.84	2.84	2.63	2.67	1259710	11107139.00
2012/11/29	2.67	2.69	2.61	2.64	592598	5115604.50
2012/11/30	2.63	2.71	2.61	2.68	512302	4445713.50
2012/12/03	2.68	2.69	2.53	2.54	729052	6176812.50
2012/12/04	2.52	2.54	2.41	2.53	1414793	11435082.00
2012/12/05	2.51	2.63	2.51	2.62	2719432	22931028.00
2012/12/06	2.62	2.63	2.56	2.58	1278760	10786824.00
2012/12/07	2.58	2.67	2.55	2.67	1852991	15872763.00
2012/12/10	2.69	2.80	2.64	2.77	1758527	15620456.00
2012/12/11	2.77	2.77	2.69	2.71	1206500	10669831.00
2012/12/12	2.70	2.73	2.64	2.70	882400	7713832.00
2012/12/13	2.68	2.78	2.63	2.64	1181147	10372124.00
2012/12/14	2.62	2.76	2.59	2.74	1865507	16421535.00
2012/12/17	2.74	2.82	2.72	2.80	1836698	16548372.00
2012/12/18	2.78	2.89	2.78	2.82	2096325	19256822.00
2012/12/19	2.82	2.85	2.78	2.83	1372431	12506590.00
2012/12/20	2.83	2.83	2.74	2.78	1746891	15720012.00
2012/12/21	2.78	2.86	2.75	2.83	2115376	19265500.00
2012/12/24	2.83	2.96	2.79	2.92	3157463	29612846.00
2012/12/25	2.92	2.99	2.90	2.95	2824857	26807360.00
2012/12/26	2.94	2.99	2.89	2.98	2445629	23230628.00
2012/12/27	2.99	3.03	2.92	2.93	2211448	21096678.00
2012/12/28	2.91	2.96	2.90	2.94	1501104	14181634.00
2012/12/31	2.93	2.96	2.90	2.95	1493152	14107024.00
2013/01/04	2.94	2.96	2.87	2.90	1309420	12298978.00
2013/01/07	2.92	3.06	2.92	3.04	3396170	32765186.00
2013/01/08	3.05	3.22	3.03	3.21	5649063	57189308.00
2013/01/09	3.20	3.20	3.10	3.13	2968341	29827426.00
2013/01/10	3.13	3.15	3.10	3.14	1613426	16181585.00
2013/01/11	3.14	3.15	3.01	3.02	2528931	24937898.00
2013/01/14	3.01	3.16	3.01	3.14	3370929	33728424.00
2013/01/15	3.16	3.24	3.13	3.21	3425429	35141896.00
2013/01/16	3.19	3.23	3.08	3.17	2897664	29321140.00
2013/01/17	3.18	3.25	3.13	3.25	3966619	40883360.00
2013/01/18	3.24	3.26	3.19	3.25	2265854	23505100.00
2013/01/21	3.28	3.28	3.22	3.25	1775162	18481954.00
2013/01/22	3.25	3.25	3.13	3.13	2317520	23565400.00
2013/01/23	3.13	3.18	3.10	3.16	1348392	13631953.00
2013/01/24	3.14	3.19	3.03	3.06	1903290	19021574.00
2013/01/25	3.03	3.09	3.01	3.04	840157	8256256.50
2013/01/28	3.07	3.17	3.05	3.16	1528140	15400903.00
2013/01/29	3.17	3.20	3.14	3.17	1363775	13865093.00
2013/01/30	3.15	3.18	3.09	3.11	1820783	18231144.00
2013/01/31	3.10	3.11	3.04	3.09	1028874	10177741.00
2013/02/01	3.07	3.14	3.07	3.09	1102602	10995649.00
2013/02/04	3.10	3.16	3.10	3.14	1590789	16001731.00
2013/02/05	3.13	3.13	3.07	3.12	954347	9500690.00
2013/02/06	3.09	3.22	3.09	3.20	2672492	27324554.00
2013/02/07	3.19	3.25	3.17	3.20	1578896	16238023.00
2013/02/08	3.22	3.31	3.19	3.29	2516265	26312378.00
2013/02/18	3.31	3.41	3.30	3.31	3217936	34449848.00
2013/02/19	3.31	3.64	3.29	3.52	7124261	79568032.00
2013/02/20	3.48	3.64	3.45	3.61	5818992	66400236.00
2013/02/21	3.59	3.63	3.38	3.46	4850373	54365372.00
2013/02/22	3.47	3.47	3.34	3.37	3149839	34008948.00
2013/02/25	3.39	3.73	3.37	3.73	5925655	67568008.00
2013/02/26	3.84	3.84	3.59	3.61	6991152	82826776.00
2013/02/27	3.62	3.67	3.48	3.56	3909827	44272688.00
2013/02/28	3.56	3.60	3.49	3.59	3686611	41883132.00
2013/03/01	3.58	3.73	3.52	3.66	4153880	48060296.00
2013/03/04	3.61	3.76	3.50	3.53	4654173	53914524.00
2013/03/05	3.52	3.66	3.48	3.63	3259851	37307060.00
2013/03/06	3.64	3.76	3.63	3.71	4428902	52451688.00
2013/03/07	3.72	3.83	3.61	3.68	4105405	48630400.00
2013/03/08	3.68	3.76	3.61	3.62	2016899	23640234.00
2013/03/11	3.62	3.62	3.50	3.52	2217932	25072136.00
2013/03/12	3.58	3.58	3.31	3.37	2655178	29046012.00
2013/03/13	3.31	3.41	3.27	3.34	1256753	13437830.00
2013/03/14	3.33	3.41	3.31	3.39	1097033	11842072.00
2013/03/15	3.40	3.51	3.25	3.39	1862494	20246962.00
2013/03/18	3.44	3.50	3.38	3.39	1795686	19760378.00
2013/03/19	3.38	3.43	3.30	3.37	1169227	12593261.00
2013/03/20	3.38	3.49	3.35	3.47	1801399	19859186.00
2013/03/21	3.45	3.56	3.44	3.54	1742479	19580344.00
2013/03/22	3.54	3.61	3.54	3.56	1777318	20230138.00
2013/03/25	3.57	3.61	3.53	3.53	1173433	13280377.00
2013/03/26	3.53	3.53	3.39	3.41	1879578	20594740.00
2013/03/27	3.41	3.49	3.41	3.49	1784352	19685978.00
2013/03/28	3.46	3.50	3.36	3.42	1543360	16878430.00
2013/03/29	3.41	3.48	3.37	3.41	1391057	15203435.00
2013/04/01	3.45	3.57	3.45	3.53	2384456	26742558.00
2013/04/02	3.53	3.57	3.38	3.39	2150289	23927618.00
2013/04/03	3.36	3.51	3.36	3.42	1934170	21279538.00
2013/04/22	3.78	3.78	3.52	3.71	10380311	120951352.00
2013/04/23	3.65	4.11	3.63	3.93	14369553	180054256.00
2013/04/24	3.85	4.07	3.75	3.94	11057806	137376336.00
2013/04/25	3.92	4.03	3.73	3.73	7907499	96921736.00
2013/04/26	3.73	3.80	3.59	3.60	3524816	41589988.00
2013/05/02	3.58	3.65	3.49	3.61	2056328	23394366.00
2013/05/03	3.60	3.72	3.60	3.69	2196701	25680572.00
2013/05/06	3.71	3.75	3.63	3.71	2613880	30801722.00
2013/05/07	3.69	3.71	3.61	3.71	2204108	25673576.00
2013/05/08	3.72	3.75	3.66	3.71	2080595	24493512.00
2013/05/09	3.72	3.94	3.71	3.94	5220367	63839716.00
2013/05/10	3.94	3.95	3.83	3.88	3013928	37102676.00
2013/05/13	3.86	4.04	3.85	4.01	4158715	52355800.00
2013/05/14	3.99	4.11	3.92	4.01	3491605	44291392.00
2013/05/15	4.02	4.04	3.93	4.02	2448584	30874868.00
2013/05/16	3.94	4.09	3.90	4.01	3610867	45889548.00
2013/05/17	3.99	4.16	3.95	4.11	3425071	44476544.00
2013/05/20	4.11	4.15	3.94	4.04	4217735	53460768.00
2013/05/21	4.00	4.04	3.95	4.01	3100286	39155084.00
2013/05/22	4.01	4.05	3.89	4.04	2905786	36548492.00
2013/05/23	4.01	4.03	3.92	3.92	1861241	23403560.00
2013/05/24	3.89	4.01	3.89	3.98	1779527	22336518.00
2013/05/27	3.96	4.11	3.95	4.08	3134779	40126108.00
2013/05/28	4.08	4.29	4.05	4.18	5623162	74625248.00
2013/05/29	4.16	4.22	4.16	4.21	2585809	34244600.00
2013/05/30	4.20	4.28	4.13	4.21	1933295	25760496.00
2013/05/31	4.21	4.43	4.19	4.30	4655578	63440040.00
2013/06/03	4.28	4.48	4.27	4.33	4332287	59784972.00
2013/06/04	4.34	4.44	4.14	4.18	3313165	44707212.00
2013/06/05	4.16	4.41	4.07	4.39	2872195	38443184.00
2013/06/06	4.34	4.48	4.31	4.40	3461871	48100812.00
2013/06/07	4.40	4.40	4.21	4.27	2412568	32784754.00
2013/06/13	4.24	4.24	3.98	4.07	2915223	37666100.00
2013/06/14	4.07	4.20	4.03	4.17	1459577	19134430.00
2013/06/17	4.17	4.18	4.01	4.03	3040124	39287080.00
2013/06/18	4.02	4.06	3.84	3.89	4589279	57052192.00
2013/06/19	3.88	3.97	3.83	3.95	1495159	18548102.00
2013/06/20	3.92	3.97	3.75	3.77	1887468	23172190.00
2013/06/21	3.74	3.81	3.64	3.76	1467822	17316220.00
2013/06/24	3.78	3.80	3.39	3.47	1678522	19248918.00
2013/06/25	3.44	3.53	3.14	3.47	1745958	18933440.00
2013/06/26	3.47	3.61	3.45	3.59	1337564	15135124.00
2013/06/27	3.59	3.67	3.47	3.47	1504545	17140984.00
2013/06/28	3.46	3.55	3.30	3.35	1264450	13740881.00
2013/07/01	3.35	3.45	3.33	3.45	1363199	14775102.00
2013/07/02	3.44	3.62	3.43	3.59	1481844	16732073.00
2013/07/03	3.59	3.68	3.48	3.62	2051729	23366426.00
2013/07/04	3.59	3.66	3.53	3.58	1492163	17047612.00
2013/07/05	3.59	3.65	3.54	3.57	866611	9895213.00
2013/07/08	3.53	3.53	3.36	3.36	1402749	15361549.00
2013/07/09	3.34	3.40	3.34	3.36	675374	7223993.50
2013/07/10	3.35	3.52	3.35	3.51	878996	9639878.00
2013/07/11	3.47	3.63	3.47	3.59	1471876	16712013.00
2013/07/12	3.57	3.67	3.56	3.59	1787924	20512482.00
2013/07/15	3.59	3.72	3.59	3.68	1423118	16582518.00
2013/07/16	3.68	3.77	3.64	3.72	1626826	19086516.00
2013/07/17	3.73	3.82	3.68	3.68	2305512	27330160.00
2013/07/18	3.70	3.74	3.63	3.69	1122096	13085502.00
2013/07/19	3.69	3.69	3.51	3.51	1881221	21435390.00
2013/07/22	3.49	3.58	3.46	3.57	885889	9986165.00
2013/07/23	3.57	3.66	3.55	3.63	1892784	21676950.00
2013/07/24	3.64	3.78	3.62	3.74	2137852	25110082.00
2013/07/25	3.76	3.78	3.59	3.69	2300637	27099708.00
2013/07/26	3.69	3.93	3.68	3.89	3059373	36945716.00
2013/07/29	3.89	4.06	3.86	4.04	3652194	45780188.00
2013/07/30	3.96	4.02	3.85	3.91	2075007	25739516.00
2013/07/31	3.91	4.02	3.85	3.92	1512203	18676222.00
2013/08/01	3.89	3.94	3.86	3.94	1913493	23617896.00
2013/08/02	3.94	4.14	3.88	4.10	4778701	60644268.00
2013/08/05	4.04	4.11	3.98	4.03	3478725	44368944.00
2013/08/06	4.03	4.09	3.99	4.05	2354066	30048764.00
2013/08/07	4.05	4.09	3.95	3.95	1814347	22994900.00
2013/08/08	3.97	4.02	3.91	3.96	1811043	22590396.00
2013/08/09	3.95	4.03	3.91	4.03	1486993	18614830.00
2013/08/12	4.01	4.05	3.96	4.00	1649153	20837986.00
2013/08/13	4.00	4.04	3.98	4.03	1307332	16595157.00
2013/08/14	4.05	4.07	4.00	4.01	1630938	20734552.00
2013/08/15	4.00	4.09	3.93	3.95	1357700	17098130.00
2013/08/16	3.91	3.96	3.74	3.84	2377641	28974410.00
2013/08/19	3.80	3.90	3.78	3.89	1410283	17116950.00
2013/08/20	3.86	3.88	3.77	3.79	1390958	16812742.00
2013/08/21	3.82	3.82	3.73	3.77	1288868	15362459.00
2013/08/22	3.76	3.81	3.72	3.77	1267942	15116790.00
2013/08/23	3.79	3.79	3.70	3.74	1337331	15862269.00
2013/08/26	3.76	3.82	3.72	3.82	1049311	12551038.00
2013/08/27	3.83	3.83	3.73	3.79	1173796	14023724.00
2013/08/28	3.75	3.76	3.66	3.68	1554605	18238542.00
2013/08/29	3.68	3.72	3.64	3.70	767347	8964105.00
2013/08/30	3.69	3.69	3.52	3.55	1437395	16434753.00
2013/09/02	3.52	3.59	3.51	3.58	916528	10362924.00
2013/09/03	3.57	3.71	3.56	3.67	1188634	13766410.00
2013/09/04	3.70	3.70	3.66	3.68	865219	10090415.00
2013/09/05	3.66	3.77	3.65	3.76	1388881	16415144.00
2013/09/06	3.76	3.78	3.72	3.74	1152666	13713633.00
2013/09/09	3.73	3.97	3.64	3.89	3341591	40408020.00
2013/09/10	3.83	3.96	3.78	3.91	3996263	48634988.00
2013/09/11	3.84	3.91	3.79	3.86	2905272	35305628.00
2013/09/12	3.86	3.86	3.75	3.78	1057831	12688602.00
2013/09/13	3.78	3.81	3.72	3.75	929406	11012656.00
2013/09/16	3.75	3.82	3.73	3.80	1300195	15604645.00
2013/09/17	3.83	3.83	3.76	3.78	1299791	15627975.00
2013/09/18	3.76	3.84	3.76	3.82	708375	8539222.00
2013/09/23	3.83	3.92	3.82	3.91	2028538	24829792.00
2013/09/24	3.91	4.00	3.88	3.95	2813275	35030596.00
2013/09/25	3.92	3.96	3.85	3.95	1964340	24192124.00
2013/09/26	3.93	4.14	3.86	4.08	5268208	67160056.00
2013/09/27	4.06	4.32	4.06	4.31	6227382	83105488.00
2013/09/30	4.30	4.33	4.18	4.28	2635478	35048296.00
2013/10/08	4.23	4.23	4.12	4.22	2586693	33944820.00
2013/10/09	4.18	4.28	4.13	4.23	2505673	33116180.00
2013/10/10	4.23	4.40	4.18	4.18	2175142	29249526.00
2013/10/11	4.17	4.26	4.13	4.20	1882139	24935166.00
2013/10/14	4.20	4.34	4.20	4.32	1743217	23490534.00
2013/10/15	4.32	4.52	4.28	4.46	3927625	54659672.00
2013/10/16	4.44	4.45	4.31	4.36	2514350	34467260.00
2013/10/17	4.39	4.57	4.26	4.56	7759180	108666536.00
2013/10/18	4.56	4.77	4.49	4.68	5711316	84003576.00
2013/10/21	4.27	4.51	4.27	4.41	16753040	229484752.00
2013/10/22	4.34	4.51	4.29	4.46	8499497	117680928.00
2013/10/23	4.41	4.46	4.23	4.26	3681631	50052736.00
2013/10/24	4.25	4.29	4.14	4.17	1729388	22939442.00
2013/10/25	4.17	4.23	4.00	4.05	3241282	41869868.00
2013/10/28	4.04	4.15	4.03	4.06	1993325	25638458.00
2013/10/29	4.06	4.08	3.83	3.93	1655384	20552648.00
2013/10/30	3.94	4.04	3.91	4.03	1733838	21730852.00
2013/10/31	4.03	4.05	3.95	3.95	928200	11714937.00
2013/11/01	3.93	3.98	3.92	3.94	846650	10555811.00
2013/11/04	3.92	4.02	3.92	3.98	456140	5714087.00
2013/11/05	3.95	3.97	3.86	3.93	1465634	18088146.00
2013/11/06	3.96	3.96	3.85	3.85	1383633	17046506.00
2013/11/07	3.85	3.87	3.69	3.70	1562964	18533142.00
2013/11/08	3.69	3.69	3.55	3.58	1268989	14494991.00
2013/11/11	3.58	3.66	3.46	3.65	1377476	15571329.00
2013/11/12	3.62	3.64	3.55	3.63	1466124	16661349.00
2013/11/13	3.61	3.65	3.56	3.60	1005257	11516819.00
2013/11/14	3.60	3.66	3.53	3.61	1096971	12549973.00
2013/11/15	3.64	3.80	3.62	3.73	2131955	25044772.00
2013/11/18	3.73	3.81	3.69	3.77	2137756	25497082.00
2013/11/19	3.77	3.84	3.74	3.79	1919869	23082286.00
2013/11/20	3.80	3.80	3.72	3.79	1687631	20040932.00
2013/11/21	3.79	3.79	3.69	3.76	1198850	14176404.00
2013/11/22	3.76	3.78	3.71	3.72	893039	10574160.00
2013/11/25	3.71	3.91	3.71	3.88	2986237	36369852.00
2013/11/26	3.88	3.99	3.86	3.88	1641534	20339456.00
2013/11/27	3.85	3.92	3.85	3.88	1280795	15690938.00
2013/11/28	3.88	3.93	3.86	3.89	1528452	18823810.00
2013/11/29	3.88	3.96	3.88	3.90	2034372	25181506.00
2013/12/02	3.80	3.85	3.73	3.79	2414968	28837214.00
2013/12/03	3.76	3.83	3.72	3.82	903229	10812938.00
2013/12/04	3.82	3.89	3.76	3.85	1610172	19511402.00
2013/12/05	3.85	3.91	3.81	3.87	1702255	20744752.00
2013/12/06	3.87	3.92	3.85	3.88	1074430	13194425.00
2013/12/09	3.88	3.89	3.84	3.88	852586	10417853.00
2013/12/10	3.88	3.88	3.75	3.83	1482040	17826288.00
2013/12/11	3.79	3.81	3.71	3.72	1228670	14577343.00
2013/12/12	3.70	3.78	3.69	3.73	834234	9851031.00
2013/12/13	3.70	3.81	3.66	3.80	800788	9575183.00
2013/12/16	3.79	3.81	3.73	3.74	720547	8590812.00
2013/12/17	3.76	3.79	3.71	3.77	493152	5853880.50
2013/12/18	3.77	3.79	3.68	3.71	944970	11176687.00
2013/12/19	3.74	3.76	3.69	3.70	638251	7523262.50
2013/12/20	3.68	3.73	3.66	3.72	522061	6100837.00
2013/12/23	3.70	3.89	3.64	3.83	1831170	21984944.00
2013/12/24	3.80	3.83	3.74	3.75	1201992	14384492.00
2013/12/25	3.74	3.85	3.70	3.85	1653856	19827666.00
2013/12/26	3.84	3.85	3.79	3.80	851232	10255354.00
2013/12/27	3.84	3.92	3.80	3.90	2209832	27070150.00
2013/12/30	3.89	3.98	3.88	3.97	2553539	31723170.00
2013/12/31	3.96	3.99	3.93	3.98	1890426	23668116.00
2014/01/02	3.97	4.02	3.94	3.98	1416451	17799212.00
2014/01/03	3.97	4.13	3.90	4.13	5401286	68795384.00
2014/01/06	4.13	4.25	4.01	4.04	4197687	54590172.00
2014/01/07	3.96	4.09	3.95	4.06	1547212	19642364.00
2014/01/08	4.07	4.21	4.02	4.16	2807948	36660540.00
2014/01/09	4.16	4.26	4.02	4.10	2726459	35709792.00
2014/01/10	4.09	4.09	3.96	3.97	1295014	16399011.00
2014/01/13	3.93	4.01	3.79	3.86	1385784	17079324.00
2014/01/14	3.82	4.06	3.80	4.04	2165067	27137994.00
2014/01/15	4.02	4.19	4.01	4.17	2577522	33540716.00
2014/01/16	4.16	4.21	4.09	4.15	1428641	18666438.00
2014/01/17	4.13	4.24	4.08	4.21	2203278	28876726.00
2014/01/20	4.22	4.29	4.10	4.14	2158031	28416526.00
2014/01/21	4.13	4.18	4.11	4.13	1243133	16240205.00
2014/01/22	4.13	4.18	4.08	4.17	1903957	24809392.00
2014/01/23	4.17	4.39	4.14	4.34	5258492	70711608.00
2014/02/11	4.80	4.80	4.80	4.80	497944	7479119.00
2014/02/12	5.29	5.30	5.00	5.30	9674952	159661056.00
2014/02/13	5.47	5.85	5.47	5.78	22366082	396023008.00
2014/02/14	5.79	6.03	5.62	5.90	9766586	177967648.00
2014/02/17	5.91	6.12	5.74	5.96	7718612	141708784.00
2014/02/18	5.86	6.43	5.83	6.26	7159886	136524544.00
2014/02/19	6.19	6.32	6.00	6.19	4427545	85123296.00
2014/02/20	6.16	6.83	6.10	6.77	8017070	164104208.00
2014/02/21	6.56	6.83	6.37	6.69	6903828	140167552.00
2014/02/24	6.53	6.63	6.06	6.40	5962532	117355632.00
2014/02/25	6.36	6.45	6.04	6.10	3237830	62680780.00
2014/02/26	6.06	6.19	5.78	6.19	2951610	54932832.00
2014/02/27	6.15	6.59	5.83	5.89	3290921	63174052.00
2014/02/28	5.83	5.98	5.66	5.98	2489003	44979816.00
2014/03/03	5.99	6.23	5.92	6.17	1729147	32890808.00
2014/03/04	6.10	6.13	5.66	5.96	2353470	43207692.00
2014/03/05	5.97	6.09	5.86	6.02	1932675	35966548.00
2014/03/06	5.96	6.28	5.84	6.20	2135582	40689904.00
2014/03/07	6.22	6.58	5.75	5.90	4110331	77568864.00
2014/03/10	5.73	5.94	5.56	5.77	3169514	56409648.00
2014/03/11	5.80	5.88	5.66	5.84	1281699	22999998.00
2014/03/12	5.88	5.91	5.75	5.83	1448401	26219882.00
2014/03/13	5.86	5.86	5.74	5.83	778312	13985012.00
2014/03/14	5.87	5.88	5.57	5.67	2482089	43765128.00
2014/03/17	5.68	5.75	5.55	5.71	1690970	29657882.00
2014/03/18	5.69	5.96	5.59	5.93	2071133	37446544.00
2014/03/19	5.93	5.93	5.54	5.64	3047186	53932544.00
2014/03/20	5.65	5.65	5.40	5.40	2295697	39121008.00
2014/03/21	5.30	5.39	5.13	5.34	3319572	54455284.00
2014/03/24	5.32	5.41	5.23	5.40	928136	15471859.00
2014/03/25	5.40	5.59	5.35	5.50	1222412	20871320.00
2014/03/26	5.45	5.57	5.45	5.57	1048700	17951054.00
2014/03/27	5.57	5.58	5.41	5.47	1816082	31000576.00
2014/03/28	5.46	5.61	5.41	5.45	1660912	28334872.00
2014/03/31	5.45	5.51	5.29	5.44	456708	7671701.00
2014/04/01	5.44	5.51	5.43	5.46	546414	9281192.00
2014/04/02	5.46	5.48	5.29	5.34	539388	9034899.00
2014/04/03	5.29	5.40	5.29	5.36	510120	8495327.00
2014/04/04	5.36	5.40	5.26	5.36	696644	11576039.00
2014/04/08	5.27	5.53	5.27	5.37	1455388	24270470.00
2014/04/09	5.37	5.51	5.29	5.50	2159588	36460984.00
2014/04/10	5.49	5.58	5.45	5.50	1298041	22271934.00
2014/04/11	5.45	5.49	5.42	5.43	1003315	17034778.00
2014/04/14	5.43	5.71	5.42	5.51	2751394	47722072.00
2014/04/15	5.55	5.88	5.55	5.76	5372082	95948600.00
2014/04/16	5.76	5.79	5.63	5.79	2563470	45473884.00
2014/04/17	5.76	5.96	5.76	5.91	2929924	53608252.00
2014/04/18	5.89	5.96	5.80	5.96	1909004	34963364.00
2014/04/21	5.92	5.94	5.66	5.71	2483604	44647256.00
2014/04/22	5.66	5.70	5.21	5.27	3706915	62435036.00
2014/04/23	5.24	5.38	5.19	5.21	1557305	25663276.00
2014/04/24	5.21	5.35	5.19	5.35	1234364	20310554.00
2014/04/25	5.34	5.34	5.01	5.01	2116660	33972572.00
2014/04/28	5.00	5.00	4.73	4.78	2281749	34514092.00
2014/04/29	4.78	4.87	4.73	4.80	1982369	29673696.00
2014/04/30	4.77	5.25	4.76	5.13	2338971	36958924.00
2014/05/05	5.19	5.66	5.19	5.66	2775873	48092480.00
2014/05/06	5.80	5.81	5.65	5.72	3795193	67339416.00
2014/05/07	5.70	5.73	5.50	5.59	1774875	31089910.00
2014/05/08	5.56	5.72	5.50	5.53	1184720	20731282.00
2014/05/09	5.54	5.59	5.36	5.45	1116597	18981550.00
2014/05/12	5.46	5.64	5.46	5.60	1074032	18623050.00
2014/05/13	5.58	5.64	5.46	5.51	779547	13446917.00
2014/05/14	5.56	5.56	5.46	5.52	432214	7395983.50
2014/05/15	5.49	5.59	5.39	5.43	784280	13384108.00
2014/05/16	5.39	5.41	5.13	5.14	1285363	21018966.00
2014/05/19	5.15	5.23	5.15	5.19	343759	5564658.00
2014/05/20	5.19	5.36	5.13	5.30	591025	9701888.00
2014/05/21	5.24	5.61	5.16	5.56	929374	15805944.00
2014/05/22	5.53	5.69	5.43	5.44	1039782	18110710.00
2014/05/23	5.42	5.56	5.42	5.54	548328	9409660.00
2014/05/26	5.54	5.65	5.43	5.55	1268100	21776778.00
2014/05/27	5.54	5.73	5.53	5.64	1251842	21987666.00
2014/05/28	5.63	5.66	5.50	5.61	731377	12692241.00
2014/05/29	5.65	5.79	5.56	5.66	1449074	25605318.00
2014/05/30	5.66	5.66	5.46	5.54	797200	13693612.00
2014/06/03	5.54	5.62	5.46	5.53	466644	8070262.50
2014/06/04	5.53	5.63	5.45	5.46	573171	9758351.00
2014/06/05	5.45	5.54	5.43	5.51	771255	13065103.00
2014/06/06	5.45	5.54	5.38	5.41	1011085	17005490.00
2014/06/09	5.40	5.43	5.24	5.26	748577	12401276.00
2014/06/10	5.29	5.58	5.15	5.56	1235024	20708838.00
2014/06/11	5.50	5.76	5.50	5.74	2293161	40433560.00
2014/06/12	5.74	5.74	5.58	5.61	1053069	18392516.00
2014/06/13	5.65	5.83	5.65	5.70	2248933	40170672.00
2014/06/16	5.70	5.77	5.56	5.66	1246351	21805894.00
2014/06/17	5.64	5.68	5.57	5.61	569032	9892929.00
2014/06/18	5.61	5.71	5.57	5.70	1046337	18294434.00
2014/06/19	5.73	5.89	5.53	5.53	2398103	42786892.00
2014/06/20	5.57	5.57	5.36	5.48	1480534	25114036.00
2014/06/23	5.47	5.76	5.47	5.73	1400923	24535960.00
2014/06/24	5.73	6.08	5.73	5.99	3274869	60409052.00
2014/06/25	5.95	6.06	5.87	5.99	1156901	21255734.00
2014/06/26	5.99	6.07	5.92	6.04	1486419	27640432.00
2014/06/27	6.04	6.11	5.94	6.06	1349946	25143042.00
2014/06/30	6.06	6.13	5.95	5.96	1148039	21402938.00
2014/07/01	5.97	6.08	5.90	6.03	825502	15270517.00
2014/07/02	6.04	6.30	5.98	6.26	2336589	44430232.00
2014/07/03	6.26	6.60	6.16	6.35	1862952	36185544.00
2014/07/04	6.30	6.54	6.21	6.49	1837210	36572292.00
2014/07/07	6.51	6.74	6.45	6.63	1630185	33251144.00
2014/07/08	6.63	6.77	6.48	6.73	1746464	35711716.00
2014/07/09	6.81	6.81	6.39	6.42	1563371	31506742.00
2014/07/10	6.37	6.52	6.37	6.43	906424	18025778.00
2014/07/11	6.43	6.51	6.33	6.40	989573	19649910.00
2014/07/14	6.40	6.45	5.98	6.08	2944914	55738284.00
2014/07/15	6.08	6.18	6.01	6.10	927506	17481842.00
2014/07/16	6.10	6.14	5.76	5.80	2076769	37742556.00
2014/07/17	5.80	5.88	5.71	5.79	1257102	22566506.00
2014/07/18	5.81	5.87	5.73	5.81	1066338	19246974.00
2014/07/21	5.81	5.97	5.72	5.81	1064974	19396220.00
2014/07/22	5.94	6.01	5.82	6.00	1388316	25548700.00
2014/07/23	5.96	6.07	5.92	5.94	1008633	18609464.00
2014/07/24	5.98	6.03	5.76	5.98	1113919	20445538.00
2014/07/25	5.98	6.00	5.91	5.96	487640	8985393.00
2014/07/28	6.00	6.08	5.88	5.96	1146094	21179250.00
2014/07/29	5.98	6.28	5.98	6.23	1978463	37804632.00
2014/07/30	6.24	6.38	6.14	6.20	2171727	42091756.00
2014/07/31	6.18	6.34	6.18	6.32	1463064	28506492.00
2014/08/01	6.31	6.50	6.24	6.33	1721886	34088444.00
2014/08/04	6.30	6.53	6.24	6.32	1271580	24783776.00
2014/08/05	6.29	6.38	6.08	6.21	1438456	27501880.00
2014/08/06	6.15	6.19	6.04	6.18	892996	16938134.00
2014/08/07	6.18	6.21	6.08	6.11	563431	10713105.00
2014/08/08	6.14	6.26	6.08	6.13	644255	12250034.00
2014/08/11	6.13	6.21	6.11	6.19	897157	17086400.00
2014/08/12	6.20	6.30	6.18	6.26	974387	18814102.00
2014/08/13	6.25	6.28	6.14	6.19	926220	17783318.00
2014/08/14	6.18	6.21	6.04	6.05	1404153	26544844.00
2014/08/15	6.08	6.11	6.01	6.11	779541	14601732.00
2014/08/18	6.11	6.41	6.11	6.31	1928193	37321788.00
2014/08/19	6.46	6.50	6.25	6.29	1677832	32843730.00
2014/08/20	6.42	6.42	6.20	6.24	1251820	24210700.00
2014/08/21	6.24	6.26	6.12	6.26	1382237	26459920.00
2014/08/22	6.25	6.25	6.14	6.24	1038909	19893752.00
2014/08/25	6.24	6.27	6.04	6.11	1753360	33301184.00
2014/08/26	6.31	6.74	6.31	6.62	7862785	162557264.00
2014/08/27	6.49	6.60	6.35	6.53	4068690	81367040.00
2014/08/28	6.53	6.53	6.18	6.21	2262573	44274820.00
2014/08/29	6.24	6.38	6.17	6.30	1480505	28860018.00
2014/09/01	6.30	6.34	6.20	6.34	1320286	25672128.00
2014/09/02	6.33	6.52	6.31	6.46	2014826	40082988.00
2014/09/03	6.42	6.94	6.42	6.83	4649576	96496456.00
2014/09/04	6.84	6.94	6.71	6.87	2509965	52859028.00
2014/09/05	6.87	6.93	6.74	6.81	2436118	50990028.00
2014/09/09	6.88	7.24	6.81	7.07	3572766	77631256.00
2014/09/10	7.07	7.07	6.93	7.01	1843065	39645644.00
2014/09/11	7.09	7.09	6.72	6.83	2964208	62765912.00
2014/09/12	6.83	6.97	6.76	6.94	1452158	30927378.00
2014/09/15	6.98	7.20	6.95	7.08	1978837	43170780.00
2014/09/16	7.18	7.44	7.03	7.11	3232494	72472288.00
2014/09/17	7.11	7.44	7.08	7.40	2485452	56004476.00
2014/09/18	7.41	7.68	7.41	7.47	2198808	50995732.00
2014/09/19	7.47	7.67	7.40	7.60	1651510	38316696.00
2014/09/22	7.60	8.36	7.60	8.14	3632365	89277048.00
2014/09/23	8.29	8.30	7.81	8.21	2326516	57382760.00
2014/09/24	8.11	8.41	7.98	8.12	1956629	49384916.00
2014/09/25	8.14	8.28	7.75	7.95	2558543	62388484.00
2014/09/26	7.89	8.01	7.77	7.89	1170181	28231368.00
2014/09/29	7.91	7.96	7.79	7.87	1368760	33057578.00
2014/09/30	7.89	8.07	7.86	7.90	1379697	33663388.00
2014/10/08	7.98	8.08	7.70	8.05	1990679	48091092.00
2014/10/09	8.05	8.05	7.76	7.78	1673855	40360020.00
2014/10/10	7.84	7.97	7.75	7.80	1267312	30553046.00
2014/10/13	7.81	7.91	7.75	7.87	863397	20819100.00
2014/10/14	7.87	7.87	7.60	7.77	1270208	30331150.00
2014/10/15	7.81	7.86	7.63	7.76	1557750	37111548.00
2014/10/16	7.77	7.77	7.48	7.49	2311626	53999508.00
2014/10/17	7.46	7.52	7.10	7.37	2724060	61116032.00
2014/10/20	7.35	7.51	7.26	7.42	1113997	25432574.00
2014/10/21	7.44	7.46	7.14	7.24	1403390	31477634.00
2014/10/22	7.23	7.28	7.03	7.05	1188011	26139200.00
2014/10/23	7.05	7.11	6.92	7.00	1034554	22292356.00
2014/10/24	6.93	7.21	6.93	7.12	1608169	35061576.00
2014/10/27	7.12	7.27	7.05	7.19	713296	15816785.00
2014/10/28	7.17	7.33	7.16	7.28	1952460	43723284.00
2014/10/29	7.24	7.38	7.24	7.38	934067	21074814.00
2014/10/30	7.38	7.43	7.27	7.31	1022836	23097004.00
2014/10/31	7.31	7.37	6.88	7.03	2001672	43946176.00
2014/11/03	7.05	7.34	7.01	7.31	2332673	51584044.00
2014/11/04	7.32	7.49	7.26	7.49	2720334	61953140.00
2014/11/05	7.57	7.57	7.31	7.48	1790329	40900804.00
2014/11/06	7.47	7.54	7.33	7.51	910446	20843756.00
2014/11/07	7.51	7.51	7.28	7.30	1208148	27436466.00
2014/11/10	7.27	7.38	7.26	7.28	622328	14009248.00
2014/11/11	7.28	7.34	6.82	6.89	2192230	47602064.00
2014/11/12	6.84	6.88	6.70	6.79	1476312	30885608.00
2014/11/13	6.78	6.84	6.42	6.46	2582439	52262364.00
2014/11/14	6.48	6.54	6.45	6.48	1201393	24083446.00
2014/11/17	6.48	6.70	6.44	6.68	1788916	36470492.00
2014/11/18	6.68	6.73	6.64	6.68	878137	18083150.00
2014/11/19	6.66	6.86	6.66	6.78	1132745	23725892.00
2014/11/20	6.78	7.09	6.77	7.09	2361827	50902264.00
2014/11/21	7.11	7.78	7.11	7.78	5326568	123135376.00
2014/11/24	7.77	7.93	7.56	7.81	3699362	88161840.00
2014/11/25	7.82	7.84	7.64	7.69	2221324	52690044.00
2014/11/26	7.64	8.01	7.64	7.85	2017218	48733156.00
2014/11/27	7.84	8.07	7.78	7.98	2471154	60424364.00
2014/11/28	7.94	8.24	7.89	8.03	3610813	89644008.00
2014/12/01	8.04	8.44	7.54	7.98	8674991	210954064.00
2014/12/02	7.91	8.16	7.64	7.86	5001983	121338216.00
2014/12/03	7.86	7.90	7.48	7.81	3367933	79799832.00
2014/12/04	7.79	7.90	7.53	7.67	2555966	60366068.00
2014/12/05	7.54	7.78	7.47	7.54	1828732	42745648.00
2014/12/08	7.60	7.63	7.28	7.36	3419468	78047672.00
2014/12/09	7.21	7.34	7.04	7.04	2314188	50924912.00
2014/12/10	6.93	7.34	6.93	7.29	1709750	37999200.00
2014/12/11	7.29	7.50	7.28	7.46	1780606	40704624.00
2014/12/12	7.46	7.64	7.44	7.59	1341921	31175632.00
2014/12/15	7.54	8.03	7.38	7.93	2646839	64230108.00
2014/12/16	7.87	7.93	7.71	7.84	1224794	29476412.00
2014/12/17	7.82	7.82	7.55	7.70	1565263	36848332.00
2014/12/18	7.66	7.81	7.48	7.58	1315159	30818128.00
2014/12/19	7.58	7.60	7.19	7.29	1185398	26915776.00
2014/12/22	7.28	7.37	7.11	7.20	802840	17893990.00
2014/12/23	7.18	7.28	7.11	7.17	435743	9660504.00
2014/12/24	7.16	7.54	7.16	7.44	1131260	25853264.00
2014/12/25	7.50	7.68	7.41	7.53	750239	17399214.00
2014/12/26	7.53	7.68	7.53	7.61	1335845	31276252.00
2014/12/29	7.55	7.68	6.98	7.11	2627241	59412568.00
2014/12/30	7.08	7.34	6.87	7.31	2509639	54757484.00
2014/12/31	7.28	7.39	7.05	7.29	1124225	24918460.00
2015/01/05	7.29	7.43	7.01	7.24	1308736	29010154.00
2015/01/06	7.17	7.42	7.05	7.27	758522	16951652.00
2015/01/07	7.27	7.31	7.17	7.19	881703	19584678.00
2015/01/08	7.21	7.21	7.08	7.10	724229	15876179.00
2015/01/09	7.12	7.21	7.08	7.21	781980	17217382.00
2015/01/12	7.21	7.70	7.10	7.62	2986986	68824008.00
2015/01/13	7.62	8.00	7.62	7.97	4244542	103091936.00
2015/01/14	7.99	7.99	7.75	7.98	6242266	152136096.00
2015/01/15	7.94	8.09	7.84	7.99	2204828	54048740.00
2015/01/16	8.00	8.18	7.91	8.13	4868911	119766408.00
2015/01/19	7.82	8.78	7.82	8.70	4114803	107961024.00
2015/01/20	8.71	9.48	8.71	9.36	4799024	136025056.00
2015/01/21	9.21	9.74	9.17	9.58	4781382	139319120.00
2015/01/22	9.58	10.01	9.51	9.97	4922536	149103856.00
2015/01/23	10.01	10.31	9.74	9.97	2749271	84233376.00
2015/01/26	9.97	10.30	9.63	10.03	2471919	74997160.00
2015/01/27	9.87	10.14	9.48	10.04	2639140	80147640.00
2015/01/28	9.81	10.04	9.77	10.01	1025505	31233166.00
2015/01/29	9.91	10.33	9.74	10.31	988194	30626640.00
2015/01/30	10.30	10.45	9.95	10.33	1281067	39916648.00
2015/02/02	10.08	10.58	10.01	10.38	651769	20725732.00
2015/02/03	10.24	11.43	10.24	11.24	2672190	91489712.00
2015/02/04	11.22	11.56	10.77	11.41	1786219	61890372.00
2015/02/05	11.41	12.57	11.17	12.57	1852538	67787104.00
2015/02/06	12.21	12.57	11.80	11.95	1512443	56151784.00
2015/02/09	11.95	12.29	11.48	11.48	1077849	38532604.00
2015/02/10	11.52	11.74	11.37	11.64	447548	15772359.00
2015/02/11	11.58	12.83	11.58	12.82	1229099	46592400.00
2015/02/12	12.92	12.94	12.15	12.45	1635513	61836012.00
2015/02/13	12.46	12.64	12.22	12.51	867816	32868924.00
2015/02/16	12.52	12.64	12.31	12.38	1531582	57893468.00
2015/02/17	12.38	12.38	12.14	12.14	779500	28976716.00
2015/05/25	13.37	13.37	13.37	13.37	10330	419294.69
2015/05/26	14.73	14.73	14.73	14.73	843	37639.95
2015/05/27	16.22	16.22	16.22	16.22	30439	1495163.63
2015/05/28	17.85	17.85	17.85	17.85	5554	300082.63
2015/05/29	19.65	19.65	19.65	19.65	43143	2563988.50
2015/06/01	21.63	21.63	21.63	21.63	814	53211.18
2015/06/02	23.81	23.81	23.81	23.81	12483	897652.50
2015/06/03	26.21	26.21	26.21	26.21	13058	1032887.81
2015/06/04	28.85	28.85	28.85	28.85	36235	3152807.25
2015/06/05	28.85	30.44	25.95	25.95	14651011	1210811520.00
2015/06/08	24.18	24.90	23.34	23.34	7077996	504217696.00
2015/06/09	22.83	24.84	22.51	24.18	4771514	332705344.00
2015/06/10	23.64	23.69	22.78	23.11	7451518	522375968.00
2015/06/11	23.07	23.48	22.25	22.30	5866423	399977920.00
2015/06/12	22.40	22.76	22.08	22.15	6866336	466056704.00
2015/06/15	22.17	22.80	22.11	22.34	6369559	430496832.00
2015/06/16	22.18	22.58	20.49	20.90	4179449	273854240.00
2015/06/17	21.08	21.26	19.03	20.22	5059595	305463392.00
2015/06/18	20.11	20.47	19.03	19.09	3119267	187190912.00
2015/06/19	18.94	20.34	18.52	19.04	7016442	417927456.00
2015/06/23	19.05	19.78	19.04	19.17	4228257	247742800.00
2015/06/24	19.39	19.61	18.37	18.51	4376736	251076688.00
2015/06/25	18.56	18.66	16.64	16.64	5909912	313775232.00
2015/06/26	15.71	15.78	14.96	14.96	4312374	198087424.00
2015/06/29	15.09	15.15	13.45	13.45	4934017	206239792.00
2015/06/30	12.84	13.97	12.09	13.54	6031346	236587184.00
2015/07/01	13.18	13.89	12.17	12.17	6146411	246270528.00
2015/07/02	11.78	11.99	10.93	10.93	5776832	200140992.00
2015/07/03	10.45	11.63	9.95	10.51	6205684	201670640.00
2015/07/06	11.58	11.58	9.44	9.75	8239108	261734816.00
2015/07/07	9.08	9.17	8.76	8.76	3602920	96834976.00
2015/07/14	9.65	9.65	9.65	9.65	82391	2424767.25
2015/07/15	10.63	10.63	9.68	10.63	22360720	721716224.00
2015/07/16	9.55	11.44	9.55	10.86	17957954	576791872.00
2015/07/17	10.99	11.96	10.51	11.96	13106499	453424352.00
2015/07/20	12.34	12.73	11.73	12.41	16605350	616582784.00
2015/07/21	11.98	13.51	11.85	13.17	12990167	501885568.00
2015/07/22	12.90	13.23	12.28	12.93	10899144	423661408.00
2015/07/23	12.93	13.54	12.68	13.38	8773711	350365408.00
2015/07/24	13.48	13.78	12.84	12.88	9163899	371794144.00
2015/07/27	12.38	12.80	11.58	11.58	10734296	397453280.00
2015/07/28	10.44	11.23	10.40	10.40	11333540	365502272.00
2015/07/29	10.68	11.20	9.68	11.18	8943333	282879904.00
2015/07/30	10.95	11.15	10.28	10.28	7532954	249481328.00
2015/07/31	10.18	10.67	9.85	10.09	5424543	170152528.00
2015/08/03	10.07	10.07	9.07	9.13	6120980	176173568.00
2015/08/04	9.16	10.06	9.16	10.06	7059999	208928848.00
2015/08/05	10.23	10.77	10.23	10.49	9802807	312982144.00
2015/08/06	10.18	10.49	10.06	10.35	5048894	158868048.00
2015/08/07	10.69	11.40	10.48	11.40	9275625	308241920.00
2015/08/10	11.48	12.54	11.48	12.33	10763113	392616960.00
2015/08/11	12.24	12.41	11.98	12.11	8317442	306746752.00
2015/08/12	11.91	12.38	11.85	12.11	6507989	240532864.00
2015/08/13	12.18	13.31	12.18	13.07	9573229	368527488.00
2015/08/14	13.17	13.68	12.52	12.75	10932761	436913376.00
2015/08/17	12.68	12.71	12.18	12.51	6461844	244798528.00
2015/08/18	12.61	12.90	11.24	11.24	8650969	320458016.00
2015/08/19	10.84	11.66	10.21	11.55	7618668	251373232.00
2015/08/20	11.18	11.48	10.84	10.84	4684807	159077184.00
2015/08/21	10.51	10.68	9.95	9.98	5464384	172613392.00
2015/08/24	9.64	9.64	8.96	8.96	4881350	135784704.00
2015/08/25	8.05	8.58	8.05	8.05	4650504	116245392.00
2015/08/26	8.18	8.68	7.52	7.91	6566709	163321872.00
2015/08/27	8.17	8.34	7.68	8.33	5309999	131979144.00
2015/08/28	8.64	9.01	8.33	9.00	6796693	178513152.00
2015/08/31	8.84	8.94	8.11	8.11	4770797	124314328.00
2015/09/01	7.91	7.92	7.28	7.28	4098973	93795320.00
2015/09/02	6.81	7.68	6.61	6.71	3757284	80759128.00
2015/09/07	6.85	7.32	6.85	7.21	4013685	87426888.00
2015/09/08	7.14	7.91	7.05	7.88	4107363	92935872.00
2015/09/09	8.01	8.44	8.01	8.40	6101262	153697824.00
2015/09/10	8.21	9.18	8.08	8.57	6331814	166443472.00
2015/09/11	8.35	8.64	8.31	8.45	3998426	103415424.00
2015/09/14	8.49	8.51	7.59	7.59	3897479	94768208.00
2015/09/15	7.14	7.44	6.82	6.82	3931178	85287592.00
2015/09/16	6.80	7.52	6.80	7.52	4618767	100919696.00
2015/09/17	7.67	7.94	7.35	7.35	5769506	135492112.00
2015/09/18	7.41	7.58	7.20	7.51	4008922	90754488.00
2015/09/21	7.33	8.27	7.28	8.20	6862186	164869680.00
2015/09/22	8.18	8.44	8.14	8.35	7565161	191906912.00
2015/09/30	8.58	9.06	8.04	8.84	7651886	199050208.00
2015/10/08	9.34	9.74	9.22	9.56	7190492	208133520.00
2015/10/09	9.44	9.46	9.11	9.30	6188801	175318560.00
2015/10/12	9.30	9.89	9.25	9.75	7706057	225457280.00
2015/10/13	9.63	9.67	9.39	9.62	5051962	146953872.00
2015/10/14	9.56	9.80	9.45	9.62	5600596	164042528.00
2015/10/15	9.55	10.09	9.47	10.08	5799799	174174944.00
2015/10/16	10.18	10.68	9.73	10.61	8015918	247499216.00
2015/10/19	10.61	10.74	10.07	10.32	6451648	205889968.00
2015/10/20	10.23	10.60	10.19	10.51	6903072	218447840.00
2015/10/21	10.52	11.46	10.24	10.61	10796353	356316928.00
2015/10/22	11.03	11.69	10.81	11.68	11123819	381709760.00
2015/10/23	11.94	12.35	11.64	11.98	11469695	415459840.00
2015/10/26	12.12	12.17	11.25	11.62	7264857	255669632.00
2015/10/27	11.51	11.74	10.51	11.69	8059231	276949856.00
2015/10/28	11.51	11.80	11.18	11.37	5730966	200534944.00
2015/10/29	11.42	11.64	11.20	11.42	3174282	110261864.00
2015/10/30	11.52	11.61	11.11	11.34	3678353	128133336.00
2015/11/02	10.91	11.40	10.81	11.07	3057856	103648136.00
2015/11/03	11.07	11.19	10.68	10.97	2745818	91078992.00
2015/11/04	10.97	11.58	10.97	11.57	3922266	135759296.00
2015/11/05	11.64	11.96	11.34	11.46	4042548	142512016.00
2015/11/06	11.44	11.63	11.36	11.61	3551409	124587296.00
2015/11/09	11.51	11.94	11.19	11.77	5071917	178874688.00
2015/11/10	11.83	12.60	11.83	12.24	5265479	196583504.00
2015/11/11	12.18	12.45	11.95	12.34	4144914	153615424.00
2015/11/12	12.40	13.16	12.40	12.91	5551249	215227152.00
2015/11/13	12.79	12.79	11.91	12.17	3935404	148174832.00
2015/11/16	11.78	12.51	11.68	12.49	2583693	95441312.00
2015/11/17	12.73	12.84	12.00	12.07	4627641	173640624.00
2015/11/18	11.98	11.99	11.20	11.26	6722657	235787376.00
2015/11/19	11.26	11.56	11.24	11.53	2846739	98893976.00
2015/11/20	11.58	11.81	11.42	11.77	3266269	115466848.00
2015/11/23	11.82	12.27	11.64	11.90	5085579	185793872.00
2015/11/24	11.79	12.28	11.74	12.23	3884634	143442368.00
2015/11/25	12.18	12.30	12.08	12.23	3780900	140338608.00
2015/11/26	12.21	12.64	12.21	12.29	4767209	179766144.00
2015/11/27	12.22	12.38	11.04	11.04	5693744	202644832.00
2015/11/30	10.88	11.17	10.14	10.63	4959514	159827200.00
2015/12/01	10.70	10.79	10.30	10.46	3319251	107150224.00
2015/12/02	10.49	10.61	9.93	10.34	3171517	98886008.00
2015/12/03	10.50	10.70	10.32	10.70	3606139	115206016.00
2015/12/04	10.70	10.83	10.47	10.56	3565567	115606824.00
2015/12/07	10.65	10.84	10.47	10.78	3073919	100206592.00
2015/12/08	10.74	10.74	10.44	10.49	2416239	77652744.00
2015/12/09	10.41	10.54	10.34	10.39	2375397	75475856.00
2015/12/10	10.38	10.47	10.35	10.44	2058013	65316308.00
2015/12/11	10.40	10.67	10.28	10.49	2260714	72464104.00
2015/12/14	10.41	10.63	10.18	10.62	2869733	90648768.00
2015/12/15	10.56	10.82	10.56	10.77	2548879	83437856.00
2015/12/16	10.82	10.95	10.72	10.76	3942329	129976496.00
2015/12/17	10.82	11.34	10.82	11.33	5837546	197051328.00
2015/12/18	11.33	12.14	11.21	11.88	6879572	243338384.00
2015/12/21	11.88	12.03	11.70	11.79	4452772	160027136.00
2015/12/22	11.90	11.97	11.68	11.84	3357929	120666824.00
2015/12/23	11.87	13.01	11.87	12.31	8637214	327982176.00
2015/12/24	12.49	12.49	11.68	11.88	4692190	170892064.00
2015/12/25	11.91	13.09	11.91	12.55	12264167	474521504.00
2015/12/28	12.50	12.73	12.02	12.04	6771970	254795376.00
2015/12/29	12.03	12.44	11.88	12.28	3323270	123232264.00
2015/12/30	12.28	12.50	12.03	12.41	3669094	136685344.00
2015/12/31	12.51	13.14	12.41	12.74	7759823	302833408.00
2016/07/18	11.46	12.03	11.46	11.54	22547872	531164608.00
2016/07/19	11.28	11.60	11.13	11.53	8787938	202142528.00
2016/07/20	11.53	12.06	11.29	11.88	12579900	297258432.00
2016/07/21	11.68	11.84	11.53	11.68	6472093	152644208.00
2016/07/22	11.63	11.69	11.25	11.48	6733079	155586160.00
2016/07/25	11.49	11.68	11.38	11.54	4244840	99157608.00
2016/07/26	11.57	11.62	11.44	11.57	3678210	85755440.00
2016/07/27	11.65	12.74	11.59	12.74	18824369	466782912.00
2016/07/28	12.75	13.63	12.28	13.31	29366752	766191168.00
2016/07/29	13.03	13.30	12.60	12.78	17204620	448013120.00
2016/08/01	12.82	13.32	12.63	13.21	19643638	516714208.00
2016/08/02	13.30	13.75	12.88	13.06	20197113	542360320.00
2016/08/03	12.73	13.02	12.50	12.95	13660300	352068928.00
2016/08/04	12.88	12.88	12.56	12.82	9532703	244814032.00
2016/08/05	12.78	13.27	12.68	12.71	11259283	294286976.00
2016/08/08	12.58	12.61	11.81	12.16	12523830	305566720.00
2016/08/09	12.10	12.33	11.95	12.21	7732901	189748704.00
2016/08/10	12.17	12.30	12.00	12.02	6451387	157850128.00
2016/08/11	12.02	12.11	11.42	11.53	9226617	219260768.00
2016/08/12	11.53	11.74	11.42	11.66	4633885	108624112.00
2016/08/15	11.73	12.03	11.58	11.89	8315088	198707504.00
2016/08/16	11.90	12.08	11.84	11.99	7828366	189091392.00
2016/08/17	12.00	12.01	11.80	11.87	5490396	131737272.00
2016/08/18	11.84	11.94	11.76	11.87	4658843	111544328.00
2016/08/19	11.83	11.93	11.83	11.91	3905683	93730544.00
2016/08/22	11.97	13.03	11.97	12.50	15341846	386352736.00
2016/08/23	12.45	12.62	12.11	12.28	9178275	228134496.00
2016/08/24	12.26	12.36	12.13	12.27	5138206	126882656.00
2016/08/25	12.24	12.25	11.79	11.88	6795359	163810384.00
2016/08/26	11.89	12.08	11.88	11.91	4292013	103724232.00
2016/08/29	11.92	12.32	11.79	12.24	6473893	157982032.00
2016/08/30	12.28	12.70	12.28	12.43	9107626	230058096.00
2016/08/31	12.34	12.43	12.10	12.32	5457557	134972896.00
2016/09/01	12.32	12.34	12.09	12.11	3470094	85620944.00
2016/09/02	12.08	12.12	11.80	11.86	3746647	90404816.00
2016/09/05	11.95	12.07	11.88	11.96	2560600	61998040.00
2016/09/06	11.96	12.01	11.70	11.98	4150183	99319096.00
2016/09/07	11.98	12.15	11.92	11.93	3638350	88458216.00
2016/09/08	11.90	12.04	11.83	11.87	2823403	67960368.00
2016/09/09	11.83	12.04	11.79	11.88	3742779	89805280.00
2016/09/12	11.76	11.95	11.48	11.48	4606028	108824496.00
2016/09/13	11.53	11.62	11.25	11.32	4612375	106087824.00
2016/09/14	11.32	11.55	11.23	11.38	2402283	55314756.00
2016/09/19	11.38	11.52	11.35	11.42	1938777	44682336.00
2016/09/20	11.43	11.48	11.36	11.40	1729540	39887048.00
2016/09/21	11.33	11.43	11.30	11.34	1551511	35623192.00
2016/09/22	11.40	11.51	11.39	11.45	2187942	50650232.00
2016/09/23	11.46	11.63	11.45	11.56	2610687	60990792.00
2016/09/26	11.54	11.76	11.28	11.30	3716757	86611016.00
2016/09/27	11.27	11.33	10.93	11.16	3438982	77357808.00
2016/09/28	11.18	11.27	10.99	11.01	1943871	43386248.00
2016/09/29	11.02	11.08	10.94	10.95	2417121	53764744.00
2016/09/30	10.98	11.02	10.85	10.92	2342207	51691392.00
2016/10/10	11.02	11.22	10.98	11.21	3489507	78568144.00
2016/10/11	11.23	11.41	11.16	11.38	3521943	80394272.00
2016/10/12	11.34	11.34	11.13	11.20	2581033	58539436.00
2016/10/13	11.28	11.28	11.13	11.20	1911804	43235048.00
2016/10/14	11.14	11.24	11.07	11.21	1851701	41738104.00
2016/10/17	11.21	11.35	11.16	11.25	2812016	64169492.00
2016/10/18	11.25	11.35	11.18	11.33	2334134	53221864.00
2016/10/19	11.35	11.37	11.20	11.22	2017771	45914676.00
2016/10/20	11.22	11.30	11.20	11.24	1483355	33724128.00
2016/10/21	11.23	11.27	11.13	11.17	1801979	40759876.00
2016/10/24	11.13	11.35	11.13	11.30	2265521	51501844.00
2016/10/25	11.31	11.32	11.18	11.23	2031034	46076908.00
2016/10/26	11.23	11.23	11.11	11.13	2276455	51311032.00
2016/10/27	11.13	11.14	11.03	11.09	1479828	33102704.00
2016/10/28	11.13	11.13	10.98	11.01	1717923	38326408.00
2016/10/31	11.01	11.10	10.94	11.04	2174890	48464220.00
2016/11/01	11.05	11.08	10.99	11.07	2198705	49045364.00
2016/11/02	11.07	11.07	10.92	10.93	1907638	42387140.00
2016/11/03	10.98	11.19	10.93	11.02	4115857	92182456.00
2016/11/04	11.04	11.09	10.88	10.91	2941543	65200612.00
2016/11/07	10.92	10.96	10.80	10.82	2501688	54869016.00
2016/11/08	10.83	10.92	10.83	10.89	1627198	35800700.00
2016/11/09	10.93	10.96	10.73	10.89	2541144	55950252.00
2016/11/10	10.92	11.99	10.92	11.99	13738670	320817376.00
2016/11/11	12.04	12.04	11.64	11.75	10672004	253938816.00
2016/11/14	11.82	11.82	11.53	11.61	5955441	140147792.00
2016/11/15	11.64	12.01	11.62	11.88	9398328	225220432.00
2016/11/16	11.84	11.96	11.66	11.89	5788078	137724848.00
2016/11/17	11.88	11.90	11.74	11.75	3497037	83343288.00
2016/11/18	11.78	11.87	11.68	11.69	2996614	71220424.00
2016/11/21	11.68	11.80	11.63	11.64	2877803	67893472.00
2016/11/22	11.70	11.83	11.55	11.76	4320157	101939240.00
2016/11/23	11.76	11.79	11.47	11.53	3279492	77079728.00
2016/11/24	11.47	11.67	11.46	11.51	2779746	64823752.00
2016/11/25	11.53	11.65	11.43	11.64	2802516	65358572.00
2016/11/28	11.52	11.62	11.38	11.40	4327689	100437864.00
2016/11/29	11.36	11.38	10.89	10.93	6322811	140864448.00
2016/11/30	10.93	11.10	10.74	10.92	2961146	65332020.00
2016/12/01	10.98	10.98	10.88	10.92	2484794	54853092.00
2016/12/02	10.92	10.95	10.50	10.60	3623890	78892272.00
2016/12/05	10.56	10.71	10.41	10.52	2009297	42865660.00
2016/12/06	10.56	10.84	10.52	10.63	3247790	70214576.00
2016/12/07	10.73	10.93	10.68	10.87	3456501	75929224.00
2016/12/08	10.87	10.89	10.74	10.75	1976396	43205168.00
2016/12/09	10.75	10.80	10.68	10.73	1306560	28331032.00
2016/12/12	10.81	10.81	10.24	10.27	3199884	67513216.00
2016/12/13	10.28	10.40	10.11	10.18	2036341	42094488.00
2016/12/14	10.18	10.26	10.13	10.13	1609693	33229510.00
2016/12/15	10.08	10.35	9.88	10.14	1708702	35233588.00
2016/12/16	10.17	10.28	10.13	10.23	1564167	32301006.00
2016/12/19	10.33	10.33	10.08	10.10	1443370	29626082.00
2016/12/20	10.10	10.15	10.03	10.07	1095815	22402108.00
2016/12/21	10.12	10.25	10.08	10.15	1401213	28875680.00
2016/12/22	10.14	10.19	10.06	10.16	1341587	27528154.00
2016/12/23	10.20	10.25	10.12	10.14	1380021	28409006.00
2016/12/26	10.01	10.12	9.89	10.08	1614941	32585966.00
2016/12/27	10.04	10.19	10.03	10.08	1097120	22420510.00
2016/12/28	10.13	10.13	9.93	9.94	1186369	24033092.00
2016/12/29	9.94	10.02	9.89	9.90	1113483	22421344.00
2016/12/30	9.90	9.98	9.89	9.95	1026362	20637228.00
2017/01/03	10.00	10.46	9.97	10.30	3070159	63532256.00
2017/01/04	10.28	10.53	10.28	10.44	2926474	61926324.00
2017/01/05	10.44	10.48	10.24	10.26	1532655	31996010.00
2017/01/06	10.27	10.48	10.19	10.20	1284008	26678874.00
2017/01/09	10.26	10.26	10.14	10.20	1560199	32126694.00
2017/01/10	10.21	10.24	10.09	10.10	1405551	28906272.00
2017/01/11	10.10	10.18	9.94	9.97	1217936	24759948.00
2017/01/12	10.00	10.03	9.93	9.93	885877	17864122.00
2017/01/13	9.93	10.00	9.88	9.94	1019754	20498820.00
2017/01/16	9.92	9.97	8.93	9.18	3240408	61640104.00
2017/01/17	9.03	9.28	8.98	9.18	1438608	26672658.00
2017/01/18	9.13	9.17	9.03	9.04	1136070	20938212.00
2017/01/19	9.03	9.13	8.93	8.98	1000325	18337878.00
2017/01/20	8.99	9.22	8.99	9.16	1361245	25176536.00
2017/01/23	9.15	9.47	9.15	9.43	1580361	30026326.00
2017/01/24	9.43	9.44	9.28	9.32	1045301	19797454.00
2017/01/25	9.25	9.48	9.24	9.43	1127361	21527798.00
2017/01/26	9.44	9.62	9.44	9.58	947970	18378736.00
2017/02/03	9.68	10.13	9.68	9.96	2690352	54144704.00
2017/02/06	10.97	10.97	10.97	10.97	3483904	77272992.00
2017/02/07	11.60	11.78	11.16	11.50	21926426	506906592.00
2017/02/08	11.38	11.50	11.13	11.46	11995013	274884512.00
2017/02/09	11.56	12.13	11.29	11.78	18778003	442460800.00
2017/02/10	11.60	11.78	11.03	11.08	12286624	284250560.00
2017/02/13	11.04	11.38	10.90	11.22	9293212	209776672.00
2017/02/14	11.20	11.40	11.13	11.19	6095152	138758800.00
2017/02/15	11.26	11.46	11.08	11.14	7281167	166335488.00
2017/02/16	11.10	11.33	11.10	11.25	5020179	113959624.00
2017/02/17	11.25	11.46	11.18	11.29	5416411	124034800.00
2017/02/20	11.16	11.43	11.14	11.27	4740553	107917344.00
2017/02/21	11.29	11.84	11.21	11.58	9094174	211590592.00
2017/02/22	11.58	11.73	11.47	11.67	6963235	163287152.00
2017/02/23	11.69	11.73	11.48	11.53	5545107	129795752.00
2017/02/24	11.50	11.55	11.26	11.38	4912354	113061872.00
2017/02/27	11.49	11.58	11.10	11.12	4845479	110549960.00
2017/02/28	11.12	11.30	11.12	11.27	2741011	62093592.00
2017/03/01	11.25	11.42	11.19	11.36	4652165	106386560.00
2017/03/02	11.38	11.44	11.10	11.11	4429639	100880992.00
2017/03/03	11.07	12.09	11.03	11.78	13427250	316801088.00
2017/03/06	11.79	12.47	11.79	12.28	18079610	445448448.00
2017/03/07	12.57	12.57	12.05	12.33	15601572	388402624.00
2017/03/08	12.38	12.57	12.24	12.37	9580879	239429744.00
2017/03/09	12.37	12.78	12.33	12.67	14992307	380444192.00
2017/03/10	12.64	13.95	12.46	13.89	28642802	777360512.00
2017/03/13	13.73	13.92	13.22	13.75	21688509	593376320.00
2017/03/14	13.96	14.40	13.33	13.68	56078494	779550272.00
2017/03/15	13.46	14.83	13.40	14.23	64993114	927295424.00
2017/03/16	13.96	14.42	13.66	14.22	51864519	730839104.00
2017/03/17	14.08	14.70	13.65	13.65	47705809	674019328.00
2017/03/20	13.35	13.44	12.83	13.00	32883992	429870400.00
2017/03/21	13.07	13.16	12.67	12.91	22649520	292600960.00
2017/03/22	13.00	13.02	12.68	12.79	17318748	223118912.00
2017/03/23	12.82	12.90	11.95	12.28	26095462	325261632.00
2017/03/24	12.40	12.43	12.15	12.32	11898958	146952160.00
2017/03/27	12.30	12.69	12.07	12.50	15804552	198277600.00
2017/03/28	12.51	12.72	12.26	12.66	16885472	212383488.00
2017/03/29	12.60	12.70	12.20	12.20	15171372	188858224.00
2017/03/30	12.17	12.17	11.35	11.41	19581749	230105968.00
2017/03/31	11.39	12.40	11.25	12.16	21930384	261207760.00
2017/04/05	11.95	12.11	11.65	11.97	13969662	166694688.00
2017/04/06	11.89	11.94	11.65	11.69	11161436	132000528.00
2017/04/07	11.75	11.76	11.50	11.61	8308664	96769272.00
2017/04/10	11.56	11.56	11.05	11.12	12383669	139649856.00
2017/04/11	11.17	11.32	11.08	11.23	9602187	107791296.00
2017/04/12	11.23	11.23	10.76	10.79	12207806	134427712.00
2017/04/13	10.79	10.92	10.71	10.79	5937202	64310068.00
2017/04/14	10.84	10.84	10.18	10.21	11423010	119844544.00
2017/04/17	10.24	10.24	9.80	9.97	7736826	77450776.00
2017/04/18	9.99	10.13	9.91	9.96	5315422	53565396.00
2017/04/19	9.94	10.17	9.86	10.12	7035972	71172720.00
2017/04/20	10.14	10.91	10.07	10.60	16688342	177118528.00
2017/04/21	10.70	10.79	10.33	10.37	8910624	93705688.00
2017/04/24	10.33	10.35	9.92	9.97	6279264	63383440.00
2017/04/25	9.96	10.08	9.94	9.97	4537220	45565304.00
2017/04/26	10.01	10.05	9.90	9.93	4460259	44617220.00
2017/04/27	9.93	10.21	9.51	10.11	10280454	101459472.00
2017/04/28	10.03	10.06	9.95	10.00	4469337	44893964.00
2017/05/02	9.94	9.98	9.86	9.92	3413119	34094436.00
2017/05/03	9.90	10.30	9.86	10.27	9770207	99722272.00
2017/05/04	10.15	10.26	10.06	10.09	5339980	54418276.00
2017/05/05	10.08	10.24	9.99	10.00	4978840	50600984.00
2017/05/08	10.00	10.02	9.54	9.54	6958699	68217200.00
2017/05/09	9.52	9.64	9.25	9.54	4778831	45330472.00
2017/05/10	9.55	9.63	9.26	9.26	4330638	41093472.00
2017/05/11	9.19	9.27	8.81	9.09	4839950	44014536.00
2017/05/12	9.15	9.26	9.04	9.21	4165448	38469360.00
2017/05/15	9.15	9.37	9.13	9.19	2397652	22262328.00
2017/05/16	9.15	9.46	9.12	9.43	5233781	49020828.00
2017/05/17	9.45	9.64	9.37	9.45	4929122	46990400.00
2017/05/18	9.41	9.59	9.33	9.42	4320924	41150696.00
2017/05/19	9.45	9.50	9.36	9.43	2099800	19892506.00
2017/05/22	9.40	9.49	9.10	9.11	3293350	30604720.00
2017/05/23	9.13	9.21	8.66	8.69	4575654	41064200.00
2017/05/24	8.66	8.87	8.56	8.84	3333988	29295620.00
2017/05/25	8.84	8.95	8.68	8.95	2916750	25880130.00
2017/05/26	8.95	9.23	8.87	9.16	4026250	36550172.00
2017/05/31	9.20	9.30	9.05	9.06	2688747	24766472.00
2017/06/01	9.04	9.10	8.73	8.85	3381050	30308114.00
2017/06/02	8.92	8.98	8.70	8.88	2306200	20485812.00
2017/06/05	8.95	9.19	8.86	8.98	2652656	23992464.00
2017/06/06	8.95	9.05	8.88	8.98	1597748	14400740.00
2017/06/07	9.00	9.25	8.99	9.20	4539198	41785500.00
2017/06/08	9.23	9.23	9.10	9.13	2682580	24699956.00
2017/06/09	9.13	9.19	9.10	9.15	1738406	15959199.00
2017/06/12	9.14	9.14	8.98	8.99	2308525	20991250.00
2017/06/13	9.32	9.85	9.32	9.85	21128481	204958592.00
2017/06/14	9.62	9.84	9.55	9.71	11563819	112378208.00
2017/06/15	9.57	9.80	9.56	9.69	7458102	72760216.00
2017/06/16	9.60	9.70	9.58	9.63	4567189	44155448.00
2017/06/19	9.61	10.00	9.56	9.84	8447930	83012416.00
2017/06/20	9.78	9.85	9.65	9.66	5869700	57407796.00
2017/06/21	9.67	9.73	9.54	9.61	4177038	40311680.00
2017/06/22	9.61	9.64	9.35	9.38	4699534	44956120.00
2017/06/23	9.38	9.49	9.26	9.40	4170754	39211844.00
2017/06/26	9.39	9.52	9.37	9.47	2901892	27611522.00
2017/06/27	9.53	9.55	9.40	9.45	3118626	29631122.00
2017/06/28	9.42	9.44	9.28	9.32	3336318	31390466.00
2017/06/29	9.32	9.40	9.31	9.33	2644564	24867618.00
2017/06/30	9.28	9.40	9.28	9.35	1919846	18042622.00
2017/07/03	9.34	9.39	9.28	9.38	3033340	28454078.00
2017/07/04	9.40	9.41	9.25	9.28	2731899	25598880.00
2017/07/05	9.29	9.37	9.28	9.35	2309802	21679308.00
2017/07/06	9.35	10.02	9.35	9.89	17095721	167003104.00
2017/07/07	9.76	10.05	9.66	9.83	12229967	120779104.00
2017/07/10	9.73	9.82	9.66	9.70	5680278	55467880.00
2017/07/11	9.66	9.75	9.57	9.67	3915600	38009244.00
2017/07/12	9.67	9.71	9.35	9.45	4876600	46448512.00
2017/07/13	9.43	9.55	9.42	9.46	3342180	31835576.00
2017/07/14	9.46	9.61	9.45	9.48	3352422	32111058.00
2017/07/17	9.42	9.42	8.73	8.75	8520688	76657792.00
2017/07/18	8.65	8.89	8.65	8.81	2942060	25984174.00
2017/07/19	8.72	9.30	8.70	9.15	5264500	47600908.00
2017/07/20	9.15	9.21	8.98	9.10	3134732	28640756.00
2017/07/21	9.13	9.15	8.97	9.11	2096600	19057136.00
2017/07/24	9.06	9.10	8.95	9.06	2054808	18666802.00
2017/07/25	9.06	9.16	9.04	9.06	2303594	21073948.00
2017/07/26	9.06	9.12	8.93	8.96	3033657	27405272.00
2017/07/27	8.97	9.12	8.83	9.07	3238015	29288596.00
2017/07/28	9.08	9.13	9.02	9.13	2988135	27315534.00
2017/07/31	9.18	9.23	9.08	9.13	4611550	42390204.00
2017/08/01	9.10	9.17	9.03	9.12	2749076	25143350.00
2017/08/02	9.10	9.15	8.97	9.00	3460808	31529608.00
2017/08/03	8.95	9.08	8.95	8.95	2515592	22796720.00
2017/08/04	8.95	9.23	8.95	9.13	4575032	41797316.00
2017/08/07	9.11	9.20	9.06	9.14	3515266	32272390.00
2017/08/08	9.10	9.38	9.09	9.24	4824834	44747164.00
2017/08/09	9.23	9.26	9.14	9.19	2780668	25689870.00
2017/08/10	9.18	9.18	8.96	9.01	4272476	38875364.00
2017/08/11	8.95	9.03	8.87	8.91	2824736	25402272.00
2017/08/14	8.91	9.11	8.91	9.09	2448100	22274320.00
2017/08/15	9.08	9.13	9.00	9.06	2015200	18322748.00
2017/08/16	9.04	9.12	9.01	9.11	2933454	26812406.00
2017/08/17	9.12	9.23	9.06	9.20	4346624	40014412.00
2017/08/18	9.11	9.15	9.04	9.12	2295042	20995626.00
2017/08/21	9.12	9.20	8.93	9.04	7137085	64913572.00
2017/08/22	9.02	9.04	8.85	8.96	4049543	36483536.00
2017/08/23	8.95	8.99	8.89	8.94	2219348	19975304.00
2017/08/24	8.94	8.99	8.90	8.92	2003454	18004236.00
2017/08/25	8.91	9.00	8.90	8.99	2266691	20432448.00
2017/08/28	8.94	9.05	8.93	9.00	4500500	40706932.00
2017/08/29	9.03	9.04	8.96	8.98	2833614	25604266.00
2017/08/30	8.97	9.00	8.94	8.95	2695500	24287440.00
2017/08/31	8.96	8.98	8.92	8.96	2559435	23026602.00
2017/09/01	8.93	8.97	8.91	8.97	3368650	30286374.00
2017/09/04	8.97	9.00	8.91	9.00	2655746	23950878.00
2017/09/05	9.00	9.01	8.94	8.99	2153200	19431076.00
2017/09/06	8.98	8.98	8.93	8.96	2537906	22850068.00
2017/09/07	9.02	9.49	9.02	9.26	15843896	148462272.00
2017/09/08	9.15	9.24	9.12	9.14	6516064	60057216.00
2017/09/11	9.14	9.27	9.12	9.20	3791000	35057540.00
2017/09/12	9.20	9.21	9.08	9.09	5036234	46262720.00
2017/09/13	9.09	9.15	9.04	9.10	3142228	28720788.00
2017/09/14	9.09	9.16	9.06	9.12	3062894	28064270.00
2017/09/15	9.13	9.14	9.05	9.11	2267800	20699200.00
2017/09/18	9.12	9.13	9.07	9.12	2284178	20894798.00
2017/09/19	9.12	9.12	9.06	9.08	2520800	23019412.00
2017/09/20	9.07	9.11	9.04	9.11	2656202	24250506.00
2017/09/21	9.10	9.11	9.02	9.02	2987940	27225076.00
2017/09/22	9.03	9.07	9.01	9.03	2304970	20955518.00
2017/09/25	9.04	9.06	8.97	8.98	2278800	20650694.00
2017/09/26	8.98	9.03	8.95	8.97	2114606	19084252.00
2017/09/27	8.85	8.98	8.85	8.90	3034652	27214896.00
2017/09/28	8.90	8.94	8.85	8.85	2163300	19345082.00
2017/09/29	8.85	8.95	8.85	8.90	1665700	14925632.00
2017/10/09	8.93	9.04	8.93	9.01	2373864	21442386.00
2017/10/10	9.04	9.20	8.98	9.17	6201064	57018200.00
2017/10/11	9.18	9.34	9.12	9.12	7075170	65624848.00
2017/10/12	9.11	9.17	9.07	9.12	3220600	29462688.00
2017/10/13	9.17	9.28	9.11	9.21	5082200	47051296.00
2017/10/16	9.18	9.21	8.99	8.99	4845000	44182956.00
2017/10/17	9.08	9.08	8.96	9.03	2039538	18489612.00
2017/10/18	9.03	9.19	9.00	9.13	3657146	33482868.00
2017/10/19	9.19	9.19	8.97	9.00	3713480	33816368.00
2017/10/20	8.96	9.07	8.96	9.03	1870278	16950196.00
2017/10/23	9.22	9.22	9.05	9.12	2921700	26754186.00
2017/10/24	9.10	9.12	9.01	9.10	2347200	21382398.00
2017/10/25	9.12	9.13	9.03	9.09	1868306	17051714.00
2017/10/26	9.10	9.12	9.02	9.11	3197300	29181680.00
2017/10/27	9.08	9.17	9.05	9.05	2040712	18652628.00
2017/10/30	9.06	9.11	8.85	8.89	4386902	39360344.00
2017/10/31	8.86	8.94	8.83	8.93	2335704	20872202.00
2017/11/01	8.92	8.99	8.85	8.88	2494000	22357982.00
2017/11/02	8.89	9.21	8.84	9.10	6693796	60868972.00
2017/11/03	9.01	9.21	8.97	9.15	6637700	60696404.00
2017/11/06	9.19	9.21	9.08	9.19	5477622	50325748.00
2017/11/07	9.15	9.19	9.09	9.16	4054074	37215852.00
2017/11/08	9.18	9.18	9.06	9.06	3438744	31480922.00
2017/11/09	9.06	9.12	9.01	9.07	2411352	21950684.00
2017/11/10	9.07	9.09	9.00	9.02	2671004	24275192.00
2017/11/13	9.02	9.09	8.96	9.00	2434093	22040452.00
2017/11/14	9.00	9.01	8.90	8.93	2855229	25675052.00
2017/11/15	8.93	9.00	8.90	8.96	1921058	17283634.00
2017/11/16	8.97	9.01	8.93	8.97	1685892	15199853.00
2017/11/17	8.97	9.00	8.83	8.84	3680500	32919172.00
2017/11/20	8.79	8.81	7.97	8.60	3900732	33244810.00
2017/11/21	8.52	8.61	8.27	8.30	3085000	26128896.00
2017/11/22	8.29	8.63	8.29	8.44	2608600	22323040.00
2017/11/23	8.37	8.47	8.23	8.28	1811712	15228800.00
2017/11/24	8.24	8.31	8.10	8.12	1690044	13906901.00
2017/11/27	8.13	8.21	7.95	8.00	1919900	15580994.00
2017/11/28	8.01	8.07	7.95	8.03	2105501	16949710.00
2017/11/29	8.02	8.02	7.95	8.01	1835306	14741196.00
2017/11/30	8.00	8.03	7.97	8.00	1303120	10485742.00
2017/12/01	7.99	8.08	7.98	8.06	1579778	12781977.00
2017/12/04	8.02	8.05	7.96	7.96	1500528	12066958.00
2017/12/05	7.96	8.01	7.61	7.82	4199996	32714684.00
2017/12/06	7.78	7.78	7.65	7.73	1579123	12246290.00
2017/12/07	7.85	7.90	7.75	7.78	1588848	12496072.00
2017/12/08	7.80	7.82	7.72	7.81	1119650	8773934.00
2017/12/11	7.83	7.88	7.79	7.88	1231659	9714320.00
2017/12/12	7.89	7.89	7.76	7.76	1139906	8930059.00
2017/12/13	7.75	7.89	7.72	7.84	1548690	12156864.00
2017/12/14	7.83	7.92	7.75	7.89	1688680	13353273.00
2017/12/15	7.85	7.90	7.79	7.81	1669902	13176323.00
2017/12/18	7.80	7.84	7.73	7.74	892124	6974060.00
2017/12/19	7.78	7.80	7.73	7.76	754764	5893004.50
2017/12/20	7.76	7.76	7.59	7.61	1548100	11936577.00
2017/12/21	7.57	7.65	7.53	7.60	993166	7587395.00
2017/12/22	7.58	7.74	7.54	7.74	1407300	10817941.00
2017/12/25	7.68	7.70	7.57	7.58	866900	6647854.00
2017/12/26	7.58	7.65	7.56	7.60	1090284	8336442.00
2017/12/27	7.62	7.62	7.54	7.56	1232700	9378561.00
2017/12/28	7.54	7.59	7.51	7.52	1304200	9903499.00
2017/12/29	7.53	7.59	7.52	7.58	985900	7503970.00
2018/01/02	7.57	8.09	7.56	7.85	3531922	27859896.00
2018/01/03	7.83	7.84	7.70	7.78	2296816	17946158.00
2018/01/04	7.78	7.82	7.72	7.72	1743834	13622123.00
2018/01/05	7.71	7.76	7.68	7.73	1295500	10080175.00
2018/01/08	7.78	8.09	7.74	8.05	6873836	55108964.00
2018/01/09	8.01	8.12	7.92	8.02	4228171	34175960.00
2018/01/10	7.95	8.00	7.85	7.88	2038184	16204331.00
2018/01/11	7.88	8.29	7.83	8.15	6110728	50082324.00
2018/01/12	8.15	8.19	8.03	8.11	2150500	17483724.00
2018/01/15	8.13	8.26	8.02	8.14	4771032	39239808.00
2018/01/16	8.15	8.22	8.03	8.10	3055822	24955210.00
2018/01/17	8.04	8.07	7.86	7.98	2590258	20755860.00
2018/01/18	7.98	8.03	7.90	7.95	1365344	10934480.00
2018/01/19	7.96	8.55	7.91	8.24	5140784	42517924.00
2018/01/22	8.23	8.44	8.16	8.33	3297303	27502988.00
2018/01/23	8.30	8.45	8.23	8.31	2031100	17007228.00
2018/01/24	8.30	8.35	8.20	8.29	1538040	12801268.00
2018/01/25	8.34	8.43	8.19	8.22	3215800	26854842.00
2018/01/26	8.21	8.23	8.13	8.19	1861298	15297541.00
2018/01/29	8.19	8.49	8.13	8.23	2923534	24409446.00
2018/01/30	8.24	8.39	8.18	8.24	1926100	16062151.00
2018/01/31	8.25	8.25	8.05	8.07	1896882	15520800.00
2018/02/01	8.15	8.15	7.63	7.71	1943700	15363076.00
2018/02/02	7.71	7.84	7.53	7.74	1208000	9366681.00
2018/02/05	7.72	7.74	7.58	7.62	1653500	12713155.00
2018/02/06	7.59	7.59	7.10	7.11	2601800	19218176.00
2018/02/07	7.33	7.38	7.05	7.11	2995980	21538758.00
2018/02/08	7.15	7.27	7.13	7.19	1146046	8310245.00
2018/02/09	7.05	7.07	6.69	6.81	2905512	20053088.00
2018/02/12	6.85	7.03	6.85	6.95	1117512	7826200.00
2018/02/13	6.92	7.10	6.92	7.05	1184300	8402536.00
2018/02/14	7.04	7.18	7.04	7.11	613300	4383596.00
2018/02/22	7.24	7.27	7.15	7.20	876200	6358242.00
2018/02/23	7.16	7.24	7.11	7.14	1597000	11507936.00
2018/02/26	7.15	7.25	7.15	7.24	1647200	11955940.00
2018/02/27	7.25	7.48	7.22	7.30	2889534	21378858.00
2018/02/28	7.31	7.36	7.15	7.24	2237064	16362384.00
2018/03/01	7.15	7.28	7.15	7.27	2178469	15869951.00
2018/03/02	7.27	7.27	7.17	7.18	2200400	15955834.00
2018/03/05	7.17	7.24	7.15	7.21	1202100	8712156.00
2018/03/06	7.25	7.47	7.25	7.34	3594790	26663522.00
2018/03/07	7.33	7.42	7.31	7.33	1881055	13906425.00
2018/03/08	7.36	7.62	7.33	7.54	4675372	35277376.00
2018/03/09	7.55	8.06	7.46	7.86	7985861	63142844.00
2018/03/12	7.75	8.31	7.75	8.29	9338445	76321616.00
2018/03/13	8.27	8.41	8.08	8.28	7369722	61169612.00
2018/03/14	8.19	8.43	8.15	8.29	5419468	45226784.00
2018/03/15	8.04	8.23	7.96	8.05	5119300	41465880.00
2018/03/16	8.08	8.42	8.01	8.29	7659750	63767428.00
2018/03/19	8.34	8.35	8.04	8.13	3921606	32164176.00
2018/03/20	8.11	8.40	8.05	8.08	7938900	65563844.00
2018/03/21	8.15	8.20	7.77	7.92	9927149	79745600.00
2018/03/22	7.88	7.99	7.72	7.87	4532379	35831760.00
2018/03/23	7.65	7.84	7.26	7.35	5304829	40223708.00
2018/03/26	7.32	7.48	7.20	7.43	3461100	25738022.00
2018/03/27	7.53	7.75	7.45	7.65	4421732	33992056.00
2018/03/28	7.59	7.92	7.51	7.69	3739116	29222986.00
2018/03/29	7.67	7.79	7.67	7.69	2018806	15659759.00
2018/03/30	7.74	7.78	7.65	7.74	2509046	19476528.00
2018/04/02	7.76	7.86	7.65	7.68	4124902	32113032.00
2018/04/03	7.60	8.09	7.48	8.09	8971858	70641480.00
2018/04/04	8.03	8.28	7.95	8.06	9315193	76018792.00
2018/04/09	8.00	8.05	7.77	7.89	4843102	38431600.00
2018/04/10	7.91	8.04	7.78	7.90	4147517	32935578.00
2018/04/11	7.97	8.07	7.88	8.01	4983715	40037160.00
2018/04/12	7.99	8.13	7.96	7.97	3156115	25443856.00
2018/04/13	7.98	8.10	7.88	7.89	3058300	24528032.00
2018/04/16	7.86	7.92	7.69	7.86	3236407	25550244.00
2018/04/17	7.85	7.98	7.75	7.77	2977364	23615384.00
2018/04/18	7.80	7.90	7.50	7.68	3447807	26582610.00
2018/04/19	7.72	7.75	7.55	7.68	2231400	17236808.00
2018/04/20	7.65	7.72	7.43	7.43	2611100	19882832.00
2018/04/23	7.43	7.50	7.30	7.45	1781068	13272896.00
2018/04/24	7.45	7.57	7.34	7.53	1885830	14232027.00
2018/04/25	7.45	7.60	7.40	7.50	2264304	17082950.00
2018/04/26	7.49	7.52	7.30	7.31	2200600	16328596.00
2018/04/27	7.34	7.45	7.31	7.39	1551300	11533671.00
2018/05/02	7.39	7.53	7.35	7.51	2617464	19683300.00
2018/05/03	7.51	7.53	7.35	7.46	2144700	16031158.00
2018/05/04	7.45	7.57	7.41	7.52	2118775	16011473.00
2018/05/07	7.58	7.71	7.55	7.67	3040500	23424232.00
2018/05/08	7.67	7.90	7.65	7.85	5408174	42500416.00
2018/05/09	7.86	8.00	7.73	7.79	3819590	30097834.00
2018/05/10	7.79	8.23	7.73	8.23	12864730	103375128.00
2018/05/11	8.29	8.80	8.03	8.41	23688066	200469232.00
2018/05/14	8.12	8.18	7.87	7.92	10054960	80404880.00
2018/05/15	7.91	8.02	7.84	8.01	4938487	39188996.00
2018/05/16	8.00	8.23	7.88	8.04	8161715	66004872.00
2018/05/17	8.00	8.01	7.88	7.96	5118596	40569968.00
2018/05/18	7.90	8.00	7.85	7.96	3916814	30971732.00
2018/05/21	8.01	8.03	7.91	7.93	3514464	27998998.00
2018/05/22	7.93	8.00	7.86	7.96	3708420	29444572.00
2018/05/23	7.92	8.09	7.85	7.89	5053564	40265648.00
2018/05/24	7.86	7.99	7.86	7.91	3247700	25731730.00
2018/05/25	7.91	8.09	7.89	8.06	9364682	75197208.00
2018/05/28	8.10	8.10	7.86	8.02	6554234	52190500.00
2018/05/29	7.98	8.28	7.86	8.01	10317483	83296576.00
2018/05/30	7.85	7.86	7.21	7.37	7189690	53956252.00
2018/05/31	7.44	7.50	7.32	7.39	4446300	32942678.00
2018/06/01	7.32	7.55	7.25	7.30	4136100	30474088.00
2018/06/04	7.31	7.36	7.22	7.24	2219526	16140182.00
2018/06/05	7.29	7.43	7.27	7.40	2427613	17885380.00
2018/06/06	7.43	7.45	7.27	7.32	2111332	15487228.00
2018/06/07	7.36	7.37	7.09	7.10	4398330	31681750.00
2018/06/08	7.09	7.19	7.00	7.04	2495167	17605556.00
2018/06/11	7.01	7.08	7.01	7.07	1413699	9970160.00
2018/06/12	7.07	7.13	7.02	7.09	1533534	10854337.00
2018/06/13	7.05	7.10	6.96	6.97	1936400	13625701.00
2018/06/14	6.95	7.07	6.95	6.98	1605900	11261832.00
2018/06/15	7.00	7.04	6.79	6.79	2097900	14451968.00
2018/06/19	6.78	6.78	6.11	6.11	5332000	33994344.00
2018/06/20	6.11	6.19	5.85	6.00	5916100	35570860.00
2018/06/21	6.02	6.11	5.42	5.43	11241700	63470300.00
2018/06/22	5.45	5.56	5.29	5.52	6411918	34745432.00
2018/06/25	5.60	5.72	5.53	5.59	4163242	23479558.00
2018/06/26	5.47	5.76	5.40	5.71	4228242	24017090.00
2018/06/27	5.74	5.83	5.70	5.75	2593710	14959816.00
2018/06/28	5.71	5.80	5.62	5.65	2075500	11874930.00
2018/06/29	5.69	5.89	5.64	5.84	2711600	15660375.00
2018/07/02	5.80	6.02	5.77	5.87	3491636	20632232.00
2018/07/03	5.84	5.97	5.76	5.93	3081400	18139334.00
2018/07/04	5.85	5.96	5.84	5.90	2801708	16531389.00
2018/07/05	5.85	5.91	5.75	5.79	3436800	20051482.00
2018/07/06	5.79	5.87	5.56	5.76	3860706	22087312.00
2018/07/09	5.80	6.00	5.79	5.99	3011629	17859350.00
2018/07/10	6.05	6.51	5.93	6.24	5597626	34593624.00
2018/07/11	6.10	6.12	5.94	6.01	3798500	22921364.00
2018/07/12	6.00	6.14	5.93	6.09	3003606	18243296.00
2018/07/13	6.12	6.20	6.05	6.15	3648950	22384536.00
2018/07/16	6.15	6.15	6.01	6.04	2528500	15282025.00
2018/07/17	6.06	6.13	6.01	6.13	2359018	14336552.00
2018/07/18	6.14	6.18	6.06	6.08	1805927	11041082.00
2018/07/19	6.07	6.10	5.95	5.97	1742487	10470392.00
2018/07/20	6.00	6.05	5.93	6.01	1362763	8161568.50
2018/07/23	5.92	5.93	5.73	5.82	3622663	21106872.00
2018/07/24	5.82	5.97	5.75	5.95	2979748	17553240.00
2018/07/25	5.94	6.09	5.91	6.09	3329012	20089970.00
2018/07/26	6.11	6.13	6.04	6.04	1992406	12094932.00
2018/07/27	6.06	6.12	6.02	6.06	1899300	11534611.00
2018/07/30	6.10	6.10	5.87	5.89	2418749	14415391.00
2018/07/31	5.85	5.94	5.85	5.90	1085200	6397182.00
2018/08/01	5.90	5.95	5.75	5.79	1713500	10034844.00
2018/08/02	5.73	5.74	5.48	5.57	2740397	15305832.00
2018/08/03	5.56	5.64	5.52	5.52	1307900	7305008.00
2018/08/06	5.49	5.62	5.45	5.46	1919500	10570354.00
2018/08/07	5.45	5.59	5.43	5.58	1654879	9139497.00
2018/08/08	5.60	5.71	5.54	5.60	2158571	12157899.00
2018/08/09	5.60	5.76	5.54	5.75	2350600	13376225.00
2018/08/10	5.75	5.80	5.67	5.72	2319867	13277529.00
2018/08/13	5.65	5.66	5.49	5.64	2453545	13669678.00
2018/08/14	5.60	5.68	5.57	5.65	1628573	9165403.00
2018/08/15	5.65	5.66	5.51	5.53	1467900	8170651.00
2018/08/16	5.50	5.56	5.42	5.45	1577517	8642544.00
2018/08/17	5.48	5.54	5.33	5.36	2017900	10948942.00
2018/08/20	5.34	5.42	5.24	5.32	1951172	10351997.00
2018/08/21	5.71	5.85	5.71	5.85	6014125	35016640.00
2018/08/22	6.01	6.27	5.85	5.93	14636231	88974344.00
2018/08/23	5.73	5.88	5.70	5.78	7699400	44382900.00
2018/08/24	5.75	5.75	5.61	5.61	4439906	25054438.00
2018/08/27	5.62	5.68	5.57	5.67	4211651	23723682.00
2018/08/28	5.65	5.71	5.59	5.66	3940050	22208308.00
2018/08/29	5.66	5.69	5.61	5.62	1778750	9998650.00
2018/08/30	5.63	5.65	5.53	5.53	1834796	10256185.00
2018/08/31	5.53	5.55	5.41	5.42	2197239	12014077.00
2018/09/03	5.43	5.47	5.38	5.46	1868261	10134780.00
2018/09/04	5.45	5.55	5.44	5.53	2110806	11602137.00
2018/09/05	5.50	5.66	5.45	5.47	2391515	13286450.00
2018/09/06	5.42	5.53	5.42	5.46	1216500	6660765.00
2018/09/07	5.45	5.57	5.45	5.53	1697406	9384459.00
2018/09/10	5.55	5.58	5.45	5.49	1329900	7302663.00
2018/09/11	5.48	5.57	5.46	5.54	1163000	6414428.00
2018/09/12	5.50	5.55	5.48	5.51	958200	5280741.00
2018/09/13	5.55	5.57	5.48	5.54	1222418	6749736.00
2018/09/14	5.52	5.57	5.50	5.51	1073200	5941190.00
2018/09/17	5.51	5.51	5.37	5.49	1578100	8560003.00
2018/09/18	5.41	5.53	5.39	5.51	1159400	6359989.00
2018/09/19	5.51	5.64	5.50	5.60	2789228	15568450.00
2018/09/20	5.65	5.75	5.59	5.70	4377248	24832064.00
2018/09/21	5.70	6.16	5.65	5.96	8084680	47952000.00
2018/09/25	5.98	6.04	5.87	5.93	2587140	15366620.00
2018/09/26	5.98	6.04	5.91	5.96	3613546	21611454.00
2018/09/27	6.00	6.18	5.97	6.12	6354356	38709848.00
2018/09/28	6.12	6.51	6.05	6.37	8819380	55305140.00
2018/10/08	6.25	6.30	6.02	6.04	3823590	23526542.00
2018/10/09	6.12	6.15	6.00	6.06	1746250	10563726.00
2018/10/10	6.03	6.08	5.97	6.02	1312900	7906236.00
2018/10/11	5.87	5.94	5.60	5.71	3477551	20024690.00
2018/10/12	5.68	5.86	5.55	5.84	2122730	12195437.00
2018/10/15	5.87	5.90	5.68	5.72	1487915	8624298.00
2018/10/16	5.70	5.76	5.55	5.55	1674912	9425791.00
2018/10/17	5.60	5.67	5.47	5.58	1280771	7109079.50
2018/10/18	5.58	5.59	5.31	5.31	1211446	6591650.50
2018/10/19	5.33	5.67	5.33	5.61	1781906	9823137.00
2018/10/22	5.59	5.92	5.59	5.87	2582169	14926794.00
2018/10/23	5.89	5.90	5.70	5.75	2136756	12367022.00
2018/10/24	5.73	5.87	5.70	5.75	1103956	6355555.00
2018/10/25	5.60	5.71	5.55	5.68	1446650	8145574.50
2018/10/26	5.73	5.78	5.65	5.70	1034750	5913090.00
2018/10/29	5.65	5.70	5.58	5.62	926400	5221006.50
2018/10/30	5.65	5.84	5.60	5.83	1602100	9200032.00
2018/10/31	5.85	6.00	5.83	5.97	2300482	13630045.00
2018/11/01	5.93	6.11	5.90	5.90	2541406	15295570.00
2018/11/02	5.95	6.13	5.95	6.05	2379300	14347101.00
2018/11/05	6.05	6.12	5.98	6.03	1771348	10718901.00
2018/11/06	6.03	6.05	5.92	6.01	1123567	6717658.50
2018/11/07	6.00	6.13	5.87	6.01	2161500	13049534.00
2018/11/08	6.04	6.16	6.02	6.07	2500284	15246822.00
2018/11/09	6.03	6.13	6.01	6.13	2184856	13330570.00
2018/11/12	6.16	6.19	6.08	6.17	1686575	10362492.00
2018/11/13	6.06	6.25	6.06	6.25	2530796	15658704.00
2018/11/14	6.20	6.35	6.20	6.30	2689600	16892738.00
2018/11/15	6.30	6.43	6.24	6.40	3001000	19075302.00
2018/11/16	6.41	6.57	6.30	6.34	5609884	36132136.00
2018/11/19	6.36	6.81	6.24	6.43	6305800	40662724.00
2018/11/20	6.38	6.40	6.11	6.12	4281145	26633730.00
2018/11/21	6.09	6.43	6.06	6.38	5383330	33791988.00
2018/11/22	6.40	6.51	6.34	6.49	3943040	25450944.00
2018/11/23	6.41	6.64	6.40	6.47	4539642	29488066.00
2018/11/26	6.41	6.53	6.27	6.45	2679609	17149170.00
2018/11/27	6.44	6.45	6.30	6.33	1309894	8336794.50
2018/11/28	6.31	6.33	6.15	6.21	1815800	11324511.00
2018/11/29	6.20	6.26	6.09	6.10	1385150	8550392.00
2018/11/30	6.13	6.15	6.01	6.14	1031521	6279202.50
2018/12/03	6.18	6.37	6.18	6.33	1548900	9735519.00
2018/12/04	6.38	6.38	6.24	6.30	1388935	8781861.00
2018/12/05	6.23	6.32	6.19	6.24	893300	5587501.00
2018/12/06	6.19	6.30	6.11	6.17	1092378	6774364.00
2018/12/07	6.17	6.18	6.00	6.03	2149365	13002687.00
2018/12/10	6.02	6.02	5.92	5.98	885150	5275725.50
2018/12/11	5.93	6.03	5.93	5.95	905500	5392683.00
2018/12/12	5.94	6.01	5.94	5.96	588900	3517603.00
2018/12/13	5.98	6.05	5.94	6.01	1088356	6542144.00
2018/12/14	6.00	6.00	5.86	5.89	674900	4012165.50
2018/12/17	5.79	5.89	5.78	5.82	819200	4760716.00
2018/12/18	5.84	5.90	5.77	5.81	553106	3223800.25
2018/12/19	5.85	5.87	5.78	5.79	522473	3036331.00
2018/12/20	5.76	6.14	5.75	5.91	1894478	11263329.00
2018/12/21	5.87	5.94	5.81	5.84	975900	5723004.00
2018/12/24	5.85	5.95	5.78	5.83	1100650	6429930.50
2018/12/25	5.83	5.83	5.65	5.74	888550	5082201.00
2018/12/26	5.74	5.80	5.71	5.76	407866	2346329.50
2018/12/27	5.85	5.89	5.65	5.66	915278	5267159.50
2018/12/28	5.62	5.84	5.62	5.73	758600	4357703.50
2019/01/02	5.73	5.85	5.73	5.85	919928	5321267.00
2019/01/03	5.82	6.16	5.78	6.16	2440814	14519878.00
数据来源:通达信
