002640 跨境通 日线 前复权
      日期	    开盘	    最高	    最低	    收盘	    成交量	    成交额
2011/12/08	2.17	2.34	2.17	2.25	11805035	339874752.00
2011/12/09	2.21	2.27	2.15	2.19	5755612	163556304.00
2011/12/12	2.15	2.18	2.11	2.16	3727350	102706400.00
2011/12/13	2.14	2.16	2.03	2.05	3353348	90026976.00
2011/12/14	2.02	2.04	1.93	1.93	2984871	76666688.00
2011/12/15	1.88	1.97	1.88	1.91	2291966	57330192.00
2011/12/16	1.91	1.93	1.81	1.91	2733965	66954616.00
2011/12/19	1.86	1.89	1.78	1.87	2128289	50778164.00
2011/12/20	1.84	1.90	1.84	1.89	2247661	54832060.00
2011/12/21	1.89	1.93	1.86	1.91	3233048	80081072.00
2011/12/22	1.88	1.91	1.76	1.89	3320256	79662032.00
2011/12/23	1.86	1.89	1.80	1.82	2584045	62232860.00
2011/12/26	1.80	1.85	1.76	1.76	1471796	34820408.00
2011/12/27	1.74	1.74	1.57	1.57	2502704	54222636.00
2011/12/28	1.52	1.57	1.51	1.56	1477345	30140878.00
2011/12/29	1.54	1.58	1.53	1.55	852301	17566708.00
2011/12/30	1.55	1.60	1.55	1.57	930769	19401656.00
2012/01/04	1.59	1.59	1.44	1.44	1512274	30457268.00
2012/01/05	1.45	1.45	1.36	1.37	1307986	24702726.00
2012/01/06	1.43	1.48	1.42	1.46	2369457	45840300.00
2012/01/09	1.44	1.52	1.41	1.50	2225922	43694160.00
2012/01/10	1.48	1.56	1.47	1.55	2197895	44497248.00
2012/01/11	1.54	1.57	1.52	1.54	1602561	32743420.00
2012/01/12	1.53	1.56	1.49	1.50	1408903	28507406.00
2012/01/16	1.39	1.40	1.33	1.34	1683743	30921158.00
2012/01/17	1.33	1.44	1.32	1.42	1409316	26127708.00
2012/01/18	1.42	1.44	1.33	1.33	1338291	24928358.00
2012/01/19	1.33	1.39	1.32	1.37	1023740	18739802.00
2012/01/20	1.38	1.44	1.37	1.43	1195086	22625136.00
2012/01/30	1.43	1.48	1.41	1.45	981186	19019414.00
2012/01/31	1.45	1.46	1.43	1.45	749263	14440874.00
2012/02/01	1.45	1.49	1.44	1.46	861494	16843724.00
2012/02/02	1.47	1.50	1.45	1.50	668151	13101559.00
2012/02/03	1.49	1.52	1.48	1.52	789491	15833245.00
2012/02/06	1.52	1.53	1.49	1.53	987180	19857352.00
2012/02/07	1.51	1.56	1.50	1.51	1183329	23983134.00
2012/02/08	1.52	1.56	1.49	1.56	831909	16900848.00
2012/02/09	1.55	1.64	1.55	1.62	1597674	33777504.00
2012/02/10	1.62	1.70	1.61	1.65	1045501	22750874.00
2012/02/13	1.63	1.73	1.61	1.69	1424375	31433664.00
2012/02/14	1.69	1.69	1.65	1.67	633866	13927866.00
2012/02/15	1.67	1.69	1.64	1.68	647560	14271628.00
2012/02/16	1.67	1.70	1.65	1.66	679035	14963301.00
2012/02/17	1.65	1.69	1.64	1.67	479451	10489186.00
2012/02/20	1.69	1.69	1.65	1.67	618293	13593305.00
2012/02/21	1.66	1.77	1.65	1.76	1426313	32199686.00
2012/02/22	1.75	1.79	1.74	1.77	917535	21246392.00
2012/02/23	1.79	1.79	1.73	1.75	697740	16082966.00
2012/02/24	1.75	1.78	1.75	1.78	804204	18638354.00
2012/02/27	1.78	1.82	1.77	1.78	1071628	25179026.00
2012/02/28	1.77	1.86	1.77	1.83	1120361	26540638.00
2012/02/29	1.88	1.93	1.85	1.86	2214670	54602436.00
2012/03/01	1.86	1.89	1.81	1.89	921540	22138008.00
2012/03/02	1.89	1.91	1.87	1.90	950944	23438992.00
2012/03/05	1.90	1.94	1.88	1.92	1131049	28063654.00
2012/03/06	1.91	1.92	1.87	1.89	614822	15149008.00
2012/03/07	1.85	1.89	1.84	1.85	888947	21607524.00
2012/03/08	1.87	1.88	1.85	1.87	743040	18146134.00
2012/03/09	1.88	1.95	1.86	1.94	1278658	31762360.00
2012/03/12	1.94	1.98	1.92	1.96	665865	16958868.00
2012/03/13	1.95	1.99	1.93	1.97	666923	16970836.00
2012/03/14	1.97	2.03	1.88	1.92	1915181	48739496.00
2012/03/15	1.91	1.94	1.86	1.90	1232635	30538732.00
2012/03/16	1.89	1.93	1.88	1.93	813289	20229086.00
2012/03/19	1.93	1.98	1.91	1.97	686800	17427230.00
2012/03/20	1.97	1.97	1.86	1.88	1097043	27103854.00
2012/03/21	1.89	1.89	1.81	1.84	1055175	25290778.00
2012/03/22	1.84	1.85	1.81	1.84	357535	8580160.00
2012/03/23	1.84	1.85	1.81	1.83	373890	8915907.00
2012/03/26	1.83	1.83	1.75	1.83	342878	8103066.50
2012/03/27	1.83	1.86	1.82	1.85	474377	11433725.00
2012/03/28	1.81	1.84	1.71	1.73	759077	17573544.00
2012/03/29	1.71	1.77	1.70	1.75	733192	16711865.00
2012/03/30	1.75	1.76	1.72	1.75	362099	8268529.00
2012/04/05	1.74	1.81	1.73	1.79	379768	8853104.00
2012/04/06	1.79	1.86	1.79	1.84	667736	15984631.00
2012/04/09	1.84	1.88	1.83	1.85	485190	11789830.00
2012/04/10	1.85	1.85	1.77	1.83	757348	17940166.00
2012/04/11	1.81	1.85	1.81	1.85	478547	11464373.00
2012/04/12	1.88	1.90	1.84	1.88	550915	13419704.00
2012/04/13	1.88	1.90	1.86	1.89	696526	17134742.00
2012/04/16	1.89	1.94	1.89	1.90	1120174	27942906.00
2012/04/17	1.93	1.94	1.80	1.83	2078124	49864432.00
2012/04/18	1.82	1.83	1.78	1.83	1220824	28818398.00
2012/04/19	1.81	1.84	1.80	1.82	547925	13058612.00
2012/04/20	1.83	1.84	1.81	1.82	590496	14090036.00
2012/04/23	1.83	1.83	1.75	1.80	852938	19917920.00
2012/04/24	1.77	1.80	1.69	1.75	616823	14110402.00
2012/04/25	1.74	1.77	1.71	1.75	527928	12087985.00
2012/04/26	1.74	1.79	1.74	1.79	719052	16689253.00
2012/04/27	1.77	1.80	1.77	1.79	456490	10692558.00
2012/05/02	1.80	1.81	1.77	1.81	696703	16373724.00
2012/05/03	1.80	1.81	1.80	1.81	449366	10621991.00
2012/05/04	1.82	1.87	1.81	1.86	854593	20634872.00
2012/05/07	1.88	1.90	1.85	1.89	717384	17569994.00
2012/05/08	1.89	2.02	1.88	1.96	1471663	37452752.00
2012/05/09	1.96	1.96	1.89	1.91	858784	21448562.00
2012/05/10	1.92	1.96	1.89	1.93	788924	19783878.00
2012/05/11	1.93	1.94	1.90	1.92	631359	15797709.00
2012/05/14	1.94	1.98	1.91	1.94	715007	18110736.00
2012/05/15	1.93	1.97	1.91	1.95	664547	16831380.00
2012/05/17	1.92	1.95	1.89	1.94	748140	18747440.00
2012/05/18	1.92	1.92	1.86	1.89	745563	18284550.00
2012/05/21	1.88	1.89	1.82	1.87	354542	8597897.00
2012/05/22	1.87	1.92	1.87	1.91	358109	8852281.00
2012/05/23	1.90	1.91	1.87	1.90	269691	6651414.00
2012/05/24	1.90	1.95	1.89	1.92	540638	13537160.00
2012/05/25	1.91	1.94	1.85	1.89	478484	11791623.00
2012/05/28	1.86	1.87	1.81	1.87	348068	8379918.50
2012/05/29	1.86	1.91	1.85	1.91	377063	9301935.00
2012/05/30	1.90	1.91	1.88	1.91	281406	6971350.50
2012/05/31	1.91	1.96	1.89	1.95	680867	17148468.00
2012/06/01	1.95	2.00	1.94	1.97	625042	15982363.00
2012/06/04	1.94	1.96	1.89	1.90	530348	13276736.00
2012/06/05	1.89	1.91	1.85	1.90	428134	10485936.00
2012/06/06	1.89	1.90	1.87	1.89	233940	5749868.00
2012/06/07	1.91	1.91	1.85	1.88	420506	10339007.00
2012/06/08	1.89	1.89	1.85	1.86	322223	7835767.00
2012/06/11	1.86	1.88	1.83	1.88	541326	13118559.00
2012/06/12	1.87	1.88	1.84	1.86	341336	8256595.00
2012/06/13	1.87	1.92	1.84	1.92	818081	20096360.00
2012/06/14	1.92	2.00	1.91	1.97	1721856	44031972.00
2012/06/15	1.97	2.02	1.95	2.02	1399787	36190036.00
2012/06/18	2.05	2.07	2.01	2.02	1588260	41858568.00
2012/06/19	2.02	2.03	1.99	2.02	817526	21331856.00
2012/06/20	2.02	2.03	1.95	1.98	986950	25567112.00
2012/06/21	1.98	1.99	1.93	1.94	502435	12736144.00
2012/06/25	1.94	1.97	1.91	1.93	625897	15744877.00
2012/06/26	1.91	1.95	1.84	1.90	648418	15929291.00
2012/06/27	1.92	1.98	1.91	1.94	1052999	26559852.00
2012/06/28	1.93	1.96	1.86	1.89	893477	22042238.00
2012/06/29	1.87	1.91	1.86	1.91	566260	13960359.00
2012/07/02	1.91	2.02	1.91	2.01	1625478	41834260.00
2012/07/03	2.03	2.03	1.98	1.98	1243020	32247836.00
2012/07/04	1.98	2.00	1.93	1.93	1224659	31160508.00
2012/07/05	1.92	2.10	1.90	1.99	6295050	82254600.00
2012/07/06	2.01	2.01	1.77	1.89	5701754	69069624.00
2012/07/09	1.84	1.84	1.68	1.69	4495576	51196284.00
2012/07/10	1.66	1.69	1.58	1.63	2650559	28298112.00
2012/07/11	1.63	1.68	1.60	1.66	1205589	13006760.00
2012/07/12	1.65	1.67	1.60	1.66	2266115	24321550.00
2012/07/13	1.62	1.64	1.51	1.54	3761482	38979532.00
2012/07/16	1.54	1.56	1.42	1.44	2745925	26807016.00
2012/07/17	1.42	1.49	1.40	1.46	1222857	11802608.00
2012/07/18	1.45	1.47	1.40	1.47	1377329	13107643.00
2012/07/19	1.46	1.50	1.45	1.48	1491239	14658971.00
2012/07/20	1.48	1.49	1.45	1.45	737792	7214837.00
2012/07/23	1.45	1.47	1.40	1.46	946098	9036211.00
2012/07/24	1.46	1.47	1.42	1.45	1189820	11430199.00
2012/07/25	1.43	1.47	1.43	1.46	943825	9145458.00
2012/07/26	1.47	1.48	1.45	1.46	716371	6931693.50
2012/07/27	1.47	1.47	1.42	1.43	668766	6391883.00
2012/07/30	1.41	1.45	1.36	1.37	654502	6128895.00
2012/07/31	1.37	1.39	1.34	1.35	619628	5603807.00
2012/08/01	1.34	1.38	1.34	1.36	617733	5612218.50
2012/08/02	1.35	1.36	1.32	1.33	827582	7397731.50
2012/08/03	1.33	1.36	1.33	1.36	595324	5365461.00
2012/08/06	1.35	1.40	1.34	1.40	1138372	10466372.00
2012/08/07	1.40	1.44	1.39	1.43	1160428	10964034.00
2012/08/08	1.43	1.44	1.40	1.41	832522	7847963.00
2012/08/09	1.41	1.45	1.41	1.45	1528789	14595561.00
2012/08/10	1.45	1.45	1.42	1.43	861648	8216677.00
2012/08/13	1.43	1.45	1.39	1.39	873643	8267377.00
2012/08/14	1.38	1.41	1.35	1.40	999315	9172486.00
2012/08/15	1.39	1.39	1.35	1.36	987856	8997221.00
2012/08/16	1.36	1.36	1.35	1.36	643047	5825694.00
2012/08/17	1.38	1.41	1.36	1.38	1098878	10092006.00
2012/08/20	1.35	1.37	1.35	1.37	799672	7248334.50
2012/08/21	1.37	1.43	1.36	1.41	1452609	13501088.00
2012/08/22	1.40	1.42	1.38	1.40	1027500	9607923.00
2012/08/23	1.39	1.46	1.39	1.45	1861078	17692526.00
2012/08/24	1.44	1.61	1.43	1.52	5318427	54045588.00
2012/08/27	1.48	1.50	1.43	1.43	2073087	20192052.00
2012/08/28	1.43	1.59	1.41	1.59	3887237	39204476.00
2012/08/29	1.62	1.62	1.54	1.59	3472136	36005724.00
2012/08/30	1.57	1.59	1.50	1.56	2654784	27004444.00
2012/08/31	1.53	1.56	1.51	1.55	1830037	18596508.00
2012/09/03	1.55	1.59	1.51	1.58	2233021	22972302.00
2012/09/04	1.58	1.58	1.51	1.52	1937053	19778654.00
2012/09/05	1.51	1.53	1.47	1.52	1661184	16522768.00
2012/09/06	1.51	1.54	1.51	1.54	1313126	13256980.00
2012/09/07	1.55	1.63	1.55	1.60	3490196	36553296.00
2012/09/10	1.58	1.64	1.58	1.63	2394787	25383666.00
2012/09/11	1.61	1.61	1.57	1.58	2233960	23365908.00
2012/09/12	1.60	1.64	1.58	1.63	2164146	22931580.00
2012/09/13	1.64	1.64	1.58	1.58	1478044	15631093.00
2012/09/14	1.59	1.61	1.54	1.56	1357635	14030662.00
2012/09/17	1.57	1.57	1.45	1.46	1603653	15884833.00
2012/09/18	1.45	1.46	1.43	1.44	865423	8319595.50
2012/09/19	1.44	1.47	1.44	1.47	495865	4791387.50
2012/09/20	1.46	1.47	1.39	1.39	1051720	9971276.00
2012/09/21	1.38	1.41	1.37	1.38	689149	6382305.50
2012/09/24	1.37	1.40	1.35	1.39	396028	3635942.25
2012/09/25	1.38	1.39	1.35	1.36	490785	4492310.50
2012/09/26	1.35	1.37	1.33	1.33	389601	3512304.00
2012/09/27	1.33	1.38	1.33	1.36	590904	5357678.00
2012/09/28	1.36	1.40	1.36	1.39	556643	5144336.00
2012/10/08	1.40	1.42	1.39	1.39	431981	4020829.75
2012/10/09	1.40	1.44	1.39	1.43	759468	7181372.50
2012/10/10	1.45	1.47	1.42	1.46	929816	8925380.00
2012/10/11	1.47	1.47	1.42	1.43	1071856	10308138.00
2012/10/12	1.43	1.44	1.40	1.41	760449	7165303.00
2012/10/15	1.42	1.42	1.35	1.37	596725	5475096.00
2012/10/16	1.36	1.40	1.36	1.38	417660	3858310.50
2012/10/17	1.38	1.41	1.38	1.40	538930	5015116.00
2012/10/18	1.39	1.44	1.39	1.43	907569	8565775.00
2012/10/19	1.43	1.44	1.42	1.43	702055	6671577.50
2012/10/22	1.43	1.43	1.40	1.42	721100	6766056.00
2012/10/23	1.42	1.42	1.40	1.40	467307	4380857.00
2012/10/24	1.38	1.40	1.37	1.38	471235	4338112.00
2012/10/25	1.38	1.39	1.37	1.37	412250	3790768.50
2012/10/26	1.38	1.38	1.33	1.34	583718	5270516.50
2012/10/29	1.34	1.34	1.30	1.31	800387	7055450.00
2012/10/30	1.31	1.33	1.30	1.31	537338	4730642.00
2012/10/31	1.31	1.32	1.30	1.32	301777	2651921.75
2012/11/01	1.32	1.36	1.31	1.35	778485	6977459.00
2012/11/02	1.34	1.36	1.34	1.35	463467	4179881.75
2012/11/05	1.35	1.37	1.35	1.36	529581	4804799.00
2012/11/06	1.36	1.37	1.30	1.33	670457	5946587.00
2012/11/07	1.32	1.34	1.32	1.32	447732	3983569.25
2012/11/08	1.32	1.32	1.29	1.29	568300	4967195.00
2012/11/09	1.29	1.30	1.27	1.29	495104	4275992.00
2012/11/12	1.31	1.31	1.27	1.29	398115	3442343.50
2012/11/13	1.29	1.30	1.23	1.23	827140	6992037.50
2012/11/14	1.24	1.24	1.21	1.23	638126	5280430.00
2012/11/15	1.22	1.23	1.18	1.18	896502	7318938.50
2012/11/16	1.18	1.19	1.15	1.18	786894	6233897.00
2012/11/19	1.17	1.20	1.16	1.20	347563	2779280.50
2012/11/20	1.20	1.21	1.19	1.20	406401	3302359.25
2012/11/21	1.20	1.23	1.18	1.22	463390	3776058.50
2012/11/22	1.22	1.23	1.20	1.23	662414	5460488.50
2012/11/23	1.23	1.23	1.22	1.22	390900	3235796.25
2012/11/26	1.22	1.22	1.19	1.20	379662	3088051.25
2012/11/27	1.20	1.21	1.15	1.17	1267429	10198796.00
2012/11/28	1.16	1.17	1.14	1.17	741344	5851282.00
2012/11/29	1.17	1.20	1.16	1.19	618825	4965577.00
2012/11/30	1.15	1.27	1.15	1.19	914432	7442964.00
2012/12/03	1.18	1.20	1.16	1.19	795960	6316428.00
2012/12/04	1.18	1.19	1.14	1.19	852409	6784456.50
2012/12/05	1.18	1.25	1.16	1.22	1728382	14211414.00
2012/12/06	1.22	1.23	1.20	1.21	711769	5841426.50
2012/12/07	1.20	1.24	1.20	1.24	1272559	10583798.00
2012/12/10	1.23	1.27	1.22	1.26	1495372	12597814.00
2012/12/11	1.25	1.28	1.25	1.26	1352500	11478353.00
2012/12/12	1.27	1.27	1.22	1.24	996984	8324271.00
2012/12/13	1.24	1.25	1.21	1.21	500592	4155911.25
2012/12/14	1.21	1.28	1.21	1.27	1749625	14819750.00
2012/12/17	1.27	1.30	1.26	1.28	1605836	13781594.00
2012/12/18	1.27	1.30	1.26	1.27	1162899	9995316.00
2012/12/19	1.28	1.36	1.27	1.32	2367594	20906404.00
2012/12/20	1.31	1.32	1.29	1.31	1419681	12418905.00
2012/12/21	1.31	1.34	1.29	1.32	1372896	12096600.00
2012/12/24	1.31	1.34	1.31	1.33	1007100	8947811.00
2012/12/25	1.34	1.41	1.33	1.38	2957659	27238202.00
2012/12/26	1.38	1.44	1.37	1.44	2415030	22600992.00
2012/12/27	1.48	1.48	1.42	1.46	2836234	27276360.00
2012/12/28	1.46	1.58	1.44	1.58	4046661	40454716.00
2012/12/31	1.56	1.72	1.51	1.71	4458183	47211508.00
2013/01/04	1.69	1.84	1.67	1.71	6767986	77777656.00
2013/01/07	1.70	1.71	1.62	1.66	3830239	41440684.00
2013/01/08	1.65	1.66	1.60	1.63	3485874	37170888.00
2013/01/09	1.61	1.64	1.58	1.61	2263881	24011124.00
2013/01/10	1.61	1.63	1.59	1.60	2058741	21792332.00
2013/01/11	1.60	1.63	1.57	1.57	2863536	30204348.00
2013/01/14	1.57	1.64	1.55	1.63	4275626	44992140.00
2013/01/15	1.62	1.64	1.61	1.64	3974289	42402420.00
2013/01/16	1.58	1.58	1.51	1.56	8281856	84186608.00
2013/01/17	1.53	1.54	1.51	1.53	4112453	41420940.00
2013/01/18	1.53	1.54	1.51	1.53	3301535	33346118.00
2013/01/21	1.54	1.56	1.52	1.55	3985814	40647616.00
2013/01/22	1.55	1.64	1.52	1.61	8790830	92189192.00
2013/01/23	1.57	1.61	1.52	1.55	4070855	41838960.00
2013/01/24	1.54	1.62	1.49	1.61	8519074	87250232.00
2013/01/25	1.59	1.59	1.51	1.52	4749026	48280060.00
2013/01/28	1.51	1.53	1.48	1.53	2565839	25633312.00
2013/01/29	1.52	1.54	1.51	1.53	2268797	22880198.00
2013/01/30	1.53	1.53	1.48	1.50	3033699	30121462.00
2013/01/31	1.50	1.51	1.46	1.47	2215471	21664160.00
2013/02/01	1.46	1.58	1.46	1.56	6279866	63411256.00
2013/02/04	1.55	1.55	1.50	1.50	4314877	43330896.00
2013/02/05	1.47	1.50	1.47	1.49	1452758	14305884.00
2013/02/06	1.50	1.52	1.49	1.51	1248672	12441964.00
2013/02/07	1.52	1.52	1.49	1.51	1075512	10694878.00
2013/02/08	1.51	1.55	1.51	1.53	2373872	24028682.00
2013/02/18	1.54	1.54	1.52	1.53	1806633	18295128.00
2013/02/19	1.54	1.54	1.50	1.50	1708043	17117032.00
2013/02/20	1.49	1.54	1.49	1.54	1381183	13837694.00
2013/02/21	1.53	1.54	1.50	1.51	1671949	16760212.00
2013/02/22	1.51	1.60	1.51	1.55	3756082	38377284.00
2013/02/25	1.55	1.59	1.55	1.57	3202972	33106560.00
2013/02/26	1.57	1.65	1.55	1.63	6217577	65909272.00
2013/02/27	1.63	1.63	1.59	1.61	4592988	48439548.00
2013/02/28	1.61	1.64	1.60	1.62	2975131	31636232.00
2013/03/01	1.62	1.67	1.61	1.65	3197056	34297128.00
2013/03/04	1.63	1.64	1.61	1.61	3640180	38751936.00
2013/03/05	1.62	1.71	1.61	1.70	5385982	58873484.00
2013/03/06	1.70	1.82	1.68	1.81	4871366	55881440.00
2013/03/07	1.81	1.82	1.76	1.79	3097057	36028776.00
2013/03/08	1.80	1.82	1.76	1.77	1822355	21134202.00
2013/03/11	1.81	1.81	1.76	1.80	1969715	22923128.00
2013/03/12	1.79	1.88	1.79	1.80	3037513	35957620.00
2013/03/13	1.80	1.85	1.71	1.73	2692011	30849334.00
2013/03/14	1.72	1.75	1.70	1.74	2060868	23153080.00
2013/03/15	1.77	1.78	1.70	1.78	2579848	29392122.00
2013/03/18	1.76	1.83	1.76	1.79	1387089	16189846.00
2013/03/19	1.79	1.80	1.75	1.80	1242924	14385232.00
2013/03/20	1.78	1.90	1.78	1.89	4358865	52765412.00
2013/03/21	1.89	1.93	1.88	1.91	2769585	34114176.00
2013/03/22	1.91	2.01	1.89	2.00	2622083	33170740.00
2013/03/25	1.97	2.02	1.96	2.01	2358907	30295534.00
2013/03/26	2.01	2.15	1.97	2.14	4445611	59073100.00
2013/03/27	2.14	2.22	2.09	2.13	3006144	41373908.00
2013/03/28	2.13	2.16	2.09	2.12	2183033	29663180.00
2013/03/29	2.14	2.26	2.13	2.26	3748762	53299824.00
2013/04/01	2.26	2.31	2.24	2.30	1974005	28711404.00
2013/04/02	2.29	2.37	2.28	2.31	2341373	34578928.00
2013/04/03	2.30	2.36	2.26	2.33	2186253	32197852.00
2013/04/08	2.32	2.32	2.21	2.23	2012176	28852330.00
2013/04/09	2.23	2.26	2.21	2.25	1773205	25453770.00
2013/04/10	2.23	2.34	2.23	2.29	1339161	19607706.00
2013/04/11	2.30	2.37	2.30	2.37	1759193	26316686.00
2013/04/12	2.39	2.47	2.35	2.45	3373957	51572436.00
2013/04/15	2.43	2.54	2.40	2.53	2320128	36731864.00
2013/04/16	2.50	2.73	2.49	2.69	4563460	77395496.00
2013/04/17	2.69	2.69	2.60	2.65	2948010	49574676.00
2013/04/18	2.61	2.69	2.58	2.61	3817000	63571108.00
2013/04/19	2.59	2.73	2.50	2.70	7811512	128195112.00
2013/04/22	2.66	2.66	2.59	2.60	3231899	53658936.00
2013/04/23	2.64	2.79	2.60	2.77	5815639	99591088.00
2013/04/24	2.75	2.82	2.71	2.77	3832090	66953520.00
2013/04/25	2.76	2.78	2.71	2.77	3632883	63039180.00
2013/04/26	2.76	2.85	2.74	2.77	2486042	43907420.00
2013/05/02	2.77	2.81	2.67	2.72	1584627	27423852.00
2013/05/03	2.72	2.75	2.67	2.70	1853832	31790968.00
2013/05/06	2.66	2.75	2.65	2.75	2565768	44230400.00
2013/05/07	2.74	2.84	2.68	2.83	3566280	63044724.00
2013/05/08	2.80	2.94	2.77	2.93	3255746	59292128.00
2013/05/09	2.91	3.00	2.86	2.99	3955318	73388496.00
2013/05/10	2.97	3.11	2.95	3.09	4545863	86970792.00
2013/05/13	3.07	3.14	3.04	3.05	2548631	49347128.00
2013/05/14	3.02	3.05	2.93	2.96	1264097	23905810.00
2013/05/15	2.93	3.10	2.93	3.08	1240707	23769402.00
2013/05/16	3.08	3.17	2.99	3.00	1525967	29492574.00
2013/05/17	2.90	3.00	2.86	2.89	2012395	36923832.00
2013/05/20	2.89	2.97	2.86	2.95	1577536	29054632.00
2013/05/21	2.93	2.95	2.88	2.91	1199965	22078998.00
2013/05/22	2.91	2.97	2.89	2.93	1558315	28842110.00
2013/05/23	2.92	3.03	2.88	2.93	1822002	33970728.00
2013/05/24	2.93	2.97	2.85	2.87	1684403	30776568.00
2013/05/27	2.85	2.95	2.81	2.90	2361712	43039028.00
2013/05/28	2.87	2.95	2.77	2.94	2324821	42651788.00
2013/05/29	2.93	3.01	2.88	3.01	2673812	49821748.00
2013/05/30	3.00	3.05	2.98	3.02	1694987	32339472.00
2013/05/31	3.04	3.04	2.93	3.02	1960904	37182536.00
2013/06/03	2.98	3.02	2.95	2.97	1079259	20422848.00
2013/06/04	2.98	3.04	2.97	3.01	992421	18797374.00
2013/06/05	3.02	3.15	3.00	3.13	2216656	43052236.00
2013/06/06	3.12	3.12	3.05	3.05	1168266	22636274.00
2013/06/07	3.05	3.12	3.03	3.10	1275859	24786936.00
2013/06/13	3.08	3.17	3.03	3.17	1580400	30982102.00
2013/06/14	3.17	3.34	3.15	3.30	2266692	46336188.00
2013/06/17	3.27	3.34	3.16	3.22	1842639	37395140.00
2013/06/18	3.22	3.33	3.16	3.33	2539933	52198648.00
2013/06/19	3.30	3.32	3.27	3.32	1186731	24622530.00
2013/06/20	3.31	3.31	3.23	3.24	1230943	25262954.00
2013/06/21	3.23	3.39	3.20	3.39	2352021	49170856.00
2013/06/24	3.37	3.41	3.30	3.40	1680027	35390140.00
2013/06/25	3.39	3.70	3.30	3.52	5344107	115794448.00
2013/06/26	3.49	3.51	3.35	3.47	2363258	50889428.00
2013/06/27	3.45	3.45	3.35	3.36	1905559	40449656.00
2013/06/28	3.35	3.43	3.33	3.39	1634563	34768372.00
2013/07/01	3.36	3.39	3.26	3.35	1687464	35330536.00
2013/07/02	3.34	3.44	3.26	3.44	1700028	36100492.00
2013/07/03	3.41	3.44	3.38	3.38	1149970	24515080.00
2013/07/04	3.38	3.45	3.37	3.43	1112810	23854650.00
2013/07/05	3.44	3.50	3.39	3.46	1373453	29545750.00
2013/07/08	3.45	3.48	3.41	3.44	622019	13393764.00
2013/07/09	3.41	3.43	3.33	3.38	1208994	25569946.00
2013/07/10	3.40	3.54	3.38	3.51	1876489	40648736.00
2013/07/11	3.52	3.70	3.49	3.70	1938352	43518816.00
2013/07/12	3.72	3.72	3.65	3.67	1191321	27294856.00
2013/07/15	3.65	3.72	3.64	3.66	1151010	26381416.00
2013/07/16	3.65	3.82	3.65	3.71	1021183	23588268.00
2013/07/17	3.69	3.79	3.68	3.77	1092250	25514168.00
2013/07/18	3.74	3.85	3.72	3.83	1220290	28666500.00
2013/07/19	3.80	3.85	3.79	3.82	987276	23526540.00
2013/07/22	3.80	3.84	3.77	3.80	682262	16153791.00
2013/07/23	3.80	3.83	3.72	3.75	1086228	25483452.00
2013/07/24	3.73	3.75	3.64	3.69	1103118	25330878.00
2013/07/25	3.70	3.71	3.65	3.68	709747	16338481.00
2013/07/26	3.69	3.70	3.64	3.69	863999	19826174.00
2013/07/29	3.73	3.73	3.60	3.64	845505	19201750.00
2013/07/30	3.63	3.68	3.62	3.68	1009580	23000286.00
2013/07/31	3.65	3.71	3.65	3.68	779834	17931272.00
2013/08/01	3.68	3.75	3.65	3.73	1565018	36083592.00
2013/08/02	3.73	3.78	3.69	3.78	1952577	45480216.00
2013/08/05	3.78	3.83	3.70	3.83	1730391	40628392.00
2013/08/06	3.80	3.82	3.73	3.78	1146521	26897330.00
2013/08/07	3.75	3.85	3.75	3.83	1306183	30942042.00
2013/08/08	3.82	3.93	3.80	3.91	2603363	62611916.00
2013/08/09	3.90	3.91	3.81	3.88	1852168	44490824.00
2013/08/12	3.88	3.88	3.66	3.71	2414456	56429076.00
2013/08/13	3.70	3.70	3.59	3.65	1803459	40878112.00
2013/08/14	3.62	3.63	3.54	3.55	1073112	23926174.00
2013/08/15	3.54	3.59	3.44	3.52	1887073	41256572.00
2013/08/16	3.49	3.59	3.47	3.59	1727903	38231796.00
2013/08/19	3.58	3.60	3.56	3.59	1182072	26447988.00
2013/08/20	3.60	3.60	3.43	3.44	1887968	41156268.00
2013/08/21	3.42	3.45	3.31	3.45	2729073	57709564.00
2013/08/22	3.44	3.47	3.37	3.47	1139059	24390860.00
2013/08/23	3.46	3.54	3.43	3.51	1449737	31678336.00
2013/08/26	3.50	3.60	3.49	3.59	2051738	45587096.00
2013/08/27	3.59	3.60	3.55	3.58	796875	17774308.00
2013/08/28	3.57	3.62	3.52	3.60	1691620	37766276.00
2013/08/29	3.60	3.70	3.59	3.69	1897043	43227276.00
2013/08/30	3.68	3.73	3.66	3.68	1582614	36498128.00
2013/09/02	3.68	3.68	3.63	3.67	1096181	24973768.00
2013/09/03	3.66	3.72	3.66	3.71	1695349	39034948.00
2013/09/04	3.71	3.72	3.66	3.69	1365942	31444176.00
2013/09/05	3.67	3.76	3.67	3.74	1798986	41811036.00
2013/09/06	3.74	3.79	3.73	3.78	1502749	35283920.00
2013/09/09	3.77	3.88	3.76	3.87	1459491	34778144.00
2013/09/10	3.86	3.87	3.83	3.84	1165537	27932478.00
2013/09/11	3.82	3.82	3.78	3.78	1479489	35019516.00
2013/09/12	3.77	3.81	3.75	3.77	1033391	24266124.00
2013/09/13	3.77	3.79	3.75	3.78	1088696	25605476.00
2013/09/16	3.77	3.80	3.77	3.78	1184290	27992194.00
2013/09/17	3.78	3.78	3.69	3.70	1364576	31541512.00
2013/09/18	3.70	3.78	3.70	3.77	1070615	25107122.00
2013/09/23	3.76	3.76	3.70	3.71	1015914	23647446.00
2013/09/24	3.70	3.80	3.69	3.80	1807997	42054820.00
2013/09/25	3.79	3.89	3.77	3.88	1791662	42832968.00
2013/09/26	3.87	3.91	3.85	3.86	1563573	37738752.00
2013/09/27	3.86	3.97	3.83	3.96	2198156	53488712.00
2013/09/30	3.95	3.98	3.92	3.96	1530283	37583972.00
2013/10/08	3.96	3.96	3.79	3.87	1443436	34480368.00
2013/10/09	3.84	3.86	3.75	3.82	1327801	31431410.00
2013/10/10	3.80	3.85	3.75	3.76	1150414	27384862.00
2013/10/11	3.82	3.86	3.76	3.85	1207975	28658174.00
2013/10/14	3.84	3.96	3.83	3.93	1267300	30732542.00
2013/10/15	3.92	3.96	3.86	3.89	1284732	31182124.00
2013/10/16	3.94	3.94	3.88	3.92	1064408	25929684.00
2013/10/17	3.92	4.09	3.92	4.06	1865614	46603460.00
2013/10/18	4.04	4.10	4.03	4.08	1679999	42629924.00
2013/10/21	4.08	4.08	3.98	4.04	1248670	31310778.00
2013/10/22	4.02	4.14	4.00	4.13	1840563	46500204.00
2013/10/23	4.12	4.16	3.98	4.01	1375718	34900868.00
2013/10/24	3.97	4.02	3.84	4.02	1511470	36694412.00
2013/10/25	4.01	4.09	3.98	4.07	942606	23631774.00
2013/10/28	4.01	4.05	3.98	4.05	812705	20286848.00
2013/10/29	4.03	4.07	3.99	4.06	557536	14006404.00
2013/10/30	4.00	4.10	3.99	4.09	761386	19158700.00
2013/10/31	4.07	4.07	4.02	4.05	763512	19185324.00
2013/11/01	4.04	4.07	4.00	4.05	830688	20863170.00
2013/11/04	4.04	4.06	3.98	4.05	889001	22259238.00
2013/11/05	4.04	4.08	4.01	4.06	584141	14641412.00
2013/11/06	4.05	4.05	3.98	4.00	437359	10905758.00
2013/11/07	3.98	4.03	3.97	4.00	353590	8800908.00
2013/11/08	4.00	4.07	3.96	4.01	727570	18118970.00
2013/11/11	4.01	4.05	3.98	4.05	909990	22835228.00
2013/11/12	4.06	4.14	4.03	4.10	830869	21094792.00
2013/11/13	4.09	4.09	4.01	4.05	514170	12988155.00
2013/11/14	4.04	4.07	4.01	4.02	263249	6614591.00
2013/11/15	4.02	4.13	3.97	4.07	1438089	36155064.00
2013/11/18	4.06	4.22	4.03	4.19	1390549	35607040.00
2013/11/19	4.23	4.23	4.12	4.17	672768	17354622.00
2013/11/20	4.16	4.19	4.09	4.17	1088200	27874464.00
2013/11/21	4.17	4.18	4.13	4.15	341849	8822785.00
2013/11/22	4.15	4.25	4.00	4.21	1601592	40537736.00
2013/11/25	4.15	4.20	4.15	4.19	925587	24017534.00
2013/11/26	4.17	4.33	4.17	4.32	1643010	43443712.00
2013/11/27	4.31	4.34	4.27	4.28	804635	21417782.00
2013/11/28	4.29	4.35	4.16	4.29	1185162	31113292.00
2013/11/29	4.27	4.28	4.21	4.21	753093	19799378.00
2013/12/02	4.21	4.21	3.78	3.78	763215	18841780.00
2013/12/03	3.39	3.39	3.39	3.39	189100	4008920.00
2013/12/04	3.03	3.19	3.03	3.06	14046818	270654592.00
2013/12/05	2.92	2.97	2.80	2.81	10091521	182457456.00
2013/12/16	2.72	2.72	2.57	2.60	11627857	192766160.00
2013/12/17	2.58	2.65	2.57	2.60	7065136	116823536.00
2013/12/18	2.61	2.63	2.51	2.55	5686828	92270848.00
2013/12/19	2.54	2.55	2.47	2.47	5855845	93095440.00
2013/12/20	2.47	2.50	2.43	2.44	4015371	62934764.00
2013/12/23	2.44	2.46	2.32	2.34	4616686	69580192.00
2013/12/24	2.34	2.38	2.33	2.35	3660545	54946352.00
2013/12/25	2.37	2.51	2.36	2.49	7337349	114539424.00
2013/12/26	2.47	2.48	2.42	2.45	5219200	81273264.00
2013/12/27	2.45	2.48	2.40	2.46	3694432	57619388.00
2013/12/30	2.46	2.53	2.46	2.51	4924831	78414280.00
2013/12/31	2.50	2.50	2.40	2.42	3579294	55639904.00
2014/01/02	2.43	2.45	2.37	2.44	2750809	42254744.00
2014/01/03	2.43	2.43	2.37	2.37	2985925	45528832.00
2014/01/06	2.37	2.37	2.19	2.20	4737228	68061120.00
2014/01/07	2.18	2.26	2.16	2.26	3229248	45944772.00
2014/01/08	2.27	2.33	2.25	2.30	3550207	52178232.00
2014/01/09	2.30	2.30	2.22	2.22	2598830	37694220.00
2014/01/10	2.21	2.33	2.19	2.26	3947307	57486496.00
2014/01/13	2.24	2.29	2.22	2.25	2118279	30532444.00
2014/01/14	2.25	2.31	2.23	2.31	2711165	39417604.00
2014/01/15	2.31	2.32	2.24	2.29	2461620	35764096.00
2014/01/16	2.29	2.31	2.26	2.27	2306150	33724496.00
2014/01/17	2.27	2.27	2.18	2.19	2640009	37351300.00
2014/01/20	2.18	2.19	2.10	2.11	2399402	32778940.00
2014/01/21	2.14	2.21	2.14	2.17	2351553	32780948.00
2014/01/22	2.19	2.23	2.16	2.22	2630725	37088404.00
2014/01/23	2.21	2.29	2.20	2.26	3509259	50339584.00
2014/01/24	2.25	2.30	2.25	2.29	3318131	48346476.00
2014/01/27	2.28	2.33	2.27	2.27	2947960	43153172.00
2014/01/28	2.27	2.33	2.25	2.32	2735804	40137968.00
2014/01/29	2.33	2.40	2.33	2.36	4135439	62550040.00
2014/01/30	2.36	2.38	2.29	2.30	2642415	39045044.00
2014/02/07	2.26	2.31	2.24	2.30	1621656	23646432.00
2014/02/10	2.30	2.38	2.29	2.37	3382235	50653356.00
2014/02/11	2.37	2.45	2.34	2.45	4983619	76256048.00
2014/02/12	2.48	2.50	2.42	2.46	4294140	66925492.00
2014/02/13	2.45	2.46	2.37	2.37	3113243	48024956.00
2014/02/14	2.36	2.50	2.36	2.50	4315925	67146272.00
2014/02/17	2.50	2.62	2.47	2.60	7570983	123357968.00
2014/02/18	2.59	2.59	2.52	2.55	4173993	67423744.00
2014/02/19	2.53	2.57	2.50	2.55	2853361	46024776.00
2014/02/20	2.55	2.56	2.43	2.44	3637135	57201440.00
2014/02/21	2.43	2.47	2.37	2.40	1975027	30349664.00
2014/02/24	2.40	2.45	2.35	2.44	2093650	32026106.00
2014/02/25	2.43	2.47	2.20	2.20	3385719	50535712.00
2014/02/26	2.19	2.20	2.11	2.17	2371486	32795106.00
2014/02/27	2.17	2.21	2.10	2.10	2197935	30464176.00
2014/02/28	2.08	2.13	2.01	2.12	2203482	29228138.00
2014/03/03	2.12	2.16	2.10	2.16	1702828	23372452.00
2014/03/04	2.14	2.20	2.12	2.16	1625071	22551506.00
2014/03/05	2.17	2.21	2.16	2.18	1635826	22905274.00
2014/03/06	2.18	2.19	2.15	2.18	1325706	18453224.00
2014/03/07	2.20	2.26	2.19	2.21	2074360	29539588.00
2014/03/10	2.21	2.22	2.03	2.07	2351037	31781216.00
2014/03/11	2.05	2.10	2.03	2.09	1343324	17980752.00
2014/03/12	2.12	2.14	2.06	2.13	1586920	21514464.00
2014/03/13	2.12	2.17	2.09	2.13	1146304	15681643.00
2014/03/14	2.14	2.14	2.08	2.09	1170870	15785583.00
2014/03/17	2.09	2.13	2.08	2.13	926411	12555958.00
2014/03/18	2.13	2.16	2.13	2.15	1379603	18983960.00
2014/03/19	2.15	2.16	2.11	2.13	1015561	13851098.00
2014/03/20	2.13	2.14	2.05	2.05	1045528	14108592.00
2014/03/21	2.04	2.12	2.02	2.12	1561993	20858996.00
2014/03/24	2.12	2.16	2.11	2.14	1388209	19056970.00
2014/03/25	2.14	2.17	2.12	2.15	1263916	17385856.00
2014/03/26	2.15	2.16	2.12	2.16	1464140	20171784.00
2014/03/27	2.15	2.20	2.15	2.17	2346547	32729078.00
2014/03/28	2.19	2.19	2.07	2.08	1982745	26943330.00
2014/03/31	2.07	2.10	2.05	2.06	738250	9850622.00
2014/04/01	2.07	2.09	2.05	2.09	762963	10164590.00
2014/04/02	2.10	2.32	2.07	2.32	7309004	106263200.00
2014/04/03	2.33	2.53	2.32	2.42	10838736	166878912.00
2014/04/04	2.41	2.41	2.32	2.37	6312884	94778376.00
2014/07/17	2.62	2.62	2.62	2.62	263516	4366460.00
2014/07/18	2.90	2.90	2.90	2.90	296801	5410682.00
2014/07/21	3.20	3.20	3.20	3.20	547683	10981044.00
2014/07/22	3.54	3.54	3.54	3.54	343051	7567705.00
2014/07/23	3.90	3.90	3.90	3.90	513618	12465509.00
2014/07/29	4.03	4.31	3.56	4.31	17325073	454261408.00
2014/07/30	4.49	4.75	4.38	4.75	13707684	393391392.00
2014/07/31	4.94	4.99	4.52	4.54	10120156	288800416.00
2014/08/01	4.55	4.67	4.40	4.55	10327989	290071488.00
2014/08/04	4.45	4.51	4.31	4.43	7915579	216694464.00
2014/08/05	4.38	4.49	4.29	4.41	5561394	151147936.00
2014/08/06	4.31	4.40	4.31	4.36	3946686	106443848.00
2014/08/07	4.32	4.77	4.32	4.44	12696698	359894880.00
2014/08/08	4.39	4.67	4.31	4.58	11539038	322430976.00
2014/08/11	4.67	4.95	4.67	4.83	11008778	325604800.00
2014/08/12	4.86	5.33	4.76	5.33	10240447	322851488.00
2014/08/13	5.66	5.88	5.56	5.88	13573386	484513504.00
2014/08/14	6.03	6.48	5.90	6.48	12968817	497639168.00
2014/08/15	5.91	6.52	5.82	6.21	13591503	511040704.00
2014/08/18	5.99	6.84	5.98	6.84	11451312	460153664.00
2014/08/19	7.17	7.26	6.58	6.59	15495011	656205376.00
2014/08/20	6.53	6.86	6.12	6.42	11151409	445139840.00
2014/08/21	6.36	6.58	6.24	6.30	7248165	283428928.00
2014/08/22	6.16	6.94	6.08	6.94	9817581	397083232.00
2014/08/25	7.26	7.65	7.19	7.65	13144993	603669632.00
2014/08/26	7.56	8.35	7.41	8.03	13035326	635216448.00
2014/08/27	7.96	8.61	7.94	8.21	10244429	513327456.00
2014/08/28	8.21	8.23	7.37	7.37	9630294	450019168.00
2014/08/29	7.18	7.38	6.94	7.20	8336328	363540448.00
2014/09/01	7.18	7.62	6.98	7.61	8011936	356069280.00
2014/09/02	7.47	7.68	7.29	7.44	7988838	363895744.00
2014/09/03	7.28	8.03	7.16	7.68	10205169	470662144.00
2014/09/04	7.48	7.60	7.32	7.39	6498428	295318112.00
2014/09/05	7.34	7.52	7.25	7.34	4700074	211873328.00
2014/09/09	7.28	7.51	7.25	7.35	4749805	214620944.00
2014/09/10	7.43	7.52	7.18	7.36	4890875	219455200.00
2014/09/19	7.53	8.04	7.34	7.38	8535007	399749728.00
2014/09/22	7.02	7.02	6.63	6.63	5945764	245366864.00
2014/09/23	6.36	6.58	6.24	6.47	6071031	238663696.00
2014/09/24	6.37	6.57	6.32	6.43	5596591	220915776.00
2014/09/25	6.50	6.52	6.29	6.32	5660483	221206816.00
2014/09/26	6.29	6.44	6.20	6.42	4434614	172633600.00
2014/09/29	6.42	6.44	6.34	6.37	3215085	125882808.00
2014/09/30	6.37	6.42	6.28	6.32	2837820	110330936.00
2014/10/08	6.33	6.34	6.03	6.32	4110528	156719296.00
2014/10/09	6.26	6.51	6.21	6.47	5236365	204742752.00
2014/10/10	6.44	6.44	6.20	6.24	3429668	132519952.00
2014/10/13	6.23	6.23	5.96	6.11	3449121	128501424.00
2014/10/14	6.05	6.15	6.03	6.10	2374434	88823064.00
2014/10/15	6.11	6.22	6.09	6.17	2361092	89095248.00
2014/10/16	6.14	6.14	6.01	6.01	2207341	82437712.00
2014/10/17	6.01	6.05	5.69	5.81	2864275	102556352.00
2014/10/20	5.81	5.97	5.75	5.95	1775312	64204456.00
2014/10/21	5.94	6.19	5.91	6.09	3461209	128878384.00
2014/10/22	6.06	6.19	5.94	6.05	2491896	92834864.00
2014/10/23	5.78	6.11	5.78	5.98	2327159	85298184.00
2014/10/24	6.00	6.38	5.95	6.30	4747609	181667248.00
2014/10/27	6.30	6.52	6.12	6.37	4177600	161806384.00
2014/10/28	6.38	6.42	6.28	6.35	3228134	125284416.00
2014/10/29	6.41	6.56	6.31	6.51	5264791	208827936.00
2014/10/30	6.61	6.68	6.28	6.31	4957957	195419184.00
2014/10/31	6.26	6.43	6.11	6.26	2440759	93559072.00
2014/11/03	6.31	6.32	6.17	6.26	1953159	74667904.00
2014/11/04	6.32	6.54	6.29	6.41	4066747	160696416.00
2014/11/05	6.40	6.41	6.11	6.14	3430557	130719920.00
2014/11/06	6.14	6.16	5.87	6.12	2131217	79081008.00
2014/11/07	6.12	6.27	6.00	6.25	2688381	101242736.00
2014/11/10	6.25	6.88	6.12	6.68	7257412	292703232.00
2014/11/11	6.77	6.77	6.25	6.40	4223272	167348672.00
2014/11/12	6.40	6.40	6.01	6.19	3029420	114237760.00
2014/11/13	6.11	6.11	5.82	5.83	2546652	92903952.00
2014/11/14	5.80	5.80	5.49	5.56	2441945	84707952.00
2014/11/17	5.50	5.74	5.49	5.63	1426538	49442680.00
2014/11/18	5.64	5.75	5.61	5.66	1014915	35485392.00
2014/11/19	5.63	6.24	5.63	6.24	4942325	183906704.00
2014/11/20	6.18	6.18	5.93	6.03	3395496	125856752.00
2014/11/21	6.08	6.44	6.01	6.23	3594705	137522256.00
2014/11/24	6.19	6.42	6.08	6.36	3081199	119283608.00
2014/11/25	6.34	6.34	6.18	6.26	1632477	62781104.00
2014/11/26	6.25	6.37	6.09	6.23	1698369	64753156.00
2014/11/27	6.20	6.33	6.12	6.31	1856335	70883256.00
2014/11/28	6.29	6.37	6.16	6.24	2184097	83893656.00
2014/12/01	6.24	6.31	5.99	6.09	1532158	57194132.00
2014/12/02	6.08	6.14	6.01	6.10	1106013	41235844.00
2014/12/03	6.05	6.27	5.94	6.25	2079826	77678376.00
2014/12/04	6.25	6.62	6.15	6.53	4116902	161703952.00
2014/12/05	6.44	6.44	6.03	6.16	2175699	83024800.00
2014/12/08	6.08	6.08	5.84	5.90	1938961	70156832.00
2014/12/09	5.90	5.90	5.53	5.54	2465059	85375120.00
2014/12/10	5.55	5.68	5.51	5.62	1618303	55630032.00
2014/12/11	5.62	5.82	5.55	5.78	1995297	70337096.00
2014/12/12	5.79	5.98	5.79	5.97	1656987	60325944.00
2014/12/15	6.23	6.59	6.23	6.59	4068468	162133520.00
2014/12/16	6.92	7.19	6.86	7.03	6714262	287635392.00
2014/12/17	6.99	7.03	6.69	6.97	2523675	106404632.00
2014/12/18	6.98	6.98	6.73	6.86	1387453	58299488.00
2014/12/19	7.19	7.56	7.18	7.32	3611837	162487856.00
2014/12/22	6.58	6.58	6.58	6.58	290700	11715210.00
2014/12/23	5.90	5.90	5.90	5.90	134900	4892823.00
2014/12/24	5.30	6.24	5.30	6.01	6034101	207237440.00
2014/12/25	5.69	5.78	5.53	5.67	3035003	105240480.00
2014/12/26	5.60	5.72	5.47	5.52	2386674	81536112.00
2014/12/29	5.39	5.40	4.95	4.95	2183268	67346496.00
2014/12/30	4.69	4.90	4.50	4.61	3470354	99516184.00
2014/12/31	4.59	4.75	4.53	4.70	2011429	58019196.00
2015/01/05	4.70	4.72	4.44	4.50	2192101	61427448.00
2015/01/06	4.49	4.76	4.45	4.75	2751999	78637864.00
2015/01/07	4.69	4.91	4.66	4.83	2298328	68490304.00
2015/01/08	4.84	5.32	4.79	5.32	3375600	107288168.00
2015/01/09	5.34	5.83	5.28	5.49	4179523	143973248.00
2015/01/12	5.38	5.88	5.16	5.69	2498837	83639688.00
2015/01/13	5.67	5.71	5.47	5.60	1462231	50135488.00
2015/01/14	5.66	5.66	5.28	5.36	1067243	35684884.00
2015/01/15	5.28	5.63	5.28	5.41	1188749	40328328.00
2015/01/16	5.34	5.66	5.29	5.57	1356385	46173084.00
2015/01/19	5.41	5.85	5.36	5.66	1910544	66664912.00
2015/01/20	5.66	5.84	5.66	5.79	1545903	54672092.00
2015/01/21	5.80	6.36	5.73	6.19	2359986	88073952.00
2015/01/22	6.19	6.19	6.01	6.11	1718495	64252132.00
2015/01/23	6.11	6.39	6.01	6.22	1712670	65565160.00
2015/01/26	6.22	6.36	6.07	6.18	993757	37529316.00
2015/01/27	6.07	6.17	5.86	6.04	1035612	38434360.00
2015/01/28	6.03	6.09	5.94	5.99	620340	22888896.00
2015/01/29	5.95	5.95	5.53	5.65	3696848	129726016.00
2015/01/30	5.58	5.67	5.40	5.44	1796231	61448108.00
2015/02/02	5.37	5.64	5.30	5.63	900651	30663778.00
2015/02/03	5.62	5.81	5.57	5.75	1060743	37422380.00
2015/02/04	5.75	6.33	5.71	6.21	2968528	111570456.00
2015/02/05	6.08	6.69	6.08	6.54	3348485	133493448.00
2015/02/06	6.43	6.52	5.93	6.01	2814367	107578808.00
2015/02/09	6.01	6.63	5.86	6.30	1229277	47007232.00
2015/02/10	6.23	6.23	6.00	6.20	855342	32146914.00
2015/02/11	6.25	6.66	6.14	6.43	1846928	73241016.00
2015/02/12	6.36	6.59	6.28	6.33	881561	34374880.00
2015/02/13	6.31	6.46	6.23	6.37	915682	35757768.00
2015/02/16	6.30	6.39	6.19	6.33	1692349	64931704.00
2015/02/17	6.33	6.77	6.33	6.65	1618193	65454812.00
2015/03/05	7.33	7.33	7.33	7.33	170046	7623162.00
2015/03/06	7.86	8.08	7.58	8.08	3860964	187244288.00
2015/03/09	8.36	8.36	7.66	7.71	3647215	175958000.00
2015/03/10	7.83	7.86	7.57	7.82	1860874	87696168.00
2015/03/11	7.76	7.78	7.36	7.55	1869135	86048560.00
2015/03/12	7.56	7.56	7.13	7.22	1682729	74911360.00
2015/03/13	7.38	7.52	7.24	7.42	1521393	68910688.00
2015/03/16	7.48	8.14	7.47	7.99	2773220	132488328.00
2015/03/17	8.00	8.04	7.67	7.75	1868469	88618592.00
2015/03/18	7.77	7.83	7.67	7.83	1353978	64164448.00
2015/03/19	7.84	8.60	7.73	8.43	2450813	121753176.00
2015/03/20	8.43	9.06	8.19	8.64	2291873	121572144.00
2015/03/23	8.61	9.13	8.47	8.96	2061683	110681616.00
2015/03/24	8.86	9.87	8.69	9.87	2482723	143013936.00
2015/03/25	10.31	10.88	10.11	10.88	3004319	192722768.00
2015/03/26	10.66	11.11	10.03	10.18	2528390	161021216.00
2015/03/27	10.36	10.52	9.96	10.16	1101221	68366792.00
2015/03/30	9.19	10.19	9.18	10.01	3023274	173001088.00
2015/03/31	9.69	10.36	9.00	10.01	2345189	142703376.00
2015/04/01	9.91	10.24	9.73	10.12	1021670	62465632.00
2015/04/02	10.14	10.72	10.14	10.53	1457499	92746072.00
2015/04/03	10.24	10.53	10.24	10.34	1054204	66246880.00
2015/04/07	10.38	10.38	9.99	10.24	1089501	67451312.00
2015/04/08	10.25	10.79	10.03	10.41	1319141	84029344.00
2015/04/09	10.23	10.41	9.53	9.86	1166563	70039648.00
2015/04/10	9.90	10.27	9.69	10.03	914873	56063160.00
2015/04/13	9.86	10.61	9.86	10.39	1336654	83299032.00
2015/04/14	10.28	10.46	10.03	10.30	921194	57212224.00
2015/04/15	10.24	10.26	9.36	9.38	1172251	69390760.00
2015/04/16	9.32	9.69	9.21	9.34	859295	49433140.00
2015/04/17	9.33	9.58	9.21	9.43	761436	43696904.00
2015/04/20	9.42	9.93	9.11	9.24	1147903	66634496.00
2015/04/21	9.03	9.61	9.03	9.50	970667	55500896.00
2015/04/22	9.50	9.89	9.50	9.80	905292	53907292.00
2015/04/23	9.86	9.90	9.58	9.69	741253	43716152.00
2015/04/24	9.61	9.89	9.36	9.88	1180091	70314168.00
2015/04/27	10.88	10.88	10.24	10.28	2216858	142314288.00
2015/04/28	10.12	10.44	9.33	9.54	1461729	86849720.00
2015/04/29	9.53	9.86	9.36	9.64	894854	52621256.00
2015/04/30	9.63	10.08	9.50	9.91	1015485	61108108.00
2015/05/04	10.17	10.78	9.78	10.42	1615165	101109488.00
2015/05/05	10.42	11.19	10.18	10.67	1524868	99270624.00
2015/05/06	10.78	11.76	10.73	11.76	2876222	201695408.00
2015/05/07	12.11	12.33	10.89	11.11	2178381	152917040.00
2015/05/08	11.69	12.23	11.69	12.23	669919	49457988.00
2015/05/11	13.47	13.47	13.03	13.47	2434165	197837904.00
2015/05/12	14.49	14.83	13.86	14.83	4294199	374997376.00
2015/05/13	14.36	16.22	13.86	15.13	3602950	333692416.00
2015/05/14	14.84	15.50	14.07	15.03	2482292	222103280.00
2015/05/21	16.36	16.54	15.19	16.54	3050120	297836640.00
2015/05/22	17.03	18.21	16.54	18.21	2350951	248836320.00
2015/06/05	20.03	20.03	17.41	17.69	2568432	286826912.00
2015/06/08	16.53	18.53	15.97	16.43	2453724	250997760.00
2015/06/09	16.66	17.04	15.51	16.05	1686798	165751040.00
2015/06/10	16.01	17.36	15.71	16.75	1259511	126455032.00
2015/06/11	16.70	18.36	16.70	17.36	1906907	202813872.00
2015/06/12	18.36	19.11	18.28	19.11	1228435	141123568.00
2015/06/15	19.70	20.36	17.19	17.19	3459543	381599296.00
2015/06/16	16.11	16.11	15.46	15.46	1411182	133557576.00
2015/06/17	14.50	15.78	13.90	15.63	2294209	202908544.00
2015/06/18	15.37	15.45	14.05	14.05	1572956	140016512.00
2015/06/19	13.36	13.76	12.63	12.86	1380819	110012224.00
2015/06/23	13.53	14.16	12.95	14.16	1492873	123668120.00
2015/06/24	14.51	14.61	13.70	14.30	1763742	152159760.00
2015/06/25	14.30	14.30	12.85	12.85	1743354	141380928.00
2015/06/26	12.27	12.27	11.55	11.55	1045912	74399296.00
2015/06/29	11.57	11.86	10.39	10.39	1962636	129419728.00
2015/06/30	9.89	11.44	9.33	11.44	3095269	190549088.00
2015/07/01	11.49	12.19	10.88	11.05	2222086	157944528.00
2015/07/02	11.31	11.73	9.93	10.15	2046718	136027536.00
2015/07/03	9.53	10.70	9.12	9.53	2784347	160951536.00
2015/07/06	10.50	10.50	8.56	9.03	3037131	170616528.00
2015/07/07	8.46	8.53	8.11	8.11	859468	42862620.00
2015/07/14	8.94	8.94	8.94	8.94	52645	2866520.25
2015/07/15	9.85	9.85	9.29	9.70	3435752	202893872.00
2015/07/16	9.70	10.61	8.72	10.29	3314139	197466320.00
2015/07/17	10.29	11.33	10.06	11.23	2079330	136616704.00
2015/07/20	11.20	12.37	10.83	12.37	2159628	151787392.00
2015/07/21	13.62	13.62	13.24	13.62	1542125	127187512.00
2015/07/22	14.99	14.99	14.51	14.99	5817018	527013664.00
2015/07/23	15.03	15.03	14.07	14.48	6321936	553619904.00
2015/07/24	14.15	15.70	14.11	15.09	5642718	503956832.00
2015/07/27	14.68	15.33	13.57	13.57	4110209	362762528.00
2015/07/28	12.45	13.61	12.20	12.20	4851698	367377600.00
2015/07/29	12.61	13.43	11.87	13.41	4180962	321970080.00
2015/07/30	13.35	13.38	12.12	12.20	3435994	270268512.00
2015/07/31	11.71	12.16	10.96	11.28	2954020	208821696.00
2015/08/03	10.74	10.75	10.14	10.14	2915167	182706896.00
2015/08/04	10.20	11.16	10.20	11.16	2794420	183620560.00
2015/08/05	11.50	11.53	10.60	10.76	2941077	198359808.00
2015/08/06	10.20	10.76	10.05	10.43	1843597	117068384.00
2015/08/07	10.68	11.49	10.66	11.49	1984841	135797040.00
2015/08/10	12.08	12.65	11.78	12.65	3441776	255608208.00
2015/08/11	12.81	13.87	12.65	13.20	4114808	329560224.00
2015/08/12	12.86	13.86	12.68	12.79	3394284	273288512.00
2015/08/13	12.56	13.66	12.53	13.56	3129315	249643632.00
2015/08/14	13.70	13.86	12.88	13.03	3074820	246573760.00
2015/08/17	12.87	12.87	12.21	12.52	2301213	174195792.00
2015/08/18	12.54	13.13	11.26	11.26	2792182	206183024.00
2015/08/19	10.52	11.96	10.48	11.82	2672459	179680720.00
2015/08/20	11.53	11.82	10.93	10.98	1823605	125984688.00
2015/08/21	10.67	11.28	10.48	10.73	1917195	126998432.00
2015/08/24	10.20	10.20	9.64	9.64	1337564	79081736.00
2015/08/25	8.67	9.05	8.67	8.67	1725146	91744920.00
2015/08/26	8.75	9.17	8.08	8.19	2872781	150980800.00
2015/08/27	8.86	9.03	8.61	9.03	2734724	149856048.00
2015/08/28	9.94	9.94	9.94	9.94	693308	41931268.00
2015/08/31	10.86	10.95	10.20	10.23	6140430	397677504.00
2015/09/01	9.66	10.70	9.64	9.80	4337456	267960800.00
2015/09/02	8.98	10.34	8.82	9.05	3868024	221075488.00
2015/09/07	9.45	9.97	9.40	9.97	3833941	230630752.00
2015/09/08	9.72	10.86	9.45	10.63	3675704	222849984.00
2015/09/09	10.45	11.33	10.37	10.78	4207791	275926336.00
2015/09/10	10.61	11.31	10.38	11.13	3765165	251004896.00
2015/09/11	11.23	11.51	10.95	11.28	2746216	186931952.00
2015/09/14	11.20	11.20	10.14	10.14	2215733	143252912.00
2015/09/15	9.26	10.06	9.18	9.39	2813950	163185552.00
2015/09/16	9.66	10.34	9.53	10.34	2684026	161651680.00
2015/09/17	10.53	11.17	10.19	10.25	3203889	210253424.00
2015/09/18	10.53	10.81	10.15	10.59	2294178	145991424.00
2015/09/21	10.36	11.66	10.15	11.66	2825390	192494528.00
2015/09/22	12.75	12.75	11.86	12.36	4151357	310922592.00
2015/09/23	12.03	13.61	11.88	13.61	4973706	391515232.00
2015/09/24	13.88	14.03	12.71	13.63	4852782	392473600.00
2015/09/25	13.28	13.85	12.70	12.70	3742353	298137728.00
2015/09/28	12.70	13.98	12.70	13.79	4497269	369917568.00
2015/09/29	13.20	14.06	12.73	13.24	13546159	365153472.00
2015/09/30	13.44	13.59	11.96	12.56	9255418	236646240.00
2015/10/08	13.76	13.83	13.06	13.83	6818317	187463856.00
2015/10/09	14.86	15.22	14.36	14.85	16912586	506293760.00
2015/10/12	14.86	15.79	14.40	15.39	16229339	495171776.00
2015/10/13	14.86	16.85	14.70	16.24	11437333	366882048.00
2015/10/14	16.06	16.51	15.43	15.94	11748693	378496544.00
2015/10/15	15.75	16.61	15.62	16.50	12525503	410305440.00
2015/10/16	16.49	16.86	15.96	16.28	13038390	429501056.00
2015/10/19	16.36	16.66	15.80	15.94	10908343	354363136.00
2015/10/20	15.79	17.55	15.67	17.55	16016970	550442944.00
2015/10/21	18.87	19.32	18.19	18.86	45470494	1743902080.00
2015/10/22	17.92	20.76	17.62	20.73	40068228	1561779712.00
2015/10/23	19.86	20.96	19.80	20.05	28500571	1163365248.00
2015/10/26	20.11	20.36	18.73	19.11	19173553	742131776.00
2015/10/27	18.92	20.80	18.69	20.04	18545875	736848256.00
2015/10/28	19.76	19.94	18.61	18.71	15630446	603253312.00
2015/10/29	19.26	19.31	18.36	18.58	11811569	446189184.00
2015/10/30	18.42	18.86	17.59	18.12	12199149	446503936.00
2015/11/02	17.58	19.11	17.27	18.30	12877779	479230688.00
2015/11/03	18.30	18.61	17.19	17.50	11114102	397347488.00
2015/11/04	17.37	18.79	17.37	18.71	16886634	623663552.00
2015/11/05	18.66	19.46	18.40	19.10	19326477	741513856.00
2015/11/06	19.11	19.41	18.61	19.30	19212881	737544960.00
2015/11/09	18.87	19.05	18.24	18.78	16774668	632902208.00
2015/11/10	18.81	19.36	18.41	18.62	16509721	625051008.00
2015/11/11	18.70	18.75	17.77	18.33	14926734	547655808.00
2015/11/12	18.35	18.42	17.61	18.02	13239047	478044224.00
2015/11/13	17.82	18.61	17.53	18.01	10159308	373058656.00
2015/11/16	18.11	18.12	17.44	18.00	8271878	297204576.00
2015/11/17	18.18	18.41	17.87	18.01	11275154	411777600.00
2015/11/18	18.01	18.10	16.86	16.93	9728035	342469088.00
2015/11/19	16.90	17.45	16.39	17.42	6927351	240940992.00
2015/11/20	17.39	18.64	17.03	18.36	17929565	652440448.00
2015/11/23	18.35	18.69	17.63	17.89	11605104	422678528.00
2015/11/24	17.81	18.13	17.56	17.99	6965563	251045920.00
2015/11/25	17.96	18.51	17.66	18.06	11834145	434580480.00
2015/11/26	18.06	19.74	17.76	19.22	26704724	1026551424.00
2015/11/27	18.56	18.96	17.28	17.28	20136822	734365376.00
2015/11/30	17.24	17.24	15.61	16.51	13274062	438230400.00
2015/12/01	16.59	17.21	16.11	16.48	7806050	262611904.00
2015/12/02	16.78	16.78	14.89	16.06	7969151	256603792.00
2015/12/03	15.90	16.51	15.86	16.41	5938509	195556720.00
2015/12/04	16.15	16.64	16.08	16.17	5338370	175728672.00
2015/12/07	16.31	16.76	16.21	16.47	5435810	180449776.00
2015/12/08	16.44	17.04	15.91	16.71	9453163	314659296.00
2015/12/09	16.89	17.18	16.59	16.66	8785245	300036224.00
2015/12/10	16.36	17.11	16.15	16.59	7305380	244819168.00
2015/12/11	16.50	16.74	15.91	15.96	5567772	182951712.00
2015/12/14	15.74	16.24	15.61	16.14	4894437	157565696.00
2015/12/15	16.47	17.61	16.47	16.74	10774015	370672544.00
2015/12/16	16.80	17.15	16.44	16.70	8146314	275630240.00
2015/12/17	16.76	17.36	16.64	17.15	9784524	336724544.00
2015/12/18	17.41	17.50	16.69	16.79	7497863	256278208.00
2015/12/21	16.71	17.17	16.50	16.59	8427143	283540288.00
2015/12/22	16.69	16.76	16.49	16.71	6498673	218008672.00
2015/12/23	16.81	16.81	16.43	16.46	6916435	230559840.00
2015/12/24	16.36	16.59	16.13	16.29	5224513	171825184.00
2015/12/25	16.33	16.76	16.00	16.69	7899236	259776640.00
2015/12/28	16.56	18.06	16.46	17.18	19354203	674636288.00
2015/12/29	17.11	17.64	16.91	17.21	9823058	341916000.00
2015/12/30	17.12	17.26	16.70	17.26	10269988	350699552.00
2015/12/31	17.21	17.21	16.50	16.51	5781498	196225424.00
2016/01/04	16.49	16.90	14.91	15.03	6980465	226985712.00
2016/01/05	13.79	15.51	13.79	14.46	7995675	235523104.00
2016/01/06	14.76	15.86	14.41	15.70	8339938	252626736.00
2016/01/07	15.86	16.76	15.20	15.57	7078538	229182192.00
2016/01/08	16.54	16.60	15.54	16.15	17506997	572783360.00
2016/01/11	15.29	15.56	14.52	14.52	10574052	318715712.00
2016/01/12	14.51	14.51	13.06	13.25	10244935	277812352.00
2016/01/13	13.16	13.48	11.93	11.99	6992115	180440192.00
2016/01/14	11.42	12.64	11.13	12.44	7926200	190628384.00
2016/01/15	12.36	12.47	11.38	11.55	5980472	144718208.00
2016/01/18	11.20	12.15	11.05	11.82	6226855	149475472.00
2016/01/19	11.84	13.01	11.72	13.01	9994511	254762480.00
2016/01/20	13.01	13.84	12.88	13.21	10390794	280702048.00
2016/01/21	12.91	13.61	12.46	12.63	7689051	204754144.00
2016/01/22	12.94	13.16	12.27	12.74	4992062	128153280.00
2016/01/25	12.86	14.03	12.86	14.03	14166881	397791200.00
2016/01/26	13.80	13.94	12.90	13.09	9955379	270907776.00
2016/01/27	13.06	14.06	12.51	13.86	11163707	297279296.00
2016/01/28	13.74	13.86	12.86	13.06	4990772	135271696.00
2016/01/29	12.83	13.55	12.75	13.36	4461720	119733736.00
2016/02/01	13.36	13.76	13.16	13.72	4447649	121219728.00
2016/02/02	13.76	15.10	13.76	14.85	11277068	335684448.00
2016/02/03	14.46	15.73	14.37	15.44	8917037	270554144.00
2016/02/04	15.43	15.99	15.16	15.64	8076133	255175472.00
2016/02/05	15.65	16.94	15.36	16.38	7021536	229645200.00
2016/02/15	16.06	17.61	15.61	17.46	8717661	300892800.00
2016/02/16	17.43	18.11	17.15	17.53	10074845	358093408.00
2016/02/17	17.53	17.57	16.36	16.86	11332983	384421984.00
2016/02/18	16.86	17.26	16.57	16.70	7340354	249215600.00
2016/02/19	16.61	17.03	16.19	16.51	7667736	256772160.00
2016/02/22	16.86	16.96	16.46	16.69	5986547	201973376.00
2016/02/23	16.66	17.31	16.64	17.00	8236151	281984352.00
2016/02/24	16.86	16.86	15.66	16.38	8171932	267884480.00
2016/02/25	16.35	16.36	14.73	14.76	7006679	219158416.00
2016/02/26	14.91	15.35	14.49	15.00	4548634	137535696.00
2016/02/29	15.14	15.96	15.06	15.63	10407826	327077504.00
2016/03/01	15.34	17.11	14.86	16.86	8493201	275680608.00
2016/03/02	16.76	17.36	16.51	17.19	9367686	323690752.00
2016/03/03	17.00	17.53	16.61	16.71	8896992	305025952.00
2016/03/04	16.52	17.29	15.76	15.79	6894198	229790416.00
2016/03/07	15.96	16.71	15.81	16.31	5190726	171269680.00
2016/03/08	16.11	16.41	15.06	16.11	5909402	188415312.00
2016/03/09	15.61	15.91	15.44	15.61	3295724	104370040.00
2016/03/10	15.86	15.95	14.87	14.89	5526188	169857360.00
2016/03/11	14.85	15.35	14.49	14.86	2885254	86154448.00
2016/03/14	15.15	15.90	15.02	15.71	5116773	162131728.00
2016/03/15	15.62	16.03	15.24	15.35	3908957	123614400.00
2016/03/16	15.28	15.61	14.86	15.05	2636651	80576336.00
2016/03/17	15.11	16.57	14.88	15.96	6650784	210753840.00
2016/03/18	15.96	16.69	15.66	16.21	17000083	558176192.00
2016/03/21	16.36	16.92	16.26	16.63	12870301	428782368.00
2016/03/22	16.37	16.68	16.08	16.23	7800674	257275856.00
2016/03/23	16.23	17.87	16.23	17.52	24491287	859029632.00
2016/03/24	17.11	17.33	16.62	16.77	15356079	524566656.00
2016/03/25	16.81	16.96	16.24	16.49	7186003	239078048.00
2016/03/28	16.54	16.96	16.25	16.35	5382317	180303952.00
2016/03/29	16.43	16.74	16.22	16.73	5895197	196310272.00
2016/03/30	16.76	17.12	16.67	17.06	8390438	286422400.00
2016/03/31	17.07	17.46	16.76	16.79	8392748	289067904.00
2016/04/01	16.42	16.69	16.11	16.42	5393524	177502304.00
2016/04/05	16.34	16.80	16.19	16.70	5302011	177430864.00
2016/04/06	16.70	17.21	16.63	16.80	6585784	225234832.00
2016/04/07	16.86	16.92	16.31	16.32	6084770	202009072.00
2016/04/08	16.23	16.23	15.86	16.01	3665349	118121784.00
2016/04/11	16.04	17.05	16.04	16.74	7371912	248308912.00
2016/04/12	16.74	17.02	16.36	16.84	6151138	207349600.00
2016/04/13	16.86	17.19	16.74	16.85	7819590	267259152.00
2016/04/14	16.85	17.21	16.79	17.05	6711199	230199344.00
2016/04/15	17.10	18.03	16.91	17.70	15027636	535401408.00
2016/04/18	17.36	18.31	16.70	17.77	11865408	421051328.00
2016/04/19	17.79	18.76	17.79	18.58	10219271	380319136.00
2016/04/20	18.62	18.90	17.36	18.49	11787245	434348416.00
2016/04/21	18.26	18.77	18.03	18.27	7965009	296056032.00
2016/04/22	18.46	18.46	17.56	17.76	7949507	285817760.00
2016/04/25	17.36	17.74	16.82	17.29	5196468	180495632.00
2016/04/26	17.19	17.59	16.98	17.59	3483299	121421776.00
2016/04/27	17.49	18.04	17.40	17.91	4804430	172387920.00
2016/04/28	17.77	17.91	16.79	16.87	9284784	319634400.00
2016/04/29	16.61	17.24	16.51	17.07	4383430	150366256.00
2016/05/03	17.04	17.99	16.90	17.86	4993327	177841104.00
2016/05/04	17.86	18.30	17.47	17.62	5388559	193673488.00
2016/05/05	17.38	17.76	17.36	17.61	2371563	84030648.00
2016/05/06	17.76	17.79	16.86	16.91	4278491	148831120.00
2016/05/09	16.46	16.85	16.15	16.20	3935709	129996520.00
2016/05/10	16.25	16.54	16.25	16.28	2803534	92559840.00
2016/05/11	16.46	16.56	15.46	16.31	4951123	160140416.00
2016/05/12	15.87	16.74	15.61	16.30	3238072	106560480.00
2016/05/13	16.39	16.54	15.88	16.01	1785292	58299896.00
2016/05/16	15.90	16.33	15.46	16.17	2302067	74913776.00
2016/05/17	16.18	16.34	15.91	15.96	2465266	79825136.00
2016/05/18	15.87	16.14	15.26	15.41	4167323	130664064.00
2016/05/19	15.43	15.61	15.22	15.59	3063907	95697328.00
2016/05/20	15.31	15.95	15.27	15.93	2462079	78152584.00
2016/05/23	15.93	16.39	15.93	16.11	1851207	60525568.00
2016/05/24	16.11	16.14	15.36	15.45	4260700	134049064.00
2016/05/25	15.51	15.68	15.36	15.45	2141700	66984852.00
2016/05/26	15.45	15.58	14.78	15.22	3709165	112620816.00
2016/05/27	15.23	15.34	15.03	15.21	2402966	73618376.00
2016/05/30	15.21	15.54	14.96	15.42	2501266	77595216.00
2016/05/31	15.46	16.11	15.46	16.06	3721758	119367328.00
2016/06/01	16.18	16.19	15.77	15.81	5274634	168921632.00
2016/06/02	15.81	15.95	15.43	15.82	4909716	155148544.00
2016/06/03	15.72	16.18	15.65	16.01	6376432	204782400.00
2016/06/06	16.36	16.50	16.19	16.36	6043977	199231424.00
2016/06/07	16.50	16.50	16.12	16.29	3678379	120684136.00
2016/06/08	16.31	16.54	16.09	16.43	4432065	146239968.00
2016/06/13	16.21	16.58	15.80	15.80	5396261	175590736.00
2016/06/14	15.69	15.69	14.84	15.17	9256742	141391520.00
2016/06/15	14.88	15.94	14.80	15.65	7524657	117352928.00
2016/06/16	15.78	15.78	15.07	15.32	5893751	90778288.00
2016/06/17	15.36	15.67	15.17	15.23	4355752	67560720.00
2016/06/20	15.09	15.71	15.09	15.29	7961963	123059504.00
2016/06/21	15.48	15.53	15.09	15.15	4910739	75413904.00
2016/06/22	15.14	15.27	14.89	15.23	4945875	75086904.00
2016/06/23	15.17	15.45	15.06	15.25	3576844	54824776.00
2016/06/24	15.39	15.39	14.80	15.08	5482352	83036856.00
2016/06/27	14.88	15.34	14.80	15.27	5683724	86778368.00
2016/06/28	15.14	15.36	15.01	15.34	7229405	110697624.00
2016/06/29	15.39	16.89	15.39	16.33	14921124	245471376.00
2016/06/30	16.29	17.89	16.21	17.51	19596696	335058400.00
2016/07/01	17.36	17.79	16.90	17.11	13215753	229358608.00
2016/07/04	16.71	17.49	16.70	17.12	10342851	178470880.00
2016/07/05	17.13	17.37	16.86	17.07	8030463	138351360.00
2016/07/06	17.17	17.27	16.91	17.09	5727798	98339008.00
2016/07/07	17.04	17.09	16.45	16.77	7891116	132870200.00
2016/07/08	16.71	16.88	16.48	16.85	5588355	94079880.00
2016/07/11	16.99	17.14	16.50	16.56	6587117	111142136.00
2016/07/12	16.52	16.64	16.15	16.60	6843899	113165432.00
2016/07/13	16.66	16.77	16.41	16.63	7463230	124703464.00
2016/07/14	16.70	17.24	16.50	17.14	11093907	189159024.00
2016/07/15	17.16	17.66	16.94	16.96	10377946	180744800.00
2016/07/18	17.15	17.15	16.60	17.01	8008989	136399040.00
2016/07/19	16.97	17.04	16.67	16.92	3631900	61412624.00
2016/07/20	17.04	17.09	16.60	16.73	4722517	79676696.00
2016/07/21	16.72	16.83	16.39	16.55	6277138	104841576.00
2016/07/22	16.39	16.74	16.39	16.45	4216607	70369088.00
2016/07/25	16.39	16.59	16.34	16.49	3535811	58506000.00
2016/07/26	16.49	16.82	16.44	16.67	4534101	75878384.00
2016/07/27	16.70	16.82	15.46	15.66	10654324	171599264.00
2016/07/28	15.77	15.95	14.91	15.71	8349102	129847792.00
2016/07/29	15.70	15.81	15.35	15.38	4905109	76624256.00
2016/08/01	15.45	15.45	14.67	14.84	7082963	106345776.00
2016/08/02	14.50	15.14	14.50	14.98	3682331	55351244.00
2016/08/03	14.89	15.16	14.84	15.02	2887855	43560272.00
2016/08/04	15.13	15.18	14.88	15.07	4218265	63768108.00
2016/08/05	15.02	15.17	14.86	14.87	4347413	65566884.00
2016/08/08	14.87	14.87	14.50	14.80	4444229	65714352.00
2016/08/09	14.80	14.99	14.69	14.99	4504760	67566056.00
2016/08/10	14.99	16.50	14.92	16.50	27876118	454492704.00
2016/08/11	16.67	16.67	16.09	16.32	14574759	239893904.00
2016/08/12	16.40	16.45	16.04	16.31	8049459	131304288.00
2016/08/15	16.59	16.70	15.94	16.46	13324427	220015616.00
2016/08/16	16.54	17.19	16.35	16.95	16694792	283980352.00
2016/08/17	16.75	17.21	16.61	16.79	11729459	199728192.00
2016/08/18	16.79	16.98	16.48	16.59	6092455	101974200.00
2016/08/19	16.61	16.71	16.17	16.37	5007164	82487216.00
2016/08/22	16.35	17.09	16.20	16.72	9789007	164774176.00
2016/08/23	16.72	16.82	16.41	16.59	6672102	111509040.00
2016/08/24	16.63	16.96	16.59	16.76	7824257	132193768.00
2016/08/25	16.76	16.85	16.24	16.73	7053572	117821544.00
2016/08/26	17.02	17.02	16.59	16.76	5944172	100236424.00
2016/08/29	16.63	17.05	16.41	16.67	5517062	92704336.00
2016/08/30	16.49	16.96	16.49	16.88	4316904	72903304.00
2016/08/31	16.89	18.45	16.89	17.75	22924155	408038272.00
2016/09/01	17.75	18.28	17.49	17.76	16420510	296418720.00
2016/09/02	17.76	18.05	17.39	17.68	8544539	152200320.00
2016/09/05	17.60	18.84	17.60	18.39	18797124	347708096.00
2016/09/06	18.39	19.27	18.24	19.01	19793354	375471712.00
2016/09/07	18.89	19.34	18.62	19.34	23167771	442396800.00
2016/09/08	19.33	19.33	18.86	19.09	11883148	227981232.00
2016/09/09	18.94	19.17	18.30	18.51	13880943	259987344.00
2016/09/12	18.20	18.58	17.90	18.27	9134365	168528768.00
2016/09/13	18.37	18.60	17.82	18.01	7544667	137404240.00
2016/09/14	18.01	18.36	17.70	18.05	6801539	123810440.00
2016/09/19	18.09	18.84	18.06	18.66	9117598	169685248.00
2016/09/20	18.59	18.76	18.43	18.47	5749443	107359024.00
2016/09/21	18.89	19.06	18.54	19.03	9094082	172346544.00
2016/09/22	19.09	19.39	18.84	19.04	8256073	158346352.00
2016/09/23	18.94	20.82	18.94	20.36	22321337	449267616.00
2016/09/26	20.36	21.78	20.03	20.52	20772297	437387296.00
2016/09/27	20.51	20.81	19.41	20.35	14844258	299414912.00
2016/09/28	20.34	21.39	19.97	21.28	15378347	321473184.00
2016/09/29	21.09	21.37	20.74	21.21	12494789	264749776.00
2016/09/30	21.21	21.24	20.72	20.72	7639520	160627248.00
2016/10/10	20.79	21.03	20.24	21.03	13205494	274175648.00
2016/10/11	21.14	22.64	20.72	22.24	21111926	456494720.00
2016/10/12	22.04	22.23	21.49	21.76	13437948	293869280.00
2016/10/13	21.79	22.35	21.19	21.34	16071682	351753120.00
2016/10/14	21.20	21.51	20.63	20.89	10648440	224271952.00
2016/10/17	20.99	21.24	20.59	20.75	8944249	187821696.00
2016/10/18	20.75	21.05	20.64	20.97	6597780	138340800.00
2016/10/19	20.95	20.97	20.44	20.62	9570878	198867040.00
2016/10/20	20.69	20.88	20.50	20.75	6598438	137112400.00
2016/10/21	20.75	20.85	20.03	20.04	13285762	271400800.00
2016/12/22	19.89	19.89	18.03	18.17	36752843	687166848.00
2016/12/23	17.96	18.82	17.89	17.95	15817122	290519200.00
2016/12/26	17.95	18.25	17.29	18.15	10556593	189913696.00
2016/12/27	18.29	18.32	17.57	17.63	9780862	175688208.00
2016/12/28	17.72	17.89	17.44	17.71	7258424	129433776.00
2016/12/29	17.84	18.09	17.53	17.79	6908830	123672528.00
2016/12/30	17.79	18.77	17.70	18.19	14230158	262372656.00
2017/01/03	18.01	18.32	17.81	17.91	7715832	139784528.00
2017/01/04	17.89	18.25	17.80	18.04	6196175	112613336.00
2017/01/05	17.91	18.13	17.75	17.83	5816981	104955888.00
2017/01/06	17.84	17.92	16.09	16.38	23104033	387063488.00
2017/01/09	16.31	16.51	16.10	16.43	8131103	133408320.00
2017/01/10	16.43	16.53	16.33	16.38	4067643	67288328.00
2017/01/11	16.38	16.51	15.49	15.69	9652644	154369776.00
2017/01/12	15.73	16.68	15.73	16.24	10645001	174106080.00
2017/01/13	16.24	16.33	15.98	15.99	5854513	95170728.00
2017/01/16	15.79	16.13	14.80	15.59	8262203	129194368.00
2017/01/17	15.47	16.14	15.27	15.96	7297928	116988776.00
2017/01/18	16.00	16.29	15.99	16.06	4220919	68587672.00
2017/01/19	15.99	16.05	15.47	15.69	4481957	70970400.00
2017/01/20	15.70	16.18	15.57	16.05	6387928	102673544.00
2017/01/23	16.10	16.19	15.99	16.09	4337593	70105224.00
2017/01/24	16.09	16.14	15.69	16.01	5089558	81165848.00
2017/01/25	15.89	16.09	15.59	15.79	7529312	119448944.00
2017/01/26	15.78	16.42	15.70	16.17	7810523	125715216.00
2017/02/03	16.09	16.17	15.61	15.84	5942692	94538272.00
2017/02/06	15.81	15.93	15.71	15.89	5420814	86396656.00
2017/02/07	15.91	15.98	15.73	15.90	7024541	111815064.00
2017/02/08	15.89	16.04	15.73	16.04	5038161	80525784.00
2017/02/09	15.94	17.18	15.90	16.93	13933418	233210384.00
2017/02/10	16.90	17.28	16.77	17.01	7805296	133707896.00
2017/02/13	16.93	17.24	16.76	16.93	7187731	122471160.00
2017/02/14	16.92	16.92	16.69	16.79	4748828	80192904.00
2017/02/15	16.74	17.03	16.65	16.91	5320076	90419904.00
2017/02/16	16.85	16.95	16.79	16.89	3599974	61107072.00
2017/02/17	16.94	17.01	16.79	16.90	3905221	66376272.00
2017/02/20	16.74	17.05	16.74	16.88	5727122	97136088.00
2017/02/21	16.75	16.93	16.74	16.88	7041757	119225680.00
2017/02/22	16.89	16.90	16.24	16.41	11013413	182920704.00
2017/02/23	16.30	16.47	16.07	16.23	8256374	134465904.00
2017/02/24	16.23	16.96	16.09	16.79	8544872	143221040.00
2017/02/27	16.78	17.06	16.63	16.81	6751333	114415568.00
2017/02/28	16.93	17.77	16.77	17.63	11763153	204842688.00
2017/03/01	17.53	17.99	17.34	17.68	11651315	206989968.00
2017/03/02	17.70	17.77	17.26	17.62	8813504	155459408.00
2017/03/03	17.52	17.69	17.41	17.62	3612223	63883232.00
2017/03/06	17.61	17.79	17.50	17.66	3425139	60804716.00
2017/03/07	17.68	18.37	17.68	18.15	9848957	180207808.00
2017/03/08	18.27	18.55	17.99	18.00	6561391	120586608.00
2017/03/09	18.12	18.16	17.90	17.95	2600729	47042280.00
2017/03/10	18.19	18.19	17.94	17.94	2715472	49195412.00
2017/03/13	17.94	18.07	17.52	17.79	4902298	87493912.00
2017/03/14	17.80	18.35	17.80	18.05	6078653	110953800.00
2017/03/15	18.06	18.06	17.32	17.43	7983508	141043280.00
2017/03/16	17.66	17.66	17.29	17.41	5578685	98133696.00
2017/03/17	17.89	18.38	17.71	17.73	17153412	311981280.00
2017/03/20	17.82	18.22	17.50	17.68	7739769	138909936.00
2017/03/21	17.74	17.75	17.30	17.56	5621759	98662416.00
2017/03/22	17.46	17.57	17.14	17.44	5705269	99494360.00
2017/03/23	17.38	17.48	17.16	17.27	4450628	77410040.00
2017/03/24	17.31	17.51	17.02	17.37	7505949	130552664.00
2017/03/27	17.35	17.38	16.94	16.94	7227067	124316464.00
2017/03/28	16.89	17.20	16.89	17.03	4837323	82925248.00
2017/04/24	15.50	16.64	15.50	15.94	20656042	333561568.00
2017/04/25	15.89	16.13	15.14	15.37	11254802	176925424.00
2017/04/26	15.37	15.44	14.89	15.44	8603884	130774752.00
2017/04/27	15.59	15.98	15.39	15.87	14178401	225088624.00
2017/04/28	16.09	17.14	16.09	16.60	9654807	161020304.00
2017/05/02	16.58	16.88	16.47	16.80	6206560	104653392.00
2017/05/03	16.87	16.97	16.64	16.68	4682575	79182656.00
2017/05/04	16.65	16.89	16.41	16.44	3712733	62190964.00
2017/05/05	16.48	17.79	16.48	17.44	15746810	274897152.00
2017/05/08	17.47	18.39	17.14	17.87	16961879	307555712.00
2017/05/09	17.79	18.06	17.34	17.67	8346618	148749040.00
2017/05/10	17.89	18.34	17.77	17.94	9657508	176031616.00
2017/05/11	17.90	18.04	17.43	17.87	8546281	153057200.00
2017/05/12	17.79	18.02	17.50	17.78	5698018	101535536.00
2017/05/15	17.85	18.32	17.80	17.98	6725983	122381344.00
2017/05/16	17.98	18.36	17.71	18.36	7899572	144045328.00
2017/05/17	18.29	19.24	18.22	18.85	11461263	218046240.00
2017/05/18	18.78	19.22	18.60	18.85	8156840	155587376.00
2017/05/19	18.85	19.02	18.03	18.11	6419479	119309376.00
2017/05/22	18.18	18.88	17.77	18.21	10406907	193936592.00
2017/05/23	17.94	18.54	17.81	17.97	8297871	151716112.00
2017/05/24	18.05	18.56	17.41	18.56	6295775	114870672.00
2017/05/25	18.63	19.02	17.96	18.38	8400429	156678144.00
2017/05/26	18.20	18.74	18.18	18.49	4819032	89679672.00
2017/05/31	18.64	19.14	18.50	19.13	10121199	191637248.00
2017/06/01	19.09	19.09	18.52	18.54	7492148	141045632.00
2017/06/02	18.40	18.63	17.69	18.25	7196927	131294152.00
2017/06/05	18.30	18.53	18.06	18.26	4105716	75290792.00
2017/06/06	18.10	18.63	17.93	18.57	4277944	79032824.00
2017/06/07	18.56	19.05	18.46	18.78	6667813	126170816.00
2017/06/08	18.78	18.92	17.76	18.19	10860404	199219840.00
2017/06/09	18.26	19.45	18.11	19.35	14104106	267029168.00
2017/06/12	19.35	19.44	18.79	19.23	9847827	189337104.00
2017/06/13	19.14	19.79	19.06	19.15	8132542	158555152.00
2017/06/14	19.27	19.65	19.15	19.23	5784798	112408720.00
2017/06/23	18.95	20.11	17.51	19.80	12959863	254540080.00
2017/06/26	19.86	20.50	19.57	20.30	8212584	166550704.00
2017/06/27	20.30	20.80	19.86	19.95	10097096	206099392.00
2017/06/28	19.98	20.34	19.52	20.10	7753608	155297616.00
2017/06/29	19.95	22.02	19.95	21.46	16058815	342966464.00
2017/06/30	21.38	21.61	21.10	21.20	8004890	170840272.00
2017/07/03	21.16	21.94	20.70	21.12	10692129	228470352.00
2017/07/04	21.14	21.75	21.00	21.10	5631073	120445752.00
2017/07/05	21.02	21.44	20.61	21.15	6897703	145278224.00
2017/07/06	21.10	21.29	20.74	20.90	5120007	107350832.00
2017/07/07	20.83	20.93	20.31	20.47	6513730	134488064.00
2017/07/10	20.47	20.84	20.08	20.60	5212527	107025168.00
2017/07/11	20.55	21.15	20.45	20.59	4894394	102164816.00
2017/07/12	20.63	20.70	19.63	20.14	9897437	199416896.00
2017/07/13	20.15	20.35	19.52	19.53	6195446	122536576.00
2017/07/14	19.53	19.93	19.25	19.79	3827613	75472272.00
2017/07/17	19.75	19.75	18.53	18.78	6768981	129341648.00
2017/07/18	18.70	19.20	18.56	18.80	4556000	85976656.00
2017/07/19	18.80	19.12	18.37	19.03	6215999	116836520.00
2017/07/20	18.95	19.47	18.85	19.19	6365244	122104488.00
2017/07/21	19.08	19.94	18.98	19.43	6008685	117968264.00
2017/07/24	19.45	19.66	19.13	19.39	3867800	74958360.00
2017/07/25	19.28	19.45	18.72	18.81	4416392	84110576.00
2017/07/26	18.75	18.93	18.41	18.66	4252491	79349328.00
2017/07/27	18.63	19.74	18.14	19.45	8249781	157562848.00
2017/07/28	19.27	20.12	19.25	19.64	6642738	131908952.00
2017/07/31	19.61	20.17	18.95	19.95	9486352	187134272.00
2017/08/01	19.83	20.08	19.61	19.76	4299421	85529552.00
2017/08/02	19.76	19.85	18.77	18.97	9876839	189007344.00
2017/08/03	18.83	19.30	18.78	19.12	3223494	61739324.00
2017/08/04	19.19	19.38	18.94	18.96	4650152	89505224.00
2017/08/07	18.84	19.04	18.45	18.51	5386172	100712408.00
2017/08/08	18.55	18.74	18.46	18.63	3394557	63398564.00
2017/08/09	18.64	18.72	18.07	18.13	6672600	121949200.00
2017/08/10	18.15	18.91	18.15	18.70	5398511	100447424.00
2017/08/11	18.70	18.74	18.10	18.14	5524060	101226520.00
2017/08/14	18.14	19.05	18.14	18.82	5408151	101981704.00
2017/08/15	19.08	19.28	18.55	18.79	4527708	85926944.00
2017/08/16	18.88	19.92	18.68	19.71	9811934	191506592.00
2017/08/17	19.61	19.71	19.07	19.61	7739853	150646480.00
2017/08/18	19.30	19.65	19.25	19.53	3169815	61827796.00
2017/08/21	19.70	20.58	19.70	19.90	9834389	197455376.00
2017/08/22	19.91	20.28	19.55	19.78	4665530	93509344.00
2017/08/23	19.75	20.02	19.42	19.78	5200621	102883968.00
2017/08/24	19.77	19.85	19.40	19.62	3240827	63769240.00
2017/08/25	19.62	19.83	19.40	19.75	4501825	88601984.00
2017/08/28	19.84	20.12	19.24	19.76	6978925	137980240.00
2017/08/29	19.79	20.28	19.57	20.15	8777697	176234176.00
2017/08/30	20.05	20.30	19.74	20.13	7229669	145193072.00
2017/08/31	19.97	20.20	19.78	19.97	4565474	91501688.00
2017/09/01	19.96	19.99	19.43	19.65	5988589	117780352.00
2017/09/04	19.78	19.78	18.91	19.00	10937347	209614720.00
2017/09/05	19.00	19.22	18.82	19.14	6614505	126423544.00
2017/09/06	19.13	19.23	18.75	19.01	4639014	88009488.00
2017/09/07	19.07	19.28	19.06	19.08	3839839	73858784.00
2017/09/08	19.15	19.35	19.00	19.14	4060295	78283488.00
2017/09/11	19.05	19.25	18.95	19.09	4000478	76706896.00
2017/09/12	19.08	19.14	18.89	18.96	5141425	97892824.00
2017/09/13	19.03	19.55	18.98	19.33	5890304	114434880.00
2017/09/14	19.27	20.75	19.25	20.37	17405687	349830112.00
2017/09/15	20.25	21.03	20.20	20.55	11621660	240481088.00
2017/09/18	20.40	20.60	20.20	20.57	9620046	197053920.00
2017/09/19	20.45	21.37	20.45	20.78	8658814	181875440.00
2017/09/20	20.65	22.05	20.58	21.25	11605762	250815456.00
2017/09/21	21.60	21.70	20.63	20.75	11589550	242577280.00
2017/09/22	20.57	21.25	20.25	20.88	12532352	259960304.00
2017/09/25	20.75	21.09	20.63	20.93	8633958	180637536.00
2017/09/26	20.92	20.95	20.36	20.81	6785736	140922032.00
2017/09/27	20.81	21.30	20.60	21.05	8882375	185944336.00
2017/09/28	21.05	21.82	21.05	21.57	7996156	172744080.00
2017/09/29	21.58	23.73	21.55	23.22	15726437	363379040.00
2017/10/09	23.34	24.45	22.87	23.69	16314081	388254528.00
2017/10/10	23.69	24.14	23.25	23.55	8347761	197793440.00
2017/10/11	23.59	24.73	23.45	24.00	9835694	237227168.00
2017/10/12	24.05	24.14	23.46	23.88	7120120	169766448.00
2017/10/13	23.68	23.84	23.15	23.45	7764807	182813136.00
2017/10/16	23.56	24.32	23.25	23.65	7769115	184923776.00
2017/10/17	23.55	23.94	22.98	23.80	6635627	156421968.00
2017/10/18	23.75	24.14	23.43	23.59	4785604	113721712.00
2017/10/19	23.61	23.64	22.39	22.64	11813465	270205440.00
2017/10/20	22.75	23.03	22.10	22.85	12002879	269878944.00
2017/10/23	22.40	22.40	20.60	21.87	32007292	683228288.00
2017/10/24	21.56	21.56	20.96	21.03	13957926	296091392.00
2017/10/25	21.09	21.60	21.09	21.26	9576435	204646192.00
2017/10/26	21.30	21.44	20.55	20.97	17017524	356195936.00
2017/10/27	20.99	21.18	20.07	20.37	17817214	366624416.00
2017/10/30	20.49	20.72	19.75	19.82	16966973	343976672.00
2017/10/31	19.99	20.27	19.90	20.17	14301951	288226528.00
2017/11/01	20.34	20.39	19.78	19.91	13088553	263372592.00
2017/11/02	20.11	20.13	19.52	19.63	10048909	199346656.00
2017/11/03	19.71	19.80	18.90	19.17	11011455	212401920.00
2017/11/06	19.17	19.60	19.00	19.27	11921800	229474240.00
2017/11/07	19.23	19.83	19.14	19.41	18481206	362196544.00
2017/11/08	19.37	19.37	18.95	19.17	9060659	174124528.00
2017/11/09	19.21	19.64	18.99	19.40	11934892	231809936.00
2017/11/10	19.40	20.63	19.34	20.53	26208216	530937440.00
2017/11/13	20.45	20.59	19.92	20.15	19529242	394756288.00
2017/11/14	20.16	20.78	20.15	20.62	17120544	352574144.00
2017/11/15	20.65	20.75	20.23	20.65	11817778	243927424.00
2017/11/16	20.67	21.42	20.67	20.94	13704527	289751840.00
2017/11/17	20.95	21.13	20.20	20.28	10294327	212778608.00
2017/11/20	20.25	21.05	20.14	20.27	11291806	233077296.00
2017/11/21	20.74	20.92	20.28	20.40	8492833	174664896.00
2017/11/22	20.43	20.45	19.08	19.45	14573615	287307328.00
2017/11/23	19.36	19.80	18.94	19.02	11403794	219424672.00
2017/11/24	18.95	19.05	18.22	18.24	11899507	221007424.00
2017/11/27	18.23	18.85	18.13	18.74	8176240	151616640.00
2017/11/28	18.83	18.83	18.35	18.75	7271525	135418416.00
2017/11/29	18.75	19.45	18.66	19.40	7752373	148685024.00
2017/11/30	19.40	19.64	18.86	18.96	6266563	120848264.00
2017/12/01	18.95	19.60	18.76	19.46	6019308	116194952.00
2017/12/04	19.45	20.28	19.45	20.11	7737647	155534976.00
2017/12/05	20.11	20.11	19.53	19.78	4147636	82027936.00
2017/12/06	19.75	20.24	19.60	20.05	4919789	98575752.00
2017/12/07	20.14	20.33	19.59	19.79	4604802	92321168.00
2017/12/08	19.78	19.94	19.62	19.65	4442597	87971856.00
2017/12/11	19.85	20.70	19.85	20.43	12374665	252483600.00
2017/12/12	20.40	20.40	19.73	19.76	7086099	141930320.00
2017/12/13	19.80	20.46	19.25	20.45	11760177	233609872.00
2017/12/14	20.35	20.52	20.05	20.36	7024154	142519024.00
2017/12/15	20.33	20.53	19.86	20.06	9952259	201387008.00
2017/12/18	20.13	20.13	19.26	19.33	8083286	159354992.00
2017/12/19	19.34	19.63	18.91	18.95	12590450	241375072.00
2017/12/20	18.95	19.10	18.79	18.99	8440449	160261408.00
2017/12/21	19.08	19.46	18.97	19.06	7471970	143547040.00
2017/12/22	19.28	19.28	18.75	18.86	4998294	94755424.00
2017/12/25	18.86	19.03	18.28	18.45	6090165	113074288.00
2017/12/26	18.51	19.08	18.51	18.85	6812222	128623344.00
2017/12/27	18.90	19.19	18.63	19.02	6386529	121330112.00
2017/12/28	18.98	19.41	18.84	19.27	6732277	130001384.00
2017/12/29	19.40	19.40	19.00	19.09	4918498	94123192.00
2018/01/02	19.16	19.60	19.00	19.37	7011083	135419472.00
2018/01/03	19.40	20.00	19.20	19.75	10547647	208271680.00
2018/01/04	19.72	19.86	19.22	19.34	8350831	162766672.00
2018/01/05	19.40	19.40	18.87	18.95	7461917	142154800.00
2018/01/08	18.87	18.90	18.31	18.55	8918767	165404576.00
2018/01/09	18.57	18.70	18.42	18.66	5279285	98161184.00
2018/01/10	18.60	18.65	17.63	17.94	13707938	247620944.00
2018/01/11	17.95	18.62	17.95	18.18	9130048	167558000.00
2018/01/12	18.18	18.18	17.70	17.95	5881811	105527352.00
2018/01/15	17.95	17.95	17.15	17.31	9482060	165151984.00
2018/01/16	17.20	17.45	16.83	17.12	10350167	178068928.00
2018/01/17	17.12	17.34	16.71	17.26	8673794	148126720.00
2018/01/18	17.10	17.55	17.10	17.55	5874466	102716344.00
2018/01/19	17.43	17.55	17.33	17.38	3271307	57246900.00
2018/01/22	17.45	19.04	17.05	18.70	13870077	253394272.00
2018/01/23	18.60	19.00	18.45	18.87	8771942	164903984.00
2018/01/24	18.78	19.11	18.21	19.02	8462766	158842448.00
2018/01/25	18.96	19.21	18.68	18.70	6952097	131913232.00
2018/01/26	18.70	18.70	18.01	18.06	8484259	155112336.00
2018/01/29	18.08	18.32	17.50	17.64	6664047	119304136.00
2018/01/30	17.74	18.25	17.66	18.07	4582481	82992288.00
2018/01/31	18.12	18.21	17.27	17.57	9891420	173629600.00
2018/02/01	17.53	17.83	17.27	17.31	8574097	149914144.00
2018/02/02	17.30	17.61	16.79	17.11	5705671	98572008.00
2018/02/05	17.10	17.25	16.35	16.69	7791168	130107512.00
2018/02/06	16.55	16.55	15.72	16.34	9685024	156542864.00
2018/02/07	16.55	16.74	15.77	16.16	7523303	121627160.00
2018/02/08	16.15	16.91	16.06	16.68	6879810	114814504.00
2018/02/09	16.36	16.37	15.35	16.16	8372583	134330368.00
2018/02/12	16.16	16.90	16.16	16.70	7448324	124453928.00
2018/02/13	16.51	17.30	16.51	16.97	7080418	120562832.00
2018/02/14	17.09	17.09	16.61	16.85	5393308	90848376.00
2018/02/22	17.03	17.08	16.72	16.99	7051027	119144600.00
2018/02/23	16.95	17.34	16.85	17.02	6591971	113440104.00
2018/02/26	17.19	17.34	17.02	17.18	6188270	106724384.00
2018/02/27	17.75	18.75	17.75	18.13	20182255	370339808.00
2018/02/28	18.24	19.66	17.79	19.43	25488797	484503808.00
2018/03/01	19.11	19.63	19.11	19.45	12539825	244192608.00
2018/03/02	19.37	19.60	18.66	18.95	10045668	192042656.00
2018/03/05	18.90	19.30	18.45	19.16	14210905	267468944.00
2018/03/06	19.25	19.59	18.63	19.02	13746205	264057008.00
2018/03/07	19.03	19.25	18.64	18.69	7404564	139950192.00
2018/03/08	18.65	18.92	18.19	18.70	12337858	228936784.00
2018/03/09	18.63	19.42	18.58	19.10	11848048	226494768.00
2018/03/12	19.50	20.30	19.50	19.67	16486424	328993792.00
2018/03/13	19.81	20.02	19.46	19.50	8306415	164014944.00
2018/03/14	19.41	19.45	19.05	19.06	6398668	122982008.00
2018/03/15	19.00	19.39	18.75	19.30	6514761	124596952.00
2018/03/16	19.52	19.52	18.68	18.98	7101335	135130192.00
2018/03/19	18.95	19.09	18.51	19.09	5102968	96682360.00
2018/03/20	18.55	19.17	18.55	19.13	5859855	111101272.00
2018/03/21	19.03	19.43	18.79	18.95	4798681	91474000.00
2018/03/22	18.97	18.97	18.60	18.84	6291652	118270912.00
2018/03/23	17.55	17.82	16.95	16.95	18821226	323724832.00
2018/03/26	17.14	18.21	17.14	17.90	16800498	296392128.00
2018/03/27	18.25	18.91	18.25	18.84	12508767	235148928.00
2018/03/28	18.70	19.23	18.53	18.94	10104465	192264624.00
2018/03/29	19.09	19.32	18.75	18.96	6707803	127900440.00
2018/03/30	19.03	19.75	18.85	19.60	10639704	206934816.00
2018/04/02	19.85	19.96	19.33	19.35	8520682	167723408.00
2018/04/03	19.16	19.44	18.81	19.35	4969028	95183152.00
2018/04/04	19.43	19.81	18.95	19.15	4991800	96373664.00
2018/04/09	18.86	19.30	18.33	18.73	11041705	205996336.00
2018/04/10	18.95	18.95	18.31	18.73	6849270	128208928.00
2018/04/11	18.72	19.58	18.72	19.54	9229797	178292272.00
2018/04/12	19.35	19.52	19.14	19.21	5319200	102878056.00
2018/04/13	19.18	19.38	18.65	18.85	5482700	103943736.00
2018/04/16	18.69	19.02	18.53	18.74	5965695	111902688.00
2018/04/17	18.74	18.85	17.49	18.13	10550985	192102576.00
2018/04/18	18.15	18.27	17.30	17.61	9574689	169750880.00
2018/04/19	17.60	18.17	17.52	18.10	7345769	130801336.00
2018/04/20	18.04	18.04	17.05	17.69	10795644	189322608.00
2018/04/23	19.21	19.23	18.04	18.19	15213795	282824896.00
2018/04/24	18.08	18.85	18.05	18.38	9281867	172583824.00
2018/04/25	18.35	18.55	18.06	18.35	4645541	85519936.00
2018/04/26	18.35	18.90	18.12	18.36	5297924	98419512.00
2018/04/27	18.19	18.80	18.19	18.40	4702513	87352224.00
2018/05/02	18.60	19.48	18.53	19.15	12845880	246272320.00
2018/05/03	19.22	20.50	19.20	20.33	17046945	339700224.00
2018/05/04	20.25	20.40	19.95	20.14	9486882	191833424.00
2018/05/07	20.20	20.40	19.87	20.36	14222808	287646528.00
2018/05/08	20.64	20.65	20.03	20.20	11558282	234146032.00
2018/05/09	19.97	20.07	19.42	19.65	14205600	279703840.00
2018/05/10	19.86	19.88	19.42	19.69	6568373	129369368.00
2018/05/11	19.74	19.80	19.06	19.39	5545040	107835976.00
2018/05/14	19.39	19.76	19.29	19.33	8688760	170600368.00
2018/05/15	19.45	20.03	19.44	19.87	9229504	183216832.00
2018/05/16	19.68	19.83	19.28	19.40	7882950	153679072.00
2018/05/17	19.31	19.36	18.88	19.02	6808011	130314768.00
2018/05/18	19.02	19.24	18.93	19.04	4009111	76527984.00
2018/05/21	19.50	20.05	19.36	19.80	10950182	216932144.00
2018/05/22	19.75	19.91	19.52	19.65	5472179	108114544.00
2018/05/23	19.71	19.83	19.16	19.35	6925401	135266448.00
2018/05/24	19.25	19.30	18.17	18.26	16207659	302463456.00
2018/05/25	18.27	18.57	18.13	18.33	6809788	125115896.00
2018/05/28	18.44	18.90	18.30	18.75	7756169	145302896.00
2018/05/29	18.65	18.89	18.34	18.67	3567416	66491876.00
2018/05/30	18.31	18.42	17.49	17.83	11123148	199411424.00
2018/05/31	18.05	18.20	17.60	18.06	10338043	186069696.00
2018/06/01	17.86	17.98	17.62	17.62	6132487	109333216.00
2018/06/04	17.63	17.90	17.33	17.70	8445021	149133184.00
2018/06/05	17.65	18.03	17.61	17.98	5585643	100264528.00
2018/06/06	17.98	18.20	17.78	18.17	4744668	85895504.00
2018/06/07	18.16	18.22	17.36	17.36	7662885	136039584.00
2018/06/08	17.35	17.60	16.85	17.35	9747458	168150592.00
2018/06/11	17.29	17.61	16.83	17.36	6180208	107411184.00
2018/06/12	17.34	17.52	17.05	17.35	4397164	76550696.00
2018/06/13	17.37	17.50	17.08	17.09	3666490	63317420.00
2018/06/14	17.09	17.23	16.69	16.88	5949872	100600288.00
2018/06/15	16.75	16.82	16.26	16.44	7291287	121159528.00
2018/06/19	16.35	16.38	14.79	14.95	14463523	223618384.00
2018/06/20	14.54	15.41	14.54	15.25	11886640	180363904.00
2018/06/21	15.26	15.69	14.93	15.00	6681878	102163320.00
2018/06/22	14.95	15.29	14.63	15.20	6074892	91284256.00
2018/06/25	15.39	15.58	14.76	14.96	4950353	74559208.00
2018/06/26	14.90	15.10	14.63	14.78	7396703	110485848.00
2018/06/27	14.93	15.08	14.70	15.01	5700469	85094272.00
2018/06/28	14.91	14.91	13.50	13.60	14589855	207754784.00
2018/06/29	13.92	14.97	13.65	14.97	15327217	224178720.00
2018/07/02	15.18	15.81	14.70	15.18	14421075	219700576.00
2018/07/03	15.00	15.23	14.16	15.07	12045381	176904288.00
2018/07/04	14.77	15.00	14.47	14.84	8296646	122518952.00
2018/07/05	14.68	15.01	14.56	15.01	9886457	146842480.00
2018/07/06	14.95	15.16	14.34	14.88	10275734	151537952.00
2018/07/09	14.66	14.92	14.65	14.87	7641750	113540288.00
2018/07/10	14.93	15.08	14.80	14.97	7381717	110650480.00
2018/07/11	14.45	14.75	14.21	14.75	6623206	96210024.00
2018/07/12	14.57	15.08	14.51	14.94	8186601	121868720.00
2018/07/13	14.94	15.63	14.76	15.25	9849236	148962640.00
2018/07/16	15.67	15.68	15.27	15.28	8738238	135204576.00
2018/07/17	15.30	15.30	14.92	15.07	4794228	72238392.00
2018/07/18	15.07	15.16	14.68	14.83	6362208	94709448.00
2018/07/19	14.97	14.98	14.57	14.89	3256245	48063068.00
2018/07/20	14.85	14.95	14.65	14.85	3748781	55634008.00
2018/07/23	14.85	14.95	14.67	14.93	2977182	44269496.00
2018/07/24	14.90	15.29	14.88	15.04	9224656	139714640.00
2018/07/25	15.05	15.26	15.00	15.14	5135437	77550280.00
2018/07/26	15.22	15.39	15.14	15.16	5568351	84737928.00
2018/07/27	15.03	15.04	14.27	14.87	8033794	118042840.00
2018/07/30	14.65	14.80	14.36	14.37	6104385	88558912.00
2018/07/31	14.36	14.56	13.78	14.35	9958093	139831056.00
2018/08/01	14.30	14.44	13.91	14.20	3914800	55271324.00
2018/08/02	14.11	14.11	13.29	13.79	7304050	100090656.00
2018/08/03	13.69	14.07	13.65	13.83	4409291	61321216.00
2018/08/06	13.80	13.87	12.88	13.25	8896003	117465432.00
2018/08/07	13.22	13.63	12.91	13.61	7339944	98082168.00
2018/08/08	13.80	14.05	13.53	13.59	5310100	73327880.00
2018/08/09	13.25	14.40	13.10	14.40	9178496	128604856.00
2018/08/10	14.30	14.49	14.11	14.47	4291900	61638820.00
2018/08/13	14.30	14.86	14.25	14.67	5849046	85373824.00
2018/08/14	14.64	14.89	14.35	14.40	3974400	58071560.00
2018/08/15	14.40	14.67	14.31	14.36	3057061	44152536.00
2018/08/16	14.30	14.56	14.04	14.45	3616211	52233032.00
2018/08/17	14.50	14.67	14.29	14.32	2878580	41582888.00
2018/08/20	14.44	14.44	13.40	14.12	4309886	60198948.00
2018/08/21	14.10	14.59	13.95	14.39	4299353	61957000.00
2018/08/22	14.47	14.69	14.24	14.66	4574340	66508376.00
2018/08/23	14.65	14.73	14.46	14.53	3590412	52244188.00
2018/08/24	14.37	14.58	14.13	14.20	2652780	37929252.00
2018/08/27	14.19	14.65	14.18	14.64	4244395	61686468.00
2018/08/28	14.76	15.66	14.61	15.31	11023537	166804576.00
2018/08/29	15.45	15.46	14.58	14.95	7758009	115541264.00
2018/08/30	14.91	14.91	14.41	14.60	4482705	65407584.00
2018/08/31	14.55	14.55	13.95	14.10	5971839	84295544.00
2018/09/03	14.10	14.15	13.59	13.85	3576680	49189368.00
2018/09/04	13.81	14.03	13.70	13.92	2395227	33256340.00
2018/09/05	13.93	14.02	13.49	13.53	3728500	51135448.00
2018/09/06	13.35	13.65	13.35	13.48	2848500	38456220.00
2018/09/07	13.57	13.80	13.40	13.62	2096800	28500348.00
2018/09/10	13.60	13.60	12.70	12.85	7880182	102228136.00
2018/09/11	12.88	13.11	12.66	12.85	4081041	52639752.00
2018/09/12	12.88	13.01	12.78	12.84	2031337	26188342.00
2018/09/13	12.98	13.15	12.78	12.95	1965317	25374820.00
2018/09/14	12.95	13.15	11.66	12.38	15643678	189025680.00
2018/09/17	12.14	12.45	11.77	12.35	7863792	95431608.00
2018/09/18	12.10	12.40	12.02	12.36	3482272	42695864.00
2018/09/19	12.45	12.86	12.32	12.77	4912406	62228448.00
2018/09/20	12.84	13.21	12.61	12.65	4581341	59179784.00
2018/09/21	12.72	13.05	12.45	12.86	7990263	101647560.00
2018/09/25	12.68	13.00	12.62	12.92	4876681	62638752.00
2018/09/26	12.84	13.30	12.83	13.01	8014734	104817800.00
2018/09/27	12.88	12.96	12.31	12.77	12742958	160043984.00
2018/09/28	12.66	12.66	12.38	12.51	6814666	85121560.00
2018/10/08	12.30	12.56	12.08	12.56	8469100	103487200.00
2018/10/09	12.40	12.40	11.91	11.95	7511682	91138544.00
2018/10/10	11.93	12.15	11.44	11.70	11574070	134602832.00
2018/10/11	11.03	11.37	10.91	11.00	10241720	113878744.00
2018/10/12	10.91	11.17	10.61	11.04	6390621	69573784.00
2018/10/15	11.04	11.23	10.10	10.30	11221055	116514128.00
2018/10/16	10.03	10.40	9.96	10.25	9203252	93551656.00
2018/10/17	10.10	10.29	9.74	9.83	12812960	127748672.00
2018/10/18	9.71	9.72	8.91	9.54	14151821	131580896.00
2018/10/19	9.94	10.00	9.24	9.85	15431567	148012560.00
2018/10/22	10.00	10.57	9.76	10.35	19942192	203566320.00
2018/10/23	10.40	10.40	9.98	10.19	10789775	109363864.00
2018/10/24	10.10	10.16	9.60	9.90	10506600	103517968.00
2018/10/25	9.60	10.84	9.41	10.60	15676968	158811424.00
2018/10/26	10.60	10.75	10.41	10.45	9230828	97294968.00
2018/10/29	10.80	10.80	10.41	10.46	7877641	83379880.00
2018/10/30	10.46	11.10	10.37	10.67	16000010	172218496.00
2018/10/31	10.61	10.86	10.38	10.64	9506575	101553576.00
2018/11/01	10.70	11.13	10.61	10.89	11618624	126084848.00
2018/11/02	11.60	11.89	11.29	11.42	23799100	274716640.00
2018/11/05	11.42	12.49	11.40	12.09	24302282	292716736.00
2018/11/06	12.02	12.18	11.58	12.00	11687329	137998624.00
2018/11/07	11.94	12.05	11.68	11.97	10572917	125564632.00
2018/11/08	12.01	12.09	11.44	11.50	12114911	141125600.00
2018/11/09	11.40	11.77	11.29	11.64	8191776	95031992.00
2018/11/12	11.56	12.05	11.38	11.98	9523271	111716688.00
2018/11/13	11.80	12.33	11.79	12.32	9341612	112538272.00
2018/11/14	12.32	12.38	12.01	12.09	7277544	88377784.00
2018/11/15	12.18	12.22	11.90	12.09	8321602	100374008.00
2018/11/16	12.12	12.48	12.03	12.30	11108719	135945392.00
2018/11/19	12.26	12.86	12.26	12.70	13123409	164503680.00
2018/11/20	12.52	13.07	12.50	12.69	14701032	187330816.00
2018/11/21	12.59	13.35	12.44	13.35	20799599	271001920.00
2018/11/22	13.45	13.68	12.63	12.82	23464286	307304224.00
2018/11/23	12.80	12.80	11.65	11.70	13490088	164092912.00
2018/11/26	11.70	12.03	11.46	11.90	11171327	132650712.00
2018/11/27	11.97	12.04	11.69	11.73	6238425	73730344.00
2018/11/28	11.87	11.91	11.40	11.86	5021088	58644688.00
2018/11/29	11.95	12.07	11.46	11.47	5749574	67755472.00
2018/11/30	11.53	12.08	11.53	11.93	9696403	114840272.00
2018/12/03	12.56	13.12	12.56	12.68	14187515	181081616.00
2018/12/04	12.69	12.83	12.45	12.68	8323976	105166776.00
2018/12/05	12.43	12.69	12.31	12.45	5559637	69436544.00
2018/12/06	12.38	12.49	12.00	12.09	8233505	100050464.00
2018/12/07	12.03	12.56	12.03	12.55	6696913	82682384.00
2018/12/10	12.38	12.54	11.99	12.10	6223501	75932928.00
2018/12/11	12.08	12.63	12.06	12.38	6460035	80101312.00
2018/12/12	12.49	12.54	11.90	12.20	5440400	66456312.00
2018/12/13	12.30	12.40	12.05	12.15	4846200	59280832.00
2018/12/14	12.16	12.25	11.79	11.86	5506300	66072468.00
2018/12/17	11.80	12.04	11.51	11.56	5963419	69908512.00
2018/12/18	11.56	11.85	11.38	11.56	7108566	82434392.00
2018/12/19	11.52	11.61	11.20	11.34	4234394	48226020.00
2018/12/20	11.28	11.31	10.96	11.25	6047334	67404520.00
2018/12/21	11.18	11.27	10.96	11.05	4872319	54033160.00
2018/12/24	11.08	11.15	10.84	10.93	4644208	50870728.00
2018/12/25	10.90	11.02	10.63	10.94	5979544	64623284.00
2018/12/26	11.04	11.04	10.57	10.79	7413197	79629872.00
2018/12/27	10.91	11.13	10.80	10.84	7218936	79030536.00
2018/12/28	10.79	10.80	10.40	10.80	8182221	86272160.00
2019/01/02	10.87	10.87	10.48	10.55	4563100	48263984.00
2019/01/03	10.45	10.70	10.24	10.48	5361504	56273484.00
数据来源:通达信
