002747 埃斯顿 日线 前复权
      日期	    开盘	    最高	    最低	    收盘	    成交量	    成交额
2015/03/20	1.14	1.41	1.14	1.41	28100	273946.00
2015/03/23	1.57	1.57	1.57	1.57	3900	42003.00
2015/03/24	1.75	1.75	1.75	1.75	7100	84135.00
2015/03/25	1.95	1.95	1.95	1.95	4800	62592.00
2015/03/26	2.17	2.17	2.17	2.17	15250	218685.00
2015/03/27	2.41	2.41	2.41	2.41	60857	959714.88
2015/03/30	2.67	2.67	2.67	2.67	73250	1270887.50
2015/03/31	2.96	2.96	2.96	2.96	64350	1228441.50
2015/04/01	3.28	3.28	3.28	3.28	64200	1348200.00
2015/04/02	3.63	3.63	3.63	3.63	69000	1593900.00
2015/04/03	4.01	4.01	4.01	4.01	145550	3698425.50
2015/04/07	4.44	4.44	4.44	4.44	154916	4329902.00
2015/04/08	4.90	4.90	4.90	4.90	142600	4384950.00
2015/04/09	5.42	5.42	5.42	5.42	201299	6809945.00
2015/04/10	5.98	5.98	5.98	5.98	303190	11281700.00
2015/04/13	6.60	6.60	6.60	6.60	209350	8568696.00
2015/04/14	7.28	7.28	7.28	7.28	250370	11271657.00
2015/04/15	8.03	8.03	8.03	8.03	475306	23537154.00
2015/04/16	8.86	8.86	8.86	8.86	6984955	380470496.00
2015/04/17	9.66	9.76	9.45	9.76	5909141	351222208.00
2015/04/20	10.76	10.76	10.61	10.76	2972416	195701456.00
2015/04/21	11.86	11.86	10.19	10.64	15430822	1025160256.00
2015/04/22	11.28	11.73	10.88	11.73	11597401	813180672.00
2015/04/23	11.44	11.71	11.11	11.54	9185479	640087040.00
2015/04/24	11.11	11.50	10.37	11.02	7665696	518305248.00
2015/04/27	10.99	11.54	10.99	11.22	6445392	445791296.00
2015/04/28	11.00	11.12	10.39	10.57	5150176	336760352.00
2015/04/29	10.59	11.65	10.48	11.65	6368930	445254400.00
2015/04/30	12.11	12.44	11.51	11.51	7680931	561672576.00
2015/05/04	11.44	12.69	11.44	12.03	6642019	494855424.00
2015/05/05	11.81	13.09	11.61	12.20	6399560	483417472.00
2015/05/06	11.96	13.28	11.86	12.79	7449814	573892416.00
2015/05/07	12.74	14.08	12.58	13.24	6458611	530255648.00
2015/05/08	12.79	14.59	12.78	14.59	6431698	538230976.00
2015/05/11	14.47	16.07	14.47	16.07	6002981	564715904.00
2015/05/12	16.31	17.00	15.44	15.94	7662436	756139008.00
2015/05/13	15.28	15.84	15.11	15.34	6049315	567210624.00
2015/05/14	15.28	16.43	15.11	15.61	5179761	501931488.00
2015/05/15	15.28	15.28	14.23	14.95	4498146	407247264.00
2015/05/18	15.03	16.46	15.03	16.46	6073140	591180160.00
2015/05/19	17.44	17.44	15.86	16.55	5630935	572963136.00
2015/05/20	16.58	17.74	16.09	16.41	5404435	557696704.00
2015/05/21	15.99	17.03	15.74	16.09	4729355	467202688.00
2015/05/22	16.63	16.85	15.74	16.09	4527253	447360640.00
2015/05/25	15.44	16.13	15.09	16.03	4126999	393023680.00
2015/05/26	16.42	17.66	16.20	17.66	5467501	570472320.00
2015/05/27	18.11	19.45	17.04	19.45	5995751	670659712.00
2015/05/28	20.03	21.41	17.61	18.44	8214316	1004553280.00
2015/05/29	17.61	19.59	16.58	18.71	8181815	885245632.00
2015/06/01	18.44	19.39	17.28	18.60	5341596	597867904.00
2015/06/02	18.09	20.33	17.91	19.88	5179172	603283840.00
2015/06/03	19.94	20.41	18.38	18.61	4127725	482413184.00
2015/06/04	18.13	18.13	16.73	16.88	4086563	428404768.00
2015/06/05	17.12	17.29	15.63	16.35	3808758	386298368.00
2015/06/08	16.35	16.38	14.71	14.93	4015823	377176352.00
2015/06/09	15.04	15.60	14.38	15.54	3303443	303738048.00
2015/06/10	15.32	16.86	15.13	16.41	3745346	366357248.00
2015/06/11	16.33	16.46	15.91	16.24	2582422	254492432.00
2015/06/12	16.28	16.62	15.74	15.79	2480510	240830048.00
2015/06/15	15.63	15.74	14.19	14.19	3712423	331908992.00
2015/06/16	13.61	14.60	13.24	14.31	2403535	203921216.00
2015/06/17	14.31	14.59	13.59	14.34	1778250	154264960.00
2015/06/18	14.44	14.94	13.46	13.55	1702757	148411056.00
2015/06/19	12.81	13.46	12.17	12.17	2470754	191938000.00
2015/06/23	12.17	13.26	11.55	13.26	2355336	177999296.00
2015/06/24	13.13	13.68	12.70	13.33	2424870	195570160.00
2015/06/25	13.46	13.63	12.46	12.71	1689566	136220624.00
2015/06/26	12.29	12.29	11.42	11.42	1681253	120236840.00
2015/06/29	11.59	11.96	10.26	10.26	2190295	142411808.00
2015/06/30	9.79	10.78	9.21	10.59	2859143	172612320.00
2015/07/01	10.26	11.09	9.51	9.56	3505634	223414880.00
2015/07/02	9.16	9.56	8.59	8.59	3018261	162071040.00
2015/07/03	7.96	8.62	7.71	7.71	2606271	126476040.00
2015/07/06	8.50	8.50	6.92	6.92	4106260	191112592.00
2015/07/07	6.38	6.38	6.20	6.20	1427064	55167224.00
2015/07/13	6.85	6.85	6.85	6.85	1416719	59941380.00
2015/07/14	7.55	7.55	7.55	7.55	41750	1943045.00
2015/07/15	8.33	8.33	7.46	7.69	7470941	368509888.00
2015/07/16	7.44	8.29	6.90	7.98	4501103	213044128.00
2015/07/17	7.99	8.80	7.99	8.80	4317312	224384640.00
2015/07/20	9.03	9.61	8.67	9.16	4695353	265610912.00
2015/07/21	8.79	10.09	8.79	9.96	4262118	251289472.00
2015/07/22	10.08	10.49	9.73	10.23	3996154	246202304.00
2015/07/23	10.29	11.25	10.23	11.07	3663492	240051568.00
2015/07/29	9.94	10.77	9.94	10.59	6827509	424196224.00
2015/07/30	10.14	10.42	9.51	9.51	4750005	289850848.00
2015/07/31	8.79	9.50	8.54	8.65	4289323	234803328.00
2015/08/03	8.06	8.37	7.76	7.79	3076643	149851232.00
2015/08/04	7.88	8.58	7.80	8.52	3422866	172884096.00
2015/08/05	8.47	8.96	8.14	8.36	3187206	168367232.00
2015/08/06	7.93	8.41	7.91	8.16	2223615	111846264.00
2015/08/07	8.21	9.00	8.21	9.00	3687348	197458256.00
2015/08/10	9.15	9.92	9.15	9.92	3039466	179263872.00
2015/08/11	9.96	10.38	9.55	9.66	4259281	259863760.00
2015/08/12	9.32	10.21	9.29	9.68	3428471	205971120.00
2015/08/13	9.68	9.88	9.29	9.72	2682768	157402944.00
2015/08/14	9.93	9.96	9.63	9.65	2165097	129277680.00
2015/08/17	9.63	9.63	9.14	9.40	1824490	104940336.00
2015/08/18	9.33	10.26	8.80	8.93	3991058	236982336.00
2015/08/19	8.61	9.54	8.14	9.46	3204861	172004000.00
2015/08/20	9.24	9.35	8.74	8.74	2049049	114003032.00
2015/08/21	8.46	8.74	7.85	7.88	2081133	106261416.00
2015/08/24	7.32	7.50	7.08	7.08	1643799	72455032.00
2015/08/25	6.35	6.79	6.35	6.35	1988831	79130904.00
2015/08/26	6.42	6.79	6.04	6.16	2873608	114362736.00
2015/08/27	6.46	6.54	5.91	6.38	2320504	90637648.00
2015/08/28	6.53	7.04	6.41	7.04	3148072	129770616.00
2015/08/31	7.05	7.05	6.58	6.63	2116725	88821136.00
2015/09/01	6.30	6.46	5.94	5.94	1827247	68868792.00
2015/09/02	5.46	6.24	5.44	5.46	2021938	71930776.00
2015/09/07	5.65	5.90	5.54	5.69	1566630	55748620.00
2015/09/08	5.63	6.26	5.57	6.23	1920385	70430656.00
2015/09/09	6.41	6.79	6.30	6.78	2938970	119626760.00
2015/09/10	6.59	6.71	6.45	6.47	1815344	74088456.00
2015/09/11	6.47	6.74	6.47	6.55	1611412	65678196.00
2015/09/14	6.54	6.67	5.88	5.88	1685469	64080628.00
2015/09/15	5.46	5.81	5.27	5.27	1787463	60681344.00
2015/09/16	5.38	5.82	5.29	5.82	1864410	64335316.00
2015/09/17	5.84	6.22	5.65	5.76	2641683	97099776.00
2015/09/18	5.80	5.94	5.65	5.85	1969097	71100368.00
2015/09/21	5.84	6.46	5.72	6.46	2308024	89414280.00
2015/09/22	6.79	7.09	6.60	6.72	4297221	180956304.00
2015/09/23	6.50	6.90	6.50	6.72	2752421	114022912.00
2015/09/24	6.73	6.96	6.63	6.81	2419159	102185120.00
2015/09/25	6.71	6.84	6.24	6.31	2054257	82662656.00
2015/09/28	6.36	6.69	6.30	6.64	1352800	54527372.00
2015/09/29	6.46	6.81	6.38	6.75	1790111	72993480.00
2015/09/30	6.89	7.44	6.89	7.22	4493962	202812704.00
2015/10/08	7.41	7.85	7.22	7.61	4430291	205021360.00
2015/10/09	7.58	8.14	7.47	7.95	4115615	199075984.00
2015/10/12	8.11	8.64	7.96	8.37	3773920	195426192.00
2015/10/13	8.16	8.51	8.16	8.27	2487423	127422408.00
2015/10/14	8.20	8.38	7.93	7.95	2861243	142931152.00
2015/10/15	7.89	8.43	7.87	8.39	2424494	122457496.00
2015/10/16	8.44	8.58	8.09	8.46	2873390	147493440.00
2015/10/19	8.50	9.03	8.50	8.83	3687719	198477424.00
2015/10/20	9.05	9.73	9.05	9.73	5007950	294851584.00
2015/10/21	9.42	9.57	8.74	8.74	4862061	273958656.00
2015/10/22	8.59	9.34	8.57	9.27	4260526	234801680.00
2015/10/23	9.49	10.22	9.40	10.22	6156199	371451008.00
2015/10/26	10.53	10.88	9.88	10.22	6220711	396747488.00
2015/10/27	9.81	10.17	9.21	10.10	4055485	241858720.00
2015/10/28	9.80	10.09	9.39	9.50	3494905	208561680.00
2015/10/29	9.75	9.87	9.41	9.51	2569115	151747104.00
2015/10/30	9.29	9.50	9.00	9.26	2357918	133680944.00
2015/11/02	8.93	9.71	8.78	9.21	3079071	176846912.00
2015/11/03	9.34	9.43	8.96	9.28	2195424	124011200.00
2015/11/04	9.44	10.05	9.44	9.98	3807978	229660896.00
2015/11/05	10.01	10.29	9.83	9.91	3599839	221177888.00
2015/11/06	10.46	10.93	10.28	10.93	2983351	196027808.00
2015/11/09	11.54	12.04	10.94	11.36	6682595	469385952.00
2015/11/10	11.06	11.61	11.06	11.21	3527674	243239056.00
2015/11/11	11.13	12.29	11.13	12.08	4074276	295683552.00
2015/11/12	12.10	13.03	11.97	12.90	4360303	335330976.00
2015/11/20	14.22	14.22	13.13	13.20	8364233	702629504.00
2015/11/23	13.21	13.25	11.88	12.06	5130375	393353312.00
2015/11/24	12.24	13.12	12.24	12.63	4490641	347809120.00
2015/11/25	12.68	12.96	12.32	12.76	3558773	274320224.00
2015/11/26	12.76	12.92	12.39	12.43	2911030	224252224.00
2015/11/27	12.43	12.43	11.16	11.19	3861673	277154592.00
2015/11/30	11.20	11.85	10.39	11.84	3653648	254088304.00
2015/12/01	11.79	12.32	11.46	11.94	3234314	237474032.00
2015/12/02	11.72	11.96	10.80	11.44	2198870	152968944.00
2015/12/03	11.46	12.01	11.44	11.97	2245224	162605232.00
2015/12/04	11.98	12.33	11.63	11.88	2512111	184925552.00
2015/12/07	11.90	12.12	11.79	12.01	1758878	128621112.00
2015/12/08	11.97	11.97	11.49	11.57	2093482	149594880.00
2015/12/09	11.54	11.56	11.13	11.24	1708285	117722944.00
2015/12/10	11.27	11.45	11.14	11.20	1193791	82241464.00
2015/12/11	11.21	11.26	10.91	10.94	1228436	82704336.00
2015/12/14	10.74	11.38	10.48	11.28	1556352	102526928.00
2015/12/15	11.24	11.46	11.21	11.28	1194622	82521808.00
2015/12/16	11.32	11.52	11.13	11.32	1401100	97506800.00
2015/12/17	11.44	12.48	11.43	12.48	1711176	128237840.00
2015/12/18	13.03	13.04	12.38	12.38	4479706	346654976.00
2015/12/21	12.29	12.29	12.04	12.22	2031197	150600704.00
2015/12/22	12.46	12.71	12.21	12.45	1692899	128632488.00
2015/12/23	12.45	12.63	12.10	12.11	1630359	122020136.00
2015/12/24	12.23	12.59	11.96	12.46	1715124	128367336.00
2015/12/25	12.44	12.59	12.16	12.27	1327460	100418760.00
2015/12/28	12.27	12.55	11.89	11.89	1878944	140762832.00
2015/12/29	11.89	11.96	11.14	11.66	1560393	109771720.00
2015/12/30	11.79	12.26	11.76	12.06	1399082	102747968.00
2015/12/31	11.96	12.12	11.47	11.66	1020840	73857848.00
2016/01/04	11.46	11.66	10.48	10.49	1296635	87570224.00
2016/01/05	9.63	10.63	9.63	10.13	1977617	122061576.00
2016/01/06	10.29	10.54	10.04	10.38	1106163	69651376.00
2016/01/07	9.96	10.04	9.32	9.32	483000	28628112.00
2016/01/08	9.75	9.75	8.71	9.20	1630976	93601088.00
2016/01/11	8.89	8.89	8.26	8.26	1530012	80289264.00
2016/01/12	8.23	8.44	7.65	8.26	1533958	77077016.00
2016/01/13	8.38	8.46	7.47	7.57	1483790	73746520.00
2016/01/14	7.23	8.11	7.19	8.00	1834405	85651352.00
2016/01/15	7.88	8.01	7.46	7.65	1445925	69509656.00
2016/01/18	7.34	8.34	7.24	8.18	2030913	99856152.00
2016/01/19	8.06	8.52	7.98	8.47	2063207	104605296.00
2016/01/20	8.31	8.54	8.13	8.30	1554729	79609096.00
2016/01/21	8.16	8.43	7.72	7.72	1482273	74342792.00
2016/01/22	7.95	8.04	7.47	7.92	1219267	58708044.00
2016/01/25	8.13	8.38	8.04	8.16	1318406	66570524.00
2016/01/26	8.05	8.12	7.33	7.33	1345929	64012092.00
2016/01/27	7.44	7.46	6.72	7.29	1450260	63535324.00
2016/01/28	7.24	7.33	6.77	6.88	971873	42713504.00
2016/01/29	6.96	7.34	6.89	7.27	1343749	59737988.00
2016/02/01	7.27	7.29	6.96	7.18	778356	34453856.00
2016/02/02	7.18	7.77	7.05	7.68	1441745	67109808.00
2016/02/03	7.56	7.69	7.46	7.67	920121	42885992.00
2016/02/04	7.68	8.38	7.68	8.28	1901795	93827184.00
2016/02/05	8.14	8.34	8.04	8.04	1007275	50427636.00
2016/02/15	7.63	8.12	7.59	7.98	742310	35973656.00
2016/02/16	8.13	8.54	8.13	8.46	1419626	73582904.00
2016/02/17	8.40	8.54	8.31	8.51	1116736	58019856.00
2016/02/18	8.58	8.74	8.33	8.39	1943824	101806560.00
2016/02/19	8.30	8.52	8.22	8.44	1242722	63976420.00
2016/02/22	8.55	8.71	8.46	8.65	1560709	82158344.00
2016/02/23	8.63	8.76	8.40	8.57	1611896	85081400.00
2016/02/24	8.50	8.62	8.07	8.32	1517662	77432680.00
2016/02/25	8.32	8.32	7.47	7.47	1875104	90352712.00
2016/02/26	7.62	7.71	7.31	7.44	1041464	48338652.00
2016/02/29	7.44	7.49	6.76	6.79	1170382	50008904.00
2016/03/01	6.83	7.08	6.74	7.00	964971	41158196.00
2016/03/02	7.00	7.44	6.92	7.37	1416150	62533248.00
2016/03/03	7.31	7.61	7.31	7.32	1319113	60289660.00
2016/03/04	7.26	7.34	6.73	6.84	1241341	53796840.00
2016/03/07	6.98	7.25	6.97	7.04	875346	38404852.00
2016/03/08	6.99	7.39	6.63	7.31	1483881	64629476.00
2016/03/09	7.16	7.33	7.06	7.10	1012178	44807352.00
2016/03/10	7.27	7.83	7.23	7.43	3220337	151050896.00
2016/03/11	7.36	7.41	6.96	7.13	1940531	85663456.00
2016/03/14	7.17	7.72	7.17	7.51	2230829	103266936.00
2016/03/15	7.47	7.58	7.39	7.50	1542915	71131680.00
2016/03/16	7.68	7.79	7.29	7.38	1424010	65510304.00
2016/03/17	7.43	7.85	7.40	7.78	2746202	130387024.00
2016/03/18	7.81	8.37	7.78	8.14	2808245	138798912.00
2016/03/21	8.54	8.94	8.31	8.62	3238979	170667664.00
2016/03/22	8.45	8.56	8.33	8.41	1868850	96966400.00
2016/03/23	8.41	8.62	8.38	8.60	1927380	100607888.00
2016/03/24	8.48	8.82	8.38	8.43	2520654	133460160.00
2016/03/25	8.35	8.54	8.31	8.52	1397741	72224912.00
2016/03/28	8.54	8.76	8.35	8.36	1631444	85911952.00
2016/03/29	8.33	8.33	7.88	7.96	1755565	86978288.00
2016/03/30	8.11	8.38	7.98	8.34	1616475	81830280.00
2016/03/31	8.57	8.60	8.34	8.37	1739722	90505832.00
2016/04/01	8.26	8.32	7.96	8.12	1424692	70994616.00
2016/04/05	8.11	8.57	8.05	8.49	1426430	73288032.00
2016/04/06	8.48	9.18	8.46	9.02	3651355	199391856.00
2016/04/07	9.02	9.04	8.69	8.71	2596207	140405088.00
2016/04/08	8.66	9.56	8.55	9.35	4025297	222850816.00
2016/04/11	9.37	9.79	9.24	9.61	3902423	228445200.00
2016/04/12	9.46	9.72	9.14	9.30	2541662	146324464.00
2016/04/13	9.46	9.55	9.21	9.24	2064290	119149208.00
2016/04/14	9.37	9.51	9.13	9.47	1856462	106006056.00
2016/04/15	9.40	9.48	9.26	9.36	1244607	71422496.00
2016/04/18	9.29	9.29	9.01	9.03	1480009	82500304.00
2016/04/19	9.13	9.38	9.00	9.28	1312482	73822440.00
2016/04/20	9.28	9.34	8.54	8.64	2333291	126499608.00
2016/04/21	8.62	8.70	8.21	8.26	1437459	75298872.00
2016/04/22	8.24	8.59	8.13	8.58	1328220	68345616.00
2016/04/25	8.66	8.78	8.38	8.55	1128124	59481424.00
2016/04/26	8.55	8.79	8.49	8.72	1057069	56256244.00
2016/04/27	8.74	8.79	8.57	8.61	964168	51404524.00
2016/04/28	8.56	8.69	8.28	8.62	995777	51960356.00
2016/04/29	8.56	8.70	8.52	8.59	801422	42414716.00
2016/05/03	8.54	9.13	8.52	9.13	1645452	90117520.00
2016/05/04	9.08	9.27	9.05	9.09	1452640	81639520.00
2016/05/05	9.05	9.25	9.04	9.19	1170357	65756584.00
2016/05/06	9.21	9.24	8.59	8.66	1808119	99397144.00
2016/05/09	8.51	8.54	8.32	8.45	1205040	62417672.00
2016/05/10	8.42	8.53	8.38	8.40	640875	33247752.00
2016/05/11	8.46	8.51	8.29	8.35	719277	37173520.00
2016/05/12	8.28	8.28	7.99	8.23	872195	43776072.00
2016/05/13	8.15	8.39	8.14	8.24	712602	36281752.00
2016/05/16	8.21	8.44	8.21	8.43	605555	30999040.00
2016/05/17	8.39	8.62	8.33	8.53	809169	42190316.00
2016/05/18	8.55	8.93	8.53	8.67	2294636	123682456.00
2016/05/19	8.56	9.20	8.56	9.01	2422280	132452760.00
2016/05/20	8.80	9.12	8.79	9.12	1773255	97775344.00
2016/05/23	9.27	9.44	9.20	9.28	2072068	118487664.00
2016/05/24	9.29	9.29	8.90	9.00	1779816	98999080.00
2016/05/25	9.16	9.51	8.89	9.20	5168953	145449824.00
2016/05/26	9.17	9.26	8.60	9.06	4068682	110452408.00
2016/05/27	9.00	9.98	9.00	9.98	5654411	166559520.00
2016/05/30	10.16	10.65	9.86	9.88	11715772	365680000.00
2016/05/31	9.67	10.64	9.67	10.44	9731481	300073120.00
2016/06/01	10.36	11.30	10.19	10.88	10494055	338956192.00
2016/06/02	10.66	11.00	10.66	10.86	6886881	226870112.00
2016/06/03	10.84	10.93	10.56	10.60	5427381	176250720.00
2016/06/06	10.64	10.79	10.37	10.58	3989856	128014936.00
2016/06/07	10.65	11.12	10.65	10.92	6996869	232444512.00
2016/06/08	10.88	10.88	10.46	10.60	4445576	144417072.00
2016/06/13	10.46	11.29	10.19	10.19	5950148	194474864.00
2016/06/14	10.27	10.39	9.86	10.19	3856810	119159352.00
2016/06/15	9.93	11.02	9.93	10.78	5192735	167430400.00
2016/06/16	10.79	11.02	10.63	10.83	4771104	156505344.00
2016/06/17	10.93	11.22	10.78	11.02	5905459	197819136.00
2016/06/20	10.96	10.99	10.54	10.82	3743664	122300336.00
2016/06/21	10.86	11.03	10.36	10.47	4213249	136890416.00
2016/06/22	10.36	10.65	10.19	10.63	2529963	80237496.00
2016/06/23	10.63	10.98	10.57	10.84	4753928	156171904.00
2016/06/24	10.73	10.90	10.09	10.51	4265048	136441296.00
2016/06/27	10.37	10.94	10.30	10.88	4560146	148356000.00
2016/06/28	10.96	11.79	10.96	11.48	9521283	328605664.00
2016/06/29	11.86	11.96	11.32	11.43	6553507	230139776.00
2016/06/30	11.35	11.50	11.20	11.33	3582056	123050792.00
2016/07/01	11.35	11.49	11.06	11.13	3276871	111568328.00
2016/07/04	10.99	11.34	10.91	11.26	2997666	101923696.00
2016/07/05	11.26	11.36	11.12	11.30	3349878	114317824.00
2016/07/06	11.22	11.29	11.06	11.16	2389612	80994176.00
2016/07/07	11.16	11.19	10.90	11.05	2522356	84445976.00
2016/07/08	11.33	11.53	11.18	11.18	3873920	133281280.00
2016/07/11	10.98	11.11	10.90	10.92	3183384	106229776.00
2016/07/12	10.86	10.95	10.53	10.90	2334350	76507744.00
2016/07/13	10.93	11.15	10.90	11.00	2473592	82807960.00
2016/07/14	11.04	11.09	10.89	10.94	1474713	49005164.00
2016/07/15	11.02	11.02	10.86	10.93	1485648	49345692.00
2016/07/18	10.93	10.96	10.62	10.67	1636550	53308188.00
2016/07/19	10.68	10.76	10.62	10.76	1144450	37159780.00
2016/07/20	10.72	10.91	10.72	10.73	1228075	40352508.00
2016/07/21	10.76	10.89	10.71	10.82	1665351	54759848.00
2016/07/22	10.87	10.92	10.76	10.79	1660100	54615376.00
2016/07/25	10.73	10.90	10.53	10.57	1742858	56571884.00
2016/07/26	10.62	10.78	10.58	10.73	1011414	32917684.00
2016/07/27	10.76	10.78	9.82	10.02	2538623	79314912.00
2016/07/28	10.05	10.13	9.69	9.95	1772610	53234616.00
2016/07/29	9.92	10.02	9.73	9.85	1005120	30106116.00
2016/08/01	9.81	9.91	9.19	9.55	1371800	39868512.00
2016/08/02	9.52	9.66	9.50	9.66	840361	24568052.00
2016/08/03	9.65	9.72	9.54	9.60	703020	20608072.00
2016/08/04	9.62	9.84	9.44	9.81	1245500	36765828.00
2016/08/05	9.76	9.84	9.65	9.67	1001324	29600886.00
2016/08/08	9.63	9.85	9.61	9.83	923650	27402096.00
2016/08/09	9.83	9.99	9.83	9.96	942426	28419356.00
2016/08/10	9.97	10.03	9.83	9.87	912228	27468034.00
2016/08/11	9.80	9.86	9.60	9.60	879450	26090976.00
2016/08/12	9.59	10.19	9.59	9.97	1806641	54900336.00
2016/08/15	9.93	10.36	9.80	10.29	2490470	76550448.00
2016/08/16	10.25	10.45	10.19	10.41	1943919	61165540.00
2016/08/17	10.42	10.46	10.33	10.42	1171246	37036800.00
2016/08/18	10.42	10.44	10.20	10.39	1232088	38621624.00
2016/08/19	10.39	10.62	10.32	10.53	1955441	62521068.00
2016/08/22	10.41	10.77	10.41	10.61	1908112	61856460.00
2016/08/23	10.63	11.15	10.56	11.13	3698128	123075616.00
2016/08/24	11.11	11.16	10.96	11.02	2245970	75373296.00
2016/08/25	10.92	11.13	10.74	11.06	2196693	72888888.00
2016/08/26	11.06	11.36	11.00	11.29	2703438	92127304.00
2016/08/29	11.39	11.60	11.13	11.13	2871500	99161200.00
2016/08/30	11.08	11.30	10.96	11.00	1642260	55225288.00
2016/08/31	11.01	11.40	11.01	11.39	2704117	92490328.00
2016/09/01	11.36	11.41	11.09	11.09	2208419	75493400.00
2016/09/02	11.03	11.69	10.98	11.54	3650211	125811856.00
2016/09/05	11.60	11.60	11.43	11.57	2273494	79513208.00
2016/09/06	11.46	11.69	11.36	11.54	2034253	71043192.00
2016/09/07	11.52	11.94	11.06	11.09	3860848	135244864.00
2016/09/08	11.09	11.22	10.94	11.15	1723270	58083916.00
2016/09/09	11.14	11.26	11.06	11.06	1116401	37840336.00
2016/09/12	10.86	11.06	10.77	10.84	1400347	46372440.00
2016/09/13	10.86	11.08	10.76	10.87	1157713	38393460.00
2016/09/14	10.85	11.01	10.73	10.78	1255332	41493580.00
2016/09/19	10.78	11.04	10.78	11.03	1062489	35371964.00
2016/09/20	11.03	11.18	10.96	11.08	1133133	38196252.00
2016/09/21	11.08	11.59	11.01	11.53	2758274	95497320.00
2016/09/22	11.59	11.79	11.37	11.44	1953312	68691096.00
2016/09/23	11.48	11.57	11.42	11.49	1074918	37484428.00
2016/09/26	11.43	11.49	10.84	10.85	1612701	54748796.00
2016/09/27	10.85	11.17	10.80	11.11	1278586	42913108.00
2016/09/28	11.10	11.21	11.06	11.11	863763	29247450.00
2016/09/29	11.22	11.24	10.99	11.05	694663	23412356.00
2016/09/30	11.03	11.16	10.92	11.09	630808	21184160.00
2016/10/10	11.12	11.43	11.11	11.43	1321464	45393892.00
2016/10/11	11.39	11.63	11.36	11.44	1194996	41546800.00
2016/10/12	11.43	12.57	11.32	12.29	5026939	182128736.00
2016/10/13	12.16	12.31	12.05	12.13	2810884	103572752.00
2016/10/14	12.14	12.39	12.13	12.21	2139978	79444696.00
2016/10/17	12.33	12.79	12.26	12.42	4553870	173280048.00
2016/10/18	12.29	12.69	12.26	12.48	3210301	121328136.00
2016/10/19	12.44	12.47	12.09	12.21	2564223	95169200.00
2016/10/20	12.21	12.40	12.03	12.03	1989009	73400488.00
2016/10/21	12.04	12.18	11.73	11.80	2485615	89678656.00
2016/10/24	11.83	12.00	11.77	11.83	2683900	96787128.00
2016/10/25	11.83	11.99	11.78	11.84	1908400	68781184.00
2016/10/26	11.88	11.96	11.70	11.73	1962947	70299880.00
2016/10/27	11.72	11.95	11.69	11.93	1486219	53350164.00
2016/10/28	11.95	12.02	11.83	11.84	1559967	56478144.00
2016/10/31	11.74	11.79	11.48	11.76	1488822	52735268.00
2016/11/01	11.76	12.19	11.76	12.17	2373505	86832728.00
2016/11/02	12.12	12.27	12.07	12.12	2225848	82361624.00
2016/11/03	12.07	12.36	12.06	12.19	2136307	79102808.00
2016/11/04	12.08	12.28	11.70	11.76	2531444	91622848.00
2016/11/07	11.72	11.85	11.51	11.55	1473139	52177852.00
2016/11/08	11.66	11.76	11.52	11.70	1181161	41721300.00
2016/11/09	11.68	11.80	11.48	11.61	1532984	54072960.00
2016/11/10	11.67	11.86	11.67	11.79	1203868	43084332.00
2016/11/11	11.79	11.84	11.53	11.64	1569219	55494552.00
2016/11/14	11.56	12.53	11.56	12.45	4528423	166952704.00
2016/11/15	12.45	12.53	12.16	12.44	2761777	103329024.00
2016/11/16	12.51	12.51	12.00	12.25	1834900	68542056.00
2016/11/17	12.19	12.19	11.91	12.00	1895914	69189384.00
2016/11/18	12.07	12.17	11.82	12.14	2641145	96271928.00
2016/11/21	12.06	12.23	12.04	12.19	1684930	62135636.00
2016/11/22	12.29	13.18	12.26	12.91	6797236	264381824.00
2016/11/23	12.84	12.86	12.53	12.55	2939488	113021544.00
2016/11/24	12.49	12.68	12.47	12.58	1672748	63754536.00
2016/11/25	12.59	13.13	12.53	13.02	3576806	139909040.00
2016/11/28	13.03	13.32	12.89	13.00	2588135	102588656.00
2016/11/29	12.95	12.95	12.35	12.36	3318403	126834384.00
2016/11/30	12.36	12.61	12.26	12.44	1321001	50023420.00
2016/12/01	12.44	12.69	12.43	12.56	1222981	46665260.00
2016/12/02	12.49	12.66	12.03	12.26	2137864	79461168.00
2016/12/05	12.18	12.36	11.90	11.95	1402598	51578148.00
2016/12/06	12.04	12.13	11.93	12.02	839958	30682484.00
2016/12/07	12.01	12.14	11.80	12.12	1530229	55431204.00
2016/12/08	12.11	12.13	11.88	11.91	846445	30801856.00
2016/12/09	12.01	12.11	11.89	11.89	844775	30725920.00
2016/12/12	11.89	11.90	10.69	10.77	2519982	86392648.00
2016/12/13	10.77	10.97	10.45	10.84	1765885	57328064.00
2016/12/14	10.84	10.91	10.66	10.66	870889	28525708.00
2016/12/15	10.66	10.97	10.66	10.75	958865	31534818.00
2016/12/16	10.75	11.01	10.75	10.90	828586	27457706.00
2016/12/19	10.87	10.97	10.82	10.88	584723	19357390.00
2016/12/20	10.82	10.89	10.73	10.86	665300	21857968.00
2016/12/21	10.89	11.00	10.84	10.92	762085	25239404.00
2016/12/22	10.94	10.94	10.75	10.78	749577	24606132.00
2016/12/23	10.79	10.84	10.39	10.39	1354840	43550456.00
2016/12/26	10.48	10.75	10.29	10.72	1710786	55083044.00
2016/12/27	10.80	10.85	10.72	10.75	946980	31040424.00
2016/12/28	10.73	10.81	10.68	10.74	523745	17086028.00
2016/12/29	10.68	10.74	10.50	10.57	752820	24250526.00
2016/12/30	10.53	10.74	10.53	10.73	809311	26314654.00
2017/01/03	10.73	10.98	10.73	10.94	1086709	35919288.00
2017/01/04	10.93	11.15	10.90	11.08	1080211	36196280.00
2017/01/05	11.13	11.30	11.03	11.03	975212	33053166.00
2017/01/06	11.01	11.09	10.93	10.99	774283	25845702.00
2017/01/09	10.99	11.25	10.93	11.12	1222364	41470488.00
2017/01/10	11.22	11.22	10.96	10.98	726787	24449482.00
2017/01/11	10.94	11.12	10.94	11.09	792583	26574780.00
2017/01/12	11.09	11.16	10.69	10.76	845970	28117286.00
2017/01/13	10.76	10.85	10.53	10.65	673674	21992286.00
2017/01/16	10.67	10.67	9.76	10.04	1330733	41530888.00
2017/01/17	10.11	10.11	9.65	9.97	1289438	38778556.00
2017/01/18	10.00	10.00	9.79	9.85	897923	26950058.00
2017/01/19	9.85	10.06	9.65	10.01	1096602	33200748.00
2017/01/20	9.89	10.13	9.88	9.98	1091176	33273896.00
2017/01/23	9.98	10.18	9.98	10.12	715884	22002102.00
2017/01/24	10.16	10.16	9.98	10.00	517817	15787468.00
2017/01/25	10.06	10.12	9.88	10.08	430870	13151740.00
2017/01/26	10.08	10.27	10.01	10.27	507413	15752614.00
2017/02/03	10.27	10.28	10.10	10.18	434154	13403127.00
2017/02/06	10.26	10.49	10.25	10.44	985151	31123676.00
2017/02/07	10.44	10.49	10.34	10.44	667346	21123982.00
2017/02/08	10.44	10.52	10.36	10.49	551064	17502564.00
2017/02/09	10.49	10.71	10.49	10.59	690846	22282110.00
2017/02/10	10.58	10.69	10.45	10.50	533385	17071418.00
2017/02/13	11.56	11.56	11.56	11.56	410400	14409144.00
2017/02/14	12.73	12.73	12.53	12.73	14662994	566210048.00
2017/02/15	12.86	14.02	12.79	13.64	21666645	886560448.00
2017/04/13	12.26	12.26	12.26	12.26	345000	12837450.00
2017/04/14	11.02	11.02	11.02	11.02	2914100	97593208.00
2017/04/17	10.03	10.32	9.91	9.91	15641804	475704576.00
2017/04/18	9.70	9.98	9.43	9.47	6506287	192365840.00
2017/04/19	9.44	9.81	9.44	9.65	4204192	123634496.00
2017/04/20	9.61	9.92	9.56	9.86	5015230	149580960.00
2017/04/21	9.86	9.90	9.61	9.83	3586786	106869744.00
2017/04/24	9.74	9.78	9.26	9.62	2616134	75971296.00
2017/04/25	9.69	9.91	9.55	9.84	3463866	103167832.00
2017/04/26	9.76	10.29	9.70	10.25	5909524	182601680.00
2017/04/27	10.12	10.39	9.96	10.27	5148234	159175728.00
2017/04/28	10.19	10.46	10.15	10.27	3496091	109626904.00
2017/05/02	10.19	10.62	10.13	10.48	3324891	104950080.00
2017/05/03	10.37	10.69	10.31	10.46	3746706	119512888.00
2017/05/04	10.36	10.43	10.20	10.25	2607588	81719848.00
2017/05/05	10.19	11.18	10.15	10.73	6056384	196417584.00
2017/05/08	10.69	11.18	10.60	10.74	6315896	210070928.00
2017/05/09	10.39	11.11	10.29	11.09	5392568	176977184.00
2017/05/10	11.02	11.64	10.96	11.54	7727614	267548544.00
2017/05/11	11.23	11.52	10.80	11.30	6332571	215827904.00
2017/05/12	11.31	11.79	11.26	11.58	5317864	186085040.00
2017/05/15	11.53	11.83	11.36	11.76	4771574	168460848.00
2017/05/16	11.63	12.03	11.50	11.99	4993306	178534624.00
2017/05/17	11.99	12.52	11.46	11.58	7304718	266080736.00
2017/05/18	11.55	12.53	11.46	12.39	7959151	292134656.00
2017/05/19	12.14	12.26	11.75	11.92	5677521	207149168.00
2017/05/22	11.82	11.92	10.78	10.81	5682509	195221584.00
2017/05/23	10.79	11.19	10.44	10.72	4083599	135110656.00
2017/05/24	10.66	10.90	10.23	10.87	3042877	98481584.00
2017/05/25	10.83	10.93	10.50	10.77	3022187	98656424.00
2017/05/26	10.85	11.04	10.78	11.01	2753792	91423424.00
2017/05/31	11.19	12.03	11.19	11.69	5053442	177517296.00
2017/06/01	11.59	11.79	10.99	11.03	5456414	187853872.00
2017/06/02	10.78	11.32	10.54	11.25	3745711	124701208.00
2017/06/05	11.37	11.82	11.33	11.76	4591920	161605184.00
2017/06/06	11.63	11.82	11.16	11.38	4549024	159149536.00
2017/06/07	11.58	12.54	11.43	12.54	15294403	188452528.00
2017/06/08	13.52	13.80	12.95	13.26	53501814	721329280.00
2017/06/09	12.88	12.99	12.01	12.39	35797499	449712832.00
2017/06/12	12.05	12.56	11.84	11.98	20579192	252345712.00
2017/06/13	11.98	12.45	11.98	12.27	19561849	241367952.00
2017/06/14	12.06	12.08	11.73	11.92	16450588	196757360.00
2017/06/15	11.88	12.41	11.80	12.18	17465991	213868112.00
2017/06/16	12.03	12.47	11.93	12.26	13641260	167775312.00
2017/06/19	12.21	12.22	11.91	12.00	12626313	152526752.00
2017/06/20	11.99	12.17	11.80	11.89	11083319	133429952.00
2017/06/21	11.89	12.05	11.49	11.73	11642344	137628816.00
2017/06/22	11.71	11.98	11.59	11.64	10068185	119589008.00
2017/06/23	11.52	11.63	11.08	11.36	10046454	114756992.00
2017/06/26	11.32	11.49	11.19	11.43	5899714	67529296.00
2017/06/27	11.48	11.68	11.33	11.61	6551861	76142728.00
2017/06/28	11.50	11.61	11.30	11.34	5079880	58336612.00
2017/06/29	11.33	11.62	11.33	11.47	5693316	66006592.00
2017/06/30	11.38	11.43	11.27	11.37	4254994	48583844.00
2017/07/03	11.37	11.48	11.23	11.43	4171100	47616600.00
2017/07/04	11.43	11.61	11.38	11.49	5082001	58857308.00
2017/07/05	11.45	11.58	11.40	11.46	5050345	58339668.00
2017/07/06	11.42	11.46	11.29	11.36	5152962	58924664.00
2017/07/07	11.29	11.36	11.15	11.21	6977646	78795096.00
2017/07/10	11.15	11.19	10.93	10.95	6270004	69415696.00
2017/07/11	10.97	11.07	10.86	10.89	4395233	48403256.00
2017/07/12	10.88	10.96	10.38	10.70	6481301	68976376.00
2017/07/13	10.65	10.68	10.52	10.59	3027371	32311916.00
2017/07/14	10.59	10.68	10.49	10.60	3395700	36189360.00
2017/07/17	10.56	10.56	9.64	9.77	6345174	63665200.00
2017/07/18	9.87	9.92	9.73	9.91	3411427	33835608.00
2017/07/19	9.90	9.99	9.81	9.99	2625885	26217150.00
2017/07/20	9.98	10.13	9.92	10.04	3100469	31373830.00
2017/07/21	10.23	11.05	10.21	11.05	16172379	177758592.00
2017/07/24	11.12	11.81	11.04	11.45	22558350	259010560.00
2017/07/25	11.27	11.35	10.99	11.22	11079627	124175064.00
2017/07/26	11.11	11.20	11.01	11.12	6469043	72190144.00
2017/07/27	11.19	11.51	10.94	11.34	11491220	130409432.00
2017/07/28	11.23	11.42	11.10	11.11	6596935	74327416.00
2017/07/31	11.05	11.20	11.02	11.08	5803470	64747384.00
2017/08/01	10.95	11.19	10.95	11.12	4948700	55171080.00
2017/08/02	11.10	12.23	11.10	11.71	19995440	236128400.00
2017/08/03	11.52	11.90	11.38	11.83	14262106	167400912.00
2017/08/04	11.83	11.83	11.47	11.48	8298110	96903328.00
2017/08/07	11.36	11.64	11.36	11.43	4889115	56568248.00
2017/08/08	11.41	11.81	11.34	11.79	8851942	103280904.00
2017/08/09	11.84	12.43	11.84	12.17	21933805	269819104.00
2017/08/10	12.05	12.33	11.43	12.33	14670917	176845680.00
2017/08/11	12.13	12.61	12.01	12.04	12864845	158873568.00
2017/08/14	12.03	12.51	12.03	12.40	11551084	143132272.00
2017/08/15	12.37	12.60	12.09	12.22	9638567	118870080.00
2017/08/16	12.31	12.47	12.03	12.31	9210024	113470568.00
2017/08/17	12.21	13.49	12.11	12.85	24149081	309030240.00
2017/08/18	12.69	12.82	12.53	12.59	10399225	132189296.00
2017/08/21	12.67	12.89	12.59	12.67	7503138	95803416.00
2017/08/22	12.73	12.78	12.13	12.19	10620376	132018328.00
2017/08/23	12.38	13.36	12.38	12.77	18894684	243652624.00
2017/08/24	12.76	12.79	12.13	12.41	11153810	138581248.00
2017/08/25	12.42	12.44	12.13	12.40	8900990	110097664.00
2017/08/28	12.45	12.82	12.45	12.62	10793973	137234688.00
2017/08/29	12.47	12.47	12.23	12.38	9461685	117154872.00
2017/08/30	12.37	12.41	12.13	12.19	6579109	80899128.00
2017/08/31	12.18	12.30	12.03	12.22	6313473	77157112.00
2017/09/01	12.23	12.35	12.11	12.23	6553174	80588248.00
2017/09/04	12.15	13.46	12.15	13.46	31293188	409827680.00
2017/09/05	13.41	14.50	13.15	14.17	40973421	574570368.00
2017/09/06	13.89	14.67	13.81	14.37	34186255	491219712.00
2017/09/07	14.23	14.25	13.74	13.80	24550861	344740768.00
2017/09/08	13.71	13.72	13.17	13.40	25106004	337836224.00
2017/09/11	13.43	14.75	13.30	14.75	49057454	708201408.00
2017/09/12	14.68	15.49	14.51	14.63	54365508	814316928.00
2017/09/13	14.42	14.99	13.93	14.88	32843165	476672608.00
2017/09/14	15.06	15.73	14.73	14.74	35344643	539255168.00
2017/09/15	14.51	15.07	14.29	14.90	20128919	297906720.00
2017/09/18	14.69	15.19	14.46	14.61	15389799	228707488.00
2017/09/19	14.61	14.73	14.12	14.43	15485375	222944864.00
2017/09/20	14.27	14.87	14.07	14.85	19309483	281204096.00
2017/09/21	14.68	14.85	14.31	14.32	12424272	182062000.00
2017/09/22	14.23	14.52	14.10	14.36	7324428	105593768.00
2017/09/25	14.38	14.68	14.11	14.16	7899381	114472864.00
2017/09/26	14.08	14.30	13.70	13.92	9655950	134563664.00
2017/09/27	13.92	14.21	13.74	14.21	8266409	116050056.00
2017/09/28	14.11	14.35	14.00	14.07	7400410	105308240.00
2017/09/29	14.02	14.27	13.91	13.99	7004871	98811000.00
2017/10/09	13.99	14.51	13.98	14.42	11338954	162885856.00
2017/10/10	14.36	14.83	14.30	14.76	12697780	186719408.00
2017/10/11	14.73	14.73	14.29	14.34	9980114	144551760.00
2017/10/12	14.26	14.60	14.05	14.25	7791240	112127696.00
2017/10/13	14.16	14.37	14.01	14.28	5541853	79038688.00
2017/10/16	14.28	14.33	13.64	13.67	10082137	141159120.00
2017/10/17	13.65	13.79	13.51	13.72	6538130	89612160.00
2017/10/18	13.73	13.80	13.24	13.24	6725216	91256816.00
2017/10/19	13.24	13.41	12.96	13.36	6640233	88209248.00
2017/10/20	13.43	13.68	13.28	13.64	5016030	68025864.00
2017/10/23	13.71	13.73	13.42	13.52	3489633	47483860.00
2017/10/24	13.51	13.63	13.23	13.31	4535333	61175376.00
2017/10/25	13.32	13.48	13.09	13.46	4541513	60691980.00
2017/10/26	13.48	13.81	13.37	13.64	6217526	85250888.00
2017/10/27	13.59	13.77	13.34	13.38	4851300	66062188.00
2017/10/30	13.28	13.35	12.46	12.93	8633200	111554288.00
2017/10/31	12.79	13.11	12.70	13.11	5082900	65681816.00
2017/11/01	12.99	13.04	12.75	12.97	4348400	56444164.00
2017/11/02	12.93	12.98	12.63	12.85	4631144	59457288.00
2017/11/03	12.77	12.78	12.53	12.67	4696914	59677680.00
2017/11/06	12.67	12.75	12.55	12.73	4115750	52358720.00
2017/11/07	12.83	12.91	12.63	12.89	4836640	62044448.00
2017/11/08	12.79	13.23	12.79	12.98	6587127	86604488.00
2017/11/09	12.98	13.23	12.85	13.19	5258778	69133216.00
2017/11/10	13.28	13.91	13.28	13.49	10335502	141329968.00
2017/11/13	13.54	13.72	13.27	13.51	8679040	117873184.00
2017/11/14	13.53	13.70	13.30	13.37	7555292	102124800.00
2017/11/15	13.32	13.36	12.73	12.76	7574762	99062176.00
2017/11/16	12.71	13.02	12.58	12.71	5678818	72981976.00
2017/11/17	12.76	12.79	11.84	12.00	8645385	106663800.00
2017/11/20	12.03	12.14	10.89	11.80	7867902	90287784.00
2017/11/21	11.82	11.88	11.41	11.68	4969482	58142020.00
2017/11/22	11.71	11.78	11.44	11.54	4832888	56476412.00
2017/11/23	11.51	11.68	11.36	11.58	4598488	53324536.00
2017/11/24	11.49	11.59	11.18	11.58	6018380	68834264.00
2017/11/27	11.48	11.48	11.14	11.36	5273448	60053296.00
2017/11/28	11.32	11.36	11.12	11.31	4421200	50022820.00
2017/11/29	11.31	11.31	11.01	11.11	5431407	60676144.00
2017/11/30	11.09	11.10	10.83	11.02	5697430	62903624.00
2017/12/01	10.97	10.97	10.80	10.91	5928200	64991348.00
2017/12/04	11.00	11.08	10.80	10.91	4585934	50426580.00
2017/12/05	10.85	10.86	10.24	10.50	9594980	101050496.00
2017/12/06	10.44	10.62	10.31	10.57	6351732	66745640.00
2017/12/07	10.51	10.76	10.46	10.57	4474398	47924504.00
2017/12/08	10.51	10.78	10.51	10.77	4328075	46596916.00
2017/12/11	11.27	11.42	11.00	11.03	6469106	72481952.00
2017/12/12	10.94	11.21	10.93	10.98	5123900	57181872.00
2017/12/13	10.98	11.05	10.86	10.98	3180900	35066824.00
2017/12/14	10.99	11.15	10.99	11.07	2932486	32622000.00
2017/12/15	11.13	11.90	11.13	11.46	9933492	115080608.00
2017/12/18	11.37	11.40	11.15	11.20	4304000	48662948.00
2017/12/19	11.28	11.48	11.23	11.33	3660574	41850900.00
2017/12/20	11.27	11.39	11.03	11.05	3573074	40152496.00
2017/12/21	11.05	11.11	10.78	11.03	4170470	45918072.00
2017/12/22	11.03	11.12	10.85	11.12	3496398	38746676.00
2017/12/25	11.03	11.08	10.72	10.72	3849502	42036588.00
2017/12/26	10.71	10.89	10.69	10.87	2296900	24990306.00
2017/12/27	10.93	11.30	10.89	11.09	4848596	54271852.00
2017/12/28	11.09	11.13	10.98	11.02	2991559	33297910.00
2017/12/29	10.96	11.08	10.94	11.05	2307692	25572520.00
2018/01/02	11.08	11.24	11.03	11.22	3334318	37464024.00
2018/01/03	11.22	11.35	11.13	11.30	4480498	50680700.00
2018/01/04	11.24	11.28	11.11	11.14	3063180	34408156.00
2018/01/05	11.17	11.19	11.03	11.09	2743841	30611592.00
2018/01/08	11.08	11.08	10.78	10.83	4381500	47894112.00
2018/01/09	10.83	10.91	10.78	10.79	2671774	29104068.00
2018/01/10	10.84	10.84	10.48	10.56	4414800	47075888.00
2018/01/11	10.66	10.78	10.52	10.75	2883974	31027618.00
2018/01/12	10.75	10.87	10.63	10.64	2437600	26363624.00
2018/01/15	10.58	10.71	10.14	10.51	4686400	48996228.00
2018/01/16	10.43	10.47	10.26	10.32	2676500	27879532.00
2018/01/17	10.33	10.55	10.16	10.55	3610826	37720748.00
2018/01/18	10.45	10.66	10.41	10.43	2412292	25523418.00
2018/01/19	10.43	10.45	10.27	10.28	2612640	27176166.00
2018/01/22	10.28	10.78	10.28	10.66	5522420	59004596.00
2018/01/23	10.59	11.22	10.54	11.09	9945700	110312744.00
2018/01/24	11.10	11.26	10.87	11.11	6687792	74559472.00
2018/01/25	11.03	11.38	10.98	11.09	5757412	64813940.00
2018/01/26	11.12	11.27	11.09	11.17	4180633	46943292.00
2018/01/29	11.17	11.19	10.89	11.05	3738700	41468600.00
2018/01/30	10.99	11.18	10.94	11.16	3168006	35328116.00
2018/01/31	11.12	11.38	10.99	11.20	5005206	56419932.00
2018/02/01	11.14	11.29	10.43	10.51	5413800	59180152.00
2018/02/02	10.44	10.58	10.03	10.30	4482950	46635936.00
2018/02/05	9.99	10.43	9.94	10.29	1881200	19373912.00
2018/02/06	10.14	10.36	9.79	9.86	4938460	49955812.00
2018/02/07	10.03	10.20	8.87	9.07	10525563	98228752.00
2018/02/08	9.08	9.16	8.93	9.06	5045817	46056396.00
2018/02/09	8.73	8.99	8.53	8.84	4820101	42429668.00
2018/02/12	8.91	9.11	8.85	9.06	2300200	20994960.00
2018/02/13	9.09	9.39	9.05	9.13	2095610	19423738.00
2018/02/14	9.15	9.25	9.03	9.23	1407300	13014921.00
2018/02/22	9.53	9.57	9.27	9.41	1879770	17800474.00
2018/02/23	9.42	9.50	9.25	9.31	1563183	14722419.00
2018/02/26	9.34	9.64	9.34	9.60	2813100	26953116.00
2018/02/27	9.69	10.43	9.54	9.97	4805400	48219796.00
2018/02/28	9.84	10.17	9.75	9.99	3554252	35751364.00
2018/03/01	9.92	10.42	9.88	10.38	6182380	63830632.00
2018/03/02	10.28	11.11	10.28	10.62	9745336	105843160.00
2018/03/05	10.41	11.26	10.41	10.99	8281367	90925960.00
2018/03/06	10.99	11.03	10.74	10.82	6192700	67617344.00
2018/03/07	10.83	11.06	10.65	10.88	4537073	49489824.00
2018/03/08	10.81	10.89	10.58	10.69	4180800	45178192.00
2018/03/09	10.70	11.01	10.63	10.96	6418116	70240400.00
2018/03/12	11.09	11.33	10.97	11.05	7137109	79925096.00
2018/03/13	11.12	11.12	10.78	10.87	5194610	57006384.00
2018/03/14	10.82	11.19	10.73	10.74	6012534	66223184.00
2018/03/15	10.53	10.80	10.39	10.59	4921081	52204016.00
2018/03/16	10.53	10.61	10.34	10.43	4972000	52264080.00
2018/03/19	10.39	10.81	10.33	10.50	5364400	57243120.00
2018/03/20	10.41	10.84	10.31	10.76	5746548	61528464.00
2018/03/21	10.78	11.19	10.78	10.83	6825623	75362616.00
2018/03/22	10.93	11.00	10.74	10.81	3312382	36200960.00
2018/03/23	10.50	10.53	9.73	9.90	8249083	84254152.00
2018/03/26	9.87	10.23	9.59	10.19	5122171	51286728.00
2018/03/27	10.31	11.13	10.31	11.08	11792851	128981544.00
2018/03/28	10.90	11.17	10.81	11.07	7066443	78284752.00
2018/03/29	11.34	12.08	11.32	11.43	16326224	190035664.00
2018/03/30	11.66	12.03	11.43	11.94	16150754	191693616.00
2018/04/02	12.06	12.49	11.73	11.94	17664338	214723328.00
2018/04/03	11.69	11.83	11.53	11.73	9010699	105709648.00
2018/04/04	11.73	12.04	11.55	11.55	9454313	112325416.00
2018/04/09	11.58	12.09	11.28	12.04	11013157	130778232.00
2018/04/10	12.49	12.63	11.81	11.99	12587228	152897440.00
2018/04/11	11.99	12.36	11.95	12.13	9868600	120752032.00
2018/04/12	12.09	12.41	11.88	11.97	7870800	96346376.00
2018/04/13	12.05	12.37	12.05	12.21	6850573	84255008.00
2018/04/16	12.21	12.46	12.03	12.30	7593313	93676888.00
2018/04/17	12.25	12.39	11.54	11.63	8525368	102914448.00
2018/04/18	11.77	12.80	11.63	12.80	25871120	325185216.00
2018/04/19	12.63	13.02	12.42	12.92	20779285	266033264.00
2018/04/20	12.84	13.13	12.56	12.68	14433669	186033728.00
2018/04/23	12.65	13.22	12.57	13.04	14187978	184600080.00
2018/04/24	13.04	13.68	12.85	13.58	14845740	198835776.00
2018/04/25	13.53	13.75	13.39	13.43	11169389	151947536.00
2018/04/26	13.40	13.53	12.88	13.00	10420154	137761328.00
2018/04/27	13.03	13.18	12.52	12.91	10817671	140369648.00
2018/05/02	13.05	13.32	12.61	13.31	11376387	149105248.00
2018/05/03	13.25	13.30	12.77	13.22	8361365	109752000.00
2018/05/04	13.16	13.43	12.83	12.84	7734107	102396152.00
2018/05/07	13.04	14.08	12.93	13.88	18647488	256960896.00
2018/05/08	14.01	14.19	13.74	13.86	11841546	165499552.00
2018/05/09	13.90	14.06	13.56	13.79	11228479	155316096.00
2018/05/10	13.79	13.98	13.70	13.91	8131807	112978248.00
2018/05/11	14.08	14.28	13.91	13.95	12971134	183532432.00
2018/05/14	14.10	14.13	13.54	13.73	8304069	114513328.00
2018/05/15	13.73	14.07	13.63	13.73	7972849	110625304.00
2018/05/16	13.65	13.86	13.34	13.79	8393501	115097592.00
2018/05/17	13.73	14.04	13.68	13.71	6394956	89052520.00
2018/05/18	13.71	13.83	13.48	13.71	5720997	78343296.00
2018/05/21	13.83	14.01	13.73	13.74	10315062	143963104.00
2018/05/22	13.78	13.83	13.21	13.43	10707163	144983680.00
2018/05/23	13.31	13.66	13.25	13.38	6755240	91423256.00
2018/05/24	13.38	14.03	13.27	13.92	11128996	153429728.00
2018/05/25	13.83	14.76	13.82	14.34	20629912	299239040.00
2018/05/28	14.44	14.68	14.17	14.48	12173779	176786752.00
2018/05/29	14.36	14.60	14.26	14.40	6125546	88708336.00
2018/05/30	14.25	14.26	13.41	13.53	8271923	114136568.00
2018/05/31	13.87	14.08	13.62	13.86	6769433	93962776.00
2018/06/01	13.70	14.25	13.22	14.05	8337364	115130936.00
2018/06/04	13.95	14.14	13.35	13.51	6487166	89185472.00
2018/06/05	13.52	14.08	13.42	14.08	6483372	89294392.00
2018/06/06	14.08	14.25	13.89	14.02	5181351	72837072.00
2018/06/07	14.15	14.67	14.05	14.27	8272009	118234544.00
2018/06/08	14.20	14.45	14.08	14.26	5151068	73515448.00
2018/06/11	14.20	14.20	13.78	13.87	3837800	53522848.00
2018/06/12	13.73	14.05	13.40	13.87	4909596	67368688.00
2018/06/13	13.72	13.84	13.36	13.45	3952020	53671416.00
2018/06/14	13.34	13.64	13.30	13.33	2514547	33834368.00
2018/06/15	13.31	13.43	12.00	12.07	11082668	139268752.00
2018/06/19	11.78	12.65	11.60	12.11	15309073	186513408.00
2018/06/20	12.11	13.31	12.08	12.90	9550710	120879640.00
2018/06/21	12.85	13.12	12.48	12.49	4715440	60027712.00
2018/06/22	12.50	13.10	12.38	13.03	6254511	80611464.00
2018/06/25	13.09	13.67	13.07	13.20	6444200	86185152.00
2018/06/26	12.90	13.56	12.80	13.40	7933389	105830128.00
2018/06/27	13.49	13.55	12.95	13.04	5959199	78681328.00
2018/06/28	13.05	13.34	12.96	13.04	4659762	61466380.00
2018/06/29	13.10	14.08	12.99	13.98	10368695	141667264.00
2018/07/02	13.98	14.44	13.80	13.93	8673733	121694000.00
2018/07/03	13.79	14.31	13.63	14.28	9281030	129885008.00
2018/07/04	14.22	14.55	13.80	14.08	8076190	114601328.00
2018/07/05	14.02	14.63	13.72	14.28	10295346	147693520.00
2018/07/06	14.34	14.49	14.04	14.30	7962059	113691560.00
2018/07/09	14.35	14.58	14.01	14.58	9363094	133700128.00
2018/07/10	14.49	14.55	14.20	14.35	5404852	77412792.00
2018/07/11	14.10	14.10	13.52	13.86	7689444	106113744.00
2018/07/12	13.86	14.45	13.75	14.35	11239883	160287136.00
2018/07/13	14.26	14.40	13.99	14.15	7304009	103349200.00
2018/07/16	14.19	14.70	13.90	14.70	9194813	132084872.00
2018/07/17	14.60	15.75	14.60	15.52	20044743	307922816.00
2018/07/18	15.60	16.15	15.37	15.69	16744056	263707024.00
2018/07/19	15.50	16.15	15.38	15.46	12014228	189399264.00
2018/07/20	15.57	15.85	14.83	15.16	15217491	230468272.00
2018/07/23	15.28	15.47	15.10	15.25	12357760	188281184.00
2018/07/24	15.18	16.42	15.18	16.35	18926320	301483168.00
2018/07/25	16.16	16.26	15.81	15.90	11042470	176590224.00
2018/07/26	15.90	15.94	14.36	14.55	23427499	351689824.00
2018/07/27	14.26	14.50	13.99	14.16	11707365	166421152.00
2018/07/30	14.06	14.24	13.03	13.24	17024793	229269840.00
2018/07/31	13.30	13.44	13.12	13.31	7871237	104968992.00
2018/08/01	13.46	13.55	13.15	13.16	7786649	104213912.00
2018/08/02	12.90	13.43	12.52	13.38	11471210	148105104.00
2018/08/03	13.18	13.30	12.63	12.66	7771030	100436232.00
2018/08/06	12.55	12.89	12.33	12.73	5736492	72597896.00
2018/08/07	12.74	13.45	12.70	13.40	8527592	112214560.00
2018/08/08	13.40	13.52	13.10	13.22	4894200	65051912.00
2018/08/09	13.18	13.71	13.10	13.51	7820040	105951400.00
2018/08/10	13.50	13.88	13.45	13.79	8759700	120005160.00
2018/08/13	13.60	13.90	13.46	13.80	8360500	114559440.00
2018/08/14	13.78	13.88	13.15	13.22	11037778	147896608.00
2018/08/15	13.10	13.27	12.80	12.89	6917445	89578496.00
2018/08/16	12.66	12.87	12.31	12.39	7292807	91521304.00
2018/08/17	12.66	12.69	12.23	12.32	5749509	71387696.00
2018/08/20	12.42	12.54	12.02	12.40	4774284	58583604.00
2018/08/21	12.50	12.72	12.46	12.62	5725700	72152024.00
2018/08/22	12.63	12.75	12.50	12.53	4313434	54383520.00
2018/08/23	12.48	12.71	12.41	12.69	5411522	68119208.00
2018/08/24	12.68	12.68	12.41	12.46	6520000	81608440.00
2018/08/27	12.55	12.88	12.45	12.83	8560380	108547712.00
2018/08/28	12.83	12.92	12.71	12.86	6266140	80291552.00
2018/08/29	12.77	12.82	12.45	12.49	5005955	63146056.00
2018/08/30	12.41	12.67	12.35	12.36	3706500	46402088.00
2018/08/31	12.34	12.43	11.91	11.94	5252418	63317676.00
2018/09/03	11.88	11.99	11.40	11.70	4338422	50317536.00
2018/09/04	11.68	12.04	11.61	12.00	3965313	47116304.00
2018/09/05	12.10	12.10	11.75	11.77	3271466	39115720.00
2018/09/06	11.79	12.04	11.69	11.70	3289962	39036100.00
2018/09/07	11.77	11.94	11.40	11.41	5951600	69105264.00
2018/09/10	11.39	11.59	10.80	10.95	8180675	90655400.00
2018/09/11	11.08	11.17	10.89	11.02	3412285	37591956.00
2018/09/12	11.06	11.15	10.92	11.04	3053201	33778848.00
2018/09/13	11.23	11.30	10.93	11.14	3805200	42274956.00
2018/09/14	11.14	11.24	11.11	11.13	2718171	30334172.00
2018/09/17	11.13	11.18	10.53	10.56	4268031	45535924.00
2018/09/18	10.57	10.90	10.49	10.88	4753099	50986284.00
2018/09/19	11.02	11.49	10.91	11.29	7897152	89038096.00
2018/09/20	11.28	11.42	11.20	11.22	3559710	40147588.00
2018/09/21	11.24	11.38	11.22	11.33	3794807	42954208.00
2018/09/25	11.15	11.44	11.15	11.28	2208600	24965460.00
2018/09/26	11.33	11.43	11.20	11.33	3572275	40510180.00
2018/09/27	11.27	11.31	10.93	10.94	4242084	47014336.00
2018/09/28	10.94	11.72	10.94	11.68	9973937	114242784.00
2018/10/08	11.49	11.49	10.63	10.77	9574583	106164048.00
2018/10/09	10.79	10.93	10.65	10.80	4258167	45977984.00
2018/10/10	10.84	11.17	10.73	10.87	3887918	42552884.00
2018/10/11	10.33	10.55	9.78	10.00	8545030	86516168.00
2018/10/12	9.93	10.15	9.44	9.96	6097773	59862656.00
2018/10/15	9.96	10.16	9.77	9.77	3147508	31419268.00
2018/10/16	9.88	9.99	9.55	9.59	2806100	27316076.00
2018/10/17	9.73	9.83	9.31	9.72	4253851	40776440.00
2018/10/18	9.69	9.69	9.25	9.35	4995101	46921532.00
2018/10/19	9.23	9.60	9.00	9.46	4997165	46636996.00
2018/10/22	9.58	10.20	9.58	10.15	8867377	88159736.00
2018/10/23	10.09	10.21	9.82	9.94	5223561	52446668.00
2018/10/24	9.93	10.20	9.83	10.06	5097695	51075204.00
2018/10/25	9.51	9.65	9.05	9.06	15127151	138830960.00
2018/10/26	9.11	9.20	8.85	8.98	6970682	62799676.00
2018/10/29	8.98	8.98	8.50	8.69	5974632	52247480.00
2018/10/30	8.71	8.84	8.45	8.73	6621067	57388876.00
2018/10/31	8.77	8.87	8.71	8.80	5546888	48842176.00
2018/11/01	9.29	9.50	8.93	8.98	12019029	110193376.00
2018/11/02	9.16	9.40	9.10	9.38	14351049	133187552.00
2018/11/05	9.26	9.44	9.13	9.27	8295583	77051464.00
2018/11/06	9.22	9.22	8.99	9.16	4834977	44110596.00
2018/11/07	9.18	9.34	9.11	9.15	5269982	48633712.00
2018/11/08	9.24	9.26	9.04	9.07	4637000	42334744.00
2018/11/09	9.00	9.24	8.98	9.06	4224800	38504172.00
2018/11/12	9.00	9.29	9.00	9.28	6517954	59833764.00
2018/11/13	9.15	9.76	9.07	9.74	13998158	132799592.00
2018/11/14	9.68	10.09	9.60	9.65	12180678	119629904.00
2018/11/15	9.63	9.86	9.61	9.81	7182444	70138272.00
2018/11/16	9.91	10.06	9.77	9.84	8040495	79564992.00
2018/11/19	9.88	9.95	9.59	9.76	6398091	62055624.00
2018/11/20	9.40	9.40	8.99	9.01	13325034	122816768.00
2018/11/21	8.90	9.08	8.80	9.02	6013617	53998568.00
2018/11/22	9.05	9.15	9.01	9.06	3769926	34180480.00
2018/11/23	9.09	9.09	8.77	8.85	5323900	47272748.00
2018/11/26	9.00	9.01	8.78	8.86	2959600	26310770.00
2018/11/27	8.91	9.05	8.85	8.99	3472374	31170798.00
2018/11/28	8.90	9.24	8.85	9.14	4973201	45101852.00
2018/11/29	9.23	9.24	8.96	8.99	4557813	41573196.00
2018/11/30	9.14	9.15	8.94	9.12	3538250	32056264.00
2018/12/03	9.34	9.48	9.31	9.43	6721716	63238620.00
2018/12/04	9.41	9.57	9.35	9.46	5121074	48551112.00
2018/12/05	9.30	9.70	9.20	9.57	6058200	57393000.00
2018/12/06	9.46	9.85	9.46	9.73	9846621	95846352.00
2018/12/07	9.80	9.85	9.50	9.60	5137295	49392508.00
2018/12/10	9.46	9.55	9.36	9.44	3158863	29797536.00
2018/12/11	9.50	9.61	9.38	9.50	2748123	26035398.00
2018/12/12	9.59	9.62	9.46	9.47	2317512	22060728.00
2018/12/13	9.58	9.63	9.45	9.55	2756190	26357176.00
2018/12/14	9.53	9.84	9.44	9.59	6850570	66278860.00
2018/12/17	9.45	9.58	9.32	9.45	3278243	30810998.00
2018/12/18	9.38	9.42	9.21	9.33	2740376	25522556.00
2018/12/19	9.39	9.42	8.96	8.96	3935200	35848028.00
2018/12/20	8.95	9.11	8.95	9.03	1777422	16036244.00
2018/12/21	9.05	9.05	8.85	8.93	2081797	18594588.00
2018/12/24	8.90	9.03	8.85	8.97	2540462	22719424.00
2018/12/25	8.85	8.85	8.66	8.75	4141500	36167212.00
2018/12/26	8.83	8.90	8.75	8.90	2281595	20118772.00
2018/12/27	9.00	9.06	8.69	8.69	3894589	34555564.00
2018/12/28	8.74	8.78	8.49	8.51	2566243	22158336.00
2019/01/02	8.66	8.66	8.45	8.46	2581470	21981422.00
2019/01/03	8.45	8.50	8.12	8.13	5826618	47973844.00
数据来源:通达信
