300208 恒顺众N 日线 前复权
      日期	    开盘	    最高	    最低	    收盘	    成交量	    成交额
2011/04/26	2.32	2.32	2.22	2.24	4086439	95743656.00
2011/04/27	2.25	2.27	2.14	2.14	1609301	36555800.00
2011/04/28	2.13	2.20	2.12	2.17	1156821	25909582.00
2011/04/29	2.16	2.17	2.12	2.15	504004	11230447.00
2011/05/03	2.14	2.18	2.12	2.15	496627	11106013.00
2011/05/04	2.15	2.15	2.08	2.08	757169	16526320.00
2011/05/05	2.08	2.09	2.06	2.08	337026	7295425.50
2011/05/06	2.07	2.09	2.06	2.08	283291	6121933.50
2011/05/09	2.09	2.11	2.08	2.10	264068	5762798.00
2011/05/10	2.09	2.10	2.07	2.09	219186	4755259.50
2011/05/11	2.08	2.10	2.07	2.08	262827	5688836.50
2011/05/12	2.07	2.11	2.07	2.08	259489	5639907.00
2011/05/13	2.07	2.12	2.07	2.12	314323	6870965.00
2011/05/16	2.13	2.13	2.10	2.11	240661	5288752.00
2011/05/17	2.11	2.11	2.08	2.10	243691	5309496.50
2011/05/18	2.09	2.10	2.07	2.08	260948	5654182.00
2011/05/19	2.09	2.11	2.07	2.09	218356	4748996.50
2011/05/20	2.08	2.09	2.07	2.08	113249	2448688.75
2011/05/23	2.07	2.08	1.97	1.98	428287	8949985.00
2011/05/24	1.97	2.01	1.94	1.99	258571	5334168.50
2011/05/25	1.99	1.99	1.94	1.94	185690	3792423.00
2011/05/26	1.98	1.98	1.89	1.89	231158	4635285.50
2011/05/27	1.89	1.90	1.85	1.85	190136	3713645.00
2011/05/30	1.85	1.88	1.83	1.85	135061	2627320.50
2011/05/31	1.87	1.89	1.84	1.89	116700	2276232.00
2011/06/01	1.89	1.90	1.87	1.89	97400	1920323.00
2011/06/02	1.88	1.88	1.84	1.85	136200	2628248.50
2011/06/03	1.85	1.89	1.85	1.88	76450	1500952.50
2011/06/07	1.88	1.89	1.86	1.88	75035	1472623.00
2011/06/08	1.86	1.88	1.86	1.88	60863	1186844.00
2011/06/09	1.87	1.88	1.85	1.85	74309	1443993.75
2011/06/10	1.85	1.85	1.81	1.82	161259	3073774.50
2011/06/13	1.82	1.84	1.80	1.83	60696	1154737.88
2011/06/14	1.83	1.86	1.82	1.85	89172	1717897.50
2011/06/15	1.85	1.86	1.82	1.82	82663	1587493.38
2011/06/16	1.82	1.82	1.79	1.79	95920	1807599.75
2011/06/17	1.79	1.80	1.77	1.78	65719	1230456.88
2011/06/21	1.78	1.80	1.78	1.80	167005	3119683.25
2011/06/22	1.81	1.81	1.78	1.78	70149	1311604.38
2011/06/23	1.79	1.83	1.78	1.83	187361	3557869.25
2011/06/24	1.83	1.87	1.82	1.86	246569	4767320.00
2011/06/27	1.86	1.89	1.86	1.87	197499	3871056.75
2011/06/28	1.86	1.88	1.86	1.88	127576	2494132.00
2011/06/29	1.88	1.88	1.84	1.85	125000	2439027.00
2011/06/30	1.89	1.89	1.86	1.87	151430	2958160.25
2011/07/01	1.88	1.91	1.87	1.89	160270	3161002.75
2011/07/04	1.91	1.92	1.89	1.92	252115	5023842.50
2011/07/05	1.92	1.92	1.90	1.92	156450	3119782.50
2011/07/06	1.92	1.97	1.91	1.96	269640	5474313.00
2011/07/07	1.96	2.04	1.95	1.98	647219	13457841.00
2011/07/08	1.99	1.99	1.93	1.96	366735	7507551.00
2011/07/11	1.94	1.99	1.94	1.97	117550	2411477.00
2011/07/12	1.96	1.96	1.91	1.91	309900	6257026.50
2011/07/13	1.91	1.97	1.91	1.96	252871	5130983.50
2011/07/14	1.95	2.01	1.95	2.01	358796	7432117.00
2011/07/15	2.01	2.06	1.99	2.05	709388	15113828.00
2011/07/18	2.06	2.08	2.04	2.05	300580	6425389.50
2011/07/19	2.04	2.04	2.00	2.01	278240	5847148.00
2011/07/20	2.01	2.05	2.00	2.04	269900	5705366.00
2011/07/21	2.03	2.05	2.00	2.01	128300	2693283.50
2011/07/22	2.00	2.13	2.00	2.06	585626	12649797.00
2011/07/25	2.05	2.07	1.98	1.99	333439	7048763.50
2011/07/26	1.98	2.01	1.92	1.94	610780	12376988.00
2011/07/27	1.93	2.00	1.93	1.99	536029	11033639.00
2011/07/28	1.98	2.02	1.96	1.99	369175	7613916.00
2011/07/29	1.99	2.01	1.94	1.95	410631	8415327.00
2011/08/01	1.95	1.98	1.92	1.98	411163	8368395.50
2011/08/02	1.96	1.98	1.92	1.97	361401	7314629.00
2011/08/03	1.95	2.05	1.94	2.01	789645	16513029.00
2011/08/04	2.01	2.03	1.96	1.97	616357	12768179.00
2011/08/05	1.92	1.94	1.89	1.92	405700	8130514.00
2011/08/08	1.90	1.91	1.73	1.80	365026	7002200.00
2011/08/09	1.77	1.85	1.74	1.82	306718	5745975.00
2011/08/10	1.85	1.87	1.83	1.84	238050	4607113.00
2011/08/11	1.83	1.87	1.80	1.87	254249	4918947.00
2011/08/12	1.89	1.91	1.87	1.89	245852	4853686.50
2011/08/16	1.92	1.92	1.89	1.90	270568	5387588.50
2011/08/17	1.90	1.91	1.88	1.90	202320	4003751.75
2011/08/18	1.90	1.91	1.89	1.89	219080	4331028.00
2011/08/19	1.85	1.90	1.85	1.89	199255	3911413.25
2011/08/22	1.96	2.09	1.96	2.09	3089344	66589176.00
2011/08/23	2.12	2.30	2.12	2.29	5161950	117686872.00
2011/08/24	2.27	2.39	2.24	2.35	4237734	101308128.00
2011/08/25	2.33	2.37	2.28	2.36	2795727	67302480.00
2011/08/26	2.36	2.40	2.31	2.36	2629305	64139244.00
2011/08/29	2.34	2.47	2.33	2.40	3391723	84320232.00
2011/08/30	2.40	2.40	2.29	2.33	2908015	70406192.00
2011/08/31	2.33	2.35	2.26	2.33	1834984	43910064.00
2011/09/01	2.34	2.36	2.30	2.33	1704114	41072512.00
2011/09/02	2.33	2.35	2.23	2.25	1733549	40783780.00
2011/09/05	2.21	2.26	2.21	2.24	1323562	30744214.00
2011/09/06	2.23	2.24	2.13	2.17	1587363	35798036.00
2011/09/07	2.20	2.26	2.16	2.23	1577678	36199864.00
2011/09/08	2.23	2.26	2.13	2.13	1560232	35502748.00
2011/09/09	2.11	2.14	2.09	2.14	1042320	22942216.00
2011/09/13	2.12	2.13	2.06	2.10	714570	15555753.00
2011/09/14	2.11	2.17	2.07	2.17	1135557	25037700.00
2011/09/15	2.16	2.18	2.14	2.15	877129	19637300.00
2011/09/16	2.16	2.16	2.08	2.09	838159	18528176.00
2011/09/19	2.07	2.07	2.00	2.00	877540	18498904.00
2011/09/20	2.01	2.04	1.99	2.02	442000	9277577.00
2011/09/21	2.01	2.09	2.01	2.09	770123	16587976.00
2011/09/22	2.06	2.09	1.99	2.00	777636	16480429.00
2011/09/23	1.96	2.00	1.95	1.99	381938	7864718.00
2011/09/26	1.99	2.00	1.97	1.99	292394	6049050.50
2011/09/27	2.02	2.03	1.96	2.00	483812	10099907.00
2011/09/28	2.02	2.03	1.96	1.96	429207	8895401.00
2011/09/29	1.93	1.98	1.89	1.91	577071	11615125.00
2011/09/30	1.93	1.93	1.89	1.92	372031	7403853.50
2011/10/10	1.95	1.95	1.90	1.92	449804	9029761.00
2011/10/11	1.96	2.01	1.92	1.94	752065	15466691.00
2011/10/12	1.92	2.02	1.89	2.01	1285032	26354250.00
2011/10/13	2.01	2.05	1.99	2.05	1015336	21437272.00
2011/10/14	2.05	2.06	2.00	2.03	602450	12676014.00
2011/10/17	2.04	2.08	2.02	2.04	808652	17222094.00
2011/10/18	2.04	2.05	1.95	1.96	717940	15014027.00
2011/10/19	1.98	1.99	1.94	1.94	502824	10290159.00
2011/10/20	1.99	2.04	1.95	1.96	1245895	25748622.00
2011/10/21	1.90	1.91	1.83	1.84	963305	18762650.00
2011/10/24	1.81	1.87	1.77	1.84	707951	13450402.00
2011/10/25	1.83	1.91	1.83	1.89	937707	18418734.00
2011/10/26	1.90	1.94	1.87	1.91	902545	18009842.00
2011/10/27	1.91	1.96	1.89	1.91	640756	12888294.00
2011/10/28	1.94	1.95	1.91	1.95	737423	14875339.00
2011/10/31	1.95	2.01	1.95	1.98	857066	17688690.00
2011/11/01	1.96	1.99	1.93	1.96	667425	13662829.00
2011/11/02	1.94	2.05	1.91	2.05	1369924	28439908.00
2011/11/03	2.06	2.12	2.02	2.03	1538833	33325134.00
2011/11/04	2.06	2.11	2.04	2.07	1085756	23438680.00
2011/11/07	2.09	2.09	2.05	2.06	567844	12183371.00
2011/11/08	2.06	2.14	2.05	2.06	1274046	27801662.00
2011/11/09	2.06	2.13	2.05	2.13	1204625	26229586.00
2011/11/10	2.10	2.15	2.10	2.13	1415355	31267646.00
2011/11/11	2.13	2.13	2.06	2.07	1285024	28020916.00
2011/11/14	2.10	2.17	2.09	2.15	1346151	29833870.00
2011/11/15	2.15	2.16	2.10	2.13	848608	18760900.00
2011/11/16	2.13	2.15	2.05	2.06	852502	18537468.00
2011/11/17	2.06	2.16	2.05	2.12	1167329	25579950.00
2011/11/18	2.10	2.11	2.05	2.07	704852	15242343.00
2011/11/21	2.06	2.08	1.99	2.04	563751	11955771.00
2011/11/22	2.00	2.04	1.97	2.02	407775	8511244.00
2011/11/23	2.01	2.12	2.01	2.08	903557	19544832.00
2011/11/24	2.05	2.08	2.02	2.07	676309	14433755.00
2011/11/25	2.06	2.12	2.05	2.10	946428	20646536.00
2011/11/28	2.10	2.16	2.09	2.12	936871	20709074.00
2011/11/29	2.13	2.14	2.08	2.12	1042494	22802764.00
2011/11/30	2.12	2.12	1.95	1.97	1111331	23497642.00
2011/12/02	1.99	2.01	1.98	2.00	781937	16245403.00
2011/12/05	1.98	2.00	1.87	1.89	412380	8345309.00
2011/12/06	1.89	1.93	1.88	1.91	334614	6659426.00
2011/12/07	1.92	1.93	1.90	1.93	200180	4009383.50
2011/12/08	1.91	1.97	1.91	1.95	340479	6918178.00
2011/12/09	1.93	1.97	1.93	1.95	147275	3002119.25
2011/12/12	1.95	1.98	1.92	1.92	151712	3071791.50
2011/12/13	1.92	1.92	1.87	1.89	344882	6780901.50
2011/12/14	1.87	1.90	1.84	1.86	177301	3467374.75
2011/12/15	1.84	1.88	1.84	1.85	216636	4206016.50
2011/12/16	1.84	1.90	1.82	1.90	242391	4714873.00
2011/12/19	1.89	1.93	1.84	1.93	256159	5061632.00
2011/12/20	1.91	1.95	1.91	1.93	222498	4482668.00
2011/12/21	1.94	1.94	1.87	1.87	230800	4599285.00
2011/12/22	1.86	1.88	1.79	1.85	219681	4207759.50
2011/12/23	1.85	1.89	1.84	1.86	111789	2178358.75
2011/12/27	1.85	1.85	1.75	1.75	203200	3817334.00
2011/12/28	1.75	1.75	1.64	1.69	376822	6654366.00
2011/12/29	1.67	1.70	1.66	1.67	243925	4288766.50
2011/12/30	1.68	1.71	1.67	1.69	375299	6644649.50
2012/01/04	1.72	1.72	1.62	1.62	213425	3768056.50
2012/01/05	1.62	1.62	1.53	1.53	451521	7411723.50
2012/01/06	1.52	1.56	1.49	1.55	158672	2538390.00
2012/01/09	1.54	1.62	1.52	1.62	303268	5063474.00
2012/01/10	1.60	1.67	1.60	1.67	333277	5781389.00
2012/01/11	1.65	1.68	1.65	1.66	230249	4036586.75
2012/01/12	1.65	1.68	1.64	1.65	175549	3056945.25
2012/01/13	1.66	1.66	1.54	1.54	251400	4193211.50
2012/01/16	1.54	1.54	1.50	1.51	136442	2183694.75
2012/01/17	1.50	1.59	1.50	1.59	151544	2486358.00
2012/01/18	1.61	1.67	1.56	1.61	590192	9983466.00
2012/01/19	1.57	1.75	1.57	1.72	653232	11584327.00
2012/01/20	1.72	1.72	1.68	1.70	461853	8195373.00
2012/01/30	1.71	1.71	1.67	1.67	293845	5218877.50
2012/01/31	1.66	1.67	1.64	1.66	144438	2507067.75
2012/02/01	1.66	1.68	1.65	1.67	392762	6872901.00
2012/02/02	1.66	1.70	1.65	1.69	120901	2131692.25
2012/02/03	1.70	1.73	1.69	1.73	526366	9497264.00
2012/02/06	1.74	1.75	1.71	1.72	345218	6253040.50
2012/02/07	1.69	1.72	1.67	1.68	190039	3378795.00
2012/02/08	1.69	1.73	1.68	1.73	228390	4109663.00
2012/02/09	1.72	1.76	1.72	1.74	331062	6044829.00
2012/02/10	1.73	1.75	1.72	1.74	207479	3784362.75
2012/02/13	1.73	1.81	1.73	1.79	885517	16568744.00
2012/02/14	1.78	1.79	1.76	1.78	272455	5071814.00
2012/02/15	1.79	1.81	1.77	1.80	309361	5793618.00
2012/02/16	1.80	1.81	1.76	1.79	283400	5309978.50
2012/02/17	1.81	1.81	1.77	1.80	167049	3130210.25
2012/02/20	1.81	1.82	1.78	1.80	589788	11151638.00
2012/02/21	1.80	1.84	1.79	1.84	474063	8984299.00
2012/02/22	1.83	1.89	1.82	1.89	644114	12588190.00
2012/02/23	1.89	1.92	1.86	1.90	483465	9522044.00
2012/02/24	1.88	1.96	1.88	1.94	795798	15989786.00
2012/02/27	1.95	2.02	1.94	1.96	1151507	23903480.00
2012/02/28	1.95	2.00	1.90	1.92	914526	18485188.00
2012/02/29	1.92	1.93	1.88	1.89	345319	6870331.50
2012/03/01	1.88	1.92	1.88	1.90	288039	5720947.00
2012/03/02	1.90	1.94	1.90	1.92	362959	7261218.00
2012/03/05	1.92	1.93	1.89	1.90	440190	8753222.00
2012/03/06	1.90	1.90	1.85	1.87	273851	5357241.00
2012/03/07	1.86	1.90	1.85	1.87	257100	5048921.00
2012/03/08	1.89	1.91	1.88	1.90	203730	4029640.75
2012/03/09	1.91	1.99	1.91	1.99	853367	17503938.00
2012/03/12	2.00	2.06	1.98	2.00	869356	18236384.00
2012/03/13	2.00	2.02	1.97	2.01	554749	11495761.00
2012/03/14	2.02	2.04	1.90	1.92	900655	18691972.00
2012/03/15	1.94	1.99	1.91	1.99	515701	10473490.00
2012/03/16	1.98	2.05	1.97	2.04	591473	12345062.00
2012/03/19	2.04	2.13	2.02	2.11	947459	20472086.00
2012/03/20	2.11	2.12	2.06	2.09	728250	15861381.00
2012/03/21	2.09	2.11	1.98	2.02	980147	20808372.00
2012/03/22	2.00	2.03	2.00	2.02	451522	9466229.00
2012/03/23	2.00	2.04	1.94	1.98	701458	14629970.00
2012/03/26	1.97	2.06	1.97	2.04	1152550	24320214.00
2012/03/27	2.07	2.13	2.05	2.05	2521540	54765620.00
2012/03/28	2.04	2.04	1.90	1.91	1179826	24226074.00
2012/03/29	1.87	1.93	1.87	1.89	601287	11930153.00
2012/03/30	1.92	1.92	1.88	1.91	376641	7489199.50
2012/04/05	1.91	1.97	1.91	1.96	672245	13578043.00
2012/04/06	1.95	1.97	1.95	1.96	378009	7722600.00
2012/04/09	1.96	1.96	1.94	1.96	286651	5845200.50
2012/04/10	1.96	2.01	1.90	1.97	365897	7403079.50
2012/04/11	1.94	1.97	1.92	1.96	197489	4019881.50
2012/04/12	1.98	2.00	1.95	1.98	372780	7682060.50
2012/04/13	1.97	2.01	1.97	2.00	356794	7406724.00
2012/04/17	2.00	2.00	1.92	1.93	593383	12053126.00
2012/04/18	1.94	1.98	1.92	1.97	329230	6715166.50
2012/04/19	1.97	1.99	1.96	1.98	180271	3701192.75
2012/04/20	1.96	2.02	1.96	2.02	468016	9745408.00
2012/04/23	2.03	2.03	1.92	1.94	461543	9399615.00
2012/04/24	1.92	1.95	1.87	1.89	388116	7723725.50
2012/04/25	1.89	1.90	1.86	1.88	240189	4725532.50
2012/04/26	1.88	1.91	1.88	1.89	130260	2576659.50
2012/04/27	1.90	1.93	1.89	1.91	118725	2364281.25
2012/05/02	1.93	1.97	1.91	1.96	310574	6322360.00
2012/05/03	1.95	2.07	1.95	2.05	773556	16325413.00
2012/05/04	2.07	2.07	2.00	2.05	421764	9007892.00
2012/05/07	2.03	2.14	2.02	2.14	769533	16823070.00
2012/05/08	2.15	2.22	2.14	2.15	1304453	29550982.00
2012/05/09	2.12	2.14	2.08	2.09	673328	14727111.00
2012/05/10	2.08	2.15	2.08	2.14	536764	11884195.00
2012/05/11	2.12	2.15	2.11	2.12	368434	8144651.00
2012/05/14	2.14	2.17	2.06	2.08	547609	11962786.00
2012/05/15	2.04	2.12	2.04	2.07	578745	12585972.00
2012/05/16	2.06	2.09	2.01	2.01	724128	7592993.00
2012/05/17	2.01	2.07	1.99	2.02	489431	5099100.00
2012/05/18	1.98	1.99	1.92	1.92	832047	8351225.50
2012/05/21	1.91	1.93	1.84	1.85	796564	7750050.50
2012/05/22	1.87	1.90	1.86	1.90	480216	4648770.00
2012/05/23	1.90	1.91	1.88	1.90	457018	4472906.00
2012/05/24	1.89	1.91	1.86	1.88	430462	4195153.50
2012/05/25	1.88	1.88	1.83	1.84	549658	5273276.00
2012/05/28	1.82	1.89	1.82	1.89	726833	7033591.50
2012/05/29	1.90	1.93	1.89	1.92	358677	3542040.75
2012/05/30	1.92	1.95	1.92	1.94	319500	3191876.00
2012/05/31	1.94	2.07	1.94	2.02	758411	7838137.00
2012/06/01	2.02	2.06	1.98	2.03	698553	7323124.00
2012/06/04	2.03	2.11	1.99	2.06	1366058	14642302.00
2012/06/05	2.06	2.09	2.04	2.08	724671	7729273.50
2012/06/06	2.11	2.28	2.11	2.19	3532323	40173832.00
2012/06/07	2.18	2.24	2.16	2.21	1608370	18180768.00
2012/06/08	2.21	2.24	2.16	2.18	1222285	13714647.00
2012/06/11	2.19	2.29	2.19	2.29	2200143	25477838.00
2012/06/12	2.27	2.29	2.21	2.25	919489	10598105.00
2012/06/13	2.25	2.28	2.20	2.23	1048789	12112334.00
2012/06/14	2.21	2.24	2.19	2.20	1087779	12388658.00
2012/06/15	2.20	2.24	2.16	2.19	518651	5859376.50
2012/06/18	2.19	2.39	2.19	2.35	2310323	27480994.00
2012/06/19	2.34	2.34	2.28	2.30	1221341	14459104.00
2012/06/20	2.31	2.35	2.30	2.35	1271680	15147240.00
2012/06/21	2.35	2.53	2.32	2.45	3385333	42481592.00
2012/06/25	2.45	2.51	2.41	2.44	1724101	21684058.00
2012/06/26	2.43	2.43	2.25	2.37	864531	10494141.00
2012/06/27	2.36	2.41	2.34	2.38	616127	7539527.50
2012/06/28	2.37	2.39	2.28	2.28	1196308	14356115.00
2012/06/29	2.24	2.24	2.14	2.20	1170394	13133843.00
2012/07/02	2.19	2.39	2.19	2.38	1366630	16198372.00
2012/07/03	2.41	2.41	2.34	2.35	905698	11013113.00
2012/07/04	2.35	2.41	2.31	2.35	1388132	16719923.00
2012/07/05	2.30	2.34	2.30	2.34	541236	6440807.50
2012/07/06	2.36	2.40	2.31	2.38	610410	7383916.00
2012/07/09	2.35	2.44	2.32	2.33	589479	7145655.00
2012/07/10	2.38	2.40	2.19	2.23	630099	7313349.50
2012/07/11	2.23	2.27	2.22	2.27	306662	3544784.25
2012/07/12	2.27	2.33	2.25	2.32	489316	5762900.50
2012/07/13	2.33	2.36	2.29	2.33	465730	5551501.00
2012/07/16	2.31	2.32	2.24	2.25	676653	7906186.50
2012/07/17	2.24	2.28	2.22	2.28	299862	3477359.75
2012/07/18	2.22	2.28	2.22	2.27	237256	2748351.00
2012/07/19	2.25	2.32	2.25	2.30	413210	4877231.50
2012/07/20	2.27	2.28	2.23	2.25	695749	8027743.50
2012/07/23	2.24	2.25	2.14	2.23	504347	5701466.50
2012/07/24	2.21	2.24	2.20	2.23	201120	2296434.25
2012/07/25	2.20	2.24	2.18	2.21	173048	1961489.75
2012/07/26	2.21	2.27	2.21	2.22	228699	2638622.75
2012/07/27	2.21	2.27	2.18	2.25	244420	2829027.00
2012/07/30	2.26	2.31	2.26	2.26	182609	2143797.50
2012/07/31	2.27	2.40	2.25	2.34	1231807	14748034.00
2012/09/03	2.10	2.18	2.10	2.10	3515322	38219320.00
2012/09/04	2.10	2.13	2.08	2.11	1516935	16413001.00
2012/09/05	2.09	2.12	2.08	2.11	872533	9455816.00
2012/09/06	2.10	2.13	2.10	2.12	933285	10138674.00
2012/09/07	2.13	2.27	2.12	2.23	1617510	18129562.00
2012/09/10	2.22	2.33	2.19	2.32	1409342	16524716.00
2012/09/11	2.31	2.33	2.26	2.32	942085	11155808.00
2012/09/12	2.32	2.37	2.30	2.34	703477	8405211.00
2012/09/13	2.34	2.36	2.26	2.26	612681	7288973.00
2012/09/14	2.28	2.32	2.21	2.23	996999	11481153.00
2012/09/17	2.23	2.28	2.12	2.16	655063	7367019.50
2012/09/18	2.18	2.18	2.11	2.15	303594	3362076.00
2012/09/19	2.17	2.19	2.13	2.16	374784	4145808.00
2012/09/20	2.14	2.15	2.04	2.04	687702	7392672.00
2012/09/21	2.05	2.07	2.01	2.02	188670	1989396.75
2012/09/24	1.96	2.02	1.96	2.02	187850	1937641.50
2012/09/25	2.01	2.05	1.94	1.95	196210	2000942.25
2012/09/26	1.97	1.97	1.86	1.87	202980	1995398.75
2012/09/27	1.88	1.97	1.86	1.94	485562	4825216.50
2012/09/28	1.94	1.99	1.92	1.98	504056	5128811.50
2012/10/08	1.98	1.99	1.95	1.97	158344	1608707.13
2012/10/09	1.98	2.04	1.97	2.03	396211	4121716.25
2012/10/10	2.03	2.05	2.00	2.05	257769	2698002.00
2012/10/11	2.02	2.06	2.02	2.02	207300	2174287.00
2012/10/12	2.01	2.04	2.00	2.01	112038	1163639.50
2012/10/15	2.02	2.04	1.99	2.00	157481	1642007.63
2012/10/16	2.00	2.09	2.00	2.05	976026	10413932.00
2012/10/17	2.06	2.07	2.04	2.06	109832	1164224.75
2012/10/18	1.97	2.12	1.91	2.10	503230	5429106.50
2012/10/19	2.09	2.14	2.08	2.10	197590	2134462.50
2012/10/22	2.08	2.10	2.05	2.06	672398	7166052.00
2012/10/23	2.07	2.08	1.98	1.98	376421	3905892.75
2012/10/24	1.98	2.00	1.97	1.97	245567	2517591.50
2012/10/25	1.98	2.01	1.97	2.00	204829	2097939.50
2012/10/26	1.99	2.00	1.92	1.94	165882	1664618.75
2012/10/29	1.90	1.98	1.90	1.93	125800	1258220.00
2012/10/30	1.93	1.97	1.93	1.95	123547	1245215.25
2012/10/31	1.97	1.98	1.95	1.96	301748	3057509.25
2012/11/01	1.96	2.02	1.95	2.02	391564	4020176.25
2012/11/02	2.02	2.02	1.99	2.01	98100	1011467.56
2012/11/05	2.00	2.04	1.99	2.03	189757	1981565.63
2012/11/06	2.05	2.13	2.03	2.10	676622	7236234.00
2012/11/07	2.08	2.11	2.06	2.09	153884	1653593.75
2012/11/08	2.05	2.09	2.01	2.01	207400	2194703.00
2012/11/09	2.03	2.10	2.02	2.10	208199	2218416.00
2012/11/12	2.13	2.31	2.09	2.31	2298810	26507528.00
2012/11/13	2.31	2.41	2.22	2.24	2168612	25989536.00
2012/11/14	2.18	2.27	2.18	2.24	1064072	12139749.00
2012/11/15	2.22	2.22	2.13	2.14	857489	9557933.00
2012/11/16	2.10	2.17	2.04	2.06	635203	6835500.50
2012/11/19	2.06	2.11	2.04	2.10	370718	3970469.50
2012/11/20	2.13	2.21	2.11	2.18	597924	6685189.50
2012/11/21	2.18	2.30	2.14	2.30	1263757	14544215.00
2012/11/22	2.28	2.35	2.26	2.34	1325217	15808031.00
2012/11/23	2.34	2.41	2.30	2.37	1568259	19119424.00
2012/11/26	2.37	2.61	2.37	2.57	4400344	56927692.00
2012/11/27	2.45	2.51	2.40	2.49	2254273	28383112.00
2012/11/28	2.44	2.46	2.29	2.33	1407044	17138064.00
2012/11/29	2.28	2.40	2.27	2.33	1208404	14553085.00
2012/11/30	2.30	2.37	2.30	2.35	713536	8558002.00
2012/12/03	2.37	2.38	2.23	2.24	1107810	13019455.00
2012/12/04	2.22	2.27	2.01	2.25	1265746	13861896.00
2012/12/05	2.22	2.33	2.17	2.30	1427529	16730726.00
2012/12/06	2.31	2.32	2.24	2.28	657787	7669871.50
2012/12/07	2.23	2.47	2.23	2.47	1781081	21882686.00
2012/12/10	2.53	2.53	2.42	2.45	1746920	21927364.00
2012/12/11	2.45	2.61	2.43	2.47	2388724	30983102.00
2012/12/12	2.47	2.57	2.37	2.56	1971595	25189692.00
2012/12/13	2.55	2.57	2.47	2.50	1472828	18974246.00
2012/12/14	2.47	2.62	2.47	2.58	2262897	29650628.00
2012/12/17	2.55	2.78	2.52	2.70	2564342	34929184.00
2012/12/18	2.67	2.75	2.67	2.70	1514008	20987614.00
2012/12/19	2.68	2.73	2.67	2.72	797089	11050596.00
2012/12/20	2.72	2.82	2.64	2.72	1834681	25593170.00
2012/12/21	2.70	2.74	2.66	2.71	1065093	14728206.00
2012/12/24	2.72	2.83	2.69	2.82	1624026	22940508.00
2012/12/25	2.80	2.91	2.80	2.87	1846885	27033140.00
2012/12/26	2.86	2.94	2.83	2.93	1104401	16251975.00
2012/12/27	2.93	2.93	2.74	2.75	1298838	18748932.00
2012/12/28	2.74	2.79	2.71	2.75	939911	13200067.00
2012/12/31	2.79	2.79	2.70	2.71	981120	13706863.00
2013/01/04	2.73	2.91	2.73	2.84	1003543	14533883.00
2013/01/07	2.84	2.91	2.79	2.83	856167	12410258.00
2013/01/08	2.82	2.86	2.76	2.81	1277222	18271214.00
2013/01/09	2.81	2.82	2.72	2.76	986361	13999514.00
2013/01/10	2.75	2.79	2.72	2.76	747321	10544970.00
2013/01/11	2.77	2.77	2.66	2.67	705421	9817528.00
2013/01/14	2.65	2.79	2.65	2.77	949671	13284017.00
2013/01/15	3.05	3.05	2.94	3.03	11773467	182224544.00
2013/01/16	2.94	3.07	2.90	3.06	5460645	83107264.00
2013/01/17	3.04	3.14	3.03	3.06	6285499	99379472.00
2013/01/18	3.04	3.07	2.98	3.03	2844061	43886536.00
2013/01/21	3.04	3.18	3.01	3.13	4561249	72389392.00
2013/01/22	3.10	3.10	2.93	3.05	3743296	57284264.00
2013/01/23	2.98	3.02	2.95	3.00	1531200	23324784.00
2013/01/24	3.00	3.03	2.81	2.84	2540023	37927228.00
2013/01/25	2.84	2.91	2.79	2.81	1829250	26608532.00
2013/01/28	2.83	2.88	2.81	2.87	1778373	25844488.00
2013/01/29	2.87	2.97	2.85	2.92	1651284	24710586.00
2013/01/30	2.93	2.96	2.88	2.93	1528688	22768350.00
2013/01/31	2.93	2.98	2.91	2.94	1233611	18466524.00
2013/02/01	2.93	2.99	2.92	2.97	1672793	25382968.00
2013/02/04	2.99	2.99	2.86	2.87	1831640	27232170.00
2013/02/05	2.86	2.88	2.81	2.87	1013520	14757248.00
2013/02/06	2.88	2.93	2.88	2.91	859597	12749795.00
2013/02/07	2.91	2.92	2.87	2.91	1029971	15206125.00
2013/02/08	2.90	3.10	2.90	3.05	2572348	39840460.00
2013/02/18	3.08	3.11	3.03	3.07	1765417	27677826.00
2013/02/19	3.04	3.06	2.96	2.96	1163101	17805592.00
2013/02/20	2.94	3.02	2.94	3.02	1348003	20621998.00
2013/02/21	3.00	3.01	2.92	3.00	1980253	29963398.00
2013/02/22	2.98	3.02	2.96	2.96	972225	14826049.00
2013/02/25	2.96	2.97	2.91	2.93	1065692	16012068.00
2013/02/26	2.91	3.04	2.91	2.97	1957319	29870040.00
2013/02/27	2.97	3.01	2.93	2.98	1741371	26414892.00
2013/02/28	2.92	2.92	2.81	2.86	4188296	61283168.00
2013/03/01	2.86	2.89	2.85	2.88	1647644	24148680.00
2013/03/04	2.86	2.89	2.74	2.76	1588755	23103204.00
2013/03/05	2.83	2.83	2.74	2.78	1403432	19893262.00
2013/03/06	2.79	2.88	2.78	2.86	1159261	16809014.00
2013/03/07	2.86	2.88	2.81	2.82	837050	12179974.00
2013/03/08	2.82	2.85	2.76	2.77	487789	6985961.00
2013/03/11	2.77	2.81	2.77	2.77	415550	5916820.50
2013/03/12	2.76	2.84	2.72	2.74	1379271	19639426.00
2013/03/13	2.74	2.76	2.70	2.74	615951	8586742.00
2013/03/14	2.74	2.81	2.72	2.78	587902	8323336.50
2013/03/15	2.79	2.85	2.77	2.82	1029083	14806837.00
2013/03/18	2.77	2.82	2.77	2.78	437326	6247581.50
2013/03/19	2.85	3.06	2.84	2.92	2707431	40748780.00
2013/03/20	2.90	2.95	2.86	2.95	1597557	23830878.00
2013/03/21	2.95	3.02	2.92	3.01	2123644	32364130.00
2013/03/22	3.00	3.00	2.93	2.95	1526610	23005808.00
2013/03/25	2.94	2.99	2.88	2.90	1099929	16439885.00
2013/03/26	2.93	2.93	2.87	2.91	702329	10425993.00
2013/03/27	2.92	2.93	2.87	2.88	540361	7990891.00
2013/03/28	2.87	2.99	2.87	2.92	2205768	33148048.00
2013/03/29	2.92	2.95	2.80	2.83	1159005	16889632.00
2013/04/01	2.83	2.89	2.81	2.83	700250	10221248.00
2013/04/02	2.84	2.89	2.70	2.74	1756541	12358503.00
2013/04/03	2.74	2.74	2.62	2.64	1418370	9559817.00
2013/04/08	2.59	2.61	2.50	2.61	1560416	10036213.00
2013/04/09	2.60	2.72	2.60	2.63	1120634	7495939.50
2013/04/10	2.63	2.68	2.55	2.63	1011405	6616255.50
2013/04/11	2.65	2.69	2.59	2.64	1216305	8086778.50
2013/04/12	2.64	2.65	2.57	2.59	707803	4641853.50
2013/04/15	2.59	2.60	2.47	2.47	1178455	7443388.00
2013/04/16	2.40	2.52	2.40	2.52	948225	5918890.50
2013/04/17	2.52	2.55	2.50	2.54	564541	3592782.75
2013/04/18	2.54	2.69	2.50	2.67	1659387	10886931.00
2013/04/19	2.64	2.68	2.62	2.65	3552816	23667082.00
2013/05/27	2.92	2.92	2.92	2.92	1051169	7726092.00
2013/05/28	3.21	3.21	3.12	3.21	29278714	235741552.00
2013/05/29	3.14	3.14	2.98	3.07	17371832	134055216.00
2013/05/30	3.02	3.14	3.00	3.03	10234564	78963376.00
2013/05/31	3.02	3.07	2.98	3.00	6095398	46350352.00
2013/06/03	2.96	3.00	2.88	2.90	6013786	44393020.00
2013/06/04	2.91	2.93	2.76	2.80	5218999	37277240.00
2013/06/05	2.77	2.83	2.76	2.80	3729097	26294548.00
2013/06/06	2.77	2.79	2.72	2.74	3655817	25395362.00
2013/06/07	2.74	2.75	2.60	2.62	4345585	29171168.00
2013/06/13	2.58	2.66	2.47	2.59	3441484	22088456.00
2013/06/14	2.58	2.75	2.58	2.64	5059047	33868452.00
2013/06/17	2.66	2.69	2.54	2.62	3281429	21688428.00
2013/06/18	2.60	2.65	2.54	2.60	2488018	16223265.00
2013/06/19	2.57	2.57	2.50	2.52	2349243	14995801.00
2013/06/20	2.50	2.51	2.42	2.42	2306883	14324628.00
2013/06/21	2.38	2.48	2.30	2.38	4467584	26776456.00
2013/06/24	2.38	2.40	2.22	2.28	3104829	18194660.00
2013/06/25	2.25	2.36	2.14	2.33	4740576	27581524.00
2013/06/26	2.33	2.52	2.30	2.48	7719129	47273492.00
2013/06/27	2.48	2.60	2.41	2.45	7922766	50355936.00
2013/06/28	2.44	2.52	2.38	2.45	4256091	26361904.00
2013/07/01	2.43	2.55	2.42	2.50	4651301	29129186.00
2013/07/02	2.47	2.56	2.46	2.51	5410789	34168636.00
2013/07/03	2.46	2.47	2.29	2.38	6662946	39986888.00
2013/07/04	2.38	2.42	2.31	2.34	3767853	22495038.00
2013/07/05	2.33	2.36	2.30	2.33	2809911	16501020.00
2013/07/08	2.21	2.25	2.14	2.16	2569922	14250902.00
2013/07/09	2.16	2.34	2.16	2.24	4670189	26520150.00
2013/07/10	2.20	2.32	2.19	2.26	4796152	27280992.00
2013/07/11	2.26	2.32	2.24	2.28	5912562	34058056.00
2013/07/12	2.28	2.50	2.28	2.36	9749835	58901508.00
2013/07/15	2.39	2.56	2.36	2.51	9625702	60064364.00
2013/07/16	2.49	2.61	2.46	2.56	10688259	68720128.00
2013/07/17	2.54	2.56	2.47	2.50	4647500	29369878.00
2013/07/18	2.48	2.63	2.45	2.58	9841925	63481548.00
2013/07/19	2.57	2.75	2.46	2.46	8740974	57105860.00
2013/07/22	2.27	2.31	2.21	2.22	10879739	61270184.00
2013/07/23	2.20	2.31	2.18	2.28	6705110	38190304.00
2013/07/24	2.27	2.29	2.23	2.26	4756473	27146186.00
2013/07/25	2.26	2.26	2.09	2.12	7199970	39269884.00
2013/07/26	2.09	2.12	2.04	2.06	3645575	19087130.00
2013/07/29	2.04	2.15	2.02	2.15	3859117	20452584.00
2013/07/30	2.12	2.16	2.09	2.10	2533761	13568359.00
2013/07/31	2.12	2.12	2.08	2.09	1671594	8865723.00
2013/08/01	2.09	2.16	2.08	2.15	3164975	17049592.00
2013/08/02	2.16	2.21	2.16	2.19	4545408	25153114.00
2013/08/05	2.21	2.22	2.17	2.21	2859815	15874426.00
2013/08/06	2.21	2.22	2.18	2.21	3404632	18939938.00
2013/08/07	2.20	2.21	2.14	2.15	3868361	21133868.00
2013/08/08	2.14	2.18	2.13	2.17	2340477	12755044.00
2013/08/09	2.16	2.18	2.12	2.16	2459023	13344084.00
2013/08/12	2.15	2.21	2.14	2.20	3571409	19679792.00
2013/08/13	2.20	2.28	2.19	2.28	4900526	27821592.00
2013/08/14	2.28	2.46	2.22	2.40	10644978	63543104.00
2013/08/15	2.38	2.39	2.30	2.30	4535954	26856640.00
2013/08/16	2.28	2.35	2.16	2.20	7014504	40227848.00
2013/08/19	2.18	2.30	2.16	2.24	5935717	33641944.00
2013/08/20	2.23	2.28	2.20	2.21	4590822	25905894.00
2013/08/21	2.20	2.22	2.18	2.22	2916355	16175191.00
2013/08/22	2.22	2.25	2.21	2.22	3100258	17447672.00
2013/08/23	2.23	2.25	2.12	2.18	4554569	25343438.00
2013/08/26	2.20	2.20	2.16	2.20	4384521	24159910.00
2013/08/27	2.20	2.23	2.17	2.23	4612519	25649108.00
2013/08/28	2.22	2.22	2.16	2.18	4805882	26571836.00
2013/08/29	2.18	2.26	2.17	2.19	3110086	17312698.00
2013/08/30	2.22	2.23	2.15	2.16	4210880	23385154.00
2013/09/02	2.16	2.21	2.14	2.21	2519009	13861877.00
2013/09/03	2.20	2.25	2.19	2.24	3921040	22057496.00
2013/09/04	2.26	2.30	2.22	2.24	4937087	28165984.00
2013/09/05	2.22	2.26	2.22	2.23	2790560	15758800.00
2013/09/06	2.24	2.24	2.19	2.22	2534060	14163449.00
2013/09/09	2.22	2.25	2.19	2.24	3635442	20410838.00
2013/09/10	2.24	2.24	2.21	2.23	3572464	20082820.00
2013/09/11	2.23	2.28	2.22	2.28	5979293	33947724.00
2013/09/12	2.28	2.33	2.26	2.30	5723137	33133346.00
2013/09/13	2.28	2.29	2.25	2.28	3253985	18661924.00
2013/09/16	2.28	2.32	2.26	2.26	3580722	20720960.00
2013/09/17	2.26	2.27	2.18	2.18	4015102	22398954.00
2013/09/18	2.16	2.21	2.14	2.18	2907340	15895581.00
2013/09/23	2.18	2.21	2.18	2.21	2240277	12446034.00
2013/09/24	2.21	2.37	2.20	2.30	6867750	39430296.00
2013/09/25	2.28	2.32	2.26	2.26	3783179	21824158.00
2013/09/26	2.26	2.49	2.25	2.34	15347264	92729744.00
2013/09/27	2.41	2.47	2.35	2.45	15279493	93006712.00
2013/09/30	2.44	2.60	2.41	2.56	12138582	76741424.00
2013/10/08	2.56	2.56	2.38	2.47	12427155	77324136.00
2013/10/09	2.42	2.50	2.42	2.44	9159816	56605788.00
2013/10/10	2.44	2.45	2.37	2.38	7104047	43128208.00
2013/10/11	2.40	2.41	2.35	2.38	5260314	31575398.00
2013/10/14	2.34	2.38	2.33	2.36	5159171	30734048.00
2013/10/15	2.36	2.36	2.31	2.32	5319313	31331012.00
2013/10/16	2.31	2.33	2.25	2.26	4763746	27416880.00
2013/10/17	2.25	2.29	2.25	2.27	3877448	22235490.00
2013/10/18	2.29	2.38	2.28	2.34	6291738	37174332.00
2013/10/21	2.34	2.36	2.30	2.35	6015140	35407424.00
2013/10/22	2.35	2.57	2.32	2.50	14428732	90393984.00
2013/10/23	2.45	2.48	2.36	2.38	9306452	56409084.00
2013/10/24	2.38	2.42	2.33	2.35	3917140	23483714.00
2013/10/25	2.37	2.37	2.25	2.27	4185357	24259680.00
2013/10/28	2.25	2.25	2.09	2.14	5555802	30224844.00
2013/10/29	2.14	2.16	2.05	2.09	5390299	28647832.00
2013/10/30	2.08	2.15	2.08	2.15	3037350	16250843.00
2013/10/31	2.13	2.18	2.12	2.17	2659603	14502727.00
2013/11/01	2.16	2.30	2.14	2.30	6049042	34307020.00
2013/11/04	2.30	2.35	2.26	2.27	2646444	15321663.00
2013/11/05	2.26	2.30	2.26	2.30	2273949	13104749.00
2013/11/06	2.32	2.39	2.27	2.28	3533544	20843698.00
2013/11/07	2.29	2.29	2.18	2.18	3408778	19196970.00
2013/11/08	2.18	2.18	2.12	2.18	1818345	9918388.00
2013/11/11	2.18	2.19	2.14	2.18	1397546	7624307.00
2013/11/12	2.18	2.20	2.18	2.19	1325822	7322893.50
2013/11/13	2.18	2.18	2.14	2.14	1064525	5799540.00
2013/11/14	2.14	2.18	2.12	2.18	1506938	8212996.50
2013/11/15	2.20	2.29	2.19	2.25	3811477	21647426.00
2013/11/18	2.25	2.32	2.25	2.31	4443804	25702802.00
2013/11/19	2.30	2.32	2.28	2.29	2448820	14208265.00
2013/11/20	2.31	2.33	2.26	2.32	4642354	26896442.00
2013/11/21	2.30	2.32	2.26	2.27	3274356	18857266.00
2013/11/22	2.27	2.36	2.27	2.34	7219302	42266696.00
2013/11/25	2.35	2.36	2.29	2.30	5614355	33054324.00
2013/11/26	2.32	2.34	2.30	2.33	3111507	18234380.00
2013/11/27	2.34	2.35	2.30	2.34	5185625	30501066.00
2013/11/28	2.36	2.36	2.32	2.34	4871113	28697326.00
2013/11/29	2.34	2.39	2.33	2.35	6534531	38955348.00
2013/12/02	2.26	2.26	2.11	2.11	10621616	57814000.00
2013/12/03	2.08	2.14	2.04	2.12	4056498	21548162.00
2013/12/04	2.12	2.18	2.10	2.14	3566286	19384796.00
2013/12/05	2.14	2.19	2.12	2.12	4005763	21783020.00
2013/12/06	2.13	2.17	2.12	2.17	3087333	16797666.00
2013/12/09	2.17	2.21	2.17	2.18	3390032	18729696.00
2013/12/10	2.18	2.19	2.15	2.17	2586521	14181473.00
2013/12/11	2.17	2.18	2.13	2.15	2258309	12309779.00
2013/12/12	2.14	2.17	2.14	2.16	2480308	13527732.00
2013/12/13	2.15	2.20	2.14	2.20	2689519	14796023.00
2013/12/16	2.20	2.22	2.17	2.19	3258513	18104014.00
2013/12/17	2.19	2.41	2.17	2.40	29239768	176628720.00
2013/12/18	2.34	2.39	2.29	2.32	14097562	82630520.00
2013/12/19	2.30	2.33	2.22	2.24	14558758	83812936.00
2013/12/20	2.24	2.26	2.18	2.20	8404009	46888096.00
2013/12/23	2.18	2.20	2.14	2.14	5159518	28325458.00
2013/12/24	2.15	2.19	2.14	2.17	5141860	28072990.00
2013/12/25	2.16	2.22	2.16	2.21	5032127	27820616.00
2013/12/26	2.20	2.20	2.14	2.14	5593119	30630562.00
2013/12/27	2.14	2.20	2.13	2.17	6361786	34787552.00
2013/12/30	2.17	2.25	2.16	2.23	12106594	67615624.00
2013/12/31	2.24	2.26	2.18	2.22	9364792	52389320.00
2014/01/02	2.21	2.30	2.20	2.27	10046306	57177212.00
2014/01/03	2.27	2.31	2.24	2.30	11924360	68729696.00
2014/01/06	2.30	2.31	2.16	2.17	9064259	50979804.00
2014/01/07	2.14	2.34	2.14	2.29	13460170	77190336.00
2014/01/08	2.28	2.37	2.28	2.32	17106411	100492992.00
2014/01/09	2.32	2.34	2.23	2.24	8949688	51665920.00
2014/01/10	2.23	2.29	2.21	2.26	6283569	35734368.00
2014/01/13	2.25	2.47	2.25	2.38	19448672	116621336.00
2014/01/14	2.38	2.44	2.33	2.43	14913035	89899960.00
2014/01/15	2.42	2.43	2.36	2.40	11867553	71797640.00
2014/01/16	2.40	2.47	2.38	2.41	10929938	66981392.00
2014/01/17	2.41	2.46	2.36	2.37	8862735	53841548.00
2014/01/20	2.37	2.39	2.28	2.32	7482763	44006044.00
2014/01/21	2.33	2.37	2.32	2.37	5631040	33409278.00
2014/01/22	2.38	2.43	2.35	2.42	8487533	51356968.00
2014/01/23	2.42	2.50	2.40	2.46	11088989	68586752.00
2014/01/24	2.46	2.48	2.43	2.46	10715954	66353440.00
2014/01/27	2.46	2.51	2.44	2.47	11670783	73000736.00
2014/01/28	2.50	2.50	2.39	2.46	8352582	51543204.00
2014/01/29	2.46	2.54	2.44	2.52	8076847	50778084.00
2014/01/30	2.52	2.60	2.50	2.53	5967520	38300984.00
2014/02/07	2.50	2.57	2.48	2.56	6551997	41906360.00
2014/02/10	2.60	2.64	2.54	2.60	8191732	53457344.00
2014/02/11	2.60	2.66	2.53	2.54	11335473	73822024.00
2014/02/12	2.54	2.64	2.52	2.63	9615632	62464536.00
2014/02/13	2.62	2.63	2.47	2.52	10819019	70063424.00
2014/02/14	2.50	2.75	2.50	2.70	13659015	89962112.00
2014/02/17	2.71	2.76	2.67	2.72	9301203	63572716.00
2014/02/18	2.72	2.99	2.66	2.89	24190998	175704784.00
2014/02/19	2.87	3.02	2.84	2.90	16684332	122724856.00
2014/02/20	2.89	2.90	2.75	2.76	19726350	139827440.00
2014/02/21	2.74	2.92	2.72	2.90	9440027	67388448.00
2014/02/24	2.88	3.06	2.87	3.06	13555396	101800552.00
2014/02/25	3.05	3.08	2.80	2.84	15407788	115121304.00
2014/02/26	2.84	2.94	2.67	2.92	8204831	58191600.00
2014/02/27	2.92	3.01	2.76	2.78	9433416	68719368.00
2014/02/28	2.72	2.79	2.66	2.73	6434653	44290480.00
2014/03/03	2.73	2.97	2.71	2.87	12045467	87399120.00
2014/03/04	2.84	2.91	2.78	2.87	10661942	76043120.00
2014/03/05	2.88	2.96	2.83	2.93	10748042	78978784.00
2014/03/06	2.92	3.04	2.86	2.97	11469035	85622248.00
2014/03/07	2.96	3.05	2.87	2.88	10466233	78038544.00
2014/03/10	2.85	2.94	2.77	2.79	7875436	56298744.00
2014/03/11	2.82	2.82	2.63	2.67	6109320	41850400.00
2014/03/12	2.68	2.71	2.54	2.61	6476074	42948524.00
2014/03/13	2.62	2.66	2.58	2.64	3884816	25819222.00
2014/03/14	2.63	2.66	2.58	2.61	3109158	20521842.00
2014/03/17	2.60	2.70	2.59	2.69	3705476	24808180.00
2014/03/18	2.68	2.73	2.67	2.70	3844022	26203418.00
2014/03/19	2.70	2.74	2.67	2.73	3151201	21512520.00
2014/03/20	2.74	2.77	2.62	2.62	2863871	19524934.00
2014/03/21	2.60	2.70	2.58	2.69	3567727	23739850.00
2014/03/24	2.68	2.71	2.67	2.68	2849381	19339682.00
2014/03/25	2.68	2.69	2.64	2.65	2368188	15918416.00
2014/03/26	2.64	2.70	2.63	2.69	2312619	15587970.00
2014/03/27	2.68	2.68	2.61	2.61	3448725	22878382.00
2014/03/28	2.64	2.64	2.47	2.48	4319670	27514960.00
2014/03/31	2.48	2.50	2.43	2.44	1854718	11508497.00
2014/04/01	2.46	2.51	2.44	2.50	1622313	10193518.00
2014/04/02	2.51	2.52	2.47	2.48	1325825	8326697.50
2014/04/03	2.51	2.52	2.48	2.52	1648215	10403867.00
2014/04/04	2.53	2.60	2.48	2.60	3733699	24065714.00
2014/04/08	2.56	2.61	2.56	2.58	1861147	12154022.00
2014/04/09	2.58	2.63	2.57	2.61	2511885	16507100.00
2014/04/10	2.63	2.73	2.61	2.68	5208067	35161080.00
2014/04/11	2.67	2.67	2.61	2.63	1961393	13023652.00
2014/04/14	2.65	2.75	2.62	2.70	3515845	23923558.00
2014/04/15	2.67	2.70	2.62	2.66	1614405	10835364.00
2014/04/16	2.69	2.69	2.61	2.65	1400882	9317229.00
2014/04/17	2.66	2.70	2.64	2.64	1728927	11629818.00
2014/04/18	2.61	2.65	2.60	2.64	1239164	8227213.00
2014/04/21	2.62	2.66	2.58	2.58	1530007	10147582.00
2014/04/22	2.58	2.60	2.48	2.53	2987224	19058668.00
2014/04/23	2.53	2.67	2.53	2.58	3695657	24254370.00
2014/04/24	2.54	2.59	2.52	2.53	1941071	12479232.00
2014/04/25	2.51	2.55	2.48	2.48	1846300	11726150.00
2014/04/28	2.48	2.62	2.43	2.50	6538696	41629912.00
2014/04/29	2.50	2.63	2.50	2.63	11633905	75763608.00
2014/04/30	2.62	2.74	2.61	2.70	7588621	51573128.00
2014/05/05	2.67	2.73	2.66	2.72	3859554	26273904.00
2014/05/06	2.70	2.82	2.68	2.76	6340211	44121948.00
2014/05/07	2.74	2.85	2.70	2.80	7167955	50520312.00
2014/05/08	2.78	2.89	2.74	2.88	8440469	59944976.00
2014/05/09	3.18	3.18	3.18	3.18	10799593	86396744.00
2014/05/12	3.50	3.50	3.50	3.50	2690929	23680176.00
2014/05/13	3.85	3.85	3.69	3.72	71131788	680008704.00
2014/05/14	3.74	3.94	3.68	3.76	68592927	656170432.00
2014/05/15	3.38	3.45	3.38	3.38	21429894	182608816.00
2014/05/16	3.42	3.72	3.38	3.72	55368962	504189312.00
2014/05/19	3.77	3.86	3.52	3.62	52855745	488149120.00
2014/05/20	3.74	3.81	3.32	3.38	48259492	427384608.00
2014/05/21	3.25	3.33	3.20	3.28	25123257	206181952.00
2014/05/22	3.26	3.34	3.21	3.22	23541700	193833168.00
2014/05/23	3.20	3.24	3.14	3.21	19240006	154501312.00
2014/05/26	3.22	3.34	3.20	3.27	28872738	238182544.00
2014/05/27	3.22	3.22	3.14	3.22	21839919	175050224.00
2014/05/28	3.30	3.37	3.24	3.25	31079299	258027728.00
2014/05/29	3.18	3.29	3.15	3.17	25623387	206607856.00
2014/05/30	3.16	3.46	3.14	3.33	42658846	357069888.00
2014/06/03	3.29	3.67	3.26	3.49	53056685	466567488.00
2014/06/04	3.39	3.40	3.17	3.24	32521715	267117296.00
2014/06/05	3.24	3.28	3.18	3.24	14759011	120079288.00
2014/06/06	3.24	3.25	3.16	3.20	12656445	101927024.00
2014/06/09	3.18	3.22	3.16	3.16	8095073	64861208.00
2014/06/10	3.15	3.23	3.14	3.22	10264390	82767120.00
2014/06/11	3.18	3.31	3.15	3.25	22827520	185764000.00
2014/06/12	3.18	3.19	3.12	3.15	17450992	138848480.00
2014/06/13	3.11	3.18	3.11	3.15	10961134	87117120.00
2014/06/16	3.14	3.20	3.14	3.19	10600948	84777304.00
2014/06/24	3.28	3.33	3.20	3.21	16656448	136648864.00
2014/06/25	3.17	3.18	3.04	3.07	12463135	96799944.00
2014/06/26	3.06	3.22	3.06	3.17	11770116	93381496.00
2014/06/27	3.19	3.20	3.11	3.15	10524768	83705000.00
2014/06/30	3.17	3.29	3.16	3.28	13606202	111102184.00
2014/07/01	3.33	3.57	3.33	3.33	23222002	199622272.00
2014/07/02	3.30	3.42	3.30	3.41	15907196	135010624.00
2014/07/03	3.50	3.56	3.42	3.42	15462099	134955920.00
2014/07/04	3.38	3.41	3.30	3.38	11727723	99104776.00
2014/07/07	3.33	3.38	3.32	3.33	7913167	66692572.00
2014/07/08	3.34	3.37	3.26	3.35	8899020	74169864.00
2014/07/09	3.33	3.43	3.31	3.32	10979677	93003344.00
2014/07/10	3.28	3.38	3.28	3.32	7388156	61883092.00
2014/07/11	3.31	3.37	3.30	3.32	6806534	57092176.00
2014/07/14	3.32	3.42	3.30	3.42	10415434	88258080.00
2014/07/15	3.42	3.42	3.32	3.35	8278105	70052184.00
2014/07/16	3.38	3.45	3.35	3.38	11834315	101399064.00
2014/07/17	3.40	3.50	3.36	3.49	14957233	129618152.00
2014/07/18	3.46	3.55	3.42	3.42	12183902	106515280.00
2014/07/21	3.38	3.38	3.29	3.31	9829080	82385400.00
2014/07/22	3.35	3.42	3.34	3.41	8339726	71041384.00
2014/07/23	3.39	3.40	3.24	3.26	9661907	80673520.00
2014/07/24	3.24	3.29	3.11	3.16	8974331	71936224.00
2014/07/25	3.18	3.28	3.14	3.22	7574298	61272636.00
2014/07/28	3.24	3.35	3.23	3.35	9758189	80923512.00
2014/07/29	3.31	3.50	3.30	3.41	14464976	123509128.00
2014/07/30	3.40	3.44	3.36	3.39	7872157	67187312.00
2014/07/31	3.38	3.73	3.38	3.73	34015550	313746496.00
2014/08/01	3.73	3.85	3.60	3.61	33466730	312919648.00
2014/08/04	3.59	3.66	3.56	3.63	13570976	123566056.00
2014/08/05	3.63	3.68	3.53	3.58	13910150	125702640.00
2014/08/06	3.56	3.65	3.54	3.62	10252174	93126312.00
2014/08/07	3.63	3.66	3.56	3.63	11504442	104564824.00
2014/08/08	3.62	3.73	3.60	3.64	13744578	126666176.00
2014/08/11	3.63	3.70	3.62	3.66	8001354	73684072.00
2014/08/12	3.65	3.67	3.59	3.63	8796841	80114320.00
2014/08/13	3.65	3.84	3.64	3.71	19614255	184176928.00
2014/08/14	4.08	4.08	3.97	4.08	23432870	239914944.00
2014/08/15	4.21	4.30	3.98	4.04	34705668	358075712.00
2014/08/18	4.06	4.44	3.99	4.44	37733579	402612288.00
2014/08/19	4.30	4.72	4.30	4.53	35647241	401690880.00
2014/08/20	4.48	4.48	4.32	4.35	18663608	206308768.00
2014/08/21	4.40	4.48	4.26	4.41	17268111	189819952.00
2014/08/22	4.36	4.40	4.27	4.32	11191396	121543896.00
2014/08/25	4.30	4.38	4.21	4.37	11053176	119264280.00
2014/08/26	4.51	4.58	4.25	4.27	17485358	194136784.00
2014/08/27	4.29	4.31	4.14	4.18	11489082	121616376.00
2014/08/28	4.10	4.20	4.10	4.11	7794429	81203496.00
2014/08/29	4.15	4.26	4.12	4.19	6912661	73007416.00
2014/09/01	4.21	4.28	4.20	4.23	5916023	63107316.00
2014/09/02	4.25	4.30	4.22	4.30	9219265	98511840.00
2014/09/03	4.46	4.49	4.35	4.37	15689462	174194912.00
2014/09/04	4.50	4.72	4.42	4.72	19491465	222857392.00
2014/09/05	4.86	5.08	4.84	4.89	25001560	310786496.00
2014/09/09	5.08	5.26	4.92	4.94	16892126	213099344.00
2014/09/10	4.69	4.80	4.58	4.74	18999685	224372352.00
2014/09/11	4.69	4.90	4.66	4.83	14470949	174128848.00
2014/09/12	4.74	4.82	4.72	4.80	7135570	85587024.00
2014/09/15	4.78	4.78	4.67	4.74	9623575	114124016.00
2014/09/16	4.72	4.72	4.46	4.46	15351945	176525568.00
2014/09/17	4.46	4.60	4.45	4.56	8279763	94286288.00
2014/09/18	4.55	4.61	4.48	4.58	5129634	58842884.00
2014/09/19	4.56	4.75	4.54	4.74	8353132	98484344.00
2014/09/22	4.75	4.92	4.70	4.78	10221461	123501488.00
2014/09/23	4.98	4.99	4.84	4.94	12107835	149513680.00
2014/09/24	4.96	4.96	4.87	4.93	8070245	99598688.00
2014/09/25	4.93	5.15	4.93	5.00	9481158	120417160.00
2014/09/26	4.94	5.00	4.85	4.87	8315326	102463912.00
2014/09/29	4.90	4.91	4.78	4.84	8226517	99783672.00
2014/09/30	4.88	4.92	4.86	4.90	6754509	82927560.00
2014/10/08	4.91	5.05	4.90	5.03	9238044	116076192.00
2014/10/09	5.06	5.08	4.89	4.96	10213988	127009216.00
2014/10/10	4.93	4.95	4.84	4.87	7071791	86860792.00
2014/10/13	4.83	4.90	4.70	4.90	6786773	81794824.00
2014/10/14	4.90	5.01	4.88	5.00	8347588	103290216.00
2014/10/15	5.00	5.14	4.94	5.09	12453843	158306752.00
2014/10/16	5.17	5.26	4.85	4.86	27903669	354633888.00
2014/10/17	4.74	4.75	4.56	4.69	12107797	142207536.00
2014/10/20	4.70	4.73	4.66	4.71	5430721	64080648.00
2014/10/21	4.70	4.71	4.60	4.60	6124366	71401088.00
2014/10/22	4.60	4.64	4.49	4.52	5081873	58545848.00
2014/10/23	4.50	4.53	4.39	4.45	4895736	54873720.00
2014/10/24	4.49	4.56	4.46	4.50	3629073	41239444.00
2014/10/27	4.52	4.61	4.46	4.59	2844876	32526356.00
2014/10/28	4.60	4.72	4.58	4.72	4991081	58417484.00
2014/10/29	4.78	4.84	4.66	4.72	9572179	113693368.00
2014/10/30	4.68	4.74	4.63	4.64	4970124	58414756.00
2014/10/31	4.64	4.68	4.50	4.58	6526891	74910280.00
2014/11/03	4.55	4.65	4.54	4.65	4626171	53424184.00
2014/11/04	4.61	4.71	4.58	4.68	4424721	51571560.00
2014/11/05	4.65	4.68	4.61	4.65	2864962	33419604.00
2014/11/06	4.64	4.72	4.62	4.70	3774510	44324088.00
2014/11/07	4.72	4.85	4.70	4.85	12924093	156076192.00
2014/11/10	4.88	4.90	4.80	4.82	6125270	74408792.00
2014/11/11	4.82	4.83	4.58	4.62	7891659	92483440.00
2014/11/12	4.84	4.93	4.74	4.74	17357647	208712112.00
2014/11/13	4.62	4.66	4.46	4.52	11295936	129727200.00
2014/11/14	4.46	4.52	4.40	4.40	6573999	73438744.00
2014/11/17	4.45	4.54	4.42	4.52	5126929	58021172.00
2014/11/18	4.52	4.60	4.49	4.54	3025671	34543200.00
2014/11/19	4.53	4.63	4.48	4.58	5648459	64491848.00
2014/11/20	4.58	4.60	4.50	4.52	2649118	30159930.00
2014/11/21	4.50	4.80	4.49	4.74	13389883	157691600.00
2014/11/24	4.75	5.00	4.75	4.96	17911086	220192432.00
2014/11/25	4.92	5.02	4.89	4.90	11794591	146656240.00
2014/11/26	4.93	5.01	4.84	4.91	9269992	114425896.00
2014/11/27	4.95	5.10	4.90	4.99	12159686	152634240.00
2014/11/28	4.98	5.00	4.84	4.87	10464001	128509128.00
2014/12/01	4.93	5.06	4.90	4.99	13115352	164328464.00
2014/12/02	4.99	5.49	4.91	5.38	21266233	280658368.00
2014/12/03	5.31	5.62	5.29	5.47	26151620	359764064.00
2014/12/04	5.57	5.62	5.36	5.48	13695404	187910848.00
2014/12/05	5.50	5.55	4.98	5.09	15350190	199765888.00
2014/12/08	5.02	5.41	4.88	5.28	12605773	164218432.00
2014/12/09	5.18	5.40	4.93	4.94	12496222	163293488.00
2014/12/10	4.86	5.14	4.86	5.11	7737097	98130960.00
2014/12/11	5.08	5.34	5.02	5.30	8325758	108166552.00
2014/12/12	5.25	5.58	5.25	5.48	11544161	158955456.00
2014/12/15	5.48	5.60	5.38	5.48	8741605	120632816.00
2014/12/16	5.53	5.54	5.26	5.32	8616841	115583960.00
2015/02/09	5.86	5.86	5.29	5.34	23353100	327792064.00
2015/02/10	5.34	5.42	5.18	5.25	8312771	109750592.00
2015/02/11	5.35	5.78	5.30	5.78	16749528	237966240.00
2015/02/12	5.94	6.18	5.78	6.08	19891173	299101312.00
2015/02/13	6.28	6.69	6.09	6.58	15028322	243515408.00
2015/02/16	6.67	7.01	6.65	6.93	14331513	246248400.00
2015/02/17	6.91	7.44	6.74	7.40	20935163	375142944.00
2015/02/25	7.85	7.92	7.50	7.74	21154365	410971232.00
2015/02/26	7.78	7.91	7.36	7.50	18779027	358266848.00
2015/02/27	7.49	7.72	7.43	7.61	11212588	213116480.00
2015/03/02	7.66	8.37	7.58	8.37	17361269	349765792.00
2015/03/03	8.49	9.04	8.33	8.54	18349020	399140608.00
2015/03/04	8.38	8.78	8.26	8.65	12689199	272901280.00
2015/03/05	8.51	9.26	8.40	9.17	15171715	340148736.00
2015/03/06	9.08	9.48	8.88	9.01	12914111	295702560.00
2015/03/09	8.85	9.88	8.69	9.58	12562002	295203936.00
2015/03/10	9.50	10.54	9.48	10.54	12958829	329976224.00
2015/03/11	11.02	11.59	10.54	10.62	28153785	783863616.00
2015/03/12	10.44	11.00	10.38	10.75	14687403	394354976.00
2015/03/13	10.70	11.49	10.70	11.13	11824469	329662912.00
2015/03/16	11.12	12.02	11.05	11.58	14934329	432268768.00
2015/03/17	11.55	11.66	11.06	11.40	18379673	523507264.00
2015/03/18	11.82	12.54	11.82	11.99	19840965	601841984.00
2015/03/19	11.88	11.99	11.68	11.77	11713695	345481952.00
2015/03/20	11.65	11.65	11.30	11.44	16599484	477208192.00
2015/03/23	11.58	11.81	11.38	11.58	11745719	342672576.00
2015/03/24	11.66	11.80	10.76	11.34	18271210	515142048.00
2015/03/25	11.22	11.71	11.14	11.49	12663123	363384768.00
2015/03/26	11.42	12.58	11.10	12.36	22892557	682767616.00
2015/03/27	12.22	12.58	12.02	12.58	11962043	369548576.00
2015/03/30	13.18	13.69	12.90	13.11	14098433	469409824.00
2015/03/31	13.28	13.28	12.69	12.89	10947199	355759328.00
2015/04/01	13.01	13.13	12.66	12.92	8363715	269685504.00
2015/04/02	12.93	13.58	12.70	13.31	12406055	409886464.00
2015/04/03	13.10	13.31	12.58	13.18	10487013	343805568.00
2015/04/07	13.62	14.33	13.51	13.62	10616298	367498400.00
2015/04/08	13.54	13.92	12.98	13.90	12639628	427745344.00
2015/04/09	13.74	14.62	13.18	14.42	13204754	460316064.00
2015/04/10	14.41	15.78	14.18	15.48	12798486	489446912.00
2015/04/13	15.71	16.16	15.33	15.76	11524424	454945760.00
2015/04/14	15.58	15.94	15.47	15.55	7602798	298284416.00
2015/04/15	15.26	17.10	15.18	16.50	13778600	555240384.00
2015/04/16	16.22	17.13	16.22	16.66	8554944	358179328.00
2015/04/17	16.70	18.33	16.50	18.33	13578317	599204416.00
2015/04/20	18.86	19.90	18.33	19.64	15205289	729705344.00
2015/04/21	19.64	20.21	18.85	19.77	11150271	544476352.00
2015/04/22	19.74	21.75	19.61	21.75	10508679	551180544.00
2015/04/23	21.98	23.37	20.78	21.12	17368119	952458368.00
2015/04/24	20.24	20.90	19.14	19.70	16040887	795321344.00
2015/04/27	20.98	21.66	20.30	21.61	17173687	907406976.00
2015/04/28	21.61	21.66	19.70	19.70	11969736	614441088.00
2015/04/29	19.18	20.37	18.98	19.79	10519885	519652192.00
2015/04/30	19.84	20.78	19.41	19.61	9301147	471960928.00
2015/05/04	19.34	19.78	17.98	19.09	10086275	475748768.00
2015/05/05	18.80	19.06	18.06	18.14	8285392	383035520.00
2015/05/06	18.82	19.89	18.78	19.22	10977249	531918944.00
2015/05/07	19.22	20.76	18.78	20.49	10865639	548253440.00
2015/05/08	21.56	21.58	20.98	21.34	10508761	559484224.00
2015/05/11	21.34	23.16	20.84	22.94	12531384	692220288.00
2015/05/12	23.10	25.23	22.70	25.23	16336240	987428544.00
2015/05/13	24.84	27.76	24.84	26.82	16678913	1121796992.00
2015/05/14	27.09	28.38	26.50	27.57	12860617	884436352.00
2015/05/15	28.58	30.33	27.18	30.33	16751412	1229299456.00
2015/05/18	30.37	33.36	30.37	33.36	12097520	967733056.00
2015/05/19	34.58	36.70	33.37	35.18	16787129	1491384576.00
2015/05/20	34.78	38.70	33.57	38.70	14014540	1256331392.00
2015/05/21	38.78	42.57	38.78	42.57	11650928	1199386624.00
2015/05/22	42.78	44.32	38.31	38.31	18898249	1902405760.00
2015/05/25	36.74	40.38	35.13	36.86	18325497	1726451712.00
2015/05/26	36.38	37.74	35.58	36.18	19108865	1744791040.00
2015/05/27	36.18	39.26	35.93	37.58	14794152	1396512128.00
2015/05/28	36.74	36.96	33.82	33.82	16027869	1411750016.00
2015/05/29	32.18	33.81	30.43	32.73	21637954	1732534912.00
2015/06/01	32.78	34.38	31.73	33.46	16223305	1356015488.00
2015/06/02	33.30	33.97	32.38	33.42	14483858	1202091136.00
2015/06/03	33.42	36.73	33.42	36.50	17506342	1556495232.00
2015/06/04	36.84	37.49	33.18	36.20	17111729	1532976128.00
2015/06/05	37.18	37.29	34.38	34.56	11653750	1034911936.00
2015/06/08	33.18	33.78	31.10	31.18	17050493	1354066176.00
2015/06/09	31.18	32.60	30.03	30.84	11409431	893398208.00
2015/06/10	30.85	31.98	30.58	31.50	9821184	773469952.00
2015/06/11	31.49	32.34	31.26	31.74	8727896	694340992.00
2015/06/12	32.30	34.06	32.30	32.78	11630693	967017600.00
2015/06/15	32.33	32.33	29.50	29.50	15676730	1188541568.00
2015/06/16	28.04	28.58	26.60	26.88	14090191	965295424.00
2015/06/17	27.38	28.77	26.61	28.47	11011815	760672064.00
2015/06/18	28.50	28.84	25.98	26.14	10219445	706052928.00
2015/06/19	25.18	27.66	24.84	26.78	11662079	773655104.00
2015/06/23	27.98	29.46	27.38	29.46	12535374	891668096.00
2015/06/24	30.70	32.40	30.04	32.40	18182363	1421948800.00
2015/06/25	32.78	33.06	29.18	30.09	16540527	1312884224.00
2015/06/26	29.18	29.49	27.08	27.08	13909009	976395776.00
2015/06/29	28.16	29.77	24.40	28.88	22736335	1573691136.00
2015/06/30	28.30	31.77	27.18	31.77	20081572	1497624320.00
2015/08/03	28.59	28.59	28.59	28.59	2127900	152229968.00
2015/08/04	25.73	25.73	25.73	25.73	493600	31782904.00
2015/08/05	23.16	23.16	23.16	23.16	1069000	61948552.00
2015/08/06	20.84	20.84	20.84	20.84	1995000	104059200.00
2015/08/07	19.58	22.93	19.58	22.93	33781718	1825384320.00
2015/08/10	22.24	25.14	21.82	23.72	28488156	1639384064.00
2015/08/11	23.45	24.98	23.45	23.96	19233515	1165239424.00
2015/08/12	23.38	26.36	23.24	26.36	15959968	988897024.00
2015/08/13	27.10	28.54	26.85	27.46	18685394	1283096448.00
2015/08/14	27.98	30.18	27.53	29.78	16862243	1213089536.00
2015/08/17	29.30	29.48	27.98	28.58	13054088	937209600.00
2015/08/18	28.02	30.34	25.72	25.72	16652851	1169970176.00
2015/08/19	23.58	27.38	23.18	26.78	17383256	1078950656.00
2015/08/20	25.73	26.12	24.10	24.10	13748769	859783168.00
2015/08/21	23.19	23.93	21.68	21.69	15513332	867371840.00
2015/08/24	20.38	21.40	19.52	19.52	9538754	469871488.00
2015/08/25	17.56	18.22	17.56	17.56	10680440	471137632.00
2015/08/26	17.22	18.05	15.80	15.80	17145622	722784768.00
2015/08/27	16.58	17.01	14.26	15.96	15540418	611215360.00
2015/08/28	16.40	17.56	16.18	17.56	15733771	672143936.00
2015/08/31	17.58	18.37	17.01	17.05	15905685	707826688.00
2015/09/01	18.38	18.38	17.13	17.14	17678321	787631040.00
2015/09/02	15.43	17.78	15.43	15.43	16640835	666534272.00
2015/09/07	15.85	16.61	15.61	15.90	11738210	472458144.00
2015/09/08	15.96	16.85	14.85	16.67	12596329	500998784.00
2015/09/09	16.78	17.82	16.75	17.45	17292180	749627776.00
2015/09/10	17.13	17.23	16.58	16.77	10689669	452534784.00
2015/09/11	16.72	17.17	16.55	16.89	7336767	309506208.00
2015/09/14	17.13	17.18	15.20	15.20	8872178	352497600.00
2015/09/15	14.08	14.61	13.68	13.68	8486134	296832704.00
2015/09/16	14.08	15.05	13.52	15.04	12241450	436053408.00
2015/09/17	15.32	16.55	15.04	15.52	16360434	647642240.00
2015/09/18	15.97	16.50	15.85	16.48	12606819	510063904.00
2015/09/21	16.37	18.13	16.06	18.13	14926580	645178368.00
2015/09/22	18.55	18.87	17.57	18.12	15974423	727395712.00
2015/09/23	17.50	19.58	17.38	19.57	16837896	782488448.00
2015/09/24	20.50	20.98	18.60	18.68	39032507	755958912.00
2015/09/25	18.01	18.38	16.81	16.81	34771753	605366272.00
2015/09/28	16.62	18.40	16.62	18.16	30049254	535685664.00
2015/09/29	17.50	17.79	17.00	17.12	21722711	375908032.00
2015/09/30	17.39	17.58	16.65	17.00	15558912	264871024.00
2015/10/08	17.88	18.20	17.45	17.89	22977587	410396096.00
2015/10/09	17.72	18.79	17.20	18.12	32042424	575728320.00
2015/10/12	18.12	19.93	18.12	19.93	37764800	720553856.00
2015/10/13	19.90	20.90	19.57	20.34	34548324	702979008.00
2015/10/14	20.12	20.58	19.46	19.60	28589165	569109056.00
2015/10/15	19.40	20.46	19.31	20.32	24377086	488121440.00
2015/10/16	20.70	20.82	19.71	20.16	27238647	549097344.00
2015/10/19	20.18	20.28	19.12	19.52	24887580	488643904.00
2015/10/20	19.48	20.65	19.45	20.50	29656630	598895616.00
2015/10/21	20.58	20.78	18.45	18.45	33267293	647795584.00
2015/10/22	18.30	20.22	18.21	20.11	26924294	512784704.00
2015/10/23	19.70	20.26	19.25	19.88	36257210	715480640.00
2015/10/26	20.29	21.87	19.61	21.87	44692301	919744960.00
2015/10/27	21.99	23.86	21.01	22.96	60597024	1366010496.00
2015/10/28	22.22	22.60	21.00	21.39	36533531	802499712.00
2015/10/29	21.60	21.96	20.87	21.35	21780019	467103392.00
2015/10/30	21.30	21.76	20.50	21.00	19895017	418949536.00
2015/11/02	20.30	21.27	19.95	19.98	19279267	395376288.00
2015/11/03	18.20	19.50	17.98	17.98	49413921	901130944.00
2015/11/04	17.80	18.95	17.80	18.67	38137842	698119424.00
2015/11/05	18.75	20.03	18.75	19.12	30562623	592682368.00
2015/11/06	19.12	19.88	19.12	19.43	23952511	465748192.00
2015/11/09	19.13	19.76	18.16	19.51	31302493	596825216.00
2015/11/10	19.01	21.46	18.95	21.46	48098997	1008295232.00
2015/11/11	22.00	22.85	21.59	22.45	54523478	1217767040.00
2015/11/12	22.46	23.68	21.70	23.06	46803933	1048250880.00
2015/11/13	22.49	24.83	22.16	23.85	49113564	1165845760.00
2015/11/16	23.28	24.50	22.75	23.92	34607130	811454400.00
2015/11/17	24.00	24.55	23.10	23.20	33128075	789656960.00
2015/11/18	23.10	23.68	21.98	22.00	27175751	621527808.00
2015/11/19	21.75	22.77	21.75	22.69	19512229	436260032.00
2015/11/20	22.82	24.96	22.57	24.96	47639296	1164088192.00
2015/12/01	24.00	24.56	22.46	22.68	46077509	1069533440.00
2015/12/02	22.68	22.68	20.60	21.44	20920216	451385632.00
2015/12/03	21.44	22.99	21.41	22.35	17150568	382140128.00
2015/12/04	21.88	22.48	21.23	21.44	22195242	483097664.00
2015/12/07	21.44	21.77	20.78	21.28	16997564	360136032.00
2015/12/08	21.28	21.28	20.02	20.18	19569221	400971584.00
2015/12/09	20.77	21.43	20.50	20.92	21300210	447299520.00
2015/12/10	20.80	20.92	20.23	20.29	15915017	326203712.00
2015/12/11	20.12	20.55	20.05	20.38	13163669	267562032.00
2015/12/14	20.15	21.19	20.00	21.08	14036021	292208928.00
2015/12/15	21.30	21.85	21.25	21.52	15139670	326513760.00
2015/12/16	21.51	21.93	21.00	21.43	14681186	314051424.00
2015/12/17	21.38	21.98	21.38	21.98	18960932	413127904.00
2015/12/18	21.98	22.80	21.74	22.32	20519063	457877312.00
2015/12/21	22.03	23.27	22.03	22.57	18617811	423159008.00
2015/12/22	22.90	22.90	22.03	22.24	15670951	348758432.00
2015/12/23	22.25	22.69	21.70	21.82	17331658	384511424.00
2015/12/24	21.70	22.05	21.50	21.98	11315880	246120144.00
2015/12/25	22.10	22.19	21.61	21.72	9595026	209403712.00
2015/12/28	21.72	23.55	21.72	22.67	29747717	677144064.00
2015/12/29	22.60	22.72	21.87	22.72	15138501	338392672.00
2015/12/30	23.65	24.67	22.81	23.18	27809841	659814592.00
2015/12/31	22.86	25.00	22.80	24.30	42468358	1035631040.00
2016/01/04	23.89	23.90	21.87	21.87	25837631	586259136.00
2016/01/05	20.10	21.47	19.68	20.29	26841458	550913984.00
2016/01/06	20.33	20.95	19.90	20.76	17597349	361356768.00
2016/01/07	20.16	20.29	18.68	18.68	6494250	125021040.00
2016/01/08	19.00	19.30	16.81	18.37	21685249	398444416.00
2016/01/11	17.75	17.90	16.53	16.53	20615805	353484672.00
2016/01/12	16.20	17.50	16.20	16.82	13281930	222754032.00
2016/01/13	16.98	17.15	16.00	16.03	11394751	190033376.00
2016/01/14	15.70	17.28	15.40	17.17	16095869	265257808.00
2016/01/15	17.35	17.98	16.80	17.20	19430993	339335040.00
2016/01/18	17.20	18.29	17.20	17.92	16100031	286486688.00
2016/01/19	17.82	18.54	17.58	18.47	16116719	290977056.00
2016/01/20	18.06	18.38	17.72	17.89	13481598	242995040.00
2016/01/21	17.48	18.05	16.41	16.55	12657622	220817920.00
2016/01/22	16.99	17.19	16.20	16.75	9938812	165717376.00
2016/01/25	17.07	17.14	16.70	16.87	6299921	106640456.00
2016/01/26	16.58	16.71	15.18	15.18	12406097	197463984.00
2016/01/27	15.15	15.45	13.70	14.85	12900024	187529280.00
2016/01/28	14.60	14.79	13.56	13.87	9963392	142700832.00
2016/01/29	14.00	14.76	13.70	14.52	9992616	142901792.00
2016/02/01	14.40	14.63	13.85	14.10	7501150	106767048.00
2016/02/02	14.25	14.90	14.13	14.71	9066286	132407696.00
2016/02/03	14.56	16.00	14.40	15.51	13544009	208485888.00
2016/02/04	15.26	15.88	15.25	15.57	13542686	210389136.00
2016/02/05	15.48	15.60	15.08	15.13	8405188	128506352.00
2016/02/15	14.33	15.73	14.15	15.26	9782731	145329936.00
2016/02/16	15.15	15.85	15.15	15.76	12547907	196203648.00
2016/02/17	16.30	16.48	15.64	16.04	14100903	226195504.00
2016/02/18	16.20	16.20	15.67	15.70	12138750	192525712.00
2016/02/19	15.69	15.92	15.56	15.73	9900029	155670720.00
2016/02/22	15.52	15.70	14.41	15.36	34601295	520541280.00
2016/02/23	15.11	15.18	14.61	14.81	23355817	347177152.00
2016/02/24	14.57	15.44	14.57	15.37	25747312	387569696.00
2016/02/25	15.45	15.63	13.83	13.83	26820690	397869280.00
2016/02/26	14.00	14.15	13.25	13.65	18240880	250437600.00
2016/02/29	13.53	13.72	12.29	12.29	13228591	166616800.00
2016/03/01	12.31	12.73	11.71	12.50	13203183	162493136.00
2016/03/02	12.43	13.13	12.32	12.99	15739639	199982160.00
2016/03/03	12.90	13.85	12.83	13.15	18425650	246495200.00
2016/03/04	13.00	13.16	11.90	12.06	18427058	229733904.00
2016/03/07	12.28	12.68	12.15	12.20	15354830	190207744.00
2016/03/08	12.28	12.34	11.40	12.25	15448607	183891680.00
2016/03/09	11.93	12.54	11.76	12.44	13972093	170180480.00
2016/03/10	12.48	13.09	12.27	12.61	19257185	244662720.00
2016/03/11	12.80	13.48	12.79	13.37	22357875	294878048.00
2016/03/14	13.42	13.98	13.22	13.64	22700162	309757088.00
2016/03/15	13.49	13.58	13.13	13.24	12728326	170028304.00
2016/03/16	13.46	13.57	12.95	13.08	9978856	131703512.00
2016/03/17	13.25	14.05	13.09	13.85	19028667	259533856.00
2016/03/18	13.99	14.65	13.85	14.52	19021844	272420512.00
2016/03/21	15.06	15.21	14.66	14.85	18936283	281998208.00
2016/03/22	14.45	15.08	14.25	14.86	16119167	236282160.00
2016/03/23	14.65	14.85	14.51	14.78	11686781	171609072.00
2016/03/24	14.56	14.94	14.32	14.60	14898242	217147216.00
2016/03/25	14.49	16.02	14.41	15.61	19469840	295507712.00
2016/03/28	15.80	16.75	15.47	16.02	21871079	352242240.00
2016/03/29	15.86	16.09	15.18	15.32	12436595	193217712.00
2016/03/30	15.45	16.20	15.45	16.11	14154137	223795920.00
2016/03/31	16.13	16.44	15.87	15.90	12003727	192871552.00
2016/04/01	15.95	15.98	15.50	15.67	8105954	127241048.00
2016/04/05	15.50	15.95	15.48	15.81	11572353	181933088.00
2016/04/06	15.69	16.12	15.60	15.93	10912017	173052896.00
2016/04/07	15.94	16.20	15.30	15.35	9728832	152873440.00
2016/04/08	15.35	15.35	14.81	15.10	8399574	126840520.00
2016/04/11	15.18	15.46	15.18	15.25	8642445	132407400.00
2016/04/12	15.26	15.37	14.91	15.00	7885935	118708720.00
2016/04/13	15.10	16.50	15.10	16.50	22594789	363650048.00
2016/04/14	16.76	16.97	16.18	16.41	20249617	334716352.00
2016/04/15	16.28	16.63	16.08	16.57	13076286	213973488.00
2016/04/18	16.38	16.38	16.00	16.03	8847833	143137920.00
2016/04/19	16.31	16.83	16.10	16.18	11976737	197358720.00
2016/04/20	16.23	16.40	14.66	15.01	14538309	224711520.00
2016/04/21	14.98	15.15	14.50	14.62	8768975	130202568.00
2016/04/22	14.45	14.78	14.31	14.73	5774631	84326944.00
2016/04/25	14.81	14.81	14.33	14.52	4680514	68084360.00
2016/04/26	14.52	14.69	14.33	14.60	6874533	99733416.00
2016/04/27	14.60	14.67	14.40	14.46	5460460	79286168.00
2016/04/28	14.55	14.55	13.85	14.25	7039521	99853160.00
2016/04/29	14.28	15.37	14.10	15.07	12162460	181093504.00
2016/05/03	14.81	15.58	14.81	15.35	9656288	147841600.00
2016/05/04	15.20	15.30	14.91	15.06	9256998	139468976.00
2016/05/05	14.98	15.91	14.88	15.58	9788613	150372336.00
2016/05/06	15.48	15.67	14.60	14.77	9923075	150082528.00
2016/05/09	14.50	14.59	13.73	13.80	7732896	108536256.00
2016/05/10	13.80	14.05	13.59	13.78	4195618	57873764.00
2016/05/11	14.06	14.06	13.62	13.78	3242512	44942004.00
2016/05/12	13.50	13.75	13.11	13.66	4010503	53857268.00
2016/05/13	13.66	13.94	13.40	13.52	3417935	46685376.00
2016/05/16	13.52	13.83	13.46	13.82	3816414	52120736.00
2016/05/17	13.88	14.06	13.63	13.87	4706667	65143904.00
2016/07/08	15.26	15.26	15.26	15.26	927685	14156473.00
2016/07/11	16.00	16.68	15.81	16.06	32014366	519348640.00
2016/07/12	15.39	15.62	14.50	14.76	30822135	457779168.00
2016/07/13	14.72	16.24	14.72	16.24	33545635	531973888.00
2016/07/14	15.90	16.00	15.31	15.84	31729144	496745184.00
2016/07/15	15.56	15.58	15.05	15.22	18178960	277408864.00
2016/07/18	15.00	15.47	14.91	15.13	12582489	191502304.00
2016/07/19	15.40	15.50	14.79	15.08	10928622	164134992.00
2016/07/20	14.93	15.06	14.78	14.84	10983216	163271056.00
2016/07/21	14.86	15.00	14.75	14.80	8100656	120450304.00
2016/07/22	14.95	15.26	14.68	14.82	7548468	112480528.00
2016/07/25	14.69	14.69	14.10	14.16	12396868	176693968.00
2016/07/26	14.13	14.30	14.10	14.27	6775588	96092432.00
2016/07/27	14.25	14.25	12.93	13.09	17959242	242779232.00
2016/07/28	13.00	13.15	12.44	12.75	9940060	127387408.00
2016/07/29	12.75	13.54	12.46	13.40	13981400	181995008.00
2016/08/01	13.10	13.75	12.90	13.45	10020003	134294880.00
2016/08/02	13.45	13.56	13.10	13.48	5481101	73099224.00
2016/08/03	13.26	13.65	13.26	13.49	6635710	89370920.00
2016/08/04	13.58	13.58	13.28	13.48	5685909	76525392.00
2016/08/05	14.83	14.83	14.83	14.83	8861203	131411640.00
2016/08/08	15.06	15.88	15.03	15.17	36756229	564817984.00
2016/08/09	14.80	15.67	14.55	15.46	26589551	399656480.00
2016/08/10	15.30	15.98	15.11	15.53	29153152	454095008.00
2016/08/11	15.35	15.53	14.80	14.84	17847580	269039424.00
2016/08/12	14.62	15.15	14.62	14.88	11954315	178115120.00
2016/08/15	14.88	15.34	14.58	15.07	16474027	246793248.00
2016/08/16	15.10	15.43	15.03	15.10	13817231	210074384.00
2016/08/17	15.00	15.75	14.85	15.51	21059919	324148032.00
2016/08/18	15.38	15.85	15.25	15.34	17566626	272363296.00
2016/08/19	15.31	16.70	15.31	16.28	38276412	618361664.00
2016/08/22	16.12	17.50	15.88	16.78	40888707	682628032.00
2016/08/23	16.37	16.68	16.13	16.49	22007920	360320544.00
2016/08/24	16.56	17.06	15.67	16.00	23265955	382302592.00
2016/08/25	15.69	15.80	15.30	15.36	16670276	257819696.00
2016/08/26	15.48	15.73	15.30	15.56	10928370	169766368.00
2016/08/29	15.42	15.48	15.04	15.18	9159257	139646048.00
2016/08/30	15.19	15.39	15.12	15.21	6841734	104364808.00
2016/08/31	15.25	15.45	14.92	15.42	8674668	131868976.00
2016/09/01	15.46	15.72	15.30	15.30	9892421	153619600.00
2016/09/02	15.31	15.38	14.96	15.06	7295610	110243664.00
2016/09/05	14.88	15.67	14.82	15.58	14659521	223800560.00
2016/09/06	15.43	16.10	15.33	16.02	17949907	283738560.00
2016/09/07	15.95	16.49	15.75	16.06	17805201	288199840.00
2016/09/08	17.01	17.32	16.25	16.41	17881575	297649952.00
2016/09/09	16.32	16.96	16.21	16.44	13352473	221959232.00
2016/09/12	15.95	16.17	15.70	15.72	11549750	183625984.00
2016/09/13	15.85	16.13	15.72	15.85	6591925	104735928.00
2016/09/14	15.79	15.79	15.40	15.47	6860211	106873408.00
2016/09/19	15.48	15.77	15.36	15.39	5869845	91372960.00
2016/09/20	15.48	15.53	15.15	15.34	5839732	89059592.00
2016/09/21	15.37	15.70	15.20	15.70	6820483	105602624.00
2016/09/22	15.75	16.03	15.70	15.70	8467284	134167656.00
2016/09/23	15.81	16.46	15.78	16.24	14124147	228824432.00
2016/09/26	16.10	16.10	15.40	15.41	9438796	148896944.00
2016/09/27	15.36	15.73	15.31	15.72	6337267	98174320.00
2016/09/28	16.00	16.17	15.74	15.79	7793430	124150744.00
2016/09/29	15.64	16.10	15.57	16.10	8911801	141631664.00
2016/09/30	16.00	16.14	15.92	16.03	6154569	98647232.00
2016/10/10	15.99	16.43	15.81	16.38	11784632	190087040.00
2016/10/11	16.28	16.35	16.13	16.24	7816874	126684128.00
2016/10/12	16.08	16.10	15.81	15.88	7663472	122128248.00
2016/10/13	15.76	16.09	15.69	16.06	8559908	135936080.00
2016/10/14	15.95	16.07	15.72	15.86	4747250	75303888.00
2016/10/17	15.81	15.85	15.34	15.37	8475126	131557160.00
2016/10/18	15.30	15.59	15.28	15.55	5120246	79167248.00
2016/10/19	15.55	15.59	15.08	15.33	6609535	101665808.00
2016/10/20	15.35	16.86	15.35	16.86	27769031	462849152.00
2016/10/21	17.09	17.38	16.42	16.92	48522806	823588096.00
2016/10/24	16.73	17.08	16.41	16.87	21737382	364955776.00
2016/10/25	16.90	17.77	16.80	17.15	24549804	424043008.00
2016/10/26	17.00	17.14	16.61	16.97	15167184	255275056.00
2016/10/27	16.90	17.30	16.72	17.24	16625476	284485344.00
2016/10/28	17.28	17.29	16.72	16.74	11457170	194486192.00
2016/10/31	16.50	16.66	16.27	16.32	7871249	129176040.00
2016/11/01	16.32	16.68	16.28	16.53	6947369	114289952.00
2016/11/02	16.53	16.54	16.20	16.20	7437575	121437056.00
2016/11/03	16.19	17.14	16.05	16.63	12170556	203013616.00
2016/11/04	16.50	16.56	16.04	16.42	10753128	175230176.00
2016/11/07	16.40	16.64	16.20	16.62	10822858	177741728.00
2016/11/08	16.88	16.88	16.45	16.53	9644575	160413664.00
2016/11/09	16.45	16.48	16.05	16.36	8901996	144957648.00
2016/11/10	16.60	16.87	16.53	16.56	10307484	171689088.00
2016/11/11	16.56	17.45	16.40	17.12	20464833	346797312.00
2016/11/14	16.90	17.75	16.80	17.61	24884963	432385920.00
2016/11/15	17.53	18.00	17.43	17.58	19359140	342698912.00
2016/11/16	17.63	17.92	17.40	17.52	16596230	293377312.00
2016/11/17	17.44	18.88	17.30	18.50	27512396	499828224.00
2016/11/18	18.50	18.80	18.07	18.16	20602454	378122496.00
2016/11/21	18.03	18.42	17.72	17.80	11726614	210984848.00
2016/11/22	17.98	18.45	17.81	18.40	15508247	281177120.00
2016/11/23	18.38	18.65	18.00	18.00	11232690	204712624.00
2016/11/24	18.48	18.99	18.25	18.37	21824138	406568992.00
2016/11/25	18.23	18.35	17.56	18.06	13331561	239264848.00
2016/11/28	18.25	18.29	17.72	17.78	8051442	143845104.00
2016/11/29	17.76	17.97	17.51	17.52	7017643	124226120.00
2016/11/30	17.41	17.73	17.32	17.45	6350735	111131088.00
2016/12/01	17.38	17.57	17.37	17.46	4140544	72263632.00
2016/12/02	17.51	17.51	16.93	16.95	7069437	121444480.00
2016/12/05	16.68	17.28	16.53	16.75	5090989	86095496.00
2016/12/06	16.83	16.94	16.59	16.62	4233735	70916304.00
2016/12/07	16.64	17.16	16.59	17.06	6133373	103337264.00
2016/12/08	16.96	17.09	16.74	16.74	3815227	64461532.00
2016/12/09	16.72	16.95	16.72	16.85	2901418	48935208.00
2016/12/12	16.82	16.98	15.70	15.87	8747171	143233664.00
2016/12/13	16.00	16.00	15.41	15.81	5297429	83093784.00
2016/12/14	15.90	15.92	15.46	15.56	3981814	62438496.00
2016/12/15	15.50	15.93	15.44	15.62	5007901	78519656.00
2016/12/16	15.65	16.02	15.60	16.00	5434734	85763584.00
2016/12/19	16.16	16.41	16.00	16.32	6835329	111173504.00
2016/12/20	16.27	16.38	16.01	16.11	4014050	64978468.00
2016/12/21	16.30	16.72	16.06	16.72	8282490	136775840.00
2016/12/22	16.72	17.40	16.59	17.28	8921210	152636400.00
2016/12/23	17.28	17.55	16.89	17.01	7845168	134482976.00
2016/12/26	17.00	17.63	16.71	17.56	7772272	134628544.00
2016/12/27	17.70	17.70	17.23	17.57	6395000	111420104.00
2016/12/28	17.57	17.57	16.95	16.97	4299700	74135632.00
2016/12/29	17.10	17.44	16.75	16.75	6374366	108817240.00
2016/12/30	16.74	17.22	16.66	17.20	11655746	198761280.00
2017/01/03	17.28	17.28	16.82	16.92	5016845	85107928.00
2017/01/04	16.92	17.06	16.73	17.00	5484417	92716144.00
2017/01/05	17.07	17.26	16.93	16.98	4477555	76491296.00
2017/01/06	16.96	17.07	16.81	16.88	3264500	55164392.00
2017/01/09	16.94	17.12	16.75	16.80	3396650	57410148.00
2017/01/10	16.76	16.94	16.46	16.46	4644571	77620656.00
2017/01/11	16.49	16.63	16.05	16.10	5208416	84893496.00
2017/01/12	16.16	16.40	16.10	16.20	2823580	45842988.00
2017/01/13	16.23	16.39	16.03	16.11	2859510	46349336.00
2017/01/16	16.11	16.16	14.50	15.32	5535549	85668360.00
2017/01/17	15.45	16.24	15.28	15.98	4618099	72503792.00
2017/01/18	15.98	16.17	15.78	16.00	1940504	30893826.00
2017/01/19	16.15	16.29	15.89	15.90	2011795	32254082.00
2017/01/20	15.90	16.25	15.90	16.14	2592145	41865068.00
2017/01/23	16.13	16.33	16.12	16.12	1600859	25941206.00
2017/01/24	16.28	16.44	16.10	16.28	3616000	58766528.00
2017/01/25	16.20	16.24	15.96	16.11	2267407	36480564.00
2017/01/26	16.21	16.27	16.12	16.16	1260500	20395292.00
2017/02/03	16.33	16.33	15.79	15.80	2215507	35369192.00
2017/02/06	15.69	15.93	15.62	15.80	3087103	48695816.00
2017/02/07	15.80	15.81	15.48	15.56	3325814	51967184.00
2017/02/08	15.53	15.85	15.41	15.70	2563371	40227332.00
2017/02/09	15.67	15.81	15.64	15.70	2740691	43107976.00
2017/02/10	15.77	15.94	15.70	15.70	3741450	59170360.00
2017/02/13	15.76	15.80	15.56	15.67	3210954	50360696.00
2017/02/14	15.61	15.75	15.55	15.71	2920032	45702928.00
2017/02/15	15.70	15.88	15.65	15.88	4393399	69417896.00
2017/02/16	15.70	15.95	15.70	15.82	3888377	61504568.00
2017/02/17	15.87	16.27	15.71	16.17	7667300	122950720.00
2017/02/20	16.30	16.33	16.01	16.18	5109680	82720800.00
2017/02/21	16.23	16.31	16.04	16.23	4953480	80090824.00
2017/02/22	16.21	16.33	15.98	16.25	4883018	78836360.00
2017/02/23	16.29	16.42	16.14	16.38	5369012	87561760.00
2017/02/24	16.44	16.60	16.08	16.20	6945744	113045392.00
2017/02/27	16.24	16.33	15.66	15.76	6212690	99149968.00
2017/02/28	15.79	15.85	15.58	15.77	4644654	72847576.00
2017/03/01	15.77	15.78	15.58	15.66	4690663	73382808.00
2017/03/02	15.70	16.41	15.60	16.12	12627717	202692336.00
2017/03/03	15.90	15.90	15.62	15.89	6478493	102045536.00
2017/03/06	15.67	15.99	15.67	15.84	4482503	70870008.00
2017/03/07	15.84	15.88	15.64	15.64	5095230	80176472.00
2017/03/08	15.68	15.75	15.63	15.69	3401450	53376976.00
2017/03/09	15.65	15.71	15.41	15.49	4225780	65681700.00
2017/03/10	15.46	15.56	15.40	15.42	2709101	41942424.00
2017/03/13	15.44	15.46	15.12	15.44	3930500	60035352.00
2017/03/14	15.40	15.46	15.20	15.21	3401456	52087040.00
2017/03/15	15.21	15.77	15.16	15.71	7570461	117629568.00
2017/03/16	15.78	15.82	15.56	15.68	4919353	77078896.00
2017/03/17	15.68	15.74	15.37	15.37	3851177	59941312.00
2017/03/20	15.27	15.64	15.27	15.46	3783591	58612152.00
2017/03/21	15.54	15.56	15.35	15.41	3430272	53023880.00
2017/03/22	15.30	15.44	15.13	15.21	3425906	52219020.00
2017/03/23	15.21	15.31	14.83	14.91	4734151	71299024.00
2017/03/24	14.91	15.04	14.83	14.93	2936213	43802964.00
2017/03/27	14.97	15.14	14.85	14.97	2968713	44661692.00
2017/03/28	15.02	15.07	14.84	14.90	2321050	34601880.00
2017/03/29	14.84	14.93	14.33	14.45	5105489	74825504.00
2017/03/30	14.48	14.71	14.15	14.16	4750859	68714560.00
2017/03/31	14.30	14.30	13.90	14.03	3929724	55192044.00
2017/04/05	13.85	14.15	13.78	14.15	5293771	74137056.00
2017/04/06	14.20	14.20	14.03	14.10	3139928	44308216.00
2017/04/07	14.10	14.90	14.10	14.71	8613470	125513888.00
2017/04/10	14.58	15.20	14.58	14.82	7433114	111041280.00
2017/04/11	14.69	15.00	14.69	14.90	3872004	57643068.00
2017/04/12	14.88	14.98	14.70	14.70	3094850	45839400.00
2017/04/13	14.72	14.94	14.55	14.74	2278157	33554732.00
2017/04/14	14.73	14.90	14.55	14.84	2918310	42928192.00
2017/04/17	14.63	14.78	14.38	14.50	2392840	34874668.00
2017/04/18	14.66	14.68	14.16	14.18	2023700	29074936.00
2017/04/19	14.16	14.27	13.80	14.01	3036000	42414224.00
2017/04/20	14.12	14.17	13.97	14.11	1898751	26754164.00
2017/04/21	14.12	14.95	14.06	14.52	4448032	64831892.00
2017/04/24	14.32	14.61	14.30	14.30	2982928	42980640.00
2017/04/25	14.32	14.75	14.15	14.57	3066103	44669444.00
2017/04/26	14.69	14.73	14.44	14.57	2727345	39776584.00
2017/04/27	14.60	14.69	14.24	14.65	3958065	57406900.00
2017/04/28	14.66	14.82	14.54	14.65	3020353	44322796.00
2017/05/02	14.65	14.65	14.33	14.36	2821407	40764488.00
2017/05/03	14.31	14.82	14.21	14.82	5038256	73412448.00
2017/05/04	14.81	15.27	14.69	15.17	7504731	113193312.00
2017/05/05	15.05	15.27	14.96	15.06	4245180	64123456.00
2017/05/08	15.13	15.43	14.95	15.17	7113818	108786392.00
2017/05/09	15.19	15.40	14.68	15.00	5957150	89534184.00
2017/05/10	14.99	15.13	14.68	14.70	3751377	55830056.00
2017/05/11	14.60	15.08	14.21	15.04	5106692	74855616.00
2017/05/12	15.05	15.42	14.85	15.37	6314379	95824520.00
2017/05/15	15.29	15.47	15.18	15.33	5128568	78574600.00
2017/05/16	15.32	15.44	15.13	15.37	4211732	64539496.00
2017/05/17	15.30	15.55	15.20	15.22	4307460	66186808.00
2017/05/18	15.00	15.54	14.94	15.41	6266483	96294472.00
2017/05/19	15.40	15.66	15.21	15.25	3490405	53513836.00
2017/05/22	15.33	15.44	15.17	15.44	4387962	67086808.00
2017/05/23	15.34	15.48	15.08	15.30	6393802	98043848.00
2017/05/24	15.20	15.20	14.43	15.05	5622669	83877864.00
2017/05/25	14.93	15.16	14.81	15.10	3109300	46638040.00
2017/05/26	15.05	15.27	15.00	15.20	2807850	42491832.00
2017/05/31	15.20	15.40	15.13	15.30	4427250	67534392.00
2017/06/01	15.21	15.43	15.13	15.22	3737200	57198956.00
2017/06/02	15.21	15.25	14.74	14.75	3951255	59065368.00
2017/06/05	14.82	15.08	14.82	14.97	3537200	52976052.00
2017/06/06	14.90	15.06	14.90	14.95	2123050	31838246.00
2017/06/07	14.98	15.19	14.93	15.09	3275857	49348888.00
2017/06/08	15.18	15.18	14.92	14.95	3260800	48969716.00
2017/06/09	15.01	15.03	14.81	14.91	2319483	34565904.00
2017/06/12	14.97	15.14	14.82	15.00	2945544	44200076.00
2017/06/13	14.90	15.06	14.90	14.98	1898358	28434654.00
2017/06/14	15.03	15.03	14.78	14.80	2346850	34923136.00
2017/06/15	14.85	15.25	14.73	15.12	4220384	63394276.00
2017/06/16	15.18	15.40	15.01	15.06	4201681	63758204.00
2017/06/19	15.05	15.19	14.90	15.01	2612756	39445400.00
2017/06/20	15.02	15.11	14.93	14.94	2530925	37910968.00
2017/06/21	14.90	15.25	14.90	15.25	4371959	65977572.00
2017/06/22	15.20	15.35	15.02	15.02	3630002	55264392.00
2017/06/23	15.15	15.32	14.96	15.23	3805027	57692732.00
2017/06/26	15.23	15.30	15.17	15.26	2305205	35116020.00
2017/06/27	15.29	15.47	15.23	15.30	2906775	44542684.00
2017/06/28	15.23	15.35	15.14	15.21	2345329	35703912.00
2017/06/29	15.22	15.49	15.22	15.30	4364300	67082436.00
2017/06/30	15.29	16.26	15.23	15.97	11648133	185167808.00
2017/07/03	15.99	16.35	15.90	16.09	5983808	96480064.00
2017/07/04	16.08	16.17	15.88	15.89	4264766	68246144.00
2017/07/05	15.90	16.16	15.90	15.93	4262194	68262112.00
2017/07/06	15.95	16.17	15.95	16.07	4257350	68427168.00
2017/07/07	16.08	16.30	15.92	16.17	3861824	62229592.00
2017/07/10	16.16	16.16	15.77	15.83	4332150	69067848.00
2017/07/11	15.78	16.03	15.73	15.92	3512318	55997848.00
2017/07/12	15.85	15.97	15.45	15.74	3149356	49518900.00
2017/07/13	15.85	15.85	15.56	15.62	2414275	37875320.00
2017/07/14	15.70	15.83	15.60	15.67	1537915	24146378.00
2017/07/17	15.62	15.62	14.39	14.48	6198772	91697288.00
2017/07/18	14.50	14.76	14.22	14.36	3749375	54221216.00
2017/07/19	14.63	14.98	14.52	14.86	4435587	65586060.00
2017/07/20	14.86	15.48	14.70	15.20	10481008	160103296.00
2017/07/21	15.11	15.40	15.05	15.11	2829971	42896840.00
2017/07/24	15.06	15.20	14.87	14.87	3382784	50530356.00
2017/07/25	14.95	15.05	14.84	14.95	2275929	33971720.00
2017/07/26	15.08	15.16	14.70	14.94	3010701	44977752.00
2017/07/27	14.70	15.45	14.61	15.25	7865562	118994800.00
2017/07/28	15.20	15.32	15.08	15.08	3916271	59404712.00
2017/07/31	15.08	15.42	15.08	15.38	5004706	76456256.00
2017/08/01	15.32	15.48	15.05	15.25	5886650	89626736.00
2017/08/02	15.30	15.48	15.10	15.28	4269162	65347824.00
2017/08/03	15.28	16.20	15.22	15.78	9166694	144041008.00
2017/08/04	15.79	16.31	15.66	16.16	13357606	215117472.00
2017/08/07	16.50	16.67	16.07	16.31	15641197	256293328.00
2017/08/08	16.31	16.61	16.12	16.52	14062162	230768336.00
2017/08/09	16.91	17.58	16.71	17.27	21337025	365754592.00
2017/08/10	17.00	17.51	16.77	16.85	15842469	270284160.00
2017/08/11	16.62	17.09	16.52	16.56	13930290	234664064.00
2017/08/14	16.58	16.95	16.58	16.85	9979349	167756048.00
2017/08/15	16.88	17.18	16.64	16.81	9393797	158315920.00
2017/08/16	16.75	17.07	16.64	16.89	10325216	174564848.00
2017/08/17	16.89	17.18	16.70	17.10	11055819	187745792.00
2017/08/18	16.91	16.99	16.56	16.70	9320307	156399152.00
2017/08/21	16.66	17.44	16.66	17.31	14488152	247657632.00
2017/08/22	17.26	17.80	16.97	17.17	18963571	328767808.00
2017/08/23	16.90	16.99	16.72	16.80	9298701	156601952.00
2017/08/24	16.92	16.99	16.40	16.40	10646892	177452320.00
2017/08/25	16.30	16.69	16.21	16.41	9068041	149318256.00
2017/08/28	16.47	17.16	16.43	17.10	12603293	213031968.00
2017/08/29	17.01	17.46	16.93	17.19	13073643	225713792.00
2017/08/30	17.11	17.45	16.93	17.18	11602132	200205888.00
2017/08/31	17.27	17.27	16.77	17.11	13472064	229000544.00
2017/09/01	17.11	18.20	17.03	18.03	26512607	468626624.00
2017/09/04	17.83	18.00	17.58	17.73	21455057	380750752.00
2017/09/05	17.58	17.81	17.41	17.67	11211006	197570112.00
2017/09/06	17.52	17.84	17.48	17.75	9478153	167902976.00
2017/09/07	17.67	18.15	17.47	17.50	11443206	203368288.00
2017/09/08	17.48	17.61	16.71	16.88	18133777	310941472.00
2017/09/11	16.77	16.93	16.52	16.82	14393452	240652288.00
2017/09/12	16.88	17.13	16.80	16.88	13069897	221241664.00
2017/09/13	16.91	17.14	16.80	16.96	6976844	118818944.00
2017/09/14	16.96	17.07	16.62	16.70	7900253	132699864.00
2017/09/15	16.66	16.88	16.48	16.86	8280601	137748336.00
2017/09/18	16.75	16.80	16.40	16.40	9353500	155120688.00
2017/09/19	16.45	16.66	16.26	16.27	8237000	135308784.00
2017/09/20	16.34	16.47	16.02	16.45	7851050	127701952.00
2017/09/21	16.38	16.54	16.17	16.21	6246703	102200288.00
2017/09/22	16.02	16.19	15.92	16.03	5315420	85214032.00
2017/09/25	15.94	15.99	15.41	15.55	7275352	114456816.00
2017/09/26	15.60	15.75	15.41	15.55	3802650	59264140.00
2017/09/27	15.59	15.73	15.51	15.64	3292805	51541920.00
2017/09/28	15.64	15.75	15.55	15.60	3634555	56828820.00
2017/09/29	15.69	16.00	15.62	16.00	6119552	97048144.00
2017/10/09	16.10	16.20	15.94	16.02	4923200	78857520.00
2017/10/10	15.88	15.97	15.41	15.51	9727424	151700624.00
2017/10/11	15.51	15.99	15.45	15.99	8065882	126929672.00
2017/10/12	16.00	16.11	15.89	16.04	7206750	115458944.00
2017/10/13	16.04	16.20	16.00	16.09	3997650	64326708.00
2017/10/16	16.17	17.43	16.17	17.00	23384035	395102176.00
2017/10/17	16.80	17.35	16.50	16.66	13514651	228517536.00
2017/10/18	16.55	16.95	16.36	16.38	6120621	101942184.00
2017/10/19	16.38	16.58	15.13	15.20	15468994	240419680.00
2017/10/20	15.02	15.81	15.02	15.77	6274194	96963872.00
2017/10/23	15.62	15.75	15.38	15.54	3029750	46979540.00
2017/10/24	15.50	15.63	15.20	15.25	3500800	53634168.00
2017/10/25	15.33	15.45	15.27	15.44	3404025	52320408.00
2017/10/26	15.48	15.59	15.24	15.27	5345600	82166392.00
2017/10/27	15.65	15.92	15.50	15.50	6063550	94949296.00
2017/10/30	15.26	15.29	14.44	14.49	9391113	137537296.00
2017/10/31	14.53	14.82	14.51	14.52	5685429	83129072.00
2017/11/01	15.23	15.96	15.08	15.15	11033526	169210720.00
2017/11/02	15.26	15.68	15.21	15.53	11849151	183470336.00
2017/11/03	15.36	15.36	14.80	14.93	7705800	115947496.00
2017/11/06	14.76	14.87	14.46	14.80	7508887	109714696.00
2017/11/07	14.70	14.73	14.50	14.67	5260771	76799200.00
2017/11/08	14.50	14.65	14.48	14.54	6035942	87816312.00
2017/11/09	14.54	14.84	14.52	14.59	5110250	74900240.00
2017/11/10	14.52	14.52	13.83	14.21	7530275	106404792.00
2017/11/13	14.17	14.38	13.85	14.15	7238626	101766896.00
2017/11/14	14.10	14.29	13.88	13.93	5311391	74481832.00
2017/11/15	13.87	14.18	13.20	14.05	12216499	167958384.00
2017/11/16	13.90	14.04	13.61	13.62	6326525	87337712.00
2017/11/17	13.62	13.70	12.79	12.85	8525590	112416976.00
2017/11/20	12.85	13.58	12.20	13.51	11977082	156573888.00
2017/11/21	13.48	13.93	13.40	13.88	7946818	109289568.00
2017/11/22	13.71	13.94	13.42	13.68	5154700	70162968.00
2017/11/23	13.69	13.69	13.00	13.10	6235296	82684896.00
2017/11/24	13.10	13.20	12.82	13.07	6233551	81022872.00
2017/11/27	13.03	13.14	12.36	12.40	6572243	83368504.00
2017/12/26	12.54	12.58	11.16	11.82	23906713	274416768.00
2017/12/27	11.50	12.06	11.43	11.97	13694335	161952880.00
2017/12/28	11.99	12.21	11.64	12.18	9977325	119071616.00
2017/12/29	12.08	12.62	11.95	12.60	10270129	125521160.00
2018/01/02	12.63	12.72	12.40	12.44	5484076	68608216.00
2018/01/03	12.44	12.57	12.30	12.40	4070846	50679372.00
2018/01/04	12.32	12.50	12.32	12.40	3306729	41008924.00
2018/01/05	12.38	12.51	12.12	12.13	3960871	48818048.00
2018/01/08	12.02	12.33	11.82	12.06	4947292	59443548.00
2018/01/09	12.06	12.23	11.97	12.08	3888700	46968960.00
2018/01/10	12.08	12.15	11.66	11.76	6323039	75216848.00
2018/01/11	11.95	12.00	11.72	11.90	4641932	55065956.00
2018/01/12	11.79	12.09	11.78	12.01	5822679	69831704.00
2018/01/15	12.06	12.06	11.45	11.52	4766195	55801400.00
2018/01/16	11.55	11.60	11.41	11.52	3770695	43400340.00
2018/01/17	11.52	11.64	11.18	11.46	4684243	53506340.00
2018/01/18	11.49	11.56	11.38	11.42	3121950	35743152.00
2018/01/19	11.47	11.48	11.27	11.32	3555410	40361800.00
2018/01/22	11.30	11.75	11.09	11.37	8641776	98618176.00
2018/01/23	11.40	11.68	11.40	11.58	6551010	75767320.00
2018/01/24	11.55	11.99	11.46	11.95	9228203	109186672.00
2018/01/25	12.29	12.77	12.15	12.23	14660290	181701712.00
2018/01/26	12.15	12.31	11.93	12.10	6858364	83129344.00
2018/01/29	12.31	12.31	11.80	11.80	6232928	74937712.00
2018/01/30	11.78	11.98	11.75	11.81	4145650	49246880.00
2018/01/31	11.78	11.78	11.36	11.50	5598350	64244716.00
2018/02/01	11.55	11.57	10.35	11.07	13904760	151089936.00
2018/02/02	10.80	11.18	10.68	10.90	6619751	72222520.00
2018/03/12	11.99	11.99	11.99	11.99	610586	7320926.00
2018/03/13	12.50	13.00	12.33	12.58	24354213	310091328.00
2018/03/14	12.38	12.68	12.19	12.23	11066662	137514128.00
2018/03/15	12.29	12.29	11.93	12.16	8187395	98956432.00
2018/03/16	12.14	12.36	12.08	12.11	5922861	72298152.00
2018/03/19	12.15	12.15	11.89	12.02	4926958	59257320.00
2018/03/20	11.96	11.97	11.75	11.84	5124285	60704220.00
2018/03/21	11.95	12.19	11.89	11.97	6122159	73864856.00
2018/03/22	11.91	12.09	11.86	11.90	4201574	50179076.00
2018/03/23	11.40	11.59	10.71	10.71	9611397	106857888.00
2018/03/26	10.44	10.75	10.00	10.72	5849752	60883884.00
2018/03/27	10.70	11.08	10.70	10.94	5413369	59014284.00
2018/03/28	10.72	10.88	10.59	10.61	5410303	57927784.00
2018/03/29	10.70	10.90	10.63	10.78	4511378	48606784.00
2018/03/30	10.85	11.35	10.80	11.15	7539580	83559984.00
2018/04/02	11.14	11.20	10.90	10.91	5662956	62637804.00
2018/04/03	10.77	10.83	10.58	10.71	4621346	49452956.00
2018/04/04	10.75	10.91	10.70	10.85	4254845	45972972.00
2018/04/09	10.79	10.80	10.48	10.67	4075260	43423000.00
2018/04/10	10.80	10.83	10.47	10.58	4942631	52475872.00
2018/04/11	10.53	10.65	10.37	10.43	5454150	57293620.00
2018/04/12	10.43	11.45	10.40	10.92	10673247	117099856.00
2018/04/13	10.89	11.07	10.83	10.87	4948050	54073380.00
2018/04/16	10.86	10.87	10.45	10.57	4684191	49713800.00
2018/04/17	10.60	10.68	10.35	10.38	4066378	42614260.00
2018/04/18	10.50	10.85	10.30	10.77	5079797	53786588.00
2018/04/19	11.45	11.85	11.25	11.85	27858070	322846336.00
2018/04/20	11.40	11.54	11.05	11.12	15797291	179125040.00
2018/04/23	11.11	11.16	10.86	11.15	7082199	77935600.00
2018/04/24	11.01	11.29	10.95	11.20	6881010	76869928.00
2018/04/25	11.04	11.13	10.87	10.97	5974981	65616644.00
2018/04/26	10.94	11.08	10.70	10.73	5133280	56131972.00
2018/04/27	10.81	11.12	10.79	10.89	5224340	57306068.00
2018/05/02	10.85	10.93	10.51	10.65	4273146	45699620.00
2018/05/03	10.63	10.63	10.05	10.46	5756798	59731040.00
2018/05/04	10.46	10.62	10.39	10.61	4446329	46736560.00
2018/05/07	10.60	10.94	10.52	10.87	4909172	52794896.00
2018/05/08	10.87	10.88	10.66	10.73	5401055	57963728.00
2018/05/09	10.76	10.78	10.59	10.62	3830506	40793064.00
2018/05/10	10.62	10.85	10.62	10.73	4084582	43700296.00
2018/05/11	10.85	10.86	10.51	10.52	4746039	50695440.00
2018/05/14	10.47	10.63	10.42	10.47	3024554	31688094.00
2018/05/15	10.78	11.28	10.78	10.94	13990536	153949488.00
2018/05/16	10.81	10.89	10.67	10.70	7291430	78451336.00
2018/05/17	10.71	10.79	10.56	10.61	4017961	42786460.00
2018/05/18	10.59	11.67	10.57	11.67	23860532	269674240.00
2018/05/21	11.76	12.32	11.46	11.84	25849250	305995072.00
2018/05/22	11.83	12.37	11.82	12.04	18275502	221134784.00
2018/05/23	12.18	12.18	11.71	11.76	11897201	141688432.00
2018/05/24	11.73	12.02	11.67	11.72	8525885	100844000.00
2018/05/25	11.99	12.58	11.86	11.93	18317364	222634432.00
2018/05/28	11.99	12.46	11.93	12.28	14339417	175606032.00
2018/05/29	12.42	12.55	12.08	12.55	16097033	199326000.00
2018/05/30	12.40	13.49	12.20	12.59	25640061	328936512.00
2018/05/31	13.16	13.43	12.69	13.13	22409098	292680288.00
2018/06/01	13.68	14.37	13.07	13.29	32462117	444613088.00
2018/06/04	13.30	13.59	12.10	12.45	24434791	312401120.00
2018/06/05	12.51	12.65	12.00	12.50	19852082	244988224.00
2018/06/06	12.58	13.18	12.56	12.89	19673167	253026688.00
2018/06/07	12.79	12.92	12.39	12.46	13403233	168852768.00
2018/06/08	12.10	12.15	11.63	11.75	16043536	190265264.00
2018/06/11	11.70	11.92	11.52	11.58	8793846	102735336.00
2018/06/12	11.60	11.80	11.29	11.79	9442376	109363360.00
2018/06/13	11.64	11.79	11.18	11.18	8073525	92693696.00
2018/06/14	11.40	11.62	11.05	11.25	9625707	108985224.00
2018/06/15	11.02	11.12	10.38	10.61	12940427	138552480.00
2018/06/19	10.32	10.36	9.55	9.60	12032161	118451400.00
2018/06/20	9.60	9.89	9.50	9.75	7275867	70568504.00
2018/06/21	9.87	10.09	9.52	9.56	8390358	82444840.00
2018/06/22	9.40	9.87	9.28	9.76	6849496	66319188.00
2018/06/25	9.90	9.95	9.56	9.57	5679804	55486612.00
2018/06/26	9.25	9.67	9.06	9.51	6084858	57358752.00
2018/06/27	9.57	9.61	9.36	9.38	3788351	35899840.00
2018/06/28	9.39	9.65	9.32	9.40	4723696	44655148.00
2018/06/29	9.39	9.88	9.39	9.81	6572004	63596864.00
2018/07/02	9.76	9.82	9.44	9.53	5363958	51575208.00
2018/07/03	9.59	9.66	9.15	9.53	6317769	59311880.00
2018/07/04	9.52	9.52	9.08	9.08	5628600	52106704.00
2018/07/05	9.02	9.14	8.30	8.66	10519966	92000952.00
2018/07/06	8.62	8.83	8.36	8.69	5777860	49942256.00
2018/07/09	8.70	8.88	8.66	8.86	4482907	39498764.00
2018/07/10	8.91	8.96	8.79	8.90	4233157	37528268.00
2018/07/11	8.67	8.67	8.28	8.47	5775871	49048052.00
2018/07/12	8.49	9.04	8.48	8.93	7661211	67417376.00
2018/07/13	8.89	8.96	8.79	8.83	4765161	42156828.00
2018/07/16	8.79	8.86	8.55	8.69	3464671	29995322.00
2018/07/17	8.75	8.87	8.61	8.83	4077970	35724672.00
2018/07/18	8.85	8.91	8.67	8.69	3425120	30107528.00
2018/07/19	8.69	8.79	8.52	8.57	2659700	22917466.00
2018/07/20	8.53	8.66	8.40	8.62	3219151	27583328.00
2018/07/23	8.61	8.79	8.55	8.76	4457151	38718572.00
2018/07/24	8.75	9.05	8.74	8.86	8173678	72738808.00
2018/07/25	8.90	9.75	8.86	9.39	13181930	122533400.00
2018/07/26	9.31	9.38	9.08	9.10	8133557	74603832.00
2018/07/27	9.16	9.50	9.09	9.20	8100457	75250160.00
2018/07/30	9.16	9.27	8.92	8.97	4682912	42254748.00
2018/07/31	8.92	9.03	8.82	8.90	3359750	29967576.00
2018/08/01	8.96	9.06	8.51	8.58	4158653	36701592.00
2018/08/02	8.51	8.54	7.81	8.00	7701394	62678896.00
2018/08/03	8.05	8.07	7.88	7.90	4025816	32117134.00
2018/08/06	7.90	7.95	7.67	7.70	3700250	28865948.00
2018/08/07	7.80	7.96	7.69	7.95	3940012	31010688.00
2018/08/08	8.00	8.15	7.90	7.90	3731052	29872050.00
2018/08/09	7.88	8.13	7.81	8.04	3821216	30712900.00
2018/08/10	8.09	8.11	7.93	8.04	3387403	27121344.00
2018/08/13	7.93	7.96	7.69	7.94	5769515	45164008.00
2018/08/14	7.90	8.09	7.84	7.99	4620140	36881092.00
2018/08/15	8.02	8.03	7.75	7.75	3635730	28561374.00
2018/08/16	7.55	7.88	7.50	7.66	3625004	27932906.00
2018/08/17	7.79	7.82	7.52	7.54	3421750	26213386.00
2018/08/20	7.45	7.65	7.36	7.52	3208130	24002896.00
2018/08/21	7.59	7.68	7.46	7.63	2718830	20622578.00
2018/08/22	7.67	7.67	7.39	7.39	2719650	20392292.00
2018/08/23	7.39	7.50	7.38	7.43	2377400	17702384.00
2018/08/24	7.42	7.43	7.18	7.18	5402100	39325660.00
2018/08/27	7.26	7.48	7.23	7.44	5600330	41264900.00
2018/08/28	7.44	7.57	7.44	7.52	4291252	32217172.00
2018/08/29	7.44	7.65	7.44	7.49	4257702	32123716.00
2018/08/30	7.50	7.58	7.24	7.25	4730850	34773680.00
2018/08/31	7.21	7.44	7.16	7.34	4686550	34314676.00
2018/09/03	7.32	7.34	7.08	7.15	4645600	33294980.00
2018/09/04	7.18	7.28	7.09	7.26	4395052	31630532.00
2018/09/05	7.26	7.31	7.10	7.10	3521550	25372480.00
2018/09/06	7.08	7.18	7.05	7.09	2890102	20569910.00
2018/09/07	7.18	7.20	7.02	7.06	3114353	22150240.00
2018/09/10	7.04	7.06	6.84	6.85	3029629	20983190.00
2018/09/11	6.91	6.92	6.76	6.80	2557053	17476322.00
2018/09/12	6.76	6.92	6.71	6.82	3458273	23634692.00
2018/09/13	6.94	6.96	6.81	6.93	3249700	22354306.00
2018/09/14	6.96	6.96	6.81	6.81	3137000	21610036.00
2018/09/17	6.80	6.85	6.53	6.53	3239400	21600416.00
2018/09/18	6.47	6.72	6.47	6.72	3395250	22517580.00
2018/09/19	6.73	6.89	6.68	6.79	3920967	26592294.00
2018/09/20	6.80	6.93	6.76	6.83	3232250	22168368.00
2018/09/21	6.87	6.96	6.78	6.91	3395853	23398682.00
2018/09/25	6.85	7.03	6.85	6.94	3231355	22443390.00
2018/09/26	6.99	7.63	6.92	7.20	9375957	68272048.00
2018/09/27	7.12	7.25	6.88	6.90	6738557	47427944.00
2018/09/28	6.98	6.98	6.70	6.80	5029115	34142292.00
2018/10/08	6.60	6.66	6.46	6.46	4109700	26982786.00
2018/10/09	6.52	6.56	6.43	6.51	2541155	16488768.00
2018/10/10	6.57	6.61	6.46	6.53	2581789	16850316.00
2018/10/11	6.39	6.39	5.88	5.88	5488800	33331264.00
2018/10/12	5.80	5.93	5.35	5.70	4672985	26691722.00
2018/10/15	5.65	5.79	5.60	5.65	2646942	15121724.00
2018/10/16	5.65	5.69	5.39	5.47	2563061	14187279.00
2018/10/17	5.59	5.59	5.40	5.57	2725572	14999063.00
2018/10/18	5.51	5.55	5.39	5.39	2446025	13338191.00
2018/10/19	5.32	5.54	5.32	5.54	2559918	14028726.00
2018/10/22	5.60	5.92	5.56	5.83	4908903	28350362.00
2018/10/23	5.83	5.85	5.67	5.70	3239001	18656420.00
2018/10/24	5.72	5.83	5.69	5.80	3295536	18977800.00
2018/10/25	5.62	5.77	5.56	5.70	2496175	14128530.00
2018/10/26	5.79	5.82	5.72	5.74	2506322	14449304.00
2018/10/29	5.78	5.78	5.65	5.66	1694600	9647669.00
2018/10/30	5.63	5.78	5.62	5.73	1757400	10042285.00
2018/10/31	5.75	5.88	5.75	5.79	3206900	18650012.00
2018/11/01	5.81	5.96	5.80	5.82	5152682	30260486.00
2018/11/02	5.91	6.29	5.85	6.05	7899775	47660908.00
2018/11/05	6.06	6.16	5.97	6.12	5568950	33840664.00
2018/11/06	6.06	6.10	5.91	6.01	3856900	23084964.00
2018/11/07	6.03	6.43	6.01	6.12	8340127	51892180.00
2018/11/08	6.13	6.35	6.10	6.11	5740325	35548544.00
2018/11/09	6.07	6.17	6.04	6.05	3715600	22638572.00
2018/11/12	6.11	6.26	6.04	6.25	4474935	27709586.00
2018/11/13	6.17	6.47	6.15	6.37	7446685	47406888.00
2018/11/14	6.41	6.79	6.37	6.61	12179774	80421296.00
2018/11/15	6.70	6.70	6.52	6.66	10888885	71833984.00
2018/11/16	6.62	6.95	6.61	6.76	10433287	70858736.00
2018/11/19	6.83	7.15	6.76	6.98	11399422	79325408.00
2018/11/20	6.80	6.90	6.50	6.54	8875563	59551096.00
2018/11/21	6.56	6.71	6.46	6.67	5326637	35307684.00
2018/11/22	6.76	6.83	6.60	6.60	3713487	24876816.00
2018/11/23	6.69	6.75	6.31	6.35	7181285	46966456.00
2018/11/26	6.41	6.74	6.33	6.66	9138851	60449288.00
2018/11/27	6.66	6.82	6.49	6.53	7333001	48585192.00
2018/11/28	6.52	6.53	6.23	6.49	5761101	36916828.00
2018/11/29	6.53	6.60	6.24	6.25	4510052	29069180.00
2018/11/30	6.25	6.35	6.18	6.32	3489813	21935628.00
2018/12/03	6.47	6.74	6.46	6.68	7381923	48811388.00
2018/12/04	6.68	6.72	6.62	6.66	3764800	25055110.00
2018/12/05	6.55	6.62	6.49	6.56	4077122	26724690.00
2018/12/06	6.51	6.53	6.35	6.37	3379822	21711730.00
2018/12/07	6.43	6.45	6.34	6.38	2119900	13567383.00
2018/12/10	6.38	6.42	6.23	6.25	2406500	15168625.00
2018/12/11	6.33	6.33	6.17	6.21	3151050	19621332.00
2018/12/12	6.25	6.31	6.19	6.26	3282775	20498780.00
2018/12/13	6.33	6.33	6.14	6.26	4364854	27318008.00
2018/12/14	6.26	6.28	6.04	6.05	3626100	22311576.00
2018/12/17	6.06	6.09	5.87	5.99	2279050	13602650.00
2018/12/18	5.96	6.01	5.81	5.94	2244769	13310064.00
2018/12/19	6.00	6.00	5.80	5.86	2344400	13809196.00
2018/12/20	5.87	5.94	5.80	5.87	2169649	12741555.00
2018/12/21	5.86	5.90	5.78	5.84	2184982	12734940.00
2018/12/24	5.76	5.89	5.76	5.87	1390308	8127701.00
2018/12/25	5.83	5.83	5.56	5.72	3408603	19324464.00
2018/12/26	5.75	5.87	5.68	5.79	3185877	18476566.00
2018/12/27	5.90	5.92	5.67	5.67	3069030	17842638.00
2018/12/28	5.75	5.78	5.67	5.74	1709200	9816805.00
2019/01/02	5.80	6.22	5.74	5.94	6099431	36727844.00
2019/01/03	5.96	6.05	5.83	5.84	4106603	24296794.00
数据来源:通达信
