300535 达威股份 日线 前复权
      日期	    开盘	    最高	    最低	    收盘	    成交量	    成交额
2016/08/12	13.06	15.72	13.06	15.72	6900	178741.00
2016/08/15	17.31	17.31	17.31	17.31	3000	87900.00
2016/08/16	19.07	19.07	19.07	19.07	1000	32230.00
2016/08/17	21.00	21.00	21.00	21.00	1000	35450.00
2016/08/18	23.13	23.13	23.13	23.13	2000	78000.00
2016/08/19	25.46	25.46	25.46	25.46	4100	175890.00
2016/08/22	28.03	28.03	28.03	28.03	3800	179322.00
2016/08/23	30.86	30.86	30.86	30.86	2950	153134.50
2016/08/24	33.98	33.98	33.98	33.98	4500	256950.00
2016/08/25	37.40	37.40	37.40	37.40	13070	820926.69
2016/08/26	41.16	41.16	41.16	41.16	11447	790873.25
2016/08/29	45.30	45.30	45.30	45.30	21410	1627160.00
2016/08/30	49.86	49.86	49.86	49.86	51535	4308326.00
2016/08/31	54.87	54.87	54.87	54.87	65419	6015931.00
2016/09/01	60.39	60.39	60.39	60.39	95316	9642167.00
2016/09/02	66.45	66.45	66.45	66.45	92338	10275373.00
2016/09/05	73.12	73.12	70.49	70.85	9709990	1167189120.00
2016/09/06	67.78	70.53	66.90	69.34	6220211	711483904.00
2016/09/07	68.69	70.17	65.70	65.98	5084131	578021120.00
2016/09/08	65.16	66.40	62.45	63.47	3695005	400133216.00
2016/09/09	63.28	63.75	59.09	59.15	3771005	383603424.00
2016/09/12	57.06	59.65	56.69	58.98	2429317	237541136.00
2016/09/13	59.68	60.14	57.89	58.85	2098446	207960448.00
2016/09/14	58.19	59.98	57.93	58.80	1688706	167619952.00
2016/09/19	59.09	59.40	58.14	58.80	1405543	138513952.00
2016/09/20	59.02	59.03	56.71	56.78	1831673	177009872.00
2016/09/21	56.69	56.97	55.60	56.09	1566801	147674784.00
2016/09/22	56.57	57.08	55.73	55.75	1538242	145297040.00
2016/09/23	55.85	56.81	55.68	55.79	1463693	137838176.00
2016/09/26	54.60	55.48	53.10	53.13	1852673	168295952.00
2016/09/27	53.22	55.10	52.09	55.10	1814915	164229600.00
2016/09/28	55.43	55.46	53.61	53.69	1513448	137911408.00
2016/09/29	53.76	55.47	53.40	54.66	1449555	132530264.00
2016/09/30	54.30	54.90	53.82	54.21	831230	75549168.00
2016/10/10	54.90	58.24	54.42	57.36	1980758	187884688.00
2016/10/11	57.37	58.07	56.59	57.47	2630402	253398080.00
2016/10/12	56.72	57.77	56.10	56.93	1841200	175725888.00
2016/10/13	56.59	57.41	55.91	55.99	1402471	133054632.00
2016/10/14	55.61	56.21	55.03	56.09	1197780	111860872.00
2016/10/17	55.87	56.99	54.48	54.85	1259929	118281032.00
2016/10/18	54.60	55.79	54.22	55.73	1234233	113718328.00
2016/10/19	55.69	57.02	55.49	56.70	1593918	150439728.00
2016/10/20	56.62	56.62	54.99	55.32	1402030	130746112.00
2016/10/21	55.19	56.36	54.84	56.03	1239603	115731768.00
2016/10/24	56.03	57.23	54.90	56.87	1593240	150304304.00
2016/10/25	56.87	59.04	56.82	57.80	2410359	234393056.00
2016/10/26	57.47	59.69	56.87	59.62	2749173	269191008.00
2016/10/27	59.69	60.78	58.26	58.79	2421600	239974288.00
2016/10/28	58.56	59.44	57.29	57.35	1899440	184754560.00
2016/10/31	56.75	57.41	55.23	55.73	1389320	129979112.00
2016/11/01	55.78	58.02	55.56	57.62	1625249	155130560.00
2016/11/02	57.60	58.76	57.29	57.70	1834542	178661264.00
2016/11/03	57.41	59.50	57.05	57.93	2161013	211240112.00
2016/11/04	57.89	59.68	57.67	59.29	2265650	224179008.00
2016/11/07	59.58	60.15	58.28	58.43	1812344	179690608.00
2016/11/08	58.76	59.14	57.60	59.08	1608308	157532336.00
2016/11/09	58.91	63.26	58.80	61.32	3671098	377619680.00
2016/11/10	62.03	64.85	61.55	63.54	3432734	365568000.00
2016/11/11	63.59	64.18	61.79	62.24	2267897	238231296.00
2016/11/14	61.97	63.47	61.79	62.73	1495457	156944256.00
2016/11/15	62.47	62.62	60.53	61.67	1551323	159275248.00
2016/11/16	61.67	61.67	59.22	59.57	1417753	143551088.00
2016/11/17	59.09	59.99	59.09	59.09	971345	96817016.00
2016/11/18	59.98	62.09	59.80	61.77	1846532	189229120.00
2016/11/21	62.19	63.22	60.89	62.64	1770892	184428208.00
2016/11/22	65.09	68.67	64.19	64.47	3398563	375194464.00
2016/11/23	64.49	68.60	63.69	66.92	3879530	432643040.00
2016/11/24	65.54	67.42	63.89	64.48	2269356	248308176.00
2016/11/25	63.29	66.58	61.49	66.28	2256281	241713520.00
2016/11/28	65.68	66.01	62.91	63.52	1545865	166389424.00
2016/11/29	63.29	64.33	61.58	61.86	1183637	125191432.00
2016/11/30	61.61	63.29	60.95	62.76	1156388	120651064.00
2016/12/01	62.69	63.23	61.49	62.11	1178541	123345136.00
2016/12/02	62.45	62.45	56.70	57.27	2130674	212166096.00
2016/12/05	55.49	57.47	55.49	56.44	1049629	99167872.00
2016/12/06	56.65	57.22	56.41	56.53	985844	94040520.00
2016/12/07	56.33	56.62	54.99	56.62	953600	89244288.00
2016/12/08	56.51	56.85	54.99	55.18	1021799	95352072.00
2016/12/09	55.08	55.13	53.67	53.87	933957	84839840.00
2017/03/31	48.46	48.46	48.46	48.46	127300	10344398.00
2017/04/05	43.58	44.70	43.58	44.26	2531009	186879872.00
2017/04/06	43.76	48.71	43.75	48.71	2348290	181848288.00
2017/04/07	44.29	47.41	44.29	44.55	2194787	167616720.00
2017/04/10	44.11	44.59	40.07	40.07	2323396	161088592.00
2017/04/11	39.31	40.74	39.12	40.58	1372800	92139536.00
2017/04/12	40.58	40.74	39.31	39.36	1003299	67251072.00
2017/04/13	39.48	40.14	39.33	39.47	680442	45388840.00
2017/04/14	39.50	39.58	38.60	39.25	772042	50708524.00
2017/04/17	38.64	38.64	36.48	36.91	946400	59553968.00
2017/04/18	36.91	37.40	35.83	36.05	735142	45382484.00
2017/04/19	36.18	36.98	35.11	36.91	788442	48016988.00
2017/04/20	36.85	37.27	35.79	36.07	769723	47359084.00
2017/04/21	36.07	36.40	35.71	35.73	466412	28191792.00
2017/04/24	35.47	35.79	34.07	34.41	750279	43645596.00
2017/04/25	34.66	35.58	34.62	34.81	529119	31103778.00
2017/04/26	34.66	35.98	34.62	35.59	696413	41468832.00
2017/04/27	35.59	37.30	34.93	37.12	1073605	65310364.00
2017/04/28	37.12	37.30	36.67	36.99	656013	40787820.00
2017/05/02	36.99	37.21	36.61	36.73	459406	28391332.00
2017/05/03	36.37	37.09	36.12	36.61	487100	29939242.00
2017/05/04	36.79	36.79	35.77	35.88	462061	28037682.00
2017/05/05	36.01	36.55	35.72	35.88	509824	31001644.00
2017/05/08	35.19	36.31	35.19	35.37	398806	23925820.00
2017/05/09	34.89	36.20	34.51	36.17	520409	30953916.00
2017/05/10	35.93	36.91	35.43	35.69	778030	47612732.00
2017/05/11	34.87	35.78	33.92	35.20	654106	38181468.00
2017/05/12	35.13	35.97	35.02	35.58	576642	34230044.00
2017/05/15	35.79	36.36	35.19	35.25	436300	26051520.00
2017/05/16	35.19	36.21	34.42	36.18	649700	38334080.00
2017/05/17	36.44	37.03	36.17	36.51	748693	45883392.00
2017/05/18	36.14	37.63	35.91	37.14	1185893	73630232.00
2017/05/19	37.14	37.44	36.11	36.15	631586	38737480.00
2017/05/22	36.29	36.65	32.52	32.52	1224554	70274096.00
2017/05/23	31.55	32.25	29.44	29.64	1231393	63396496.00
2017/05/24	28.66	29.61	27.86	29.44	852179	41088080.00
2017/05/25	29.46	29.77	27.77	28.87	867565	41682880.00
2017/05/26	28.96	29.44	28.87	28.99	596369	29137270.00
2017/05/31	30.21	31.15	28.99	29.12	839713	42381480.00
2017/06/01	29.20	29.47	27.22	27.40	632327	30162230.00
2017/06/02	27.52	28.72	27.00	28.49	584698	27417962.00
2017/06/05	28.90	29.77	28.84	29.02	615071	30167334.00
2017/06/06	28.71	29.40	28.71	29.13	550700	26846828.00
2017/06/07	29.18	30.58	29.04	30.34	921233	46404956.00
2017/06/08	30.30	30.81	29.94	29.99	696600	35416472.00
2017/06/09	30.06	30.55	29.86	30.35	541509	27435440.00
2017/06/12	30.04	30.22	28.32	28.66	968841	47124968.00
2017/06/13	28.18	31.54	28.18	30.37	1162974	58634964.00
2017/06/14	30.46	31.36	30.46	30.97	1235000	64025316.00
2017/06/15	30.76	33.14	30.76	31.91	1335347	72149872.00
2017/06/16	32.25	33.26	31.54	31.81	1211617	65523052.00
2017/06/19	32.25	32.96	31.75	32.22	914006	49418540.00
2017/06/20	32.22	32.71	31.04	31.21	999967	53084312.00
2017/06/21	31.36	31.76	30.80	31.24	856171	44780740.00
2017/06/22	31.54	32.13	30.59	30.59	1210895	63915100.00
2017/06/23	31.18	31.24	30.10	31.24	872221	44919384.00
2017/06/26	31.28	31.65	30.82	31.46	668565	35033936.00
2017/06/27	31.48	31.87	31.16	31.36	678800	35806748.00
2017/06/28	31.66	31.78	30.77	30.81	608000	31808588.00
2017/06/29	30.94	31.21	30.64	30.82	529800	27435886.00
2017/06/30	30.94	31.57	30.64	31.24	722740	37644880.00
2017/07/03	31.48	31.82	31.09	31.42	504443	26504894.00
2017/07/04	31.13	31.62	30.86	31.11	555906	29026842.00
2017/07/05	31.11	31.40	30.94	31.36	608309	31768056.00
2017/07/06	31.42	31.77	30.85	31.05	868332	45438012.00
2017/07/07	31.13	32.85	31.05	32.70	1961984	105671592.00
2017/07/10	32.55	32.57	31.18	31.43	1333412	70921288.00
2017/07/11	31.16	31.36	29.96	30.02	835900	42991844.00
2017/07/12	29.44	29.44	28.31	29.29	1033400	49894984.00
2017/07/13	29.28	29.28	28.54	28.62	519200	25054496.00
2017/07/14	28.66	29.00	28.40	28.51	382200	18357134.00
2017/07/17	27.94	28.50	25.65	25.65	939000	41613628.00
2017/07/18	25.38	26.19	24.83	25.66	661807	28331004.00
2017/07/19	25.65	25.65	24.85	25.50	450000	19105026.00
2017/07/20	25.54	26.08	25.19	25.19	623807	26841366.00
2017/07/21	24.98	25.45	24.53	24.67	517400	21659680.00
2017/07/24	24.66	25.16	24.21	25.05	538600	22238956.00
2017/07/25	25.06	25.39	24.91	25.20	365200	15388011.00
2017/07/26	25.36	25.36	24.64	24.88	295816	12382149.00
2017/07/27	24.88	26.48	24.88	26.24	990016	42834348.00
2017/07/28	25.97	26.25	25.51	25.53	600300	25959596.00
2017/07/31	25.59	25.81	25.30	25.49	347406	14891536.00
2017/08/01	25.60	25.77	25.37	25.67	384906	16508821.00
2017/08/02	25.66	25.84	25.34	25.48	472707	20231442.00
2017/08/03	25.40	26.37	25.36	25.72	680143	29576588.00
2017/08/04	25.72	25.85	25.01	25.04	475078	20160544.00
2017/08/07	24.94	25.54	24.94	25.12	251000	10605827.00
2017/08/08	25.06	25.28	24.82	25.25	366402	15396595.00
2017/08/09	25.30	25.36	24.94	25.00	261295	10972703.00
2017/08/10	24.95	26.24	23.68	25.78	1728926	72385392.00
2017/08/11	26.14	26.26	24.46	24.46	1087478	46235452.00
2017/08/14	24.38	24.74	23.98	24.54	890178	36549788.00
2017/08/15	24.55	24.76	24.10	24.49	797378	32726058.00
2017/08/16	24.46	25.49	24.36	25.41	1369826	57584468.00
2017/08/17	25.36	25.55	25.07	25.41	853742	36194596.00
2017/08/18	25.30	25.30	24.86	24.99	702606	29467902.00
2017/08/21	25.12	25.63	25.12	25.45	618766	26295912.00
2017/08/22	25.01	25.14	24.83	24.92	750566	31421044.00
2017/08/23	24.92	24.92	24.40	24.62	607806	25110924.00
2017/08/24	24.62	24.79	24.31	24.35	626606	25761732.00
2017/08/25	24.49	25.03	24.35	24.94	870906	36166444.00
2017/08/28	25.07	25.89	25.07	25.75	1077700	46174384.00
2017/08/29	25.66	26.55	25.36	26.18	1850538	80557152.00
2017/08/30	26.07	26.08	25.60	25.72	938932	40649908.00
2017/08/31	25.72	26.54	25.72	26.51	1128592	49610996.00
2017/09/01	26.37	26.70	26.09	26.39	836560	36871516.00
2017/09/04	26.28	26.54	26.08	26.15	793760	34972712.00
2017/09/05	26.16	26.74	26.02	26.43	673100	29795806.00
2017/09/06	26.19	26.66	25.97	26.56	737100	32367074.00
2017/09/07	26.52	27.61	26.52	27.28	1499290	68324864.00
2017/09/08	27.22	27.72	26.93	27.69	1133798	51973232.00
2017/09/11	27.69	27.76	27.39	27.63	779272	35917932.00
2017/09/12	27.47	27.61	26.60	26.63	1109800	50207540.00
2017/09/13	26.44	26.79	26.43	26.66	428400	19071562.00
2017/09/14	26.64	26.73	26.21	26.31	485500	21511652.00
2017/09/15	26.26	26.43	25.95	26.02	586300	25726208.00
2017/09/18	25.97	26.20	25.73	26.18	460700	20072804.00
2017/09/19	26.25	26.50	26.09	26.27	537396	23673350.00
2017/09/20	26.25	26.54	25.98	26.50	663500	29264138.00
2017/09/21	26.42	27.08	26.35	26.50	1085690	48666792.00
2017/09/22	26.45	27.03	25.86	26.94	1016506	45121136.00
2017/09/25	26.85	26.89	25.49	25.50	972800	42869688.00
2017/09/26	25.18	25.46	24.55	24.91	855200	35830328.00
2017/09/27	24.99	25.34	24.77	25.19	456200	19242444.00
2017/09/28	25.29	25.30	24.82	24.82	520300	21873744.00
2017/09/29	24.85	25.40	24.83	25.31	435500	18338076.00
2017/10/09	25.60	25.89	25.54	25.79	518000	22360306.00
2017/10/10	25.80	26.51	25.75	26.42	706538	30986948.00
2017/10/11	26.41	26.50	25.66	26.03	862400	37593808.00
2017/10/12	25.90	26.47	25.83	26.11	803800	35311020.00
2017/10/13	26.19	26.67	26.04	26.56	1056500	46721576.00
2017/10/16	26.57	26.57	25.42	25.55	936400	40675216.00
2017/10/17	25.41	26.19	25.27	25.88	535143	23141900.00
2017/10/18	25.74	26.12	25.25	25.43	697900	30189954.00
2017/10/19	25.36	25.61	24.84	24.94	644712	27166360.00
2017/10/20	24.94	25.27	24.94	25.16	706312	29757630.00
2017/10/23	25.12	25.82	25.12	25.78	791400	33864348.00
2017/10/24	25.77	25.96	25.15	25.51	569700	24343384.00
2017/10/25	25.48	28.06	25.20	28.06	4503021	209493168.00
2017/10/26	28.06	28.08	27.19	27.19	3141571	145446880.00
2017/10/27	27.24	27.75	26.89	27.45	2094363	95881768.00
2017/10/30	27.17	27.42	26.02	26.56	1880214	83695216.00
2017/10/31	26.56	29.19	26.30	28.32	3394022	159186896.00
2017/11/01	28.14	28.71	27.77	28.60	2580939	122124032.00
2017/11/02	28.62	29.14	28.09	28.83	2366309	113362048.00
2017/11/03	28.82	30.16	28.36	29.93	3939831	194285120.00
2017/11/06	29.86	30.64	29.35	29.76	2731287	137029776.00
2017/11/07	29.67	29.70	28.60	29.65	2372187	115620712.00
2017/11/08	29.63	30.37	28.84	28.90	2498771	123929872.00
2017/11/09	28.77	29.36	28.68	29.10	1378726	67079896.00
2017/11/10	28.86	31.95	28.83	31.12	3985292	205779792.00
2017/11/13	30.75	32.79	30.70	32.64	3399412	180064064.00
2017/11/14	32.25	33.51	31.72	33.14	3879199	210908080.00
2017/11/15	32.69	33.75	32.25	33.62	3130704	173260272.00
2017/11/16	33.54	33.87	31.37	32.08	3204719	174027824.00
2017/11/17	31.60	32.85	28.86	28.90	3696666	192371216.00
2017/11/20	29.38	31.36	28.82	31.33	2908366	146159808.00
2017/11/21	31.42	33.15	29.44	33.12	4334747	226814448.00
2017/11/22	32.64	33.75	32.32	33.45	3604196	199500256.00
2017/11/23	33.15	33.42	31.78	31.94	2635800	143873120.00
2017/11/24	31.42	32.72	31.07	32.40	1944100	105081264.00
2017/11/27	31.87	32.37	29.17	29.90	2443500	126227568.00
2017/11/28	30.37	30.79	29.92	30.16	1543200	78578472.00
2017/11/29	30.40	30.61	28.06	28.45	2632410	127638696.00
2017/11/30	28.42	29.13	27.09	27.31	2655010	124328880.00
2017/12/01	27.51	27.61	26.91	27.23	1628487	74645920.00
2017/12/04	26.56	26.56	24.50	24.50	2604000	109861560.00
2017/12/05	24.29	24.76	22.37	22.72	2322214	91132120.00
2017/12/06	22.75	23.12	22.30	23.08	1555424	59386492.00
2017/12/07	23.05	23.05	22.56	22.83	1190436	45498508.00
2017/12/08	22.78	23.56	22.69	23.10	1334214	51975148.00
2017/12/11	23.10	23.72	23.09	23.34	881410	34566672.00
2017/12/12	23.25	23.33	22.40	22.42	1267364	48332764.00
2017/12/13	22.42	22.75	22.38	22.69	774500	29346856.00
2017/12/14	22.71	22.80	22.42	22.62	614037	23259960.00
2017/12/15	22.62	22.74	22.38	22.50	626899	23693116.00
2017/12/18	22.48	22.66	22.02	22.08	657637	24544496.00
2017/12/19	22.36	22.53	22.12	22.50	552407	20734118.00
2017/12/20	22.50	22.50	21.82	21.82	585927	21713680.00
2017/12/21	21.85	21.87	20.87	21.58	1038027	37189604.00
2017/12/22	21.38	21.70	21.26	21.49	571514	20605640.00
2017/12/25	21.47	21.57	20.59	20.81	804742	28193692.00
2017/12/26	20.87	21.68	20.71	21.68	1034959	36941808.00
2017/12/27	22.06	22.62	21.96	22.09	1693269	63433164.00
2017/12/28	21.70	22.30	21.70	21.88	940170	34661544.00
2017/12/29	21.77	22.35	21.77	22.18	603800	22404862.00
2018/01/02	22.06	22.43	21.97	22.29	649940	24178530.00
2018/01/03	22.30	22.42	22.02	22.30	744440	27682394.00
2018/01/04	22.28	22.33	22.00	22.03	628000	23356832.00
2018/01/05	22.11	22.30	21.95	22.24	560689	20826876.00
2018/01/08	22.24	22.24	21.71	21.87	645988	23715946.00
2018/01/09	21.87	22.00	21.78	21.97	507200	18640892.00
2018/01/10	21.95	21.98	21.23	21.33	794911	28724636.00
2018/01/11	21.45	21.90	21.18	21.87	674700	24528476.00
2018/01/12	21.76	21.87	21.48	21.53	529600	19244468.00
2018/01/15	21.42	21.53	20.27	20.35	1081711	37541160.00
2018/01/16	20.36	20.78	20.36	20.67	679800	23528912.00
2018/01/17	20.69	21.47	20.43	21.47	1099100	38624836.00
2018/01/18	21.40	21.94	21.21	21.64	954200	34619160.00
2018/01/19	21.51	21.91	21.47	21.64	851800	31007046.00
2018/01/22	21.50	21.62	20.67	21.34	829900	29475904.00
2018/01/23	20.96	21.39	20.75	21.15	779778	27573122.00
2018/01/24	21.09	21.39	20.88	21.37	953100	33927104.00
2018/01/25	21.44	21.78	21.11	21.12	924300	33337968.00
2018/01/26	20.99	21.55	20.99	21.45	818100	29322828.00
2018/01/29	21.45	21.69	20.63	20.77	900200	31642088.00
2018/01/30	20.81	20.83	20.51	20.69	467800	16197190.00
2018/01/31	20.52	20.52	18.77	18.82	1558900	50940140.00
2018/02/01	18.90	19.04	17.95	18.22	744700	23161276.00
2018/02/02	17.94	18.27	17.64	17.80	569100	17153064.00
2018/02/05	17.42	17.78	17.36	17.43	446810	13175582.00
2018/02/06	17.25	17.33	15.79	15.89	723500	20210880.00
2018/02/07	16.44	16.84	15.82	16.29	810578	22174604.00
2018/02/08	16.51	17.13	16.34	16.83	743000	20966334.00
2018/02/09	16.42	16.85	16.19	16.51	565800	15707402.00
2018/02/12	16.66	17.03	16.53	16.93	884915	25063742.00
2018/02/13	17.14	17.14	16.57	16.58	631800	17829804.00
2018/02/14	16.54	16.63	16.31	16.38	454100	12534669.00
2018/02/22	16.49	16.78	16.43	16.75	520200	14540557.00
2018/02/23	16.75	16.91	16.68	16.84	506800	14302450.00
2018/02/26	16.84	17.47	16.84	17.42	881602	25629010.00
2018/02/27	17.41	17.71	17.34	17.59	724900	21328260.00
2018/02/28	17.59	17.59	17.22	17.41	524500	15303314.00
2018/03/01	17.52	17.75	17.30	17.69	825300	24410752.00
2018/03/02	17.45	17.66	17.28	17.28	577859	16963030.00
2018/03/05	17.33	17.69	17.29	17.69	764159	22514792.00
2018/03/06	17.72	17.99	17.51	17.86	980300	29263816.00
2018/03/07	17.84	18.04	17.70	17.92	755359	22668702.00
2018/03/08	17.90	18.55	17.81	18.52	1190559	36396852.00
2018/03/09	18.41	19.14	18.41	19.02	1150400	36386032.00
2018/03/12	18.91	19.63	18.89	19.10	1265159	40685376.00
2018/03/13	19.13	19.18	18.89	18.94	826400	26361776.00
2018/03/14	18.71	19.05	18.56	18.56	606300	19168376.00
2018/03/15	18.41	18.74	17.49	17.87	1200200	36140304.00
2018/03/16	17.87	18.11	17.80	17.92	727400	21921800.00
2018/03/19	18.02	18.44	17.87	18.25	681700	20858100.00
2018/03/20	18.16	18.56	17.90	18.41	625000	19127644.00
2018/03/21	18.45	18.86	18.23	18.29	781040	24412076.00
2018/03/22	18.35	18.76	18.18	18.44	628340	19483574.00
2018/03/23	17.87	18.29	16.72	16.80	1212600	35528136.00
2018/03/26	16.78	17.22	16.26	17.20	621100	17566128.00
2018/03/27	17.39	18.10	17.39	18.04	978000	29301140.00
2018/03/28	17.79	18.76	17.68	18.56	1099800	34162168.00
2018/03/29	18.71	18.71	18.25	18.62	960959	29879524.00
2018/03/30	18.65	19.12	18.65	19.06	1003987	31980758.00
2018/04/02	19.27	19.49	18.89	18.99	1039599	33349986.00
2018/04/03	18.69	19.61	18.36	19.59	1963784	62552156.00
2018/04/04	19.65	19.85	19.16	19.36	1268108	41581564.00
2018/04/09	19.11	20.56	19.01	20.52	2199408	74051224.00
2018/04/10	19.97	20.37	19.65	20.21	1826453	61459296.00
2018/04/11	20.15	20.61	20.03	20.32	926700	31601654.00
2018/04/12	20.27	21.47	20.27	21.23	2447056	86769856.00
2018/04/13	21.41	21.41	20.49	21.25	2509007	88193456.00
2018/04/16	21.23	21.23	19.97	20.71	1174360	40422084.00
2018/04/17	21.36	21.36	19.73	19.97	1205800	41065984.00
2018/04/18	19.95	20.07	18.96	19.89	1121495	36645688.00
2018/04/19	20.25	20.25	19.54	19.85	848704	28082852.00
2018/04/20	19.55	19.85	18.98	19.37	593100	19396796.00
2018/04/23	19.07	19.36	18.59	18.68	461800	14628324.00
2018/04/24	18.68	19.37	18.68	19.28	661736	21271196.00
2018/04/25	19.12	19.77	19.07	19.64	786136	25781782.00
2018/04/26	19.59	20.57	19.43	19.43	1292300	43212968.00
2018/04/27	19.16	19.49	18.86	18.93	616200	19846592.00
2018/05/02	18.88	19.21	18.32	18.44	494400	15513520.00
2018/05/03	18.35	18.71	17.74	18.70	631700	19367138.00
2018/05/04	18.68	19.02	18.52	18.95	628810	19885798.00
2018/05/07	18.95	19.55	18.89	19.46	605500	19663098.00
2018/05/08	19.48	19.84	19.39	19.73	874400	28743214.00
2018/05/09	19.59	20.67	19.46	20.27	1837286	62387116.00
2018/05/10	20.57	20.57	20.01	20.24	1780700	60252804.00
2018/05/11	20.36	20.39	19.74	19.79	1057600	35670264.00
2018/05/14	19.58	19.99	19.31	19.47	856086	28190896.00
2018/05/15	19.55	19.98	19.28	19.95	748700	24815444.00
2018/05/16	19.99	20.15	19.82	19.91	787800	26369496.00
2018/05/17	19.77	20.24	19.77	20.20	888600	29867108.00
2018/05/18	20.18	20.45	19.91	20.25	1057800	35877088.00
2018/05/21	20.28	20.65	20.28	20.48	841086	28975162.00
2018/05/22	20.81	21.16	20.45	20.75	1454302	50722908.00
2018/05/23	20.69	21.05	20.47	20.70	1442297	50359852.00
2018/05/24	20.57	21.02	20.54	20.84	895295	31320382.00
2018/05/25	20.85	21.13	20.66	20.96	921599	32261630.00
2018/05/28	20.94	20.96	20.09	20.09	986709	33910680.00
2018/05/29	20.21	20.79	20.10	20.40	1182599	40762688.00
2018/05/30	20.27	20.27	18.49	18.53	1220409	39615584.00
2018/05/31	18.80	19.22	18.77	19.07	651186	20810366.00
2018/06/01	18.99	19.72	18.96	19.39	735300	24006808.00
2018/06/04	19.53	20.50	19.14	19.33	1119200	37225728.00
2018/06/05	19.14	19.99	19.14	19.71	1834994	35955336.00
2018/06/06	19.69	21.35	19.69	20.67	3647466	74797208.00
2018/06/07	20.28	20.28	19.45	19.54	2697283	53728528.00
2018/06/08	19.34	19.34	18.57	18.75	1986537	37387020.00
2018/06/11	18.84	20.63	18.84	20.63	4599046	93829712.00
2018/06/12	21.40	22.69	21.15	21.30	12142937	265056752.00
2018/06/13	20.49	21.17	19.43	19.67	7976435	163419056.00
2018/06/14	20.10	21.64	20.08	21.64	4186088	88591496.00
2018/06/15	23.00	23.80	20.76	21.01	13632278	310470240.00
2018/06/19	18.91	19.22	18.91	18.91	2005600	37949504.00
2018/06/20	17.02	17.88	17.02	17.02	7910521	136578752.00
2018/06/21	16.95	17.28	15.54	15.60	6785953	111437704.00
2018/06/22	15.58	16.23	15.31	15.95	3971085	63221472.00
2018/06/25	15.95	16.20	15.60	15.75	3246945	51579184.00
2018/06/26	15.45	16.10	15.32	16.07	2751949	43520492.00
2018/06/27	16.29	16.86	16.06	16.29	3303179	54103316.00
2018/06/28	16.30	16.73	16.00	16.58	3238739	53333232.00
2018/06/29	16.88	16.97	16.40	16.89	3436766	57456204.00
2018/07/02	16.87	16.87	16.10	16.51	3001580	49448116.00
2018/07/03	16.50	16.82	16.31	16.76	2004295	33310578.00
2018/07/04	16.70	16.71	16.05	16.29	1847771	30191110.00
2018/07/05	16.29	16.49	15.92	16.02	1497294	24110638.00
2018/07/06	16.01	16.38	15.65	15.99	1277820	20502654.00
2018/07/09	15.99	16.49	15.99	16.37	954858	15504581.00
2018/07/10	16.37	16.90	16.24	16.70	1655769	27386346.00
2018/07/11	16.50	16.68	15.83	16.25	1613956	26192314.00
2018/07/12	16.15	16.64	16.10	16.54	1822282	30027398.00
2018/07/13	16.40	16.68	16.18	16.50	1543190	25298254.00
2018/07/16	16.46	16.65	16.20	16.36	940671	15401996.00
2018/07/17	16.37	16.67	16.17	16.48	1037868	17042320.00
2018/07/18	16.52	16.79	16.33	16.41	1163263	19211722.00
2018/07/19	16.41	16.55	16.00	16.09	773246	12510498.00
2018/07/20	16.00	16.30	15.98	16.19	513172	8290119.00
2018/07/23	16.26	16.35	16.03	16.35	581535	9424964.00
2018/07/24	16.33	16.79	16.16	16.66	1577997	26132986.00
2018/07/25	17.08	18.33	16.85	16.92	5650556	98451728.00
2018/07/26	16.49	16.70	16.27	16.44	2766892	45531504.00
2018/07/27	16.80	17.58	16.45	16.77	3104908	52822052.00
2018/07/30	16.50	16.80	16.18	16.48	1579216	25853758.00
2018/07/31	16.47	16.47	16.20	16.32	798089	12997735.00
2018/08/01	16.32	16.47	15.94	16.02	1169704	18880196.00
2018/08/02	16.10	16.10	15.35	15.79	1393331	21692612.00
2018/08/03	15.64	15.82	15.36	15.48	438703	6820430.50
2018/08/06	15.47	15.48	15.00	15.23	641008	9758224.00
2018/08/07	15.29	15.60	15.10	15.60	833687	12786043.00
2018/08/08	15.80	16.13	15.33	15.46	859113	13539021.00
2018/08/09	15.30	15.87	15.30	15.65	775891	12142003.00
2018/08/10	15.60	15.70	15.37	15.56	661908	10287039.00
2018/08/13	15.43	15.46	15.11	15.35	550862	8397928.00
2018/08/14	15.36	15.44	15.20	15.33	468889	7161811.00
2018/08/15	15.30	15.35	14.75	14.80	690787	10351111.00
2018/08/16	14.60	14.76	14.31	14.39	660338	9573578.00
2018/08/17	14.50	14.57	14.05	14.10	769386	10931056.00
2018/08/20	14.10	14.19	13.70	14.01	460493	6425805.00
2018/08/21	14.03	14.15	13.91	14.09	417047	5860984.50
2018/08/22	14.10	14.14	13.86	13.86	268474	3757500.75
2018/08/23	13.87	14.10	13.87	14.07	486327	6813998.00
2018/08/24	14.02	14.65	14.00	14.30	921553	13151504.00
2018/08/27	14.20	14.59	14.20	14.59	625505	9043684.00
2018/08/28	14.50	14.64	14.37	14.59	451658	6543661.00
2018/08/29	14.40	14.58	14.29	14.33	261635	3764260.50
2018/08/30	14.22	14.35	13.71	13.71	403630	5645686.00
2018/08/31	13.71	13.98	13.71	13.85	407087	5652249.50
2018/09/03	13.76	14.03	13.67	13.82	372945	5166296.00
2018/09/04	13.82	14.24	13.51	14.12	455491	6377637.00
2018/09/05	14.09	14.19	13.71	13.75	540175	7525378.00
2018/09/06	13.78	13.95	13.63	13.71	225371	3106686.25
2018/09/07	13.85	14.15	13.56	13.80	471546	6543671.00
2018/09/10	13.80	13.93	13.44	13.44	452037	6169487.50
2018/09/11	13.51	13.75	13.42	13.45	383065	5178915.00
2018/09/12	13.66	13.78	13.49	13.54	342156	4656778.00
2018/09/13	13.59	13.77	13.54	13.77	400972	5475377.50
2018/09/14	13.76	13.87	13.68	13.70	392583	5409320.50
2018/09/17	13.54	13.61	13.16	13.34	388281	5179266.50
2018/09/18	13.29	13.68	12.91	13.55	1260678	16638941.00
2018/09/19	13.38	13.93	13.28	13.60	814556	11078498.00
2018/09/20	13.54	13.75	13.42	13.53	647196	8771589.00
2018/09/21	13.47	13.87	13.29	13.71	1015758	13714200.00
2018/09/25	13.68	13.74	13.55	13.66	371740	5071863.50
2018/09/26	13.70	13.86	13.66	13.71	524561	7205240.50
2018/09/27	13.90	13.94	13.46	13.48	851218	11671304.00
2018/09/28	13.48	13.82	13.05	13.61	592259	8036119.00
2018/10/08	13.50	13.50	13.05	13.06	424831	5618388.00
2018/10/09	13.09	13.43	13.02	13.16	471181	6214520.00
2018/10/10	13.15	13.69	13.15	13.69	1229778	16617073.00
2018/10/11	13.67	13.67	12.45	12.78	1407128	18501260.00
2018/10/12	12.50	13.10	12.26	12.78	1101361	14021458.00
2018/10/15	12.78	13.05	12.57	12.57	569239	7291757.50
2018/10/16	12.50	12.90	12.28	12.40	529767	6639032.50
2018/10/17	12.69	12.78	12.36	12.68	591616	7470307.50
2018/10/18	12.54	12.78	12.30	12.46	578998	7230927.50
2018/10/19	12.26	12.69	12.01	12.53	670842	8299968.50
2018/10/22	12.50	13.34	12.50	13.18	862274	11191535.00
2018/10/23	13.16	13.24	12.91	13.09	575705	7518266.00
2018/10/24	13.66	14.40	13.30	13.77	2587707	36362276.00
2018/10/25	13.99	14.15	13.34	14.04	2294645	31704500.00
2018/10/26	14.04	14.12	13.65	13.90	1204775	16766901.00
2018/10/29	13.70	13.79	13.31	13.60	818104	11014897.00
2018/10/30	13.60	13.73	13.27	13.62	586678	7939268.00
2018/10/31	13.49	13.84	13.48	13.70	722641	9882102.00
2018/11/01	13.24	13.95	13.24	13.59	922334	12624045.00
2018/11/02	13.65	13.89	13.61	13.84	1121738	15436649.00
2018/11/05	13.83	13.97	13.63	13.94	886181	12266392.00
2018/11/06	13.88	13.88	13.47	13.68	534753	7274040.00
2018/11/07	13.68	13.86	13.52	13.68	705584	9699017.00
2018/11/08	13.71	14.10	13.66	13.80	928597	12841048.00
2018/11/09	13.63	14.25	13.63	14.10	1603077	22456756.00
2018/11/12	13.96	14.48	13.96	14.46	1379952	19753180.00
2018/11/13	14.98	15.51	14.38	14.68	3541450	52240700.00
2018/11/14	14.90	14.90	14.40	14.52	1723107	25159986.00
2018/11/15	14.50	15.28	14.46	14.92	2512747	37159684.00
2018/11/16	14.75	15.19	14.68	14.77	2423755	35935976.00
2018/11/19	14.78	14.88	14.50	14.59	1029667	15053541.00
2018/11/20	14.58	14.75	14.15	14.22	1075575	15487066.00
2018/11/21	14.05	14.46	14.05	14.39	838468	11940794.00
2018/11/22	14.39	14.54	14.23	14.28	742103	10618365.00
2018/11/23	14.21	14.43	13.09	13.65	1348693	18483820.00
2018/11/26	13.49	13.62	13.37	13.51	414852	5597360.00
2018/11/27	13.50	13.78	13.43	13.64	434168	5901073.50
2018/11/28	13.50	13.87	13.47	13.79	508408	6952630.00
2018/11/29	13.79	14.04	13.40	13.58	814889	11274479.00
2018/11/30	13.54	13.66	13.20	13.62	752178	10103877.00
2018/12/03	13.78	14.00	13.77	13.92	694765	9657692.00
2018/12/04	13.90	14.02	13.84	13.95	642331	8948390.00
2018/12/05	13.71	13.96	13.68	13.92	741055	10262458.00
2018/12/06	13.83	14.38	13.82	13.93	972054	13622402.00
2018/12/07	14.34	15.32	14.34	14.55	10917239	164017376.00
2018/12/10	13.66	13.80	13.10	13.10	8426900	111403552.00
2018/12/11	12.95	13.10	12.73	13.01	2994461	38747524.00
2018/12/12	12.99	13.16	12.96	13.00	1945701	25391180.00
2018/12/13	13.01	13.18	12.85	13.01	1858811	24186824.00
2018/12/14	12.99	13.08	12.54	12.54	1795307	22930356.00
2018/12/17	12.54	13.10	12.41	12.99	1940236	24798892.00
2018/12/18	12.85	14.29	12.80	14.29	8868705	123703104.00
2018/12/19	14.21	14.75	13.61	13.65	7069373	99785792.00
2018/12/20	13.55	13.82	13.42	13.67	3346953	45554652.00
2018/12/21	13.54	13.68	13.04	13.20	3131577	41710640.00
2018/12/24	13.16	13.67	13.16	13.35	2857096	38149652.00
2018/12/25	13.21	13.22	12.61	12.98	2672059	34442588.00
2018/12/26	13.02	13.19	12.88	13.18	1973406	25730148.00
2018/12/27	13.35	13.45	12.74	12.74	2174611	28408890.00
2018/12/28	12.88	13.09	12.65	12.87	1443671	18602012.00
2019/01/02	12.88	13.24	12.67	12.96	1865668	24152048.00
2019/01/03	12.98	13.13	12.83	12.90	1180317	15339281.00
数据来源:通达信
