300300 汉鼎宇佑 日线 前复权
      日期	    开盘	    最高	    最低	    收盘	    成交量	    成交额
2012/03/19	3.14	3.27	3.14	3.27	10614380	232652304.00
2012/03/20	3.26	3.43	3.22	3.26	9918930	224424960.00
2012/03/21	3.16	3.19	2.93	2.96	6467468	134740416.00
2012/03/22	2.93	3.02	2.92	2.95	3224408	65621716.00
2012/03/23	2.92	3.00	2.90	2.97	3017197	61318120.00
2012/03/26	3.00	3.02	2.86	2.89	2585840	52283316.00
2012/03/27	2.89	3.00	2.87	2.98	2697092	54447964.00
2012/03/28	2.96	3.00	2.87	2.88	2895852	58184324.00
2012/03/29	2.81	2.81	2.69	2.71	2328591	43778008.00
2012/03/30	2.74	2.74	2.61	2.63	1766868	32676202.00
2012/04/05	2.62	2.73	2.62	2.71	1578658	29247270.00
2012/04/06	2.70	2.82	2.67	2.77	2339157	44132192.00
2012/04/11	3.06	3.06	2.95	3.06	2234293	46657004.00
2012/04/12	3.14	3.19	3.04	3.11	5434208	115924488.00
2012/04/13	3.09	3.14	3.03	3.05	2792146	58900128.00
2012/04/16	2.99	3.02	2.95	2.97	1992701	40744548.00
2012/04/17	2.95	3.04	2.93	2.97	2246667	46175268.00
2012/04/18	2.96	3.05	2.91	3.02	2068892	42410328.00
2012/04/19	2.99	3.10	2.98	3.05	2053267	42863176.00
2012/04/20	3.05	3.11	3.02	3.08	1904423	39956248.00
2012/04/23	3.05	3.12	2.76	2.76	3871529	76785360.00
2012/04/24	2.73	2.80	2.63	2.78	2823178	52685916.00
2012/04/25	2.79	2.79	2.67	2.73	1998482	37409532.00
2012/04/26	2.72	2.79	2.70	2.73	1414974	26713250.00
2012/04/27	2.73	2.77	2.70	2.74	1287984	24285744.00
2012/05/02	2.76	2.80	2.72	2.76	1514477	28894906.00
2012/05/03	2.76	2.86	2.75	2.83	1559809	30232040.00
2012/05/04	2.84	2.94	2.84	2.93	2105181	41980892.00
2012/05/07	2.92	3.03	2.89	2.99	2271281	46284864.00
2012/05/08	3.03	3.26	3.03	3.22	4256079	91934744.00
2012/05/09	3.30	3.44	3.24	3.39	4911258	111102520.00
2012/05/10	3.32	3.36	3.30	3.34	2438092	55438660.00
2012/05/11	3.33	3.39	3.31	3.34	2050437	46825268.00
2012/05/14	3.34	3.35	3.24	3.25	2456224	55202464.00
2012/05/15	3.22	3.32	3.19	3.29	1321403	29487042.00
2012/05/16	3.30	3.35	3.26	3.26	1049876	23653684.00
2012/05/17	3.27	3.28	3.17	3.24	1135317	25023580.00
2012/05/18	3.20	3.44	3.19	3.41	2650236	60086988.00
2012/05/21	3.41	3.45	3.26	3.39	1528729	35173064.00
2012/05/22	3.38	3.61	3.35	3.46	1947142	46346820.00
2012/05/23	3.42	3.47	3.39	3.46	928136	21660112.00
2012/05/24	3.46	3.57	3.34	3.40	1053192	24795614.00
2012/05/25	3.38	3.51	3.28	3.50	1555565	36015492.00
2012/05/28	3.44	3.59	3.43	3.56	1103845	26493120.00
2012/05/29	3.55	3.66	3.48	3.48	1185356	28647022.00
2012/05/30	3.46	3.53	3.43	3.47	774881	18408242.00
2012/05/31	3.44	3.55	3.40	3.53	979394	23207322.00
2012/06/01	3.52	3.63	3.45	3.58	895194	21808934.00
2012/06/04	3.50	3.58	3.47	3.55	580705	14017247.00
2012/06/05	3.53	3.61	3.42	3.46	1204519	28470968.00
2012/06/06	3.46	3.47	3.30	3.44	844093	19550754.00
2012/06/07	3.44	3.48	3.37	3.37	523010	12241030.00
2012/06/08	3.37	3.41	3.31	3.38	401413	9212214.00
2012/06/11	3.40	3.45	3.32	3.42	390391	9091039.00
2012/06/12	3.41	3.54	3.33	3.50	762248	17806752.00
2012/06/13	3.51	3.80	3.50	3.72	1840461	45827824.00
2012/06/14	3.72	3.75	3.65	3.69	1014075	25638858.00
2012/06/15	3.71	3.72	3.52	3.57	1150774	28243382.00
2012/06/18	3.57	3.72	3.54	3.72	1080558	26923760.00
2012/06/19	3.72	3.80	3.63	3.67	986058	24886158.00
2012/06/20	3.67	3.71	3.60	3.64	487325	12087772.00
2012/06/21	3.65	3.72	3.57	3.71	531623	13174409.00
2012/06/25	3.71	3.76	3.60	3.64	502299	12570829.00
2012/06/26	3.63	3.65	3.37	3.60	599241	14337384.00
2012/06/27	3.56	3.70	3.54	3.54	421186	10360700.00
2012/06/28	3.52	3.67	3.52	3.59	475134	11658831.00
2012/06/29	3.56	3.66	3.51	3.63	442549	10849402.00
2012/07/02	3.67	3.84	3.63	3.82	1205207	30798084.00
2012/07/03	3.82	3.85	3.77	3.85	742963	19265230.00
2012/07/04	3.85	3.93	3.77	3.79	659363	17277804.00
2012/07/05	3.79	3.83	3.71	3.79	423005	10812720.00
2012/07/06	3.79	3.95	3.78	3.94	776102	20400622.00
2012/07/09	3.95	4.01	3.88	3.91	608265	16305801.00
2012/07/10	3.89	3.90	3.78	3.81	650150	16936354.00
2012/07/11	3.78	3.79	3.61	3.67	2134134	53274248.00
2012/07/12	3.62	3.62	3.39	3.46	4183435	98952216.00
2012/07/13	3.43	3.52	3.42	3.48	1990706	47078144.00
2012/07/16	3.49	3.57	3.46	3.47	2006957	48196176.00
2012/07/17	3.45	3.46	3.22	3.43	1557902	35609956.00
2012/07/18	3.41	3.55	3.38	3.49	1112042	26429068.00
2012/07/19	3.52	3.57	3.48	3.54	687705	16532283.00
2012/07/20	3.54	3.57	3.46	3.47	372716	8930734.00
2012/07/23	3.46	3.46	3.26	3.30	909301	20670600.00
2012/07/24	3.28	3.40	3.27	3.38	382243	8749514.00
2012/07/25	3.35	3.50	3.35	3.42	489986	11531957.00
2012/07/26	3.42	3.50	3.37	3.47	286659	6750899.00
2012/07/27	3.50	3.51	3.44	3.46	181993	4311360.00
2012/07/30	3.50	3.50	3.32	3.35	444991	10211906.00
2012/07/31	3.34	3.34	3.11	3.25	1037472	22650818.00
2012/08/01	3.25	3.30	3.22	3.23	519894	11578572.00
2012/08/02	3.22	3.27	3.20	3.22	328821	7288204.00
2012/08/03	3.27	3.27	3.16	3.25	949722	20800140.00
2012/08/06	3.23	3.49	3.16	3.44	1025401	23398846.00
2012/08/07	3.42	3.55	3.42	3.52	906105	21655326.00
2012/08/08	3.49	3.57	3.45	3.54	426355	10209577.00
2012/08/09	3.52	3.58	3.43	3.57	240170	5797523.50
2012/08/10	3.57	3.72	3.53	3.64	531176	13047194.00
2012/08/13	3.65	3.67	3.57	3.57	256600	6338419.00
2012/08/14	3.57	3.60	3.44	3.54	202020	4838927.00
2012/08/15	3.51	3.53	3.48	3.51	103151	2464897.75
2012/08/16	3.49	3.53	3.42	3.45	314700	7420134.50
2012/08/17	3.42	3.49	3.40	3.47	195635	4589453.00
2012/08/20	3.43	3.46	3.35	3.42	571086	13218936.00
2012/08/21	3.41	3.77	3.37	3.68	1533114	37731628.00
2012/08/22	3.64	3.75	3.64	3.74	541384	13621828.00
2012/08/23	3.74	3.88	3.72	3.78	589814	15264652.00
2012/08/24	3.83	3.98	3.62	3.72	1235551	32483474.00
2012/08/27	3.64	3.90	3.61	3.82	765688	19674068.00
2012/08/28	3.78	3.89	3.77	3.80	885674	22932684.00
2012/08/29	3.80	3.99	3.80	3.98	1663291	44302344.00
2012/08/30	3.95	4.03	3.74	3.89	1496613	39565000.00
2012/08/31	3.83	3.92	3.70	3.89	990633	25678472.00
2012/09/03	3.83	4.04	3.79	4.02	982550	26032670.00
2012/09/04	3.99	4.06	3.94	3.98	387609	10504130.00
2012/09/05	4.00	4.12	3.92	4.03	398171	10860292.00
2012/09/06	4.05	4.05	3.90	4.03	590075	15923917.00
2012/09/07	4.03	4.15	3.98	4.09	528002	14626582.00
2012/09/10	4.06	4.37	4.06	4.20	1045320	29954824.00
2012/09/11	4.15	4.35	4.13	4.18	670505	19260744.00
2012/09/12	4.18	4.20	4.08	4.14	601862	16846828.00
2012/09/13	4.13	4.20	4.06	4.09	478591	13398390.00
2012/09/14	4.12	4.12	3.94	4.02	515454	14071262.00
2012/09/17	4.04	4.04	3.98	3.99	391171	10610105.00
2012/09/18	3.95	4.10	3.95	4.10	426716	11774152.00
2012/09/19	4.13	4.18	4.02	4.06	385298	10584190.00
2012/09/20	4.03	4.03	3.92	3.95	481694	12990421.00
2012/09/21	3.94	3.98	3.79	3.87	543470	14403988.00
2012/09/24	3.87	3.95	3.80	3.92	505279	13347773.00
2012/09/25	3.92	3.92	3.76	3.77	331000	8597011.00
2012/09/26	3.81	3.81	3.72	3.72	424408	10815369.00
2012/09/27	3.72	3.90	3.68	3.78	297441	7719068.50
2012/09/28	3.76	3.90	3.74	3.90	675230	17526492.00
2012/10/08	3.89	3.91	3.85	3.87	251992	6630461.50
2012/10/09	3.86	4.02	3.86	4.01	513705	13832284.00
2012/10/10	3.98	4.13	3.98	4.06	377804	10447451.00
2012/10/11	4.05	4.10	3.98	4.02	436576	12034262.00
2012/10/12	4.09	4.16	3.85	3.97	362902	9771096.00
2012/10/15	3.92	4.01	3.80	3.84	410564	10761423.00
2012/10/16	3.83	3.94	3.83	3.90	288662	7581316.00
2012/10/17	3.83	3.91	3.83	3.87	182077	4771145.50
2012/10/18	3.86	3.95	3.84	3.90	279560	7384743.50
2012/10/19	3.86	3.90	3.81	3.87	223835	5848782.00
2012/10/22	3.84	3.89	3.74	3.89	306733	7942215.50
2012/10/23	3.87	3.90	3.75	3.77	398489	10346560.00
2012/10/24	3.77	3.79	3.69	3.72	236990	6029837.00
2012/10/25	3.72	3.77	3.67	3.74	247882	6246081.50
2012/10/26	3.74	3.75	3.57	3.67	773227	19068126.00
2012/10/29	3.62	3.75	3.61	3.74	305247	7701176.00
2012/10/30	3.76	3.80	3.73	3.79	209340	5373447.00
2012/10/31	3.78	3.82	3.76	3.81	126833	3260487.50
2012/11/01	3.85	3.89	3.80	3.84	235889	6150426.00
2012/11/02	3.83	3.90	3.80	3.90	280788	7358448.00
2012/11/05	3.87	3.89	3.67	3.89	1443741	36890664.00
2012/11/06	3.85	3.86	3.69	3.77	483769	12421359.00
2012/11/07	3.74	3.81	3.71	3.72	101225	2572986.75
2012/11/08	3.70	3.82	3.61	3.75	335845	8515572.00
2012/11/09	3.72	3.85	3.72	3.78	334681	8675205.00
2012/11/12	3.77	3.80	3.65	3.69	242505	6127681.50
2012/11/13	3.69	3.69	3.52	3.57	624704	15217402.00
2012/11/14	3.54	3.62	3.54	3.58	310399	7578273.00
2012/11/15	3.58	3.58	3.52	3.55	300550	7262145.00
2012/11/16	3.48	3.60	3.47	3.59	139672	3360751.50
2012/11/19	3.55	3.60	3.48	3.59	81590	1964132.25
2012/11/20	3.62	3.62	3.53	3.58	72319	1758738.75
2012/11/21	3.59	3.60	3.49	3.57	148491	3579989.25
2012/11/22	3.54	3.57	3.50	3.56	66600	1606245.25
2012/11/23	3.58	3.59	3.55	3.57	70626	1718297.25
2012/11/26	3.57	3.57	3.39	3.45	230399	5456165.50
2012/11/27	3.40	3.43	3.24	3.33	1011460	22886044.00
2012/11/28	3.32	3.35	3.27	3.32	73606	1673682.50
2012/11/29	3.32	3.39	3.26	3.35	250255	5662581.00
2012/11/30	3.33	3.38	3.26	3.38	172052	3878001.25
2012/12/03	3.34	3.35	3.22	3.25	183801	4100630.25
2012/12/04	3.26	3.34	3.16	3.23	243887	5386115.50
2012/12/05	3.23	3.40	3.22	3.29	1114280	25179130.00
2012/12/06	3.30	3.46	3.30	3.38	1313107	30375252.00
2012/12/07	3.39	3.48	3.34	3.46	789910	18403198.00
2012/12/10	3.46	3.52	3.44	3.50	527765	12441572.00
2012/12/11	3.45	3.50	3.43	3.45	417532	9808553.00
2012/12/12	3.42	3.45	3.32	3.37	552165	12666007.00
2012/12/13	3.32	3.43	3.31	3.38	599278	13748009.00
2012/12/14	3.35	3.58	3.33	3.57	1003936	23758954.00
2012/12/17	3.71	3.90	3.61	3.67	1729461	43256988.00
2012/12/18	3.65	3.72	3.59	3.61	693514	17158858.00
2012/12/19	3.61	3.69	3.59	3.64	549306	13558047.00
2012/12/20	3.62	3.81	3.59	3.78	1040529	26370390.00
2012/12/21	3.78	3.91	3.71	3.84	1186295	30695276.00
2012/12/24	3.84	3.98	3.81	3.96	1317252	34956860.00
2012/12/25	3.96	4.04	3.91	3.94	1210738	32489764.00
2012/12/26	3.94	4.10	3.94	3.99	1450585	39313380.00
2012/12/27	3.99	4.06	3.84	3.94	1598495	42388992.00
2012/12/28	3.92	4.02	3.88	3.99	1219264	32567982.00
2012/12/31	3.94	4.03	3.84	3.99	2614086	69574424.00
2013/01/04	3.96	4.09	3.89	4.07	2064929	55793864.00
2013/01/07	4.06	4.18	3.98	4.18	1783886	49548356.00
2013/01/08	4.18	4.29	4.12	4.16	1650983	46710376.00
2013/01/09	4.11	4.30	4.05	4.30	1973037	55462452.00
2013/01/10	4.30	4.31	4.18	4.26	1281395	36662832.00
2013/01/11	4.27	4.37	4.22	4.25	1871826	54212300.00
2013/01/14	4.24	4.42	4.23	4.33	1556769	45488124.00
2013/01/15	4.35	4.36	4.24	4.33	1807630	52488940.00
2013/01/16	4.30	4.34	4.13	4.15	2328151	66018996.00
2013/01/17	4.02	4.02	3.72	3.83	6225778	161289856.00
2013/01/18	3.81	3.92	3.81	3.88	2570484	67223728.00
2013/01/21	3.88	4.16	3.88	4.10	2870309	78149576.00
2013/01/22	4.10	4.13	4.03	4.10	1538773	42442208.00
2013/01/23	4.15	4.53	4.15	4.53	4113519	124000944.00
2013/01/24	4.79	4.83	4.50	4.64	3654138	114110520.00
2013/01/25	4.68	4.94	4.62	4.73	2336010	75230696.00
2013/01/28	4.68	4.80	4.61	4.77	1860868	58924272.00
2013/01/29	4.72	4.94	4.69	4.80	1584518	51278092.00
2013/01/30	4.97	4.97	4.44	4.65	4598574	142085168.00
2013/01/31	4.60	4.63	4.51	4.59	1897701	58359756.00
2013/02/01	4.56	4.70	4.52	4.54	1403197	43465272.00
2013/02/04	4.56	4.62	4.41	4.53	1569582	47675556.00
2013/02/05	4.45	4.64	4.42	4.54	1127874	34750760.00
2013/02/06	4.50	4.60	4.50	4.55	952959	29147272.00
2013/02/07	4.50	4.58	4.50	4.57	579723	17724666.00
2013/02/08	4.56	4.75	4.53	4.67	1012396	31767952.00
2013/02/18	4.69	4.69	4.53	4.62	1168035	36174816.00
2013/02/19	4.62	4.66	4.51	4.57	655940	20126026.00
2013/02/20	4.57	4.71	4.52	4.67	1138260	35604968.00
2013/02/21	4.63	4.63	4.50	4.60	942126	28925288.00
2013/02/22	4.49	4.59	4.48	4.50	708877	21656182.00
2013/02/25	4.48	4.52	4.37	4.45	1024496	30629662.00
2013/02/26	4.45	4.49	4.39	4.39	913719	27397770.00
2013/02/27	4.39	4.47	4.27	4.34	744720	21857740.00
2013/02/28	4.30	4.47	4.27	4.46	566012	16782030.00
2013/03/01	4.47	4.60	4.45	4.52	617436	18776882.00
2013/03/04	4.54	4.58	4.39	4.51	640919	19320478.00
2013/03/05	4.51	4.57	4.46	4.57	477948	14591552.00
2013/03/06	4.59	4.73	4.56	4.70	1067053	33474786.00
2013/03/07	4.73	4.73	4.48	4.55	652091	20164190.00
2013/03/08	4.53	4.56	4.35	4.54	541048	16363630.00
2013/03/11	4.54	4.54	4.40	4.46	357683	10726042.00
2013/03/12	4.45	4.46	4.13	4.38	1135622	32801074.00
2013/03/13	4.29	4.39	4.22	4.38	490936	14313601.00
2013/03/14	4.39	4.45	4.31	4.37	450874	13339475.00
2013/03/15	4.33	4.46	4.33	4.39	388232	11506869.00
2013/03/18	4.37	4.38	4.29	4.36	433158	12611484.00
2013/03/19	4.38	4.38	4.29	4.30	406359	11794299.00
2013/03/20	4.28	4.38	4.28	4.31	867695	25294100.00
2013/03/21	4.33	4.44	4.30	4.43	860451	25541888.00
2013/03/22	4.44	4.48	4.35	4.36	738565	21898456.00
2013/03/25	4.36	4.42	4.25	4.26	732162	21235068.00
2013/03/26	4.26	4.30	4.16	4.26	500039	14252515.00
2013/03/27	4.22	4.39	4.22	4.37	527667	15341467.00
2013/03/28	4.37	4.40	4.25	4.30	347857	10092716.00
2013/03/29	4.30	4.33	4.22	4.25	285342	8212907.00
2013/04/01	4.28	4.35	4.26	4.28	129911	3771035.75
2013/04/02	4.36	4.36	4.19	4.22	304972	8844838.00
2013/04/03	4.18	4.28	4.18	4.22	183930	5251408.50
2013/04/08	4.19	4.27	4.08	4.19	501568	14111297.00
2013/04/09	4.19	4.25	4.18	4.25	353005	10047119.00
2013/04/10	4.25	4.27	4.19	4.19	367494	10448064.00
2013/04/11	4.20	4.28	4.19	4.19	266703	7625688.00
2013/04/12	4.24	4.24	4.16	4.21	373218	10571046.00
2013/04/15	4.18	4.18	3.96	3.98	766793	20840956.00
2013/04/16	3.92	4.14	3.92	4.12	1220916	33304150.00
2013/04/17	4.08	4.15	4.08	4.12	581003	16147871.00
2013/04/18	4.12	4.23	4.09	4.22	683391	19191180.00
2013/04/19	4.24	4.60	4.24	4.56	1394086	41913452.00
2013/04/22	4.56	4.65	4.51	4.62	1153537	35660888.00
2013/04/23	4.62	4.65	4.45	4.47	794724	24137086.00
2013/04/24	4.48	4.79	4.47	4.79	1675630	52590124.00
2013/04/25	4.79	4.84	4.60	4.66	1839108	58540176.00
2013/04/26	4.62	4.66	4.41	4.50	793513	24210638.00
2013/05/02	4.45	4.73	4.44	4.73	766010	23952278.00
2013/05/03	4.79	4.86	4.73	4.75	1030485	33218764.00
2013/05/06	4.74	5.20	4.74	5.02	1897052	64494692.00
2013/05/07	4.99	5.18	4.99	5.06	1204067	41108712.00
2013/05/08	5.09	5.15	5.00	5.15	1070342	36526276.00
2013/05/09	5.14	5.29	4.99	5.29	1240108	42685152.00
2013/05/10	5.27	5.37	5.09	5.19	1407615	49142968.00
2013/05/13	5.18	5.30	5.10	5.30	638035	22248246.00
2013/05/14	5.22	5.29	5.08	5.16	639957	22177064.00
2013/05/15	5.18	5.37	5.13	5.32	757871	26935482.00
2013/05/16	5.37	5.52	5.16	5.23	1435426	51461816.00
2013/05/17	5.18	5.34	5.08	5.29	1067567	37409172.00
2013/05/20	5.30	5.62	5.17	5.58	1758170	63294772.00
2013/05/21	5.55	5.73	5.43	5.68	1807523	67729312.00
2013/05/23	5.43	5.65	5.36	5.58	3694233	62150592.00
2013/05/24	5.53	5.63	5.44	5.59	3313223	55910196.00
2013/05/27	5.61	5.68	5.49	5.68	4064173	68960488.00
2013/05/28	5.61	5.65	5.12	5.28	5319966	85514192.00
2013/05/29	5.23	5.35	5.07	5.24	2969184	47088804.00
2013/05/30	5.16	5.29	5.10	5.10	2002693	31565848.00
2013/05/31	5.12	5.24	5.09	5.11	2389243	37577748.00
2013/06/03	5.06	5.15	4.92	4.98	2022050	30721954.00
2013/06/04	4.98	5.12	4.87	5.07	3007310	45885036.00
2013/06/05	5.07	5.15	5.02	5.08	1764170	27333644.00
2013/06/06	5.06	5.18	4.89	4.92	1729782	26446060.00
2013/06/07	4.95	5.02	4.80	4.90	2198536	32982880.00
2013/06/13	4.94	5.19	4.89	4.92	3945696	60707740.00
2013/06/14	4.86	5.09	4.70	5.06	3273980	49537908.00
2013/06/17	5.05	5.22	4.98	5.10	2913201	45386128.00
2013/06/18	4.99	5.09	4.88	4.97	1432203	21747874.00
2013/06/19	4.99	5.12	4.94	5.05	1644241	25331618.00
2013/06/20	4.97	5.19	4.86	4.86	1603474	24533488.00
2013/06/21	4.76	4.99	4.39	4.80	1539204	22376098.00
2013/06/24	4.80	4.92	4.48	4.75	1256756	18138484.00
2013/06/25	4.59	4.76	4.31	4.72	1536971	21569994.00
2013/06/26	4.66	4.95	4.63	4.93	2127770	31488336.00
2013/06/27	4.93	5.01	4.70	4.82	1901418	28217274.00
2013/06/28	4.72	4.85	4.52	4.62	1510257	21313056.00
2013/07/01	4.62	4.89	4.62	4.87	1580694	23099824.00
2013/07/02	4.89	5.05	4.89	5.00	2353050	35699016.00
2013/07/03	4.99	5.02	4.78	4.97	2019347	30268602.00
2013/07/04	4.97	4.97	4.86	4.88	1531049	22885528.00
2013/07/05	4.88	4.88	4.66	4.66	1212348	17599104.00
2013/07/08	4.56	4.56	4.25	4.36	1595551	21660906.00
2013/07/09	4.29	4.43	4.29	4.37	586481	7810382.00
2013/07/10	4.29	4.58	4.29	4.45	2087709	28482026.00
2013/07/11	4.42	4.62	4.36	4.62	1735366	24013998.00
2013/07/12	4.62	4.72	4.56	4.65	2105300	29794396.00
2013/07/15	4.74	4.86	4.63	4.84	2255652	32702246.00
2013/07/16	4.84	5.05	4.83	4.92	2387160	35826976.00
2013/07/17	4.95	5.43	4.95	5.37	7799092	124626904.00
2013/07/18	5.39	5.49	5.16	5.45	4706500	76694256.00
2013/07/19	5.42	5.47	5.03	5.03	3597796	58051168.00
2013/07/22	5.03	5.36	5.03	5.34	2572985	41041784.00
2013/07/23	5.34	5.68	5.34	5.62	5507138	92975760.00
2013/07/24	5.62	6.19	5.62	6.19	7558248	138059872.00
2013/07/25	6.19	6.32	5.67	5.95	5888016	107679216.00
2013/07/26	5.86	6.52	5.76	6.35	5780622	106974352.00
2013/07/29	6.35	6.46	6.03	6.15	3551797	66971620.00
2013/07/30	6.15	6.21	5.71	6.16	3483868	62961896.00
2013/07/31	6.13	6.33	5.90	6.02	2915941	53890136.00
2013/08/01	6.00	6.36	6.00	6.30	3071717	58323328.00
2013/08/02	6.33	6.73	6.27	6.51	5340059	104684328.00
2013/08/05	6.47	6.65	6.26	6.48	3489164	67713152.00
2013/08/06	6.47	6.55	6.27	6.43	2563216	49792000.00
2013/08/07	6.37	6.43	6.15	6.30	3194763	60728992.00
2013/08/08	6.20	6.36	6.16	6.23	1586333	30074512.00
2013/08/09	6.20	6.29	5.93	6.21	1616926	30212050.00
2013/08/12	6.22	6.39	6.10	6.24	1528894	28929392.00
2013/08/13	6.25	6.35	6.13	6.24	1786600	33908308.00
2013/08/14	6.10	6.25	5.96	6.13	2883831	53090384.00
2013/08/15	6.13	6.23	6.01	6.02	2139483	39569780.00
2013/08/16	6.02	6.17	5.80	5.93	1757441	31976870.00
2013/08/19	5.87	6.18	5.83	6.14	2014957	37289128.00
2013/08/20	6.14	6.46	6.12	6.46	3640590	69874584.00
2013/08/21	6.47	6.52	6.33	6.45	1729892	33539090.00
2013/08/22	6.36	6.56	6.33	6.45	2026210	39682592.00
2013/08/23	6.53	6.63	6.36	6.48	3512240	69283512.00
2013/08/26	6.47	7.13	6.47	7.13	5845243	124779712.00
2013/08/27	7.07	7.23	6.97	7.23	3260049	70452760.00
2013/08/28	7.15	7.24	6.99	7.05	1735388	37443840.00
2013/08/29	7.07	7.18	6.82	7.00	2034465	42987288.00
2013/08/30	7.02	7.02	6.64	6.77	2000271	41293272.00
2013/09/02	6.60	7.00	6.60	6.99	1518598	31485190.00
2013/09/03	6.97	7.01	6.83	6.92	1273910	26794776.00
2013/09/04	6.89	6.93	6.77	6.86	1429629	29488082.00
2013/09/05	6.85	7.48	6.85	7.46	2781540	60716280.00
2013/09/06	7.53	7.53	7.19	7.32	1610193	35586264.00
2013/09/09	7.27	7.87	7.20	7.82	2271019	52574624.00
2013/09/10	7.87	8.11	7.55	8.08	1906299	44671492.00
2013/09/11	8.02	8.04	7.61	7.61	1492436	35045612.00
2013/09/12	7.57	7.90	7.30	7.44	1177588	26982512.00
2013/09/13	7.44	7.71	7.21	7.61	1099941	25065972.00
2013/09/16	8.01	8.22	7.68	7.87	1833153	43647612.00
2013/09/17	7.90	7.90	7.51	7.63	1231193	28356602.00
2013/09/18	7.89	7.89	7.51	7.69	1624056	37792788.00
2013/09/23	7.69	8.17	7.34	8.08	2988459	71197872.00
2013/09/25	8.48	8.48	7.59	7.60	4795703	113965648.00
2013/09/26	7.57	7.57	6.94	7.20	2809687	61888168.00
2013/09/27	7.20	7.26	7.03	7.14	1451127	31430914.00
2013/09/30	7.09	7.23	6.97	7.07	1461218	31544060.00
2013/10/08	6.97	7.21	6.67	7.07	2436879	51779148.00
2013/10/09	7.04	7.30	6.94	7.30	1954950	42152448.00
2013/10/10	7.29	7.57	7.13	7.22	1449511	32207240.00
2013/10/11	7.22	7.37	7.02	7.10	1341822	28809892.00
2013/10/14	7.10	7.12	6.83	6.91	1277016	26839230.00
2013/10/15	7.05	7.07	6.66	6.67	2326960	47755848.00
2013/10/16	6.67	6.72	6.00	6.27	2393613	45575820.00
2013/10/17	6.27	6.33	6.13	6.16	990968	18783232.00
2013/10/18	6.20	6.33	6.12	6.27	734867	13895903.00
2013/10/21	6.28	6.44	6.25	6.35	2611779	50199860.00
2013/10/22	6.37	6.40	6.08	6.08	1965033	36990476.00
2013/10/23	5.98	6.07	5.54	5.82	2398465	41801600.00
2013/10/24	5.80	5.89	5.71	5.78	1078357	18917918.00
2013/10/25	5.78	5.89	5.50	5.55	1388093	23812486.00
2013/10/28	5.62	5.66	5.53	5.60	721669	12290562.00
2013/10/29	5.66	5.74	5.21	5.36	1515089	24714942.00
2013/10/30	5.42	5.42	5.26	5.42	756104	12327832.00
2013/10/31	5.39	5.39	5.18	5.19	1892126	30075064.00
2013/11/01	5.20	5.24	5.02	5.18	1524238	23817754.00
2013/11/04	5.18	5.32	5.18	5.28	1240881	19867852.00
2013/11/05	5.27	5.43	5.19	5.43	1645302	26933978.00
2013/11/06	5.49	5.86	5.43	5.75	3780538	65612904.00
2013/11/07	5.68	5.81	5.56	5.66	1401017	24203832.00
2013/11/08	5.59	5.71	5.53	5.61	1116549	18948390.00
2013/11/11	5.61	5.83	5.61	5.73	1557746	27156126.00
2013/11/12	5.73	5.86	5.70	5.74	1221898	21417840.00
2013/11/13	5.70	5.85	5.63	5.67	1253409	21907670.00
2013/11/14	5.67	5.75	5.33	5.75	1392228	23872800.00
2013/11/15	5.74	5.92	5.72	5.84	2026489	35964804.00
2013/11/18	5.87	5.91	5.77	5.90	2107578	37432852.00
2013/11/19	5.88	6.40	5.86	6.17	3722960	69625264.00
2013/11/20	6.13	6.16	6.00	6.09	1628964	30058848.00
2013/11/21	6.03	6.11	5.90	6.09	2492941	45466328.00
2013/11/22	6.09	6.11	5.99	6.01	1170465	21433596.00
2013/11/25	6.62	6.62	6.21	6.39	4929108	95572072.00
2013/12/02	6.22	6.23	5.74	5.74	3453061	62792448.00
2013/12/03	5.50	6.33	5.50	6.33	3695395	67585128.00
2013/12/04	6.63	6.63	6.31	6.38	4463707	87780896.00
2013/12/05	6.31	6.49	6.20	6.27	1974574	38079268.00
2013/12/06	6.22	6.66	6.22	6.46	3681067	72474488.00
2013/12/09	6.43	6.53	6.32	6.39	2677673	51924908.00
2013/12/10	6.46	6.46	6.07	6.12	2598325	48881856.00
2013/12/11	6.16	6.28	6.07	6.17	1435396	26801012.00
2013/12/12	6.17	6.37	6.08	6.26	1696707	32245670.00
2013/12/13	6.26	6.34	6.16	6.28	1117513	21145322.00
2013/12/16	6.24	6.32	5.93	5.94	1605339	29585672.00
2013/12/17	5.93	6.03	5.69	5.83	1384482	24499852.00
2013/12/18	5.84	5.84	5.71	5.73	664213	11603548.00
2013/12/19	5.78	6.01	5.78	5.93	1346054	24192370.00
2013/12/20	5.93	5.96	5.87	5.90	565166	10123265.00
2013/12/23	5.95	6.24	5.77	6.08	1534048	28344124.00
2013/12/24	6.05	6.49	6.04	6.41	2154624	41342212.00
2013/12/25	6.32	6.51	6.30	6.45	2666241	51933908.00
2013/12/26	6.48	6.48	6.28	6.43	2476042	47816180.00
2013/12/27	6.47	6.65	6.38	6.57	2624289	51864076.00
2013/12/30	6.57	6.63	6.25	6.27	2604099	50670292.00
2013/12/31	6.30	6.46	6.10	6.45	2191293	42074640.00
2014/01/02	6.41	6.56	6.32	6.52	1346946	26381652.00
2014/01/03	6.48	6.55	6.38	6.43	1559393	30365318.00
2014/01/06	6.43	6.43	6.10	6.10	1043869	19666688.00
2014/01/07	6.06	6.15	5.91	6.09	798032	14648549.00
2014/01/08	6.13	6.71	6.13	6.66	4180594	82739240.00
2014/01/09	6.66	7.07	6.60	6.72	5677567	118247824.00
2014/01/10	6.63	6.80	6.50	6.65	2275098	46163152.00
2014/01/13	6.65	6.75	6.51	6.62	1897552	37958084.00
2014/01/14	6.61	7.00	6.61	6.98	3257197	68108888.00
2014/01/15	6.96	7.66	6.91	7.54	7365567	163841792.00
2014/01/16	7.54	7.63	7.32	7.45	3896578	87822656.00
2014/01/17	7.44	7.94	7.34	7.71	4017430	92917536.00
2014/01/20	7.72	8.00	7.37	7.56	3676173	84705840.00
2014/01/21	7.56	7.79	7.38	7.57	2702063	62021012.00
2014/01/22	7.61	7.89	7.49	7.59	4552128	105525608.00
2014/01/23	7.60	8.36	7.59	8.36	7590453	184631488.00
2014/01/24	8.45	8.98	8.37	8.98	6196221	161340000.00
2014/01/27	8.95	9.04	8.66	8.78	5058566	134543520.00
2014/01/28	8.73	8.91	8.31	8.84	3477706	89952984.00
2014/01/29	8.77	9.32	8.72	9.25	3733260	102350256.00
2014/01/30	9.28	9.61	9.00	9.25	2115286	59415048.00
2014/02/07	9.28	9.28	8.77	9.07	2130075	57669940.00
2014/02/10	9.20	9.28	8.60	8.96	4866192	130536776.00
2014/02/11	8.93	8.93	8.08	8.30	8047804	205309200.00
2014/02/12	8.30	8.49	8.21	8.43	3672501	92858456.00
2014/02/13	8.43	8.61	8.18	8.36	3275026	83549552.00
2014/02/14	8.28	8.60	8.28	8.58	2094221	53531832.00
2014/02/17	8.81	9.45	8.81	9.45	6944865	195642272.00
2014/02/18	9.61	9.99	9.04	9.70	5621770	161854480.00
2014/02/19	9.75	9.82	9.32	9.55	2131110	61412392.00
2014/02/20	9.50	9.50	9.02	9.25	2376052	65964164.00
2014/02/21	9.11	9.35	9.11	9.24	1154134	32095734.00
2014/02/24	9.25	9.38	9.12	9.36	1183557	33055348.00
2014/02/25	9.37	9.58	8.42	8.42	3048057	83062152.00
2014/02/26	8.21	8.73	7.57	8.70	6032997	142953168.00
2014/02/27	8.48	8.79	8.09	8.18	3477593	89072280.00
2014/02/28	8.08	8.69	8.05	8.67	2943164	74300448.00
2014/03/03	8.78	9.45	8.72	9.22	4408951	121564056.00
2014/03/04	9.15	9.41	8.96	9.35	1655435	45732176.00
2014/03/05	9.21	10.25	9.21	9.99	5377206	158409632.00
2014/03/06	9.68	10.12	9.28	10.00	2569728	75618280.00
2014/03/07	9.92	10.08	9.69	9.94	1645280	49191120.00
2014/03/10	9.99	10.00	8.93	8.93	3382836	93493336.00
2014/03/11	8.88	9.01	8.28	8.45	3432656	88817088.00
2014/03/12	8.32	8.70	8.30	8.55	1765776	45231068.00
2014/03/13	8.55	9.17	8.53	9.08	1766668	47708472.00
2014/03/14	9.18	9.25	8.85	8.90	1583700	43241916.00
2014/03/17	8.54	9.11	8.54	9.08	2441377	66093792.00
2014/03/18	9.06	9.10	8.75	8.81	2425580	65113656.00
2014/03/19	8.75	8.81	8.47	8.61	1779672	46007536.00
2014/03/20	8.68	8.83	8.33	8.54	1450597	37831896.00
2014/03/21	8.54	8.54	7.97	8.53	1289631	32231180.00
2014/03/24	8.44	8.52	8.31	8.43	842057	21375778.00
2014/03/25	8.44	8.56	8.34	8.55	793661	20375770.00
2014/03/26	8.54	8.79	8.54	8.74	740000	19398028.00
2014/03/27	8.70	8.78	8.28	8.33	940300	24012322.00
2014/03/28	8.28	8.28	7.49	7.49	3060738	71573816.00
2014/03/31	7.21	7.54	6.73	7.30	3081737	66103368.00
2014/04/01	7.14	7.27	6.81	7.23	2288965	48960364.00
2014/04/02	7.21	7.37	6.94	7.08	1596607	34429844.00
2014/04/03	7.30	7.46	7.19	7.33	1802255	40039948.00
2014/04/04	7.28	7.76	7.27	7.60	1265394	28676880.00
2014/04/08	7.49	7.53	7.28	7.37	1612021	36161412.00
2014/04/09	7.40	7.57	7.37	7.50	1541702	34896068.00
2014/04/10	7.56	7.97	7.56	7.67	1815529	42747624.00
2014/04/11	7.67	7.67	7.24	7.41	1498604	33463902.00
2014/04/14	7.42	7.60	7.30	7.39	1111162	24815780.00
2014/04/15	7.44	7.44	7.05	7.19	1825662	39793668.00
2014/04/16	7.14	7.26	7.10	7.23	1319162	28654134.00
2014/04/17	7.23	7.26	7.15	7.16	728479	15901034.00
2014/04/18	7.14	7.29	7.10	7.26	1065453	23383094.00
2014/04/21	7.20	7.30	7.07	7.26	732865	15934792.00
2014/04/22	7.25	7.27	7.00	7.07	1947862	41868372.00
2014/04/23	7.09	7.16	7.04	7.12	418651	8974832.00
2014/04/24	7.14	7.25	7.06	7.21	917309	19842522.00
2014/04/25	7.21	7.35	7.21	7.25	1279754	28183744.00
2014/04/28	7.19	7.25	6.94	7.00	906433	19581690.00
2014/04/29	6.98	7.17	6.97	7.06	745738	16017341.00
2014/04/30	7.07	7.46	7.01	7.44	1368854	30292240.00
2014/05/05	7.40	7.84	7.34	7.82	2141852	49825032.00
2014/05/06	7.82	8.01	7.65	7.84	1450962	34275460.00
2014/05/07	7.88	8.29	7.71	7.85	1890132	45057032.00
2014/05/08	7.74	8.04	7.70	7.74	995450	23593728.00
2014/05/09	7.82	7.82	7.41	7.52	1011770	23014048.00
2014/05/12	7.61	7.67	7.53	7.62	1661596	38170772.00
2014/05/13	7.61	7.76	7.50	7.58	951107	22010934.00
2014/05/14	7.54	7.63	7.37	7.44	756194	17028774.00
2014/05/15	7.41	7.71	7.40	7.70	2538872	58461584.00
2014/05/16	7.70	7.83	7.46	7.83	1806268	41450740.00
2014/05/19	7.78	7.80	7.60	7.64	1444742	33671548.00
2014/05/20	7.68	7.83	7.54	7.65	1331208	30998122.00
2014/05/21	7.74	7.97	7.65	7.87	1647477	39021364.00
2014/05/22	7.84	8.11	7.81	8.01	1974633	47759308.00
2014/05/23	7.94	8.28	7.94	8.19	1393834	34124212.00
2014/05/26	8.17	8.32	8.11	8.19	1431517	35590352.00
2014/05/27	8.26	8.27	8.13	8.23	887237	21941196.00
2014/05/28	8.23	8.36	8.17	8.24	2237880	55589924.00
2014/05/29	8.21	8.21	7.87	7.94	2257929	54596112.00
2014/05/30	7.98	7.98	7.61	7.90	1655129	39032020.00
2014/06/03	7.87	8.07	7.84	7.95	1436146	34576308.00
2014/06/04	7.84	8.04	7.54	7.70	1556273	36358048.00
2014/06/05	7.64	7.86	7.64	7.76	1206959	28215306.00
2014/06/06	7.79	7.90	7.54	7.58	1126212	26217898.00
2014/06/09	7.46	7.71	7.46	7.67	490104	11241782.00
2014/06/10	7.62	7.80	7.61	7.72	1160116	27121050.00
2014/06/11	7.76	7.76	7.61	7.68	1029062	23901740.00
2014/06/12	7.65	7.67	7.54	7.57	1871204	42897312.00
2014/06/13	7.57	7.72	7.47	7.63	1573118	36258772.00
2014/06/16	7.71	7.79	7.62	7.74	2244748	52535644.00
2014/06/17	7.77	8.44	7.76	8.22	5206246	128125032.00
2014/06/18	8.18	8.21	8.01	8.08	2140831	52326900.00
2014/06/19	8.08	8.24	8.00	8.08	3857158	94645432.00
2014/06/20	8.07	8.24	7.94	8.24	2532999	62250948.00
2014/06/23	8.28	8.50	8.22	8.40	2829927	71857800.00
2014/06/24	8.40	8.47	8.25	8.26	1518117	38190124.00
2014/06/25	8.26	8.46	8.18	8.46	1762631	44483060.00
2014/06/26	8.48	8.91	8.44	8.81	3240031	85252264.00
2014/06/27	8.78	8.88	8.65	8.79	1258088	33350114.00
2014/06/30	8.79	9.04	8.71	8.81	1869545	49879672.00
2014/07/01	8.80	8.88	8.63	8.81	1246791	32963416.00
2014/07/02	8.72	8.95	8.61	8.70	1425662	37731272.00
2014/07/03	8.70	8.81	8.49	8.58	1326278	34607084.00
2014/07/04	8.53	8.61	8.39	8.43	1319358	33754652.00
2014/07/07	8.41	8.78	8.39	8.71	1821741	47498424.00
2014/07/08	8.71	8.86	8.55	8.65	1246328	32543636.00
2014/07/09	8.76	8.76	8.29	8.37	1614483	41262884.00
2014/07/10	8.36	8.41	8.16	8.35	883784	22139070.00
2014/07/11	8.35	8.39	8.18	8.21	1145194	28567168.00
2014/07/14	8.31	8.31	7.80	8.02	3085179	74239688.00
2014/07/15	8.02	8.18	7.94	8.13	1305810	31760382.00
2014/07/16	8.13	8.29	8.00	8.05	1561713	38258120.00
2014/07/17	8.00	8.14	7.85	7.95	1052337	25160172.00
2014/07/18	7.89	8.04	7.82	7.97	698899	16737167.00
2014/07/21	7.97	8.07	7.88	7.94	988484	23642592.00
2014/07/22	7.91	8.05	7.88	8.05	866579	20857470.00
2014/07/23	8.01	8.05	7.45	7.58	2033149	47225660.00
2014/07/24	7.46	7.58	7.13	7.26	2710347	60007908.00
2014/07/25	7.26	7.44	7.08	7.33	1066241	23508794.00
2014/07/28	7.35	7.44	7.27	7.41	1841161	40847896.00
2014/07/29	7.45	7.48	7.36	7.45	3274905	73380304.00
2014/07/30	7.45	7.52	7.41	7.51	1615164	36500388.00
2014/07/31	7.46	7.53	7.45	7.53	1393844	31488128.00
2014/08/01	7.53	7.57	7.34	7.39	1448935	32829728.00
2014/08/04	7.39	7.51	7.34	7.50	841387	18858390.00
2014/08/05	7.50	7.65	7.40	7.60	1163361	26504680.00
2014/08/06	7.62	7.63	7.53	7.60	964506	22123388.00
2014/08/07	7.62	7.68	7.55	7.56	910700	20931714.00
2014/08/08	7.56	7.65	7.55	7.62	1000442	22971540.00
2014/08/11	7.62	7.81	7.59	7.76	1405358	32762088.00
2014/08/12	7.76	7.80	7.70	7.74	1163270	27166494.00
2014/08/13	7.71	7.77	7.55	7.59	1262369	29158652.00
2014/08/14	7.68	7.74	7.62	7.63	1062841	24636296.00
2014/08/15	7.64	7.73	7.54	7.69	936946	21654690.00
2014/08/18	7.75	8.01	7.69	7.95	2023835	48087944.00
2014/08/19	7.89	8.04	7.89	7.95	1592925	38311096.00
2014/08/20	7.92	8.02	7.85	7.93	1338360	32028150.00
2014/08/21	7.93	8.11	7.89	8.07	2110316	51008668.00
2014/08/22	8.08	8.17	7.98	8.09	1781493	43413808.00
2014/08/25	8.14	8.14	7.95	8.05	1763981	42870524.00
2014/08/26	7.99	8.04	7.54	7.58	2744781	63978444.00
2014/08/27	7.58	7.64	7.53	7.61	972326	22296364.00
2014/08/28	7.64	7.68	7.45	7.59	1103779	25200846.00
2014/08/29	7.60	7.68	7.56	7.66	978760	22551278.00
2014/09/01	7.71	8.30	7.68	8.22	4137054	100304840.00
2014/09/02	8.22	8.45	8.14	8.35	4734185	118701552.00
2014/09/03	8.32	8.51	8.25	8.47	3866088	98124512.00
2014/09/04	8.49	8.55	8.36	8.43	3961428	101145448.00
2014/09/05	8.44	8.58	8.35	8.40	3524647	89636744.00
2014/09/09	8.41	8.42	8.20	8.32	2461696	61415176.00
2014/09/10	8.29	8.42	8.23	8.35	1916922	48223176.00
2014/09/11	8.39	8.43	8.20	8.25	2656807	66636472.00
2014/09/12	8.25	8.40	8.22	8.38	1498105	37479480.00
2014/09/15	8.39	8.55	8.29	8.48	3705852	94381864.00
2014/09/16	8.48	8.51	8.09	8.24	3492432	87856776.00
2014/09/17	8.24	8.92	8.17	8.26	3258352	81680400.00
2014/09/18	8.25	8.34	7.83	7.95	3752244	91432480.00
2014/09/19	7.95	7.95	7.78	7.89	2033640	48271020.00
2014/09/22	7.90	8.02	7.88	7.96	1606950	38521972.00
2014/09/23	7.93	8.00	7.86	8.00	1608014	38575936.00
2014/09/24	7.99	8.18	7.96	8.13	1875677	45781972.00
2014/09/25	8.18	8.18	8.05	8.06	1787738	43719604.00
2014/09/26	8.07	8.15	7.92	8.00	1222760	29465652.00
2014/09/29	8.02	8.15	8.02	8.14	1755722	42890296.00
2014/09/30	8.14	8.38	8.13	8.33	2780916	69523432.00
2014/10/08	8.33	8.55	8.30	8.40	2794518	71034504.00
2014/10/09	8.61	8.62	8.26	8.39	4351708	110768080.00
2014/10/10	8.29	8.34	8.18	8.20	2607474	64930296.00
2014/10/13	8.10	8.14	7.96	8.11	2368788	57596688.00
2014/10/14	8.13	8.47	8.12	8.42	3640672	91695096.00
2014/10/15	8.42	8.48	8.31	8.46	3018579	76555176.00
2014/10/16	8.51	8.51	8.22	8.24	2382950	60283320.00
2014/10/17	8.22	8.28	7.90	8.01	3514194	85063376.00
2014/10/20	7.95	8.08	7.95	8.01	2386091	57611400.00
2014/10/21	7.99	8.10	7.83	7.85	2400576	57633072.00
2014/10/22	7.83	7.97	7.81	7.83	1122134	26744714.00
2014/10/23	7.79	7.94	7.79	7.83	1256823	29806680.00
2014/10/24	7.85	7.93	7.78	7.90	983633	23388306.00
2014/10/27	7.90	7.90	7.56	7.81	1305191	30508294.00
2014/10/28	7.83	8.01	7.83	8.01	1373910	33033694.00
2014/10/29	8.02	8.16	8.02	8.04	2143267	52232356.00
2014/10/30	8.07	8.17	7.94	7.96	1716461	41679332.00
2014/10/31	7.95	8.00	7.69	7.72	2790186	65552464.00
2014/11/03	7.75	7.80	7.62	7.73	3354319	77885600.00
2014/11/04	7.73	7.78	7.70	7.75	2098763	49085844.00
2014/11/05	7.76	7.82	7.66	7.78	2032753	47383880.00
2014/11/06	7.75	7.93	7.72	7.92	1754187	41351608.00
2014/11/07	7.92	8.07	7.85	7.88	2634691	63430996.00
2014/11/10	7.89	8.04	7.74	7.83	2224206	52544020.00
2014/11/11	7.81	7.82	7.47	7.56	3122934	71595992.00
2014/11/12	7.52	7.63	7.48	7.62	2081711	47756404.00
2014/11/13	7.62	7.69	7.48	7.64	1799556	41271348.00
2014/11/14	7.62	7.67	7.52	7.64	772438	17727816.00
2014/11/17	7.58	7.70	7.55	7.68	1030217	23869356.00
2014/11/18	7.75	7.76	7.62	7.75	1288883	30053620.00
2014/11/19	7.75	7.91	7.66	7.91	3488301	81941056.00
2014/11/20	7.82	8.00	7.78	7.92	2517190	60068832.00
2014/11/21	7.87	8.02	7.87	8.02	2634579	63468508.00
2014/11/24	8.11	8.22	7.88	8.20	4013545	97575128.00
2014/11/25	8.13	8.24	8.09	8.21	2692963	66503156.00
2014/11/26	8.17	8.35	8.17	8.34	3189526	79757504.00
2014/11/27	8.35	8.35	8.16	8.26	3000294	74592360.00
2014/11/28	8.22	8.34	8.14	8.19	2400109	59566172.00
2014/12/01	8.16	8.28	8.07	8.27	1923882	47299084.00
2014/12/02	8.27	8.51	8.25	8.43	3062902	77883080.00
2014/12/03	8.43	8.45	8.18	8.38	2752204	68738576.00
2014/12/04	8.35	8.47	8.29	8.41	2378328	60348868.00
2014/12/05	8.59	8.68	7.98	8.28	2720459	68708488.00
2014/12/08	8.29	8.29	8.05	8.05	2667117	65469700.00
2014/12/09	8.05	8.05	7.24	7.38	5808656	133451800.00
2014/12/10	7.38	7.70	7.25	7.65	3098157	69934712.00
2014/12/11	7.58	7.69	7.46	7.59	1558235	35685160.00
2014/12/12	7.59	7.69	7.54	7.67	1882973	43474464.00
2014/12/15	7.70	7.95	7.62	7.93	2312979	54531164.00
2014/12/16	7.91	7.99	7.84	7.95	1335910	31945704.00
2014/12/17	7.87	8.13	7.80	8.05	1927160	46405968.00
2014/12/18	7.98	8.14	7.90	7.96	1799846	43597652.00
2014/12/19	7.96	8.04	7.62	7.72	1281731	30012884.00
2014/12/22	7.72	7.77	6.99	7.62	2786806	62052652.00
2014/12/23	7.55	7.60	7.26	7.52	1260132	28289826.00
2014/12/24	7.45	7.64	7.45	7.58	811172	18527090.00
2014/12/25	7.48	7.72	7.48	7.70	1323820	30414708.00
2014/12/26	7.70	7.71	7.52	7.70	1777576	40965264.00
2014/12/29	7.62	7.67	7.44	7.67	1502133	34253656.00
2014/12/30	7.68	7.68	7.28	7.34	1970837	44050020.00
2014/12/31	7.35	7.41	7.25	7.38	662604	14718364.00
2015/01/05	7.35	7.45	7.11	7.21	1782106	38751988.00
2015/01/06	7.15	7.36	7.05	7.36	1470073	31994654.00
2015/01/07	7.36	7.40	7.06	7.15	1873403	40499344.00
2015/01/08	7.12	7.22	7.11	7.15	1252715	27089296.00
2015/01/09	7.28	7.34	7.13	7.14	1458872	31887234.00
2015/01/12	7.35	7.35	7.11	7.14	801815	17351878.00
2015/01/13	7.14	7.31	7.08	7.24	1395027	30395648.00
2015/01/14	7.25	7.34	7.09	7.27	1520231	33147172.00
2015/01/15	7.24	7.38	7.20	7.24	1250894	27576258.00
2015/01/16	7.22	7.36	7.22	7.35	1306387	28835496.00
2015/01/19	7.23	7.47	7.11	7.19	2523679	55495160.00
2015/01/20	7.25	7.68	7.19	7.59	4161587	93312456.00
2015/01/21	7.68	7.68	7.50	7.60	2756802	63031880.00
2015/01/22	7.73	7.81	7.62	7.71	3207329	74428112.00
2015/01/23	7.72	7.72	7.56	7.64	2019543	46480680.00
2015/01/26	7.67	8.24	7.64	8.21	6087490	147459424.00
2015/01/27	8.22	8.60	8.22	8.51	7392186	188660464.00
2015/01/28	8.45	8.57	8.33	8.49	2957191	75607088.00
2015/01/29	8.18	8.49	8.18	8.42	2883376	72833256.00
2015/01/30	8.30	8.42	8.05	8.07	2738106	67718048.00
2015/02/02	7.95	8.38	7.92	8.31	2420929	60172504.00
2015/02/03	8.31	8.44	8.21	8.25	9260097	232341008.00
2015/02/04	8.20	8.85	8.20	8.59	11270199	290943264.00
2015/02/05	8.68	9.46	8.56	9.33	12378231	337460576.00
2015/02/06	9.29	9.44	8.82	9.27	8697366	239859776.00
2015/02/09	9.26	9.96	9.09	9.42	9032509	258408496.00
2015/02/10	9.32	9.46	9.09	9.39	4989089	139556592.00
2015/02/11	9.39	10.08	9.36	9.91	8173149	240291168.00
2015/02/12	9.96	10.07	9.73	9.84	3324135	98859048.00
2015/02/13	9.86	10.38	9.86	10.11	4108117	125115568.00
2015/02/16	10.03	10.72	10.03	10.64	3823145	121680464.00
2015/02/17	10.48	10.73	10.19	10.50	3344451	104611264.00
2015/02/25	10.52	10.71	9.92	9.96	3726062	115153864.00
2015/02/26	9.96	10.12	9.46	10.06	4262380	126227640.00
2015/02/27	10.06	10.71	9.96	10.53	4141995	130737424.00
2015/03/02	10.40	11.04	10.40	11.03	3470337	112581144.00
2015/03/03	10.91	11.60	10.87	10.97	3514834	119197656.00
2015/03/04	10.87	12.07	10.80	11.96	5313463	185471264.00
2015/03/05	11.96	12.07	11.49	11.81	3663361	129430776.00
2015/03/06	11.81	12.30	11.50	11.84	3556430	127074320.00
2015/03/09	11.84	11.97	11.33	11.78	1735025	60805140.00
2015/03/10	11.77	11.77	11.51	11.67	2548211	89298688.00
2015/03/11	11.64	11.77	11.26	11.35	3351389	116048936.00
2015/03/12	11.40	11.45	10.92	11.13	2833283	94590488.00
2015/03/13	11.13	12.25	11.13	12.25	5509817	197441568.00
2015/03/16	12.50	12.91	12.01	12.74	5239039	195522464.00
2015/03/17	12.95	12.97	12.28	12.37	3363440	126157376.00
2015/03/18	12.50	12.91	12.24	12.66	5042714	189410800.00
2015/03/19	12.58	12.58	12.11	12.34	4114449	152036112.00
2015/03/20	12.34	12.75	12.25	12.46	4248999	159539104.00
2015/03/23	12.61	12.98	12.27	12.51	8700168	329355936.00
2015/03/24	12.64	13.77	12.38	13.65	13766008	542605504.00
2015/03/25	13.68	13.91	13.15	13.65	7866084	320287904.00
2015/03/26	13.48	13.76	12.58	13.30	6482064	260517152.00
2015/03/27	13.31	14.64	13.30	14.64	13055045	561420608.00
2015/03/30	14.50	15.33	14.20	15.33	9408165	414575328.00
2015/03/31	15.02	15.43	14.70	15.15	5604220	252365152.00
2015/04/01	15.12	15.33	14.78	15.06	4082533	184137088.00
2015/04/02	15.07	15.66	14.87	15.52	6358213	290449888.00
2015/04/03	15.49	15.49	15.02	15.19	4726995	216748704.00
2015/04/07	15.17	15.98	14.69	15.83	5428354	247065648.00
2015/04/08	15.66	15.82	14.92	15.58	5459995	252410512.00
2015/05/20	17.15	17.15	17.15	17.15	2202	113248.86
2015/05/21	18.87	18.87	18.87	18.87	30700	1736699.00
2015/05/22	20.77	20.77	20.77	20.77	29677	1846799.75
2015/05/25	22.85	22.85	22.85	22.85	14904	1020178.81
2015/05/26	25.15	25.15	25.15	25.15	246105	18531706.00
2015/05/27	27.67	27.67	27.67	27.67	3996637	331041440.00
2015/05/28	30.45	30.45	29.61	30.45	8283735	754205056.00
2015/05/29	30.07	30.74	27.39	30.14	19174170	1662843648.00
2015/06/01	30.61	32.09	28.73	30.45	9692819	876309568.00
2015/06/02	30.66	33.50	29.92	33.50	9848004	971201344.00
2015/06/03	33.43	36.39	31.75	33.23	10920288	1103809152.00
2015/06/04	32.09	32.96	29.89	30.85	7331148	681026496.00
2015/06/05	31.75	33.43	30.58	31.59	6821999	651254464.00
2015/06/08	31.95	32.17	28.57	30.98	6204524	570032064.00
2015/06/09	31.14	31.15	28.73	29.64	4307539	383530304.00
2015/06/10	29.08	31.72	28.86	30.98	5126449	471346304.00
2015/06/11	31.75	32.25	29.91	31.95	5433701	507301600.00
2015/06/12	31.93	32.15	30.97	31.74	4934444	464207904.00
2015/06/15	31.75	32.08	28.56	28.65	5375679	477339648.00
2015/06/16	26.76	27.07	25.78	25.78	9819340	381894848.00
2015/06/17	25.42	27.04	25.01	26.34	8257280	322864704.00
2015/06/18	26.22	27.41	23.94	23.94	8443644	327355040.00
2015/06/19	22.60	23.40	21.54	21.55	11412440	375666304.00
2015/06/23	21.98	22.26	19.75	21.94	9051873	289446752.00
2015/06/24	22.04	22.36	20.92	21.66	8681091	281088768.00
2015/06/25	22.49	22.73	19.49	19.71	17889189	569588224.00
2015/06/26	18.58	19.24	17.73	17.73	12910426	354291200.00
2015/06/29	18.04	18.13	15.96	15.96	16568616	409623296.00
2015/06/30	15.32	17.50	14.35	16.93	19841454	469401216.00
2015/07/01	16.93	18.43	15.69	16.00	20020834	523062080.00
2015/07/02	16.57	17.61	15.90	17.61	35448361	915186048.00
2015/07/03	17.20	19.37	16.80	19.20	35445702	973560320.00
2015/07/06	20.99	20.99	17.28	17.77	36983028	1062935680.00
2015/07/14	19.56	19.56	19.56	19.56	857499	25090420.00
2015/07/15	21.52	21.52	17.59	17.59	29597886	858181440.00
2015/07/16	17.24	18.64	15.83	17.64	17511361	454949088.00
2015/07/17	17.65	19.38	17.64	19.01	13561957	378000384.00
2015/07/20	19.68	20.92	18.99	20.92	18694748	562737408.00
2015/07/21	20.25	21.96	20.03	21.06	19187138	611311168.00
2015/07/22	20.76	21.71	20.51	21.27	14175542	448148864.00
2015/07/23	21.39	22.13	20.58	21.83	18758914	596883776.00
2015/07/24	22.73	24.02	22.40	24.00	37291259	1317918720.00
2015/07/27	23.00	23.67	21.59	21.59	24289264	823766656.00
2015/07/28	19.43	21.32	19.43	19.43	18492152	545269440.00
2015/07/29	19.65	20.15	17.48	20.11	21379388	593283776.00
2015/07/30	19.45	20.11	18.09	18.09	13941047	403101728.00
2015/07/31	17.71	18.70	16.82	17.74	11810706	313920800.00
2015/09/09	15.96	15.96	15.96	15.96	2185300	52228672.00
2015/09/10	14.36	16.41	14.36	15.36	30757025	688037184.00
2015/09/11	14.62	16.02	14.37	15.29	18199917	414469920.00
2015/09/14	15.24	15.24	13.75	13.75	14166619	302270336.00
2015/09/15	12.56	12.88	12.37	12.37	12817826	239112320.00
2015/09/16	11.57	13.57	11.36	13.17	24777809	454130656.00
2015/09/17	12.72	13.16	11.85	11.85	21191546	401611840.00
2015/09/18	11.94	12.68	11.28	12.29	19542906	349926336.00
2015/09/21	12.01	12.87	11.81	12.85	17306322	324113632.00
2015/09/22	12.95	13.32	12.51	12.76	17063015	329956352.00
2015/09/23	12.44	12.98	12.21	12.48	12266116	231201984.00
2015/09/24	12.81	12.93	12.48	12.87	12147702	231807472.00
2015/09/25	12.78	12.78	11.58	11.58	13796358	249954448.00
2015/09/28	11.65	12.41	11.44	12.34	11812588	210081920.00
2015/09/29	11.94	12.22	11.75	12.01	10146011	181748704.00
2015/09/30	12.02	12.19	11.62	11.94	8464958	151090928.00
2015/10/08	12.48	12.91	12.25	12.80	13312166	252884080.00
2015/10/09	12.70	13.35	12.70	13.21	15511560	305787040.00
2015/10/12	13.48	14.31	13.35	13.95	16103154	334259360.00
2015/10/13	13.79	14.95	13.68	14.47	18134814	391369312.00
2015/10/14	14.50	14.54	13.88	13.90	13641024	288305280.00
2015/10/15	13.88	15.29	13.75	15.29	27977988	624858944.00
2015/10/16	15.90	16.83	15.90	16.83	40764180	1005674752.00
2015/10/19	17.04	17.22	16.19	16.80	28778404	719092928.00
2015/10/20	16.61	18.38	16.43	17.87	27094629	716275712.00
2015/10/21	17.67	18.04	16.08	16.08	24012293	609091264.00
2015/10/22	15.84	17.36	15.69	16.97	25248105	622928192.00
2015/10/23	16.98	17.61	16.56	17.42	22728751	579744384.00
2015/10/26	17.63	17.91	16.83	17.42	17580739	456610752.00
2015/10/27	17.10	17.61	16.03	17.23	14839634	375283840.00
2015/10/28	17.18	18.11	16.84	17.36	21237382	557646400.00
2015/10/29	17.37	18.02	16.71	17.57	19001138	494308128.00
2015/10/30	17.84	19.04	17.52	18.09	25345562	692835328.00
2015/11/02	17.50	18.44	17.04	17.16	16675071	438621152.00
2015/11/03	17.17	17.45	16.05	16.37	14581364	363907168.00
2015/11/04	16.54	17.57	16.50	17.52	14367951	369409472.00
2015/11/05	17.63	18.27	17.23	17.59	18398647	487389760.00
2015/11/06	17.71	18.83	17.63	18.58	18179927	500034624.00
2015/11/09	18.40	20.45	18.40	20.45	33112037	986098048.00
2015/11/10	20.13	21.73	19.85	21.35	29125485	900601856.00
2015/11/11	20.92	21.76	20.92	21.31	20314787	646785984.00
2015/11/12	21.37	21.66	20.32	20.58	19945487	619507584.00
2015/11/13	20.16	20.42	19.49	19.54	15486281	460107392.00
2015/11/16	19.05	20.59	18.85	20.45	16130606	481718112.00
2015/11/17	20.49	21.07	19.56	19.68	15876905	482854080.00
2015/11/18	19.92	20.12	17.71	18.51	16878545	487356704.00
2015/11/19	18.68	19.45	18.38	19.37	14135615	397997536.00
2015/11/20	19.37	20.38	19.28	20.17	17746176	528455936.00
2015/11/23	20.28	21.04	19.65	20.51	22483160	685249728.00
2015/11/24	20.42	20.42	19.54	20.23	16291634	485584832.00
2015/11/25	19.99	21.06	19.92	21.06	21570798	664662912.00
2015/11/26	21.29	21.59	20.25	20.31	19262644	595876096.00
2015/11/27	20.05	20.12	18.27	18.27	19019223	545312384.00
2015/11/30	18.24	18.64	16.72	18.45	13741748	369568640.00
2015/12/01	18.43	18.70	17.87	18.16	8241730	226503968.00
2015/12/02	18.24	18.24	16.76	17.77	7984666	210259568.00
2015/12/03	17.92	18.58	17.75	18.39	8478137	231559136.00
2015/12/04	18.31	18.91	18.11	18.38	9376164	260299360.00
2015/12/07	18.38	18.97	17.94	18.77	9025615	251328480.00
2015/12/08	18.75	18.75	17.85	18.02	8509202	232074144.00
2015/12/09	17.87	18.28	17.76	18.02	6834045	184208240.00
2015/12/10	18.23	19.83	18.06	19.83	36235992	1063135232.00
2015/12/11	19.38	19.68	18.81	18.88	23503611	677212096.00
2015/12/14	18.58	18.95	18.04	18.86	11671834	321653088.00
2015/12/15	19.01	20.17	19.01	19.65	19670721	577014272.00
2015/12/16	19.76	20.04	19.38	19.92	17833953	527301824.00
2015/12/17	19.94	20.64	19.93	20.25	19964309	603112512.00
2015/12/18	20.43	20.45	19.48	19.71	12621360	375375104.00
2015/12/21	19.54	20.11	19.24	20.06	12765189	375328704.00
2015/12/22	20.09	20.17	19.78	19.97	8386918	250163296.00
2015/12/23	20.72	21.26	19.31	19.62	18594994	568100736.00
2015/12/24	19.19	19.35	18.46	19.27	10963301	312323296.00
2015/12/25	19.25	19.96	19.11	19.56	8888746	260017360.00
2015/12/28	19.56	20.24	19.38	19.92	15011491	446290784.00
2015/12/29	20.05	21.81	19.72	21.37	29937577	932704576.00
2015/12/30	21.39	23.03	21.22	22.58	27548218	918117376.00
2015/12/31	22.26	23.25	21.84	21.87	21846425	738667200.00
2016/01/04	22.06	22.92	19.68	19.68	21017087	679297472.00
2016/01/05	18.72	21.65	18.63	21.65	28887086	876202496.00
2016/01/06	21.35	22.58	20.90	22.26	27367983	893885568.00
2016/01/07	21.46	21.80	20.03	20.03	6032900	188064016.00
2016/01/08	20.57	21.12	18.04	20.26	19901164	605704832.00
2016/01/11	19.44	19.58	18.23	18.23	17782234	496482048.00
2016/01/12	17.29	17.97	16.40	16.59	16307825	413115968.00
2016/01/13	16.88	17.50	15.96	15.96	11653984	292972544.00
2016/01/14	15.06	16.81	14.71	16.47	12838869	307104832.00
2016/01/15	16.43	16.46	14.82	14.82	12288645	285759232.00
2016/01/18	14.35	15.33	14.16	15.02	9955393	223953312.00
2016/01/19	15.02	15.88	14.76	15.87	11705620	271249632.00
2016/01/20	15.69	17.24	15.55	16.53	17662373	439527008.00
2016/01/21	16.50	17.04	15.55	15.59	11728054	289564096.00
2016/01/22	16.04	16.19	14.94	15.69	8717302	203607504.00
2016/01/25	16.03	16.23	15.39	15.70	7900823	187631840.00
2016/01/26	15.35	15.55	14.19	14.57	10220849	227488704.00
2016/01/27	14.37	14.67	13.40	14.08	9552598	199426752.00
2016/01/28	13.78	14.68	13.58	13.62	10290148	217645520.00
2016/01/29	13.69	14.86	12.88	14.75	15165804	316746784.00
2016/02/01	14.55	15.02	14.35	14.78	8548187	187633952.00
2016/02/02	14.82	15.51	14.62	15.36	10222718	232779376.00
2016/02/03	15.25	15.36	14.76	15.22	7121464	161146016.00
2016/02/04	15.49	15.68	15.23	15.63	9881608	228107136.00
2016/02/05	15.55	15.59	15.06	15.16	5311000	121662992.00
2016/02/15	14.51	14.92	13.94	14.76	6561404	142802128.00
2016/02/16	14.76	15.87	14.76	15.57	8960962	206834288.00
2016/02/17	15.69	16.36	15.29	15.99	9646137	227605424.00
2016/02/18	15.96	16.03	15.57	15.63	8482178	200445152.00
2016/02/19	15.63	15.96	15.49	15.75	6361040	150274096.00
2016/02/22	16.03	16.26	15.75	16.10	10510336	252373440.00
2016/02/23	16.10	16.36	15.82	16.14	10212954	245872608.00
2016/02/24	16.12	16.75	16.08	16.57	14152094	349786272.00
2016/02/25	16.43	16.55	14.91	14.91	12390739	287569472.00
2016/02/26	14.82	15.10	14.22	14.49	7759120	169953088.00
2016/02/29	14.29	14.61	13.05	13.63	7204917	146627456.00
2016/03/01	13.54	14.51	13.35	14.06	6016124	124927016.00
2016/03/02	14.02	14.80	14.02	14.68	6418145	138900784.00
2016/03/03	14.69	15.19	14.56	14.60	7279558	162264368.00
2016/03/04	14.55	14.82	13.68	13.77	5452705	115808504.00
2016/03/07	13.82	14.64	13.82	14.21	4925673	105401048.00
2016/03/08	14.21	14.54	13.39	14.35	5704554	120187520.00
2016/03/09	14.06	14.32	13.88	14.09	3639170	76861176.00
2016/03/10	13.95	14.27	13.68	13.75	4096541	85915424.00
2016/03/11	13.75	14.15	13.38	14.09	3829270	79466328.00
2016/03/14	14.33	15.02	14.19	14.76	6879261	151888704.00
2016/03/15	14.62	14.95	14.49	14.52	3713027	81870680.00
2016/03/16	14.88	15.02	14.19	14.49	4326124	93766008.00
2016/03/17	14.69	15.49	14.51	15.29	9065405	205072208.00
2016/03/18	15.49	16.16	15.49	15.86	10799302	256386592.00
2016/03/21	16.14	17.32	16.14	17.31	16236134	406358592.00
2016/03/22	17.30	17.74	16.91	17.20	15346271	398229952.00
2016/03/23	16.71	18.24	16.70	18.22	14785696	380479680.00
2016/03/24	18.04	19.60	17.84	19.42	22110408	626506560.00
2016/03/25	19.25	19.57	18.99	19.44	8866322	255983664.00
2016/03/28	19.72	20.01	18.85	19.21	15409653	447970368.00
2016/03/29	19.24	19.25	17.43	17.96	12697024	346919872.00
2016/03/30	18.24	19.13	18.17	19.09	12870272	360739872.00
2016/03/31	19.11	19.44	18.85	18.91	8104869	231925504.00
2016/04/01	19.25	19.25	17.94	18.20	12010990	330027488.00
2016/04/05	18.58	19.15	18.01	18.97	9207938	257359888.00
2016/04/06	18.72	19.44	18.72	19.01	7782796	222601408.00
2016/04/07	19.17	19.17	18.04	18.20	6723155	186641664.00
2016/04/08	18.27	18.27	17.71	17.99	7702949	206654128.00
2016/04/11	18.38	18.75	18.04	18.26	9657985	266738016.00
2016/04/12	18.48	18.82	18.04	18.27	13154611	363983712.00
2016/04/13	18.40	19.38	18.31	19.05	12036000	340776256.00
2016/04/14	19.05	19.58	19.05	19.45	12546991	363317536.00
2016/04/15	19.47	20.05	19.25	19.61	10691492	313463616.00
2016/04/18	19.40	19.40	18.26	18.74	9412283	263687008.00
2016/04/19	18.71	18.90	18.28	18.61	4917290	136360944.00
2016/04/20	18.48	18.66	17.18	17.40	6342556	169803248.00
2016/04/21	17.50	17.77	16.90	17.03	4979338	129502936.00
2016/04/22	16.83	17.46	16.82	17.46	3772676	96710776.00
2016/04/25	17.66	17.66	17.24	17.64	3343810	87568400.00
2016/04/26	17.64	17.92	17.37	17.87	3970652	105189512.00
2016/04/27	18.03	18.79	17.61	18.54	6285867	174644736.00
2016/04/28	18.50	18.95	18.30	18.59	4977719	138788288.00
2016/04/29	18.21	18.90	18.21	18.38	3851181	106922360.00
2016/05/03	18.46	19.07	18.22	19.03	5012343	141366400.00
2016/05/04	19.10	20.45	19.10	19.82	10326793	307853696.00
2016/05/05	19.88	20.44	19.82	20.37	9537019	288381920.00
2016/05/06	20.37	21.37	20.37	21.12	17981750	564757824.00
2016/05/09	19.46	21.14	19.46	20.43	6447238	197357632.00
2016/11/18	20.09	20.41	18.38	19.09	29160183	826946880.00
2016/11/21	18.66	19.39	18.08	19.12	20199986	562406784.00
2016/11/22	18.69	21.04	18.69	21.04	37091147	1130753280.00
2016/11/23	21.04	21.86	20.43	20.56	32741333	1037596928.00
2016/11/24	20.43	20.46	19.44	19.63	16654588	494582400.00
2016/11/25	19.63	19.96	18.54	18.83	13872577	394538144.00
2016/11/28	18.69	18.81	17.88	17.91	14054613	381741216.00
2016/11/29	17.94	18.20	17.41	17.41	9839211	261481040.00
2016/11/30	17.41	17.75	17.10	17.41	7238530	188773936.00
2016/12/01	17.48	17.66	17.02	17.16	6795747	175178896.00
2016/12/02	17.31	17.31	16.79	16.89	6601495	168275088.00
2016/12/05	16.52	16.87	16.27	16.36	5699332	140379152.00
2016/12/06	16.51	16.87	16.36	16.59	5111475	126930336.00
2016/12/07	16.73	17.14	16.59	16.97	6075237	154048272.00
2016/12/08	17.00	17.17	16.35	16.47	5815001	145119584.00
2016/12/09	16.42	16.65	15.67	15.77	7261384	173858656.00
2016/12/12	15.76	15.90	14.19	14.19	9498150	213114096.00
2016/12/13	14.03	14.32	13.46	13.96	7364272	153070400.00
2016/12/14	14.03	14.33	13.72	14.01	5530500	116135832.00
2016/12/15	14.01	14.60	13.91	14.43	6765176	144917296.00
2016/12/16	14.45	15.35	14.39	14.98	6615502	148006960.00
2016/12/19	14.80	15.06	14.64	14.73	3598079	79310736.00
2016/12/20	14.82	15.18	14.73	14.92	4174985	93119880.00
2016/12/21	14.85	15.12	14.85	14.93	3287033	73506528.00
2016/12/22	14.93	14.93	14.19	14.33	5531948	119572896.00
2016/12/23	14.44	14.46	13.92	14.07	4301034	91218784.00
2016/12/26	14.06	14.83	13.86	14.68	4605025	98742704.00
2016/12/27	14.69	14.94	14.50	14.57	3363998	73749440.00
2016/12/28	14.55	14.85	14.26	14.26	3220530	69848736.00
2016/12/29	14.25	14.68	14.19	14.31	4017073	86491904.00
2016/12/30	14.38	14.51	14.03	14.03	3013731	64088288.00
2017/01/03	14.14	14.27	14.06	14.19	2218997	46979388.00
2017/01/04	14.26	14.43	14.09	14.27	3438267	73274784.00
2017/01/05	14.39	14.53	14.25	14.33	4098239	88034608.00
2017/01/06	14.29	14.38	13.71	13.78	5881101	122553688.00
2017/01/09	13.66	13.85	13.46	13.82	3399242	69401184.00
2017/01/10	13.76	13.95	13.70	13.74	2257059	46637852.00
2017/01/11	13.68	13.84	13.60	13.80	2311067	47506904.00
2017/01/12	13.80	14.37	13.69	14.06	5497236	115767744.00
2017/01/13	14.07	14.16	13.72	13.72	3608587	75072848.00
2017/01/16	13.72	13.78	12.34	12.50	6725240	129197296.00
2017/01/17	12.38	12.85	11.97	12.68	4471488	82999848.00
2017/01/18	12.57	12.62	12.26	12.32	2153348	40063100.00
2017/01/19	12.28	12.44	12.00	12.31	1869967	34379164.00
2017/01/20	12.31	12.76	12.27	12.56	2926378	55105892.00
2017/01/23	12.71	12.76	12.56	12.72	2221113	42094852.00
2017/01/24	12.72	12.78	12.54	12.75	2082229	39475164.00
2017/01/25	12.82	12.82	12.60	12.62	1896341	35974440.00
2017/01/26	12.65	12.82	12.65	12.82	1391905	26517542.00
2017/02/03	12.84	12.92	12.72	12.74	1076849	20563928.00
2017/02/06	12.74	12.91	12.66	12.89	1808087	34599876.00
2017/02/07	12.92	12.92	12.58	12.69	1969810	37480944.00
2017/02/08	12.72	12.99	12.45	12.99	2961141	56333144.00
2017/02/09	12.96	13.34	12.78	13.22	4392035	86004920.00
2017/02/10	13.20	13.20	12.99	13.05	2473240	48277292.00
2017/02/13	13.05	13.16	12.91	13.11	2285631	44599576.00
2017/02/14	13.12	13.13	12.91	12.91	2213478	42954904.00
2017/02/15	12.97	13.02	12.05	12.64	2479101	47511792.00
2017/02/16	12.62	12.76	12.50	12.68	1924885	36380556.00
2017/02/17	12.74	12.78	12.38	12.50	1976418	37093620.00
2017/02/20	12.56	13.75	12.38	13.75	8403003	165842144.00
2017/02/21	13.65	14.19	13.35	13.90	10437309	214597616.00
2017/02/22	13.76	14.09	13.56	13.79	6451403	133128984.00
2017/02/23	13.78	14.07	13.62	13.92	5686867	117947984.00
2017/02/24	13.93	14.65	13.84	14.29	6728395	144243216.00
2017/02/27	14.36	14.51	13.84	13.89	4786482	101037360.00
2017/02/28	14.00	14.18	13.72	13.89	3568719	74019984.00
2017/03/01	13.89	14.06	13.76	13.89	3018930	62569112.00
2017/03/02	13.84	13.93	13.52	13.64	3143699	64150900.00
2017/03/03	13.46	13.96	13.46	13.79	3438857	70815776.00
2017/03/06	13.79	14.60	13.76	14.33	6828260	146239776.00
2017/03/07	14.38	14.56	14.25	14.41	3989672	85922304.00
2017/03/08	14.45	14.72	14.30	14.46	4134476	89571384.00
2017/03/09	14.46	14.81	14.37	14.75	4937817	107817448.00
2017/03/10	14.86	14.87	14.41	14.41	4051059	88399616.00
2017/03/13	14.44	14.55	14.23	14.47	2718824	58412220.00
2017/03/14	14.47	14.88	14.47	14.54	4123206	90504928.00
2017/03/15	14.49	14.71	14.40	14.56	2811108	61205132.00
2017/03/16	14.63	14.77	14.47	14.71	3585150	78324128.00
2017/03/17	14.76	14.86	14.42	14.47	3739029	81989864.00
2017/03/20	14.47	14.57	14.05	14.35	5453731	116180040.00
2017/03/21	14.33	14.41	14.21	14.30	1501482	32055762.00
2017/03/22	14.45	14.45	13.93	13.94	3221875	68074088.00
2017/03/23	13.82	14.36	13.82	14.33	3770377	79770448.00
2017/03/24	14.36	14.49	14.21	14.29	2600620	55694800.00
2017/03/27	14.26	14.38	13.98	13.99	2076500	43814916.00
2017/03/28	13.99	14.13	13.66	13.74	3162459	65131356.00
2017/03/29	13.74	13.90	13.49	13.74	2269200	46511096.00
2017/03/30	13.64	13.73	13.03	13.21	3463582	69065016.00
2017/03/31	13.19	13.35	13.03	13.34	2437109	47989180.00
2017/04/05	13.34	13.86	13.23	13.58	1775139	36096052.00
2017/04/06	13.69	13.90	13.60	13.68	1938529	39801408.00
2017/04/07	13.78	13.84	13.58	13.63	1496764	30600170.00
2017/04/10	13.52	13.52	12.89	12.89	4399478	86218384.00
2017/04/11	12.72	12.99	11.86	12.64	5793566	107786608.00
2017/04/12	12.46	12.66	12.32	12.50	1704902	31897086.00
2017/04/13	12.50	12.67	12.32	12.38	1989118	37132272.00
2017/04/14	12.20	12.49	11.95	12.11	2524920	45838724.00
2017/04/17	12.17	12.24	11.91	12.03	2296064	41332780.00
2017/04/18	12.04	12.22	11.87	11.89	2035225	36498688.00
2017/04/19	11.91	12.01	11.58	11.79	1627148	28539856.00
2017/04/20	11.79	11.95	11.58	11.88	1720740	30276432.00
2017/04/21	11.88	12.32	11.71	12.13	2983727	53715276.00
2017/04/24	12.13	12.13	11.45	11.77	1765395	31136444.00
2017/04/25	11.65	11.91	11.65	11.81	1065782	18848222.00
2017/04/26	11.81	12.24	11.77	12.10	3855619	69533248.00
2017/04/27	12.10	12.17	11.56	12.03	3773505	66966764.00
2017/04/28	12.02	12.19	11.91	12.07	3437064	61957004.00
2017/05/02	12.08	12.36	11.95	12.19	2540885	46456092.00
2017/05/03	12.08	12.25	12.02	12.25	1444848	26167976.00
2017/05/04	12.12	12.63	12.11	12.52	3457241	64296028.00
2017/05/05	12.52	12.57	12.19	12.31	1778990	32855872.00
2017/05/08	12.26	12.40	12.05	12.13	1646450	30174650.00
2017/05/09	12.11	12.17	11.92	12.04	2075957	37393644.00
2017/05/10	12.03	12.13	11.52	11.65	2551200	45272916.00
2017/05/11	11.55	11.65	10.48	11.25	6956073	113802000.00
2017/05/12	11.04	11.59	10.92	11.48	3660078	61806248.00
2017/05/15	11.85	12.35	11.39	12.19	3933678	70519416.00
2017/05/16	12.38	12.57	12.02	12.24	4934650	90172640.00
2017/05/17	12.25	12.38	12.13	12.22	3969412	72731368.00
2017/05/18	12.14	12.15	11.93	12.01	2310600	41564260.00
2017/05/19	11.91	12.28	11.91	12.17	2030692	36763508.00
2017/05/22	12.09	12.17	11.75	11.80	1959279	35076312.00
2017/05/23	11.78	11.85	10.62	10.62	3341788	55936676.00
2017/05/24	10.64	10.74	9.55	10.42	5123852	76626072.00
2017/05/25	10.17	10.44	9.96	10.44	4083338	61890356.00
2017/05/26	10.37	10.48	10.17	10.43	2079725	32146794.00
2017/05/31	10.57	10.83	10.36	10.43	2638534	41206696.00
2017/06/01	10.33	10.38	10.04	10.26	2874544	43824700.00
2017/06/02	10.28	10.59	10.06	10.57	2423764	37559688.00
2017/06/05	10.57	10.89	10.45	10.89	2920155	46665528.00
2017/06/06	10.71	11.24	10.71	11.05	3359544	55540912.00
2017/06/07	11.38	11.38	11.05	11.18	4031400	67427184.00
2017/06/08	11.14	11.14	10.84	10.84	2112562	34702584.00
2017/06/09	10.77	10.85	10.64	10.72	2325656	37285200.00
2017/06/12	10.61	11.79	10.61	11.79	10171300	174281344.00
2017/06/13	11.71	11.79	11.34	11.48	11370653	195049552.00
2017/06/14	11.28	11.38	11.08	11.35	5973826	100255848.00
2017/06/15	11.05	11.25	10.21	11.18	8415402	137312592.00
2017/06/16	10.94	11.04	10.76	10.87	5294420	86040376.00
2017/06/19	10.51	11.97	10.51	11.97	14301083	247550080.00
2017/06/20	12.18	12.58	11.97	12.45	16244174	297249824.00
2017/06/21	12.32	12.84	12.25	12.65	13002453	242773680.00
2017/06/22	12.72	12.75	12.15	12.19	6468681	120021168.00
2017/06/23	12.36	12.42	12.08	12.37	4037343	74023448.00
2017/06/26	12.42	12.49	12.19	12.30	4009797	73597832.00
2017/06/27	12.42	12.52	12.23	12.24	4764030	87896376.00
2017/06/28	12.17	12.22	11.89	11.95	3793587	67889568.00
2017/06/29	11.95	12.18	11.95	12.08	2605942	47075424.00
2017/06/30	12.05	12.19	11.93	12.14	2419212	43664740.00
2017/07/03	12.24	12.48	12.14	12.40	4027086	74246096.00
2017/07/04	12.33	12.45	12.29	12.38	2453756	45254304.00
2017/07/05	12.38	12.54	12.32	12.52	3421557	63609560.00
2017/07/06	12.52	12.60	12.28	12.37	2384620	44201144.00
2017/07/07	12.30	12.52	12.24	12.50	2549284	47183432.00
2017/07/10	12.46	12.52	12.23	12.23	2094110	38510208.00
2017/07/11	12.07	12.24	11.92	12.12	1978743	35809232.00
2017/07/12	12.05	12.25	11.85	12.20	2055600	36991024.00
2017/07/13	12.25	12.93	12.19	12.38	4856215	91508600.00
2017/07/14	12.24	12.38	12.07	12.34	1957900	35791168.00
2017/07/17	12.19	12.40	11.24	11.83	3253629	57214680.00
2017/07/18	11.65	12.01	11.65	11.93	1690833	29915394.00
2017/07/19	11.85	11.96	11.67	11.92	1664880	29381184.00
2017/07/20	11.85	12.04	11.69	11.75	1940299	34388792.00
2017/07/21	11.65	11.71	11.50	11.69	2030379	35230216.00
2017/07/24	11.70	11.70	11.55	11.69	841000	14609878.00
2017/07/25	11.73	11.81	11.61	11.72	908348	15909805.00
2017/07/26	11.72	11.73	11.34	11.48	1409402	24311798.00
2017/07/27	11.39	12.12	11.24	12.06	4303259	75494040.00
2017/07/28	11.90	12.06	11.75	11.75	1478200	26205850.00
2017/07/31	11.73	11.87	11.63	11.78	1404526	24610578.00
2017/08/01	11.81	11.89	11.64	11.83	1077308	18943174.00
2017/08/02	11.73	11.83	11.69	11.75	1061105	18601496.00
2017/08/03	11.67	11.99	11.64	11.75	1522125	26926740.00
2017/08/04	11.75	11.87	11.64	11.75	901587	15802818.00
2017/08/07	11.75	11.99	11.69	11.91	1423010	25286040.00
2017/08/08	11.98	12.01	11.81	11.97	1763000	31427616.00
2017/08/09	11.91	12.17	11.85	12.12	2163849	39035700.00
2017/08/10	12.19	12.56	12.00	12.19	3560268	65382972.00
2017/08/11	12.17	12.18	11.85	11.92	2169327	38718172.00
2017/08/14	11.88	12.30	11.85	12.26	2615600	47379048.00
2017/08/15	12.31	12.36	12.05	12.28	2165434	39252956.00
2017/08/16	12.18	12.40	12.06	12.22	3037014	55518732.00
2017/08/17	12.49	12.49	12.07	12.18	3998458	72717224.00
2017/08/18	12.09	12.12	11.91	11.93	3509467	62736424.00
2017/08/21	12.05	12.05	11.77	11.78	2327790	41161372.00
2017/08/22	11.73	11.91	11.71	11.77	1964906	34620956.00
2017/08/23	11.77	11.88	11.71	11.73	1266300	22249026.00
2017/08/24	11.59	11.77	11.59	11.64	1471000	25627266.00
2017/08/25	11.77	11.91	11.63	11.73	1899200	33421738.00
2017/08/28	11.71	12.44	11.69	12.43	7632422	138720032.00
2017/08/29	12.40	12.40	12.22	12.32	2637772	48438084.00
2017/08/30	12.24	12.51	12.22	12.44	3018525	55917528.00
2017/08/31	12.46	13.03	12.36	12.74	5274404	100343968.00
2017/09/01	12.65	12.69	12.51	12.64	3278400	61622232.00
2017/09/04	12.60	13.05	12.54	12.93	5832686	111962448.00
2017/09/05	13.05	13.05	12.72	12.84	5280014	101434064.00
2017/09/06	12.86	12.93	12.54	12.74	3801800	72083072.00
2017/09/07	12.74	12.87	12.55	12.55	3404346	64195128.00
2017/09/08	12.62	12.71	12.48	12.68	1854562	34904932.00
2017/09/11	12.68	12.68	12.45	12.49	3021005	56466100.00
2017/09/12	12.54	12.62	12.45	12.50	2757100	51555004.00
2017/09/13	12.46	12.58	12.44	12.53	1271318	23766306.00
2017/09/14	12.52	12.53	12.22	12.46	2364014	43767188.00
2017/09/15	12.36	12.44	12.28	12.30	1636800	30121698.00
2017/09/18	12.34	12.49	12.23	12.46	1367451	25258470.00
2017/09/19	12.40	12.50	12.31	12.42	1615306	29889568.00
2017/09/20	12.42	12.55	12.34	12.53	1673081	31158858.00
2017/09/21	12.57	12.57	12.27	12.38	2450588	45340428.00
2017/09/22	12.42	12.42	12.09	12.20	1764800	32086704.00
2017/09/25	12.20	12.20	12.02	12.09	1199679	21657710.00
2017/09/26	12.05	12.16	12.00	12.08	815800	14734419.00
2017/09/27	12.10	12.10	11.89	11.95	1488308	26571992.00
2017/09/28	11.95	12.03	11.84	11.99	1356100	24180032.00
2017/09/29	11.93	12.31	11.89	12.15	3227945	58713784.00
2017/10/09	12.20	12.35	12.05	12.19	2555379	46386208.00
2017/10/10	12.20	12.21	12.01	12.12	3183997	57373972.00
2017/10/11	12.05	12.12	11.56	11.88	5028474	88698280.00
2017/10/12	11.85	11.89	11.62	11.88	2839807	49788388.00
2017/10/13	11.88	11.88	11.70	11.78	1820109	31960672.00
2017/10/16	11.57	11.68	11.45	11.52	2721200	46717288.00
2017/10/31	10.71	11.58	10.37	11.52	13262434	210338976.00
2017/11/01	11.02	11.38	10.85	11.18	5276903	87358560.00
2017/11/02	11.20	11.20	10.71	10.92	2027280	33207090.00
2017/11/03	10.83	11.22	10.65	10.95	2940695	48099160.00
2017/11/06	10.89	11.05	10.75	10.97	1422855	23069964.00
2017/11/07	10.97	10.97	10.71	10.95	3403050	54923260.00
2017/11/08	11.08	11.34	10.96	11.12	2597344	43215500.00
2017/11/09	11.12	11.18	10.95	11.05	1318500	21744014.00
2017/11/10	10.98	10.99	10.84	10.92	1585494	25775266.00
2017/11/13	10.92	10.97	10.71	10.83	1428900	23008284.00
2017/11/14	10.81	10.81	10.51	10.65	2521825	39965108.00
2017/11/15	10.59	10.78	10.51	10.75	1152319	18388734.00
2017/11/16	10.83	10.83	10.72	10.74	920000	14784909.00
2017/11/17	10.75	10.98	10.49	10.67	2323900	37322524.00
2017/11/20	10.51	10.85	10.49	10.73	1177700	18824772.00
2017/11/21	10.81	10.81	10.63	10.69	1043602	16636606.00
2017/11/22	10.69	10.91	10.61	10.75	1005400	16128188.00
2017/11/23	10.71	10.79	10.56	10.71	1040507	16608593.00
2017/11/24	10.66	10.81	10.60	10.80	804418	12837598.00
2017/11/27	10.79	10.79	10.65	10.70	856935	13689177.00
2017/11/28	10.65	10.77	10.64	10.75	1870300	29908068.00
2017/11/29	10.75	10.75	10.67	10.75	931800	14892399.00
2017/11/30	10.69	10.90	10.68	10.81	1276600	20675940.00
2017/12/01	10.88	11.46	10.79	11.32	3883737	64030872.00
2017/12/04	11.25	11.36	11.14	11.26	1925040	32301598.00
2017/12/05	11.24	11.42	11.10	11.30	2121700	35555520.00
2017/12/06	11.30	11.46	11.20	11.46	1636382	27735162.00
2017/12/07	11.46	11.85	11.38	11.80	2952156	51651356.00
2017/12/08	11.79	12.27	11.71	12.05	4066901	72701816.00
2017/12/11	12.17	12.17	11.85	11.97	2135500	38185392.00
2017/12/12	11.91	12.17	11.77	12.01	2376281	42476852.00
2017/12/13	11.85	12.03	11.85	11.96	1181501	21050372.00
2017/12/14	11.91	11.92	11.81	11.91	1751700	31009650.00
2017/12/15	11.95	11.95	11.58	11.80	1776300	31197580.00
2017/12/18	11.71	12.10	11.71	11.98	2015400	35842620.00
2017/12/19	11.87	12.15	11.87	11.98	2170800	38838364.00
2017/12/20	11.93	12.11	11.81	11.99	3564361	63604904.00
2017/12/21	11.97	11.99	11.78	11.91	2101500	37324144.00
2017/12/22	11.83	11.97	11.76	11.91	1449700	25644670.00
2017/12/25	11.93	11.93	11.76	11.81	627700	11074532.00
2017/12/26	11.79	11.79	11.44	11.46	1953955	33831676.00
2017/12/27	11.52	11.52	10.72	10.85	2473613	40730720.00
2017/12/28	10.85	11.38	10.75	11.22	4037151	66122788.00
2017/12/29	11.20	11.34	11.06	11.28	1539229	25746340.00
2018/01/02	11.19	11.72	11.19	11.38	977750	16626233.00
2018/01/03	11.30	11.59	11.26	11.28	950961	16151770.00
2018/01/04	11.28	11.37	11.14	11.19	741100	12390974.00
2018/01/05	11.19	11.19	10.99	11.12	755602	12514461.00
2018/01/08	11.18	11.24	10.98	11.22	1012001	16744573.00
2018/01/09	11.20	11.34	11.12	11.22	615500	10309055.00
2018/01/10	11.15	11.28	11.10	11.22	567300	9479844.00
2018/01/11	11.22	11.33	11.08	11.32	909800	15247492.00
2018/01/12	11.35	11.48	11.14	11.20	954940	16104664.00
2018/01/15	10.91	11.32	10.83	11.20	1023400	16954328.00
2018/01/16	11.23	11.38	11.09	11.32	1063082	17810940.00
2018/01/17	11.32	11.34	11.10	11.26	685500	11489671.00
2018/01/18	11.20	11.30	11.12	11.16	744508	12433312.00
2018/01/19	11.04	11.18	11.04	11.06	575001	9512745.00
2018/01/22	11.08	11.12	10.83	11.10	757400	12436661.00
2018/01/23	11.06	11.12	10.98	11.05	684900	11296386.00
2018/01/24	10.98	11.25	10.96	11.14	1510500	25017454.00
2018/01/25	11.06	11.30	11.02	11.08	1229255	20454632.00
2018/01/26	11.09	11.24	10.97	11.14	1071500	17692926.00
2018/01/29	11.12	11.13	10.92	11.04	812400	13363673.00
2018/01/30	10.93	11.08	10.77	11.04	1481000	24101206.00
2018/01/31	10.98	11.02	10.81	10.91	698704	11354636.00
2018/02/01	10.86	11.08	10.58	10.95	2134800	34814008.00
2018/02/02	10.90	11.01	10.71	10.90	1032351	16727113.00
2018/02/05	10.91	10.91	10.75	10.84	1238300	20004994.00
2018/02/06	10.84	10.84	9.75	9.75	3345600	50163624.00
2018/02/07	9.77	9.91	8.78	9.84	4617250	65520628.00
2018/02/08	10.63	10.63	10.14	10.23	2892704	44298560.00
2018/02/09	10.14	10.39	9.65	10.11	2836500	42317972.00
2018/02/12	10.28	10.49	10.02	10.38	2347425	35954568.00
2018/02/13	10.41	10.45	10.24	10.38	1090025	16848774.00
2018/02/14	10.38	10.64	10.20	10.56	1629625	25244492.00
2018/02/22	10.53	10.66	10.45	10.47	1688500	26450984.00
2018/02/23	10.47	10.49	10.27	10.34	1489000	22999830.00
2018/02/26	10.37	10.43	10.24	10.33	2823600	43667168.00
2018/02/27	10.33	10.50	10.12	10.30	3103400	47675404.00
2018/02/28	10.38	10.45	10.18	10.36	2190872	33715776.00
2018/03/01	10.31	10.39	10.06	10.36	2857400	43750528.00
2018/03/02	10.38	10.48	10.26	10.36	2762533	42744236.00
2018/03/05	10.48	10.91	10.36	10.88	5459755	87346312.00
2018/03/06	11.37	11.97	11.30	11.56	9843493	170828208.00
2018/03/07	11.57	12.15	11.56	11.74	7782013	137950560.00
2018/03/08	11.65	11.85	11.48	11.73	4545556	79137888.00
2018/03/09	11.74	12.17	11.65	12.05	7871787	140237040.00
2018/03/12	12.61	13.25	12.61	13.25	9358635	181387456.00
2018/03/13	14.58	14.58	14.58	14.58	2134585	46469916.00
2018/03/14	15.07	15.21	13.58	13.80	30095952	640029056.00
2018/03/15	13.88	14.22	13.27	14.02	29494063	608937344.00
2018/03/16	14.12	15.18	14.12	14.40	36241839	788967360.00
2018/03/19	14.19	14.33	13.46	13.96	22060227	457110048.00
2018/03/20	13.66	14.17	13.60	13.86	15540027	321670240.00
2018/03/21	13.94	14.41	13.27	13.29	27417372	569941696.00
2018/03/22	13.44	13.64	12.94	13.19	19635497	388798368.00
2018/03/23	12.59	12.81	11.87	11.97	24152457	441651712.00
2018/03/26	12.05	12.74	11.97	12.67	16853924	311974592.00
2018/03/27	12.85	13.37	12.53	13.07	23015890	445243296.00
2018/03/28	12.81	13.31	12.71	12.83	16747042	324444000.00
2018/03/29	12.95	13.18	12.65	12.90	13824100	267058128.00
2018/03/30	13.06	13.37	12.79	13.33	19266690	377397920.00
2018/04/02	13.56	14.60	13.27	13.30	21014440	426411200.00
2018/04/03	12.72	13.00	12.29	13.00	18347055	344756256.00
2018/04/04	12.96	12.98	12.37	12.37	11537435	217287984.00
2018/04/09	12.37	12.68	12.19	12.58	8972482	166912560.00
2018/04/10	12.62	12.72	12.27	12.64	9505499	177521728.00
2018/04/11	12.62	12.78	12.38	12.58	8100400	152194544.00
2018/04/12	12.40	12.66	12.32	12.32	5798100	107827432.00
2018/04/13	12.57	12.70	12.22	12.24	6273969	116816528.00
2018/04/16	12.05	12.52	11.93	12.46	6622467	122189624.00
2018/04/17	12.58	12.62	11.94	12.12	7118617	130253576.00
2018/04/18	12.15	12.50	11.93	12.45	8520696	155465776.00
2018/04/19	12.48	12.66	12.39	12.46	9070545	169709040.00
2018/04/20	12.40	12.48	11.89	11.91	7668604	138619472.00
2018/04/23	11.97	12.11	11.26	11.74	6514208	114161872.00
2018/04/24	11.95	12.29	11.79	12.29	7052800	127152912.00
2018/04/25	12.32	12.58	12.24	12.40	7259091	134064600.00
2018/04/26	12.36	12.39	11.99	12.11	5263670	95564240.00
2018/04/27	12.19	12.35	12.03	12.19	6065478	110402456.00
2018/05/02	12.28	12.70	12.26	12.68	13154519	245673776.00
2018/05/03	12.66	12.76	12.24	12.73	12145101	227728912.00
2018/05/04	12.66	13.16	12.56	13.04	14791091	286468576.00
2018/05/07	13.10	13.29	12.95	13.14	11825587	231637360.00
2018/05/08	13.13	13.13	12.89	13.03	7644600	148030080.00
2018/05/09	13.08	13.29	12.74	13.10	10403459	202420112.00
2018/05/10	13.09	13.19	12.88	12.90	5461610	105819560.00
2018/05/11	12.90	13.02	12.68	12.72	6746930	129784304.00
2018/05/14	12.70	12.88	12.60	12.76	5659384	107640416.00
2018/05/15	12.76	12.99	12.65	12.99	5693111	108960816.00
2018/05/16	12.92	12.92	12.51	12.51	6238230	118647240.00
2018/05/17	12.49	12.54	12.01	12.05	7777071	141615216.00
2018/05/18	12.08	12.29	11.94	12.16	4951694	89708352.00
2018/05/21	12.19	12.36	12.19	12.29	4117534	75591664.00
2018/05/22	12.29	12.36	12.12	12.32	4030976	73699392.00
2018/05/23	12.32	12.49	11.98	12.34	6785220	124037464.00
2018/05/24	12.38	12.38	12.07	12.11	3892288	70841488.00
2018/05/25	12.09	12.14	11.86	11.89	3777430	67420472.00
2018/05/28	11.75	12.01	11.64	11.89	3536794	62383344.00
2018/05/29	11.76	11.96	11.68	11.92	3757477	66395976.00
2018/05/30	11.58	11.79	11.18	11.18	4056449	69606064.00
2018/05/31	11.28	12.12	10.91	12.05	8476228	146640320.00
2018/06/01	11.84	12.34	11.79	12.25	7969150	144497904.00
2018/06/04	12.25	12.36	11.94	12.15	4013562	72921032.00
2018/06/05	12.21	12.46	12.15	12.43	5222745	96114824.00
2018/06/06	12.40	12.61	12.32	12.43	4587319	85439704.00
2018/06/07	12.54	12.97	12.30	12.76	8766037	166578544.00
2018/06/08	12.59	12.72	12.31	12.66	6475969	121114080.00
2018/06/11	12.68	12.96	12.38	12.72	7701257	146105168.00
2018/06/12	12.74	14.00	12.51	13.36	19543306	386365920.00
2018/06/13	13.23	13.70	13.01	13.05	13172304	262122208.00
2018/06/14	12.73	12.93	12.39	12.63	8336913	157428224.00
2018/06/15	12.74	12.74	11.36	12.32	14041806	249427904.00
2018/06/19	11.83	11.83	11.08	11.12	11822988	199323872.00
2018/06/20	10.79	11.45	10.46	11.38	9138144	151003376.00
2018/06/21	11.36	11.49	10.95	11.35	6395944	107290176.00
2018/06/22	11.36	11.52	11.26	11.42	3746843	63957184.00
2018/06/25	11.49	11.82	11.36	11.79	6216284	108035344.00
2018/06/26	11.58	12.32	11.48	12.12	6381504	114366280.00
2018/06/27	12.17	12.32	11.99	12.12	3957020	71686248.00
2018/06/28	12.11	12.17	11.72	11.72	3789694	67647376.00
2018/06/29	11.71	12.17	11.65	12.14	3663912	65846064.00
2018/07/02	12.18	12.32	11.95	11.98	3640973	65659512.00
2018/07/03	11.88	12.28	11.84	12.26	4669760	84467832.00
2018/07/04	12.23	12.23	11.65	11.69	4615712	82368016.00
2018/07/05	11.85	12.07	11.57	11.57	3247746	57334928.00
2018/07/06	11.61	11.73	11.08	11.72	4903672	83818968.00
2018/07/09	11.73	12.01	11.73	12.00	2522987	44874972.00
2018/07/10	12.03	12.31	11.84	12.29	4750160	85756856.00
2018/07/11	12.00	12.16	11.56	11.88	5607578	66425068.00
2018/07/12	11.84	12.34	11.69	12.22	6509909	79222504.00
2018/07/13	12.20	12.75	12.10	12.31	9180227	114036832.00
2018/07/16	12.31	12.56	12.00	12.50	6899602	85098544.00
2018/07/17	12.35	12.64	12.18	12.60	7041760	87786888.00
2018/07/18	12.60	12.65	12.02	12.02	8071340	99561904.00
2018/07/19	12.01	12.39	12.00	12.25	7265020	88548960.00
2018/07/20	12.22	12.50	12.09	12.37	5598937	68967472.00
2018/07/23	12.50	13.60	12.50	12.93	14758937	192066560.00
2018/07/24	12.89	13.09	12.73	12.97	8790199	113512264.00
2018/07/25	12.84	13.11	12.80	12.87	6324057	81836840.00
2018/07/26	12.87	12.95	12.56	12.77	5965531	75790248.00
2018/07/27	12.53	13.33	12.42	12.95	11532976	149362336.00
2018/07/30	12.87	12.88	12.50	12.88	6245193	79290992.00
2018/07/31	12.81	12.86	12.60	12.65	4110860	52341284.00
2018/08/01	12.70	12.75	12.30	12.42	5495519	68827880.00
2018/08/02	12.28	12.28	11.20	12.16	8589730	101156136.00
2018/08/03	11.98	12.41	11.87	12.20	3941177	47789248.00
2018/08/06	12.02	12.24	11.67	11.74	2819958	33726716.00
2018/08/07	11.75	11.95	11.55	11.95	3709776	43720708.00
2018/08/08	11.90	11.92	11.50	11.74	3221490	37615044.00
2018/08/09	11.69	12.17	11.56	12.00	3688970	44131180.00
2018/08/10	11.93	12.15	11.91	12.06	2326059	27955412.00
2018/08/13	12.02	12.35	11.85	12.26	3201356	38881424.00
2018/08/14	12.13	12.30	12.10	12.15	2279644	27769978.00
2018/08/15	12.11	12.51	12.07	12.22	4775737	58887744.00
2018/08/16	12.00	12.20	11.60	11.62	3850546	46052220.00
2018/08/17	11.70	12.05	11.67	12.00	3974470	47254176.00
2018/08/20	11.90	11.95	11.52	11.95	3472467	40808460.00
2018/08/21	11.89	12.15	11.82	12.05	2457984	29519044.00
2018/08/22	11.98	12.10	11.71	11.80	2223565	26406224.00
2018/08/23	11.80	12.04	11.76	11.92	2872739	34256780.00
2018/08/24	11.93	12.04	11.82	12.00	2613119	31222356.00
2018/08/27	12.11	12.35	12.06	12.28	3645390	44592376.00
2018/08/28	12.30	12.42	12.12	12.22	3121511	38305272.00
2018/08/29	12.15	12.38	12.07	12.38	3387208	41487884.00
2018/08/30	12.31	12.38	11.92	12.05	3268336	39707432.00
2018/08/31	11.95	12.07	11.82	12.00	2012385	24059658.00
2018/09/03	11.85	12.03	11.65	11.92	1837701	21707168.00
2018/09/04	11.86	12.03	11.71	11.97	2291656	27262176.00
2018/09/05	11.90	11.93	11.49	11.70	3732390	43615184.00
2018/09/06	11.60	11.79	11.41	11.50	2345352	27218112.00
2018/09/07	11.51	11.71	11.45	11.48	2262252	26188636.00
2018/09/10	11.43	11.48	10.90	11.00	3053069	34101860.00
2018/09/11	11.00	11.14	10.88	11.08	1911164	21081936.00
2018/09/12	11.05	11.15	10.92	10.92	1427205	15762661.00
2018/09/13	11.01	11.10	10.80	11.08	1592915	17453714.00
2018/09/14	11.08	11.10	10.88	11.05	1394747	15323322.00
2018/09/17	10.91	11.00	10.77	10.93	1278297	13929797.00
2018/09/18	10.88	11.07	10.73	10.96	1817926	19801462.00
2018/09/19	10.86	11.06	10.85	11.03	1684447	18499830.00
2018/09/20	11.01	11.10	10.90	11.05	1556897	17128294.00
2018/09/21	11.07	11.17	10.98	11.16	1863605	20697138.00
2018/09/25	11.10	11.24	11.04	11.23	1402111	15630339.00
2018/09/26	11.22	11.23	11.07	11.14	1165659	12987101.00
2018/09/27	11.19	11.19	10.88	11.14	2363894	26042614.00
2018/09/28	11.01	11.43	11.01	11.35	1605181	17993306.00
2018/10/08	11.26	11.26	10.76	10.85	1417882	15565440.00
2018/10/09	10.85	11.08	10.80	11.00	1207094	13171491.00
2018/10/10	10.91	11.03	10.85	10.95	866370	9460224.00
2018/10/11	10.20	10.87	9.86	10.30	4237600	43433544.00
2018/10/12	10.14	10.28	9.30	10.28	2781955	27488506.00
2018/10/15	10.25	10.41	10.08	10.18	1190827	12176461.00
2018/10/16	10.20	10.20	9.82	10.05	1795851	18010352.00
2018/10/17	10.20	10.28	9.82	10.06	1827161	18328162.00
2018/10/18	10.05	10.20	9.75	9.80	1767172	17489498.00
2018/10/19	9.70	10.40	9.60	10.29	2357785	23655192.00
2018/10/22	10.29	10.94	10.29	10.75	3271046	35032088.00
2018/10/23	10.70	10.75	10.41	10.47	1728003	18256142.00
2018/10/24	10.36	10.93	10.21	10.85	2409904	25323966.00
2018/10/25	10.51	10.79	10.40	10.74	1657936	17645578.00
2018/10/26	10.80	10.89	10.66	10.67	1466380	15771180.00
2018/10/29	10.42	10.76	10.25	10.57	1637141	17208908.00
2018/10/30	10.62	10.68	10.33	10.62	1297692	13707876.00
2018/10/31	10.62	10.85	10.58	10.70	1852425	19866548.00
2018/11/01	10.79	11.12	10.63	10.64	2287286	24753790.00
2018/11/02	10.81	11.00	10.65	10.88	2246157	24346828.00
2018/11/05	10.88	11.77	10.80	11.61	7681928	86948592.00
2018/11/06	11.90	12.42	11.78	11.98	9849742	118891936.00
2018/11/07	11.68	11.94	11.43	11.70	7462076	87101720.00
2018/11/08	11.60	12.30	11.44	12.00	7355165	87598408.00
2018/11/09	11.95	12.19	11.72	11.77	3996708	47656168.00
2018/11/12	11.74	12.19	11.53	11.97	5082895	60453788.00
2018/11/13	11.71	12.24	11.66	12.05	7407533	88812976.00
2018/11/14	11.96	12.58	11.81	12.42	9987053	122350088.00
2018/11/15	12.57	13.38	12.50	12.88	28095425	363827264.00
2018/11/16	12.76	13.00	12.38	12.88	20145543	255907536.00
2018/11/19	13.19	13.36	12.56	12.62	15089243	193956144.00
2018/11/20	12.30	12.36	11.64	11.70	11810000	141974544.00
2018/11/21	11.50	11.97	11.50	11.95	7450578	87677816.00
2018/11/22	12.04	12.05	11.77	11.90	5770745	68657744.00
2018/11/23	11.74	11.88	11.16	11.49	8400508	96125344.00
2018/11/26	11.23	11.62	11.23	11.40	3686106	42040280.00
2018/11/27	11.50	11.67	11.40	11.59	4381936	50565852.00
2018/11/28	11.55	11.71	11.33	11.58	4705295	54233664.00
2018/11/29	11.69	11.93	11.26	11.26	5204620	60425248.00
2018/11/30	11.11	11.45	10.78	11.28	5351793	59245124.00
2018/12/03	11.50	11.68	11.41	11.50	4932626	56952528.00
2018/12/04	11.49	11.61	11.42	11.56	3632016	41940576.00
2018/12/05	11.11	11.35	11.11	11.21	3803925	42779124.00
2018/12/06	11.20	11.30	10.77	10.98	4592956	50379236.00
2018/12/07	10.90	11.07	10.86	11.00	2281873	25010072.00
2018/12/10	10.85	11.05	10.26	10.94	2696630	29260928.00
2018/12/11	10.94	11.00	10.76	10.99	2821398	30746988.00
2018/12/12	10.95	11.05	10.88	11.00	1856607	20370274.00
2018/12/13	11.06	11.10	10.86	10.99	2692616	29604382.00
2018/12/14	10.98	11.00	10.66	10.67	2837312	30706010.00
2018/12/17	10.60	10.72	10.40	10.60	1510595	15973986.00
2018/12/18	10.46	10.80	10.40	10.52	1946297	20550068.00
2018/12/19	10.65	10.65	10.16	10.48	3273118	33844984.00
2018/12/20	10.30	10.64	10.27	10.58	4159367	43638968.00
2018/12/21	10.50	11.49	10.44	10.89	8954631	99131176.00
2018/12/24	10.54	10.94	10.54	10.85	3726352	40285560.00
2018/12/25	10.75	11.10	10.54	11.00	6141519	66026208.00
2018/12/26	11.06	11.32	10.87	11.17	8402973	93125928.00
2018/12/27	11.17	11.28	10.82	11.00	7258628	80048688.00
2018/12/28	11.00	11.20	10.81	11.20	6110500	67539640.00
2019/01/02	11.12	11.40	11.02	11.06	3522083	39383788.00
2019/01/03	11.16	11.85	11.16	11.38	10382687	119220560.00
数据来源:通达信
