300347 泰格医药 日线 前复权
      日期	    开盘	    最高	    最低	    收盘	    成交量	    成交额
2012/08/17	6.49	6.49	5.18	5.55	9229673	462962368.00
2012/08/20	5.68	6.05	5.54	5.79	5713286	295346144.00
2012/08/21	5.99	6.29	5.79	6.16	4753986	255191744.00
2012/08/22	5.93	6.42	5.93	6.10	3945286	215612160.00
2012/08/23	6.05	6.20	5.83	5.83	2897788	154999056.00
2012/08/24	5.84	6.48	5.78	6.40	4196309	231274032.00
2012/08/27	6.30	6.61	6.14	6.31	3377143	191251184.00
2012/08/28	6.43	7.02	6.38	6.79	3241242	191798704.00
2012/08/29	6.69	7.11	6.65	6.75	3408334	205424848.00
2012/08/30	6.66	6.78	6.11	6.46	3006973	171394848.00
2012/08/31	6.39	7.11	6.30	6.89	2330754	138257024.00
2012/09/03	7.01	7.25	6.83	7.05	2534855	156613936.00
2012/09/04	7.01	7.12	6.85	6.87	1495607	91519600.00
2012/09/05	6.84	7.15	6.84	7.04	1225553	75671040.00
2012/09/06	7.05	7.26	6.99	7.08	1185495	73994568.00
2012/09/07	7.13	7.17	6.93	7.05	1469335	91180288.00
2012/09/10	7.07	7.11	6.90	7.03	1417494	87149272.00
2012/09/11	7.03	7.17	6.75	6.82	1907871	116464488.00
2012/09/12	6.80	6.92	6.74	6.80	1098273	66145348.00
2012/09/13	6.81	7.47	6.78	7.25	2489480	155469376.00
2012/09/14	7.24	7.52	7.21	7.23	2034421	131356184.00
2012/09/17	7.16	7.18	6.81	6.82	953721	58627448.00
2012/09/18	6.75	6.85	6.56	6.66	1063418	63007708.00
2012/09/19	6.71	6.77	6.57	6.70	651436	38391872.00
2012/09/20	6.68	6.77	6.46	6.49	948170	55571812.00
2012/09/21	6.49	6.53	6.24	6.36	1163824	65829144.00
2012/09/24	6.28	6.47	6.27	6.37	659376	37228856.00
2012/09/25	6.35	6.44	6.01	6.08	789242	43511488.00
2012/09/26	6.05	6.10	5.88	5.93	812311	43517140.00
2012/09/27	6.02	6.15	5.94	6.12	540498	29258820.00
2012/09/28	6.11	6.35	6.02	6.30	575024	31740840.00
2012/10/08	6.30	6.30	6.16	6.22	379835	21024250.00
2012/10/09	6.24	6.49	6.23	6.45	560500	31917464.00
2012/10/10	6.47	6.51	6.38	6.45	370137	21168878.00
2012/10/11	6.41	6.44	6.23	6.25	356157	20008162.00
2012/10/12	6.26	6.40	5.99	6.14	722556	39537140.00
2012/10/15	6.06	6.13	5.81	6.07	643675	34209236.00
2012/10/16	6.00	6.42	5.99	6.30	507282	28050926.00
2012/10/17	6.28	6.42	6.24	6.32	318631	17891782.00
2012/10/18	6.31	6.45	6.31	6.41	303844	17155990.00
2012/10/19	6.42	6.65	6.39	6.58	475598	27661008.00
2012/10/22	6.54	6.71	6.54	6.67	302104	17772824.00
2012/10/23	6.65	6.66	6.47	6.49	509057	29548438.00
2012/10/24	6.51	6.51	6.34	6.36	564026	32126724.00
2012/10/25	6.32	6.49	6.24	6.24	309274	17426186.00
2012/10/26	6.22	6.31	6.07	6.30	357300	19612728.00
2012/10/29	6.28	6.67	6.24	6.67	612473	35551984.00
2012/10/30	6.64	6.91	6.64	6.75	485950	29071060.00
2012/10/31	6.68	6.74	6.55	6.72	307878	18050218.00
2012/11/01	6.68	6.84	6.68	6.78	262790	15683828.00
2012/11/02	6.77	6.96	6.74	6.85	427745	25966172.00
2012/11/05	6.80	6.86	6.49	6.54	436729	25553902.00
2012/11/06	6.44	6.74	6.44	6.62	619114	36086564.00
2012/11/07	6.61	6.61	6.29	6.38	786864	44577908.00
2012/11/08	6.30	6.30	6.09	6.24	541767	29894486.00
2012/11/09	6.18	6.29	6.18	6.20	249925	13873907.00
2012/11/12	6.22	6.32	6.11	6.18	409804	22618796.00
2012/11/13	6.20	6.20	6.00	6.02	399637	21587122.00
2012/11/14	5.99	6.12	5.99	6.07	283301	15301721.00
2012/11/15	6.05	6.07	5.87	5.92	263603	14108689.00
2012/11/16	5.88	6.02	5.83	5.91	238198	12595632.00
2012/11/19	5.95	5.95	5.70	5.84	394183	20513856.00
2012/11/20	5.86	5.86	5.68	5.74	308931	15955731.00
2012/11/21	5.73	5.83	5.64	5.83	257150	13233202.00
2012/11/22	5.79	5.80	5.71	5.75	188156	9695284.00
2012/11/23	5.76	5.84	5.71	5.80	184158	9558249.00
2012/11/26	5.75	5.79	5.59	5.61	279679	14239029.00
2012/11/27	5.56	5.61	5.34	5.35	598003	29153332.00
2012/11/28	5.35	5.53	5.32	5.43	430784	21184938.00
2012/11/29	5.44	5.49	5.35	5.36	200336	9788257.00
2012/11/30	5.37	5.51	5.36	5.51	277863	13694153.00
2012/12/03	5.51	5.63	5.33	5.42	327653	16291126.00
2012/12/04	5.36	5.46	5.24	5.43	836035	40493528.00
2012/12/05	5.38	5.73	5.37	5.68	656987	33238434.00
2012/12/06	5.64	5.74	5.53	5.58	452786	22933874.00
2012/12/07	5.56	5.70	5.55	5.69	371377	18845702.00
2012/12/10	5.70	5.73	5.59	5.72	344256	17529510.00
2012/12/11	5.66	5.84	5.65	5.68	249595	12856462.00
2012/12/12	5.70	5.80	5.58	5.78	596472	30529690.00
2012/12/13	5.76	5.76	5.61	5.65	316719	16093906.00
2012/12/14	5.69	5.88	5.63	5.86	430657	22425980.00
2012/12/17	5.83	5.86	5.70	5.78	319349	16519341.00
2012/12/18	5.74	5.81	5.66	5.71	259873	13402659.00
2012/12/19	5.71	5.89	5.68	5.86	344189	17902692.00
2012/12/20	5.87	6.27	5.87	6.11	748111	40851736.00
2012/12/21	6.05	6.43	6.05	6.43	961952	53475348.00
2012/12/24	6.42	6.65	6.30	6.44	1144192	66106952.00
2012/12/26	6.58	6.93	6.55	6.90	2076596	124072712.00
2012/12/27	6.86	6.88	6.56	6.61	1469872	86562112.00
2012/12/28	6.53	6.89	6.53	6.68	1032751	61424732.00
2012/12/31	6.68	6.75	6.41	6.42	1703952	98352104.00
2013/01/04	6.51	6.96	6.42	6.80	2188615	129482264.00
2013/01/07	6.80	6.90	6.61	6.84	1235045	73866144.00
2013/01/08	6.68	7.11	6.68	6.76	1081460	65684216.00
2013/01/09	6.60	6.64	6.36	6.46	1354500	78031144.00
2013/01/10	6.45	6.62	6.45	6.60	1288851	75043344.00
2013/01/11	6.74	6.86	6.64	6.65	1555802	92777176.00
2013/01/14	6.68	7.10	6.65	7.05	1486759	91135784.00
2013/01/15	7.17	7.17	6.87	6.98	1335678	82072352.00
2013/01/16	6.98	7.12	6.79	6.91	1190833	72735272.00
2013/01/17	6.91	6.98	6.74	6.76	628597	37791316.00
2013/01/18	6.80	6.89	6.65	6.84	713108	42589604.00
2013/01/21	7.11	7.30	6.93	7.01	2066217	128622792.00
2013/01/22	6.93	7.04	6.55	6.64	1270487	75796584.00
2013/01/23	6.57	6.79	6.50	6.77	859980	50507480.00
2013/01/24	6.75	6.83	6.43	6.50	946573	55504016.00
2013/01/25	6.48	6.70	6.38	6.62	647080	37524672.00
2013/01/28	6.62	6.84	6.58	6.78	766687	45836652.00
2013/01/29	6.80	6.91	6.71	6.78	700418	42019676.00
2013/01/30	6.75	6.81	6.49	6.55	980755	57034032.00
2013/01/31	6.55	6.61	6.43	6.58	462637	26655908.00
2013/02/01	6.55	6.74	6.51	6.68	660941	38879316.00
2013/02/04	6.70	6.84	6.70	6.80	992635	59497212.00
2013/02/05	6.74	6.93	6.74	6.76	974895	58627800.00
2013/02/06	6.74	6.88	6.74	6.80	685749	41192324.00
2013/02/07	6.83	6.88	6.68	6.87	727032	43590376.00
2013/02/08	6.86	7.17	6.84	7.09	1001714	62046076.00
2013/02/18	7.15	7.27	7.09	7.10	1005222	63420984.00
2013/02/19	7.06	7.09	6.82	6.86	768994	46788928.00
2013/02/20	6.87	7.21	6.84	7.16	899235	55685868.00
2013/02/21	7.15	7.47	7.07	7.38	1474404	93951192.00
2013/02/22	7.31	7.36	7.19	7.24	685549	43770476.00
2013/02/25	7.19	7.42	7.18	7.33	663918	42703708.00
2013/02/26	7.29	7.66	7.27	7.43	1405173	92694072.00
2013/02/27	7.46	7.60	7.19	7.29	656159	42208248.00
2013/02/28	7.31	7.43	7.18	7.41	615455	39445752.00
2013/03/01	7.40	7.65	7.37	7.53	735863	48480592.00
2013/03/04	7.55	7.74	7.43	7.45	834396	55398088.00
2013/03/05	7.49	7.99	7.39	7.93	913875	61574860.00
2013/03/06	7.90	8.24	7.90	7.96	915202	63912076.00
2013/03/07	7.96	8.25	7.84	7.98	1066302	74634296.00
2013/03/11	8.00	8.36	7.99	8.10	1103239	78183000.00
2013/03/12	8.10	8.17	7.62	7.84	1263826	86269480.00
2013/03/13	7.81	7.96	7.60	7.91	756884	51185272.00
2013/03/14	7.90	8.30	7.86	8.30	1095724	77356088.00
2013/03/15	8.41	8.54	8.14	8.14	1210841	87356776.00
2013/03/18	8.11	8.29	7.90	8.15	799995	56403048.00
2013/03/19	8.16	8.71	8.12	8.71	1288254	94422192.00
2013/03/20	8.55	8.85	8.55	8.80	1031413	77468144.00
2013/03/21	8.80	8.87	8.70	8.84	659545	50069096.00
2013/03/22	8.80	9.27	8.72	9.18	860051	66535052.00
2013/03/25	9.20	9.71	9.13	9.54	1385045	112685600.00
2013/03/26	9.48	9.81	9.26	9.72	1065262	87463624.00
2013/03/27	9.65	9.77	9.51	9.65	639567	52823500.00
2013/03/28	9.66	9.66	9.14	9.15	1399489	111928824.00
2013/03/29	9.18	9.63	9.18	9.63	995511	80501320.00
2013/04/01	9.72	10.51	9.68	10.01	1081272	93657624.00
2013/04/02	10.01	10.13	9.24	9.29	1403116	116306184.00
2013/04/03	9.29	9.42	9.06	9.14	895280	70951416.00
2013/04/08	9.05	9.90	8.95	9.81	939217	76053424.00
2013/04/09	9.74	9.97	9.64	9.92	573164	48121672.00
2013/04/10	9.85	10.31	9.29	9.58	1171619	97838208.00
2013/04/11	9.60	9.77	9.31	9.32	755484	61673204.00
2013/04/12	9.32	9.55	9.24	9.37	479578	38784124.00
2013/04/15	9.31	9.46	8.99	9.11	588860	46638200.00
2013/04/16	8.99	9.42	8.93	9.41	608329	47995880.00
2013/04/17	9.41	9.98	9.33	9.95	770398	64078304.00
2013/04/18	9.86	10.12	9.81	9.95	630995	53914372.00
2013/04/19	9.87	10.46	9.87	10.18	926591	81108528.00
2013/04/22	10.18	10.61	9.99	10.58	1225601	107880224.00
2013/04/23	10.90	11.70	10.77	11.49	2458940	235656944.00
2013/04/24	11.45	12.71	11.42	12.71	3001024	315803680.00
2013/04/25	12.71	13.01	11.70	11.90	2979390	311342400.00
2013/04/26	12.04	12.30	11.43	11.96	2161391	217985488.00
2013/05/02	12.20	13.09	11.93	12.70	4621741	243617168.00
2013/05/03	12.52	13.90	12.23	13.80	5462015	296691392.00
2013/05/06	13.65	14.50	13.28	13.40	5377863	308138464.00
2013/05/07	13.29	14.03	13.25	13.81	3553737	203641712.00
2013/05/08	13.76	14.26	13.30	13.94	4178911	239478032.00
2013/05/09	13.78	13.79	13.21	13.31	3589687	201539136.00
2013/05/10	13.30	13.39	12.15	12.32	4604472	243392816.00
2013/05/13	12.39	12.77	12.39	12.53	2200658	115818832.00
2013/05/14	12.59	12.73	12.05	12.39	2052325	106045072.00
2013/05/15	12.33	12.70	12.21	12.69	2377679	124573768.00
2013/05/16	12.65	13.08	12.32	12.44	3231237	171924160.00
2013/05/17	12.30	12.39	11.88	12.23	2834133	144119424.00
2013/05/20	12.21	12.73	11.89	12.69	2979107	153850720.00
2013/05/21	12.60	12.84	12.48	12.69	2206613	117007384.00
2013/05/22	12.66	12.66	12.01	12.05	2433907	124798952.00
2013/05/23	11.90	12.41	11.85	12.06	1832743	93857296.00
2013/05/24	12.03	12.35	11.98	12.25	1393327	71321968.00
2013/05/27	12.22	12.87	12.22	12.82	3123134	165563680.00
2013/05/28	12.81	12.84	12.10	12.19	2546514	132010968.00
2013/05/29	12.15	12.28	11.94	12.14	1564979	79265712.00
2013/05/30	12.13	12.63	11.96	12.40	1992141	103083016.00
2013/05/31	12.40	12.50	12.11	12.15	1406728	72272928.00
2013/06/03	12.15	12.18	11.53	11.64	1931663	96069280.00
2013/06/04	11.60	11.60	10.88	11.05	2334475	109105072.00
2013/06/05	11.03	11.21	10.90	11.12	1248725	58261840.00
2013/06/06	11.02	11.12	10.93	11.01	868743	40303304.00
2013/06/07	11.04	11.24	10.96	11.21	1343734	62965496.00
2013/06/13	11.05	11.05	10.40	10.65	1281933	57885196.00
2013/06/14	10.74	11.23	10.70	11.18	1384099	64512212.00
2013/06/17	11.19	12.35	11.17	12.18	3214165	160417136.00
2013/06/18	12.20	12.25	11.65	11.96	1460072	73020752.00
2013/06/19	11.78	11.83	11.35	11.54	1384891	67254032.00
2013/06/20	11.40	12.35	11.40	11.59	2295218	114965208.00
2013/06/21	11.30	12.28	10.65	12.12	2570207	125856520.00
2013/06/24	12.21	12.53	11.74	12.43	3384460	173416352.00
2013/06/25	12.28	13.27	12.08	13.11	5040578	270239392.00
2013/06/26	13.11	13.54	12.85	13.30	4264567	236309232.00
2013/06/27	13.23	13.55	12.33	12.35	3787038	206559552.00
2013/06/28	12.28	12.53	11.87	12.00	2989608	152729184.00
2013/07/01	12.00	12.72	11.90	12.68	2192063	113393216.00
2013/07/02	12.68	13.21	12.45	13.13	2737365	148044464.00
2013/07/03	12.90	13.51	12.61	13.10	2563522	140265408.00
2013/07/04	13.02	14.28	12.86	13.43	3784803	216636480.00
2013/07/05	13.34	13.69	12.83	12.83	2027367	112419832.00
2013/07/08	12.40	13.23	12.21	13.00	1303866	69687040.00
2013/07/09	13.01	13.57	12.59	13.57	2079788	115729192.00
2013/07/10	13.40	13.99	13.34	13.52	1814409	103384232.00
2013/07/11	13.63	13.71	13.15	13.38	1725291	96298664.00
2013/07/12	13.35	14.06	13.29	13.80	2325708	134165760.00
2013/07/15	13.80	15.00	13.72	15.00	3056691	185344256.00
2013/07/16	14.98	15.14	14.57	14.89	1538074	95043904.00
2013/07/17	14.89	15.64	14.72	14.82	2105091	132419816.00
2013/07/18	14.72	15.54	14.53	15.15	1636831	102639152.00
2013/07/19	15.15	15.71	14.90	14.90	2255167	143749088.00
2013/07/22	14.65	15.39	14.41	15.36	1348387	84743512.00
2013/07/23	15.25	15.85	15.25	15.70	1456934	94635192.00
2013/07/24	15.70	16.21	15.59	16.21	1249546	82891264.00
2013/07/25	16.27	16.37	14.90	15.38	1903551	124006904.00
2013/07/26	15.16	15.65	14.85	15.28	1581642	99902904.00
2013/07/29	15.12	15.12	14.35	14.40	1480827	90192960.00
2013/07/30	14.39	14.64	13.75	13.87	1422044	83031944.00
2013/07/31	13.90	14.33	13.87	14.20	891573	52466592.00
2013/08/01	14.13	15.03	13.90	14.89	1185932	72060536.00
2013/08/02	14.88	15.31	14.60	14.75	1142738	71286024.00
2013/08/05	14.61	15.24	14.50	15.19	1118548	69381328.00
2013/08/06	15.06	15.15	14.40	14.73	2097918	128420728.00
2013/08/07	14.49	14.55	13.40	13.57	3651264	209816400.00
2013/08/08	13.52	14.02	13.30	13.90	1607759	92342032.00
2013/08/09	13.85	13.97	13.36	13.62	1379983	78245368.00
2013/08/12	13.58	13.77	13.42	13.73	1142017	64915192.00
2013/08/13	13.73	14.01	13.53	13.76	938041	53942808.00
2013/08/14	13.83	13.87	13.55	13.60	763062	43523076.00
2013/08/15	13.76	13.78	13.30	13.34	790759	44693136.00
2013/08/16	13.28	13.50	12.90	12.93	1230938	67430520.00
2013/08/19	12.88	13.80	12.78	13.74	1576334	89118896.00
2013/08/20	13.64	13.89	13.51	13.80	1502734	85748616.00
2013/08/21	13.68	13.73	13.12	13.13	2047627	114151536.00
2013/08/22	12.95	13.21	12.86	12.90	1927842	104712616.00
2013/08/23	13.02	13.10	12.74	12.82	2142894	115512752.00
2013/08/26	12.90	13.24	12.83	13.08	1791261	98205248.00
2013/08/27	13.03	13.15	12.90	12.94	1060549	57667744.00
2013/08/28	12.94	13.03	12.70	12.71	1643453	88500248.00
2013/08/29	12.71	12.76	12.28	12.32	1739244	91114432.00
2013/08/30	12.27	12.28	11.88	12.12	1700447	86265872.00
2013/09/02	12.03	12.73	12.03	12.72	1453325	76111768.00
2013/09/03	12.74	13.01	12.60	12.65	1363611	73144256.00
2013/09/04	12.60	12.60	12.26	12.37	1619513	84344104.00
2013/09/05	12.38	12.96	12.33	12.76	1602365	85184712.00
2013/09/06	12.70	13.29	12.68	13.22	1933295	106410384.00
2013/09/09	13.23	13.29	12.64	12.75	1318022	70998992.00
2013/09/10	12.75	12.85	12.35	12.43	1056323	55549132.00
2013/09/11	12.32	12.52	11.88	12.12	1359934	68919848.00
2013/09/12	12.15	12.53	12.09	12.19	693749	35744412.00
2013/09/13	12.19	12.37	11.95	12.35	947937	48693196.00
2013/09/16	12.35	13.05	12.30	13.01	1952169	105524696.00
2013/09/18	13.40	14.38	13.18	13.86	3601582	210067808.00
2013/09/23	13.63	14.27	13.40	14.16	2805079	163965424.00
2013/09/24	14.10	14.88	13.85	14.56	1967391	117618552.00
2013/09/25	14.57	14.90	14.16	14.85	1732187	105476608.00
2013/09/26	14.85	15.77	14.56	14.98	1928271	122362040.00
2013/09/27	14.85	15.26	14.62	14.80	1771098	110096704.00
2013/09/30	14.78	15.55	14.74	15.34	1013653	64533752.00
2013/10/08	15.15	15.32	14.66	14.75	1111474	68923608.00
2013/10/09	14.68	14.92	14.63	14.73	976918	60004056.00
2013/10/10	14.89	14.90	14.13	14.42	1387847	83496576.00
2013/10/11	14.43	14.70	14.19	14.52	790985	47769616.00
2013/10/14	14.65	15.14	14.56	15.00	853242	52987768.00
2013/10/15	15.30	16.10	15.15	15.18	1684554	108824224.00
2013/10/16	15.18	15.62	14.61	15.26	1657624	103821288.00
2013/10/17	15.20	15.50	14.88	14.91	815408	51345740.00
2013/10/18	14.85	15.09	14.65	14.65	748354	46086504.00
2013/10/21	14.70	15.31	14.53	15.17	1030202	64813872.00
2013/10/22	15.15	15.61	14.70	14.75	1110730	69966840.00
2013/10/23	14.66	14.71	14.05	14.12	1310901	78011472.00
2013/10/24	14.05	14.53	14.05	14.28	597620	35658432.00
2013/10/25	14.30	14.45	13.69	13.86	883989	51256952.00
2013/10/28	13.84	14.03	13.55	13.86	652452	37470616.00
2013/10/29	13.93	14.12	13.09	13.69	815951	46109192.00
2013/10/30	13.70	13.99	13.53	13.79	485306	27866638.00
2013/10/31	13.79	13.95	13.66	13.73	365187	21026802.00
2013/11/01	13.53	14.29	13.51	14.27	835024	49085292.00
2013/11/04	14.15	14.55	14.03	14.55	725995	43347868.00
2013/11/05	14.43	14.59	14.31	14.40	413563	24885566.00
2013/11/06	14.38	14.40	13.70	13.83	1034817	60350388.00
2013/11/07	13.78	14.05	13.71	13.83	357750	20676454.00
2013/11/08	13.78	13.97	13.65	13.83	303796	17512804.00
2013/11/11	13.80	13.95	13.55	13.83	414648	23776302.00
2013/11/12	13.88	14.17	13.81	13.99	767701	44883672.00
2013/11/13	13.99	14.05	13.65	13.72	454480	26271238.00
2013/11/14	13.68	14.26	13.68	14.05	732733	42886256.00
2013/11/15	14.06	14.53	14.06	14.39	617795	37011620.00
2013/11/18	14.43	15.37	14.43	15.15	1594834	100021344.00
2013/11/19	15.11	15.63	14.98	15.05	824730	52303696.00
2013/11/20	14.98	15.15	14.81	14.90	659435	41002796.00
2013/11/21	14.93	15.15	14.57	14.69	586884	36248788.00
2013/11/22	14.69	14.82	14.57	14.77	434825	26610650.00
2013/11/25	14.73	15.07	14.49	14.95	633126	38863860.00
2013/11/26	14.92	15.29	14.83	14.98	923723	58268144.00
2013/11/27	14.91	15.40	14.86	15.20	1164307	73809664.00
2013/11/28	15.24	15.88	15.23	15.81	1309608	85400888.00
2013/11/29	15.82	16.09	15.53	15.99	1217462	80188736.00
2013/12/02	14.90	15.43	14.33	14.33	2150759	132630264.00
2013/12/03	14.05	14.97	13.78	14.95	1474173	88717648.00
2013/12/04	14.88	15.20	14.28	14.30	1182143	72480368.00
2013/12/05	14.18	14.18	13.42	13.42	1658117	95168624.00
2013/12/06	13.40	13.40	13.03	13.15	1384620	76138336.00
2013/12/09	13.15	13.57	13.15	13.55	742669	41615648.00
2013/12/10	13.63	13.94	13.55	13.65	663105	38036952.00
2013/12/11	13.65	13.74	13.28	13.45	468410	26342686.00
2013/12/12	13.43	13.83	13.17	13.68	521766	29760970.00
2013/12/13	13.59	13.77	13.56	13.72	336232	19232324.00
2013/12/16	13.72	13.93	13.63	13.73	365544	21012884.00
2013/12/17	13.68	14.53	13.68	14.40	1003130	59063440.00
2013/12/18	14.35	14.50	14.05	14.17	366952	21714034.00
2013/12/19	14.28	14.60	14.11	14.40	645513	38917156.00
2013/12/20	14.40	14.76	14.21	14.30	641672	38968064.00
2013/12/23	14.27	14.70	14.27	14.58	783740	47629464.00
2013/12/24	14.55	15.15	14.55	14.70	869166	53846124.00
2013/12/25	14.95	15.09	14.78	15.03	704099	43807132.00
2013/12/26	15.02	15.13	14.60	14.75	642815	39785660.00
2013/12/27	14.68	15.23	14.57	15.14	613138	38126472.00
2013/12/30	15.08	15.48	15.08	15.15	658196	41755356.00
2013/12/31	15.10	15.45	14.68	15.30	763620	47983892.00
2014/01/02	15.30	15.45	15.21	15.33	470391	30022550.00
2014/01/03	15.30	15.32	14.94	15.00	441013	27663952.00
2014/01/06	14.97	15.39	14.81	15.15	701032	44198016.00
2014/01/07	15.11	15.90	14.85	15.80	1445457	93231024.00
2014/01/08	15.88	16.73	15.88	16.46	1972760	133729664.00
2014/01/09	16.50	16.69	16.28	16.42	1065672	72901696.00
2014/01/10	16.25	16.95	15.83	15.90	1212958	82182640.00
2014/05/07	16.55	17.54	15.50	16.00	7467063	255449168.00
2014/05/08	16.05	16.65	15.03	16.18	3913945	127796928.00
2014/05/09	16.01	16.08	14.51	14.51	4513520	139392256.00
2014/05/12	14.13	14.47	13.50	14.00	4994012	144108496.00
2014/05/13	13.88	14.18	13.78	13.83	2079552	60063648.00
2014/05/14	13.84	14.43	13.71	14.27	2160853	63454068.00
2014/05/15	14.27	14.83	14.07	14.44	2399559	71886856.00
2014/05/16	14.43	14.48	13.02	13.41	3202900	90154008.00
2014/05/19	13.30	13.74	12.78	13.65	1304181	36207924.00
2014/05/20	13.84	14.20	13.68	13.78	1177384	34002644.00
2014/05/21	13.70	14.03	13.54	13.77	1189348	33912532.00
2014/05/22	13.78	14.67	13.78	14.21	2840126	84142456.00
2014/05/23	14.08	14.59	13.94	14.55	2467217	72999456.00
2014/05/26	14.43	15.75	14.43	15.52	2558235	80714672.00
2014/05/27	15.70	15.70	15.00	15.38	2537515	79782488.00
2014/05/28	15.33	15.90	15.11	15.90	2574966	82353192.00
2014/05/29	15.80	16.49	15.59	15.89	2867829	95006984.00
2014/05/30	15.97	16.13	15.34	15.44	1807933	57990360.00
2014/06/03	15.52	15.63	15.07	15.15	1237004	39152176.00
2014/06/04	15.16	15.29	14.85	15.00	1118558	34716124.00
2014/06/05	15.06	15.18	14.67	15.03	1476734	45717812.00
2014/06/06	15.10	15.25	14.91	15.20	1226391	38208900.00
2014/06/09	15.11	15.11	14.43	14.49	2772725	83798568.00
2014/06/10	14.56	14.84	14.34	14.79	1257515	38082104.00
2014/06/11	14.80	15.19	14.63	14.92	1256545	38818184.00
2014/06/12	15.14	15.64	15.03	15.44	2548937	81341272.00
2014/06/13	15.33	15.80	15.33	15.69	1864648	60104048.00
2014/06/16	15.68	16.05	15.54	15.67	1012952	33005176.00
2014/06/17	15.68	15.78	15.38	15.40	889339	28479146.00
2014/06/18	15.40	15.68	15.21	15.23	785428	24966124.00
2014/06/19	15.15	15.55	14.80	14.85	994868	31216436.00
2014/06/20	14.84	15.19	14.60	15.11	853792	26492410.00
2014/06/23	15.14	15.89	15.14	15.70	1511303	48724212.00
2014/06/24	15.65	16.40	15.65	16.28	2097349	69643432.00
2014/06/25	16.00	16.33	15.86	16.21	1427344	47358232.00
2014/06/26	16.25	16.84	16.25	16.50	1967780	67228568.00
2014/06/27	16.47	16.64	16.15	16.16	1678515	56367092.00
2014/06/30	16.07	16.58	16.07	16.25	1659867	55896764.00
2014/07/01	16.18	16.98	15.95	16.98	1970985	67042848.00
2014/07/02	17.00	17.25	16.53	16.88	1782650	61723676.00
2014/07/03	16.83	18.11	16.60	17.91	3050060	109825456.00
2014/07/04	17.83	18.09	17.40	17.75	2539745	92541152.00
2014/07/07	17.91	17.91	16.95	17.01	2120026	75264616.00
2014/07/08	16.99	17.19	16.52	17.10	2057268	71274128.00
2014/07/09	17.05	17.24	16.60	16.60	1254357	43507588.00
2014/07/10	16.63	16.87	16.18	16.20	2008892	68569680.00
2014/07/11	16.31	16.82	16.11	16.39	1671623	56875092.00
2014/07/14	15.76	15.98	14.78	15.35	5538713	174416352.00
2014/07/15	15.08	15.58	15.05	15.11	1847868	58261288.00
2014/07/16	15.00	15.33	14.40	14.48	2636583	80545536.00
2014/07/17	14.59	14.80	14.45	14.74	1361156	41202204.00
2014/07/18	14.61	15.15	14.52	15.03	1547249	47871216.00
2014/07/21	14.99	15.19	14.85	15.14	823001	25560180.00
2014/07/22	15.14	15.23	14.90	15.00	1183360	36775324.00
2014/07/23	15.00	15.11	13.84	13.94	3806721	112001616.00
2014/07/24	13.85	14.25	13.71	14.10	1625432	46976124.00
2014/07/25	14.00	14.50	14.00	14.45	1065173	31486400.00
2014/07/28	14.55	15.24	14.38	15.10	1729399	52564032.00
2014/07/29	15.10	15.25	14.92	15.02	1124079	34984416.00
2014/07/30	15.02	15.08	14.77	14.85	1572998	48390108.00
2014/07/31	14.98	15.02	14.58	15.01	946104	29148284.00
2014/08/01	15.03	15.24	14.85	14.89	1527422	47484180.00
2014/08/04	14.89	14.96	14.65	14.75	1298239	39663612.00
2014/08/05	14.75	14.75	14.14	14.60	2045454	61236516.00
2014/08/06	14.56	14.67	14.42	14.66	1593522	47879740.00
2014/08/07	14.64	14.72	14.40	14.42	1216120	36679620.00
2014/08/08	14.45	14.62	14.30	14.50	1571130	46970576.00
2014/08/11	14.57	14.98	14.52	14.98	2592084	79321104.00
2014/08/12	15.05	15.19	14.85	14.91	1791181	55392312.00
2014/08/13	14.90	15.00	14.31	14.52	2625178	79071448.00
2014/08/14	14.54	14.80	14.40	14.52	3711487	111653416.00
2014/08/15	14.42	14.62	14.40	14.50	2447521	73433808.00
2014/08/18	14.51	14.95	14.43	14.86	4062387	124066528.00
2014/08/19	15.00	15.31	14.87	15.14	4387425	136900608.00
2014/08/20	15.28	15.28	15.00	15.21	2735718	85448448.00
2014/08/21	15.24	15.31	15.06	15.28	2462393	77109088.00
2014/08/22	15.35	15.68	15.35	15.68	3207143	102753208.00
2014/08/25	15.68	16.18	15.54	15.82	4551979	149999952.00
2014/08/26	15.79	15.80	15.14	15.31	2472443	78684752.00
2014/08/27	15.20	15.43	15.13	15.23	1275821	40283132.00
2014/08/28	15.23	15.29	14.56	14.73	1775038	54615700.00
2014/08/29	14.74	15.73	14.73	15.53	2005206	62588276.00
2014/09/01	15.53	15.78	15.41	15.68	2096981	67552344.00
2014/09/02	15.77	15.83	15.56	15.67	1934416	62628120.00
2014/09/03	15.74	15.98	15.56	15.95	2379683	77424192.00
2014/09/04	15.96	15.96	15.70	15.90	1758761	57490884.00
2014/09/05	15.92	15.92	15.51	15.65	2462991	79462456.00
2014/09/09	15.60	15.97	15.55	15.75	2802894	91581184.00
2014/09/10	15.70	16.19	15.70	16.10	2936972	97058656.00
2014/09/11	16.11	16.17	15.75	15.84	3112126	102435984.00
2014/09/12	15.84	16.22	15.71	16.20	2728489	90375816.00
2014/09/15	16.25	17.07	16.23	16.89	4849179	166528288.00
2014/09/16	16.85	16.85	15.89	15.92	3817823	128764000.00
2014/09/17	15.91	16.43	15.66	16.38	3209152	106301536.00
2014/09/18	16.38	16.80	16.07	16.55	2695799	91965152.00
2014/09/19	16.58	16.83	16.50	16.61	1845942	63456964.00
2014/09/22	16.59	16.59	15.96	16.01	2599097	86397424.00
2014/09/23	16.00	16.24	15.83	16.09	2020149	66952756.00
2014/09/24	16.05	16.26	15.80	16.24	2691433	89055928.00
2014/09/25	16.15	16.55	16.13	16.17	2176975	73287560.00
2014/09/26	16.10	16.15	15.84	15.94	1632617	53686036.00
2014/09/29	16.01	16.16	15.95	16.09	1281275	42359904.00
2014/09/30	16.09	16.55	16.03	16.55	2325620	78389176.00
2014/10/08	16.51	16.95	16.51	16.83	2477804	85496536.00
2014/10/09	16.85	17.22	16.52	17.01	3656273	128084184.00
2014/10/10	17.01	17.01	16.70	16.83	2078082	72018896.00
2014/10/13	16.83	17.47	16.56	17.37	2778098	97798784.00
2014/10/14	17.35	17.74	17.18	17.21	2743767	98709592.00
2014/10/15	17.18	17.82	16.80	17.77	3206145	115789656.00
2014/10/16	17.70	18.43	17.40	17.88	4990595	185369568.00
2014/10/17	17.84	17.99	17.09	17.25	2961867	106156072.00
2014/10/20	17.21	18.53	17.20	18.50	3879944	143142960.00
2014/10/21	18.38	19.12	18.09	18.90	4606729	176047696.00
2014/10/22	18.64	19.25	18.51	18.81	2901449	112426264.00
2014/10/23	18.56	18.78	17.95	18.27	2872506	108099504.00
2014/10/24	18.33	18.50	17.51	17.80	1988117	74060624.00
2014/10/27	17.70	18.97	17.62	18.97	2782443	105467112.00
2014/10/28	18.96	19.14	18.80	19.06	2699167	105335992.00
2014/10/29	19.07	19.29	18.84	19.02	2424296	94583928.00
2014/10/30	19.18	19.20	17.98	18.24	3429809	130406512.00
2014/10/31	18.16	18.49	18.15	18.49	1545201	58085072.00
2014/11/03	18.49	18.68	17.58	17.74	3801586	139450016.00
2014/11/04	17.74	17.85	17.19	17.33	2679424	96344928.00
2014/11/05	17.32	17.65	17.28	17.50	2519298	90775736.00
2014/11/06	17.53	17.61	16.82	17.18	3040746	107405808.00
2014/11/07	17.24	17.48	16.98	17.23	2385168	84536472.00
2014/11/10	17.19	17.19	16.56	16.84	2234087	77413448.00
2014/11/11	16.94	16.99	15.89	16.02	2974695	99820264.00
2014/11/12	16.01	16.32	15.85	16.32	2207499	73138120.00
2014/11/13	16.35	16.40	15.87	16.40	1779371	59051564.00
2014/11/14	16.23	16.59	16.15	16.33	1348551	45471636.00
2014/11/17	16.33	16.85	16.05	16.77	1705602	58444512.00
2014/11/18	16.76	16.94	16.57	16.65	1228903	42360432.00
2014/11/19	16.65	16.72	16.25	16.48	1719607	58356856.00
2014/11/20	16.49	16.53	16.17	16.39	1081539	36410196.00
2014/11/21	16.48	16.95	16.39	16.72	1812759	62689820.00
2014/11/24	16.80	16.90	16.17	16.30	2162195	73535424.00
2014/11/25	16.27	16.74	15.96	16.59	2570860	86275000.00
2014/11/26	16.58	17.25	16.55	16.90	2609069	91148440.00
2014/11/27	17.17	17.83	16.80	17.08	3279949	116447016.00
2014/11/28	16.85	17.17	16.80	16.85	2539088	88758336.00
2014/12/01	16.85	16.88	15.84	16.08	4932313	163526304.00
2014/12/02	16.08	16.41	15.96	16.27	2341601	78165432.00
2014/12/03	16.19	16.19	15.00	16.06	3571598	115992896.00
2014/12/04	16.01	16.53	15.81	16.30	3231345	108519880.00
2014/12/05	16.20	16.23	15.29	15.43	4522417	145504432.00
2014/12/08	15.55	15.65	15.30	15.32	2213206	70567552.00
2014/12/09	15.34	15.50	14.03	14.05	5428439	163391584.00
2014/12/10	14.25	14.65	14.10	14.61	1984070	59340760.00
2015/01/22	16.12	16.12	16.12	16.12	126584	4207652.00
2015/01/23	17.78	17.78	17.78	17.78	1060630	38776632.00
2015/01/26	17.79	18.80	17.09	18.69	14614754	553481728.00
2015/01/27	18.75	18.75	18.01	18.51	5411912	204005776.00
2015/01/28	18.44	19.50	18.32	18.58	6296455	244732912.00
2015/01/29	18.51	19.46	18.42	18.69	3756758	146172816.00
2015/01/30	18.65	19.25	18.57	18.77	3121054	121223216.00
2015/02/02	18.70	20.00	18.50	19.49	5376287	213627184.00
2015/02/03	19.60	19.75	19.28	19.46	3796310	151988320.00
2015/02/04	19.36	19.49	18.74	18.93	3371500	131247216.00
2015/02/05	18.93	19.50	18.30	19.39	4253880	167984016.00
2015/02/06	19.29	19.48	18.30	18.99	2788332	108162832.00
2015/02/09	18.77	19.63	18.61	19.10	2544914	100597536.00
2015/02/10	19.22	20.05	18.61	20.01	3915955	159186608.00
2015/02/11	20.01	20.10	19.62	19.66	2388105	97317472.00
2015/02/12	19.53	20.00	19.51	19.74	1064459	43222432.00
2015/02/13	19.74	21.00	19.64	20.90	3601918	150366144.00
2015/02/16	21.00	22.99	20.75	22.29	3929706	176488736.00
2015/02/17	22.30	22.40	21.69	21.99	2903629	130619232.00
2015/02/25	21.85	22.93	21.68	22.07	1810022	82455232.00
2015/02/26	22.03	22.19	20.75	21.02	3500883	151527424.00
2015/02/27	21.15	21.36	20.77	21.36	1978825	85412184.00
2015/03/02	21.36	21.40	20.58	21.36	3193281	137622112.00
2015/03/03	21.19	22.02	21.10	21.37	3062977	135289168.00
2015/03/04	21.78	23.56	21.38	23.56	5748642	269096896.00
2015/03/05	23.97	24.90	23.00	24.11	5803754	285050688.00
2015/03/06	24.15	24.15	22.52	22.63	3330689	157910144.00
2015/03/09	22.50	24.64	22.06	24.09	3917538	190335696.00
2015/03/10	24.09	24.50	23.54	24.27	3101269	152032976.00
2015/03/11	24.27	25.99	23.95	25.03	3699142	188766944.00
2015/03/12	25.06	25.19	22.76	24.63	3293434	162767072.00
2015/03/13	24.54	25.23	23.54	24.43	2342165	115967096.00
2015/03/16	24.50	26.93	24.50	26.47	5279597	278959744.00
2015/03/17	26.74	28.76	25.84	27.46	4131375	229612976.00
2015/03/18	27.45	27.45	26.51	27.20	2640869	144748560.00
2015/03/19	27.09	27.46	26.00	26.50	2803257	150763248.00
2015/03/20	26.51	27.00	25.95	26.89	2378665	128424448.00
2015/03/23	26.75	28.50	26.18	28.07	3504662	192822544.00
2015/03/24	27.84	28.07	25.51	27.25	5019333	274240544.00
2015/03/25	26.95	26.95	25.67	26.56	4761322	254934640.00
2015/03/26	25.93	26.10	24.84	24.89	3537828	183257408.00
2015/03/27	24.68	25.65	24.68	25.07	2470103	127236600.00
2015/03/30	25.14	25.50	23.85	24.27	3234191	161439888.00
2015/03/31	24.49	26.74	24.30	26.74	5539015	293245088.00
2015/04/01	26.69	27.98	26.34	27.35	3471278	193657472.00
2015/04/02	27.34	28.25	26.38	28.05	3560714	199176464.00
2015/04/03	27.70	28.92	27.00	27.80	2928137	166768352.00
2015/04/07	27.78	30.63	27.78	30.63	3394377	206939440.00
2015/04/08	30.65	32.00	29.50	31.19	4395258	278330240.00
2015/04/09	31.19	34.36	28.50	33.41	4952038	315643904.00
2015/04/10	33.05	36.80	32.50	36.80	2274957	165835376.00
2015/04/13	40.52	40.53	39.50	40.53	764472	62671776.00
2015/04/14	43.43	44.63	42.00	43.81	8459397	750034880.00
2015/04/15	42.19	45.15	40.01	42.78	7451551	630980160.00
2015/04/16	41.50	47.11	41.01	44.43	5630962	514875264.00
2015/04/17	42.81	44.00	40.09	40.42	6071125	510100960.00
2015/04/20	40.00	41.00	36.33	36.33	4413773	347437504.00
2015/04/21	36.36	40.01	36.25	40.01	3071319	237588064.00
2015/04/22	40.50	44.05	40.50	43.53	3481719	302045536.00
2015/04/23	43.55	47.25	42.50	46.25	3842446	353304576.00
2015/04/24	45.00	46.19	41.91	43.00	3070626	270760320.00
2015/04/27	43.02	43.40	40.00	40.60	3791346	316954464.00
2015/04/28	40.87	40.98	37.19	38.60	5174190	403020160.00
2015/04/29	38.16	40.94	38.07	39.83	5616583	455205280.00
2015/04/30	39.50	42.93	38.90	41.63	4651522	387310016.00
2015/05/04	41.02	41.35	38.51	40.42	3030976	247786672.00
2015/05/05	39.59	40.75	37.31	38.41	4009026	312854880.00
2015/05/06	38.60	42.30	38.44	40.48	3796526	314384544.00
2015/05/07	40.75	42.28	40.00	41.07	2470572	207084720.00
2015/05/08	41.24	45.03	41.24	44.96	5445005	481431616.00
2015/05/11	44.80	49.50	44.01	49.50	4455112	432191552.00
2015/05/12	49.51	54.44	47.49	53.05	5924414	610162304.00
2015/05/13	49.50	52.50	48.44	50.00	4578995	462100736.00
2015/05/14	49.34	49.50	45.83	47.25	4252197	405667616.00
2015/05/15	46.83	46.90	44.00	45.75	2480038	228954928.00
2015/05/18	45.93	49.50	45.93	47.16	3321608	319784320.00
2015/05/19	47.01	49.50	44.00	48.15	4327192	401662176.00
2015/05/20	46.90	53.01	46.48	52.20	16388231	812727744.00
2015/05/21	52.32	54.60	49.11	51.88	15064261	792702848.00
2015/05/22	51.60	52.86	48.10	49.27	13059972	657346112.00
2015/05/25	49.28	49.48	46.61	48.47	8166122	397154176.00
2015/05/26	48.46	51.75	48.46	51.75	12804871	646009408.00
2015/05/27	52.05	53.38	49.60	50.60	10457616	538043200.00
2015/05/28	49.56	51.60	47.11	47.11	10807720	537161216.00
2015/05/29	46.99	49.28	45.40	47.98	9403277	452946208.00
2015/06/01	48.83	51.80	48.01	51.00	9122602	463973024.00
2015/06/02	51.59	54.16	50.61	53.28	14816569	785682368.00
2015/06/03	53.20	58.28	51.72	57.39	15201188	851056192.00
2015/06/04	55.50	59.20	52.00	57.10	10475302	592837952.00
2015/06/05	58.75	61.60	55.60	55.90	9220670	541026816.00
2015/06/08	54.90	54.90	50.40	51.30	10305209	538749760.00
2015/06/09	51.30	53.60	49.61	51.59	7114572	369520192.00
2015/06/10	50.80	53.66	49.62	51.99	9611224	504607232.00
2015/06/11	51.80	52.93	51.00	51.45	9765169	509395680.00
2015/06/12	51.45	51.90	48.41	49.97	12907537	647766144.00
2015/06/15	50.00	50.10	45.40	45.91	13824811	652366464.00
2015/06/16	45.90	45.90	42.16	42.73	12696621	559329920.00
2015/06/17	43.59	46.75	43.10	46.60	9787793	441349184.00
2015/06/18	46.60	46.75	42.61	42.70	8364859	374322720.00
2015/06/19	42.09	44.34	39.68	40.30	6714139	287186624.00
2015/06/23	40.31	42.08	37.11	41.66	5565467	224654544.00
2015/06/24	41.66	42.60	39.65	41.54	6533516	272052896.00
2015/06/25	40.71	41.61	37.35	37.90	6706008	267244160.00
2015/06/26	37.30	37.30	34.07	34.07	10177734	358870816.00
2015/06/29	34.59	34.59	30.62	30.62	6677064	214256064.00
2015/06/30	30.28	33.72	27.52	33.72	14000133	437395008.00
2015/07/01	34.65	37.13	33.80	35.50	20359732	752503424.00
2015/07/02	34.30	38.48	32.26	34.92	15505214	555003200.00
2015/07/03	33.60	38.45	32.93	37.70	19432399	722755264.00
2015/07/06	41.51	41.51	33.89	36.80	20387224	785456640.00
2015/07/07	34.40	34.40	33.08	33.08	3269501	109976688.00
2015/07/08	29.73	35.80	29.73	35.60	47992532	1523728256.00
2015/07/09	35.60	39.20	32.61	39.20	16942932	636798336.00
2015/07/10	40.57	43.16	39.61	43.16	10349722	446184832.00
2015/07/13	43.71	47.52	40.96	47.52	26877669	1228484352.00
2015/07/14	45.85	51.55	44.68	46.28	19234617	920890816.00
2015/07/15	44.59	46.40	41.61	41.61	11558227	500745600.00
2015/07/16	39.09	43.60	37.41	40.75	10148090	418884064.00
2015/07/17	41.18	44.87	40.78	44.10	11205850	484013824.00
2015/07/20	44.12	45.78	42.10	43.49	12470939	553489152.00
2015/07/21	42.10	44.60	41.52	43.60	9544641	419026880.00
2015/07/22	43.68	44.50	41.61	42.65	7721824	332974496.00
2015/07/23	42.66	43.60	41.82	43.59	9294078	401103904.00
2015/07/24	43.50	47.99	43.20	45.85	19786555	923113536.00
2015/07/27	44.60	48.08	41.23	41.23	18170968	844294848.00
2015/07/28	37.18	41.85	37.07	37.60	12848232	497966016.00
2015/07/29	38.60	39.49	33.80	38.60	16225593	590750080.00
2015/07/30	38.20	38.47	35.11	35.26	11096946	416372832.00
2015/07/31	33.50	35.20	33.10	33.62	8821402	304944928.00
2015/08/03	32.68	33.28	30.22	30.23	9394029	296762944.00
2015/08/04	30.31	33.29	30.04	33.29	12118893	389908576.00
2015/08/05	33.80	34.79	32.14	33.26	11100412	379148928.00
2015/08/06	32.20	33.30	31.61	32.21	5005056	164740864.00
2015/08/07	32.61	35.47	32.60	35.47	11316389	396027200.00
2015/08/10	36.21	38.98	35.45	37.90	8735207	328711680.00
2015/08/11	37.48	38.75	36.88	37.40	8001741	306493312.00
2015/08/12	36.16	37.73	35.96	36.60	5885413	219337152.00
2015/08/13	36.05	36.85	34.16	36.65	7940136	286907552.00
2015/08/14	36.80	38.53	36.29	37.48	9643071	360546464.00
2015/08/17	36.94	41.27	36.08	41.27	12244523	479365568.00
2015/08/18	39.75	40.58	37.10	37.10	11291354	440925440.00
2015/08/19	35.61	37.78	33.35	36.99	11263493	400385568.00
2015/08/20	39.10	40.09	37.10	37.54	18353569	719162432.00
2015/08/21	35.90	36.60	33.75	33.75	10952679	383710784.00
2015/08/24	31.40	31.45	30.34	30.34	8641200	266272208.00
2015/08/25	27.40	29.09	27.27	27.27	9936206	278401760.00
2015/08/26	27.59	29.30	24.90	25.90	12843391	355049600.00
2015/08/27	26.91	27.75	25.70	27.73	8643322	236558272.00
2015/08/28	28.43	30.18	28.11	29.88	10041818	293538208.00
2015/08/31	29.20	29.55	27.76	27.81	6217156	180531312.00
2015/09/01	27.61	27.87	24.99	24.99	8392652	218371168.00
2015/09/02	22.63	25.93	22.50	22.50	10104868	241278128.00
2015/09/07	23.13	24.20	22.98	23.53	7182035	172227536.00
2015/09/08	23.14	25.78	23.00	25.68	8034778	198851184.00
2015/09/09	26.01	27.53	25.85	27.50	9056333	247939376.00
2015/09/10	26.80	28.15	26.50	26.71	7722872	214391936.00
2015/09/11	26.60	27.19	26.43	27.00	5653881	154311472.00
2015/09/14	27.22	27.62	24.26	24.26	6635714	174889488.00
2015/09/15	23.60	24.78	22.80	23.70	6302821	153710768.00
2015/09/16	23.80	26.11	23.70	26.11	6040739	152333232.00
2015/09/17	26.11	27.86	25.60	26.01	7651190	209224560.00
2015/09/18	26.07	28.20	26.00	27.80	6992247	193279520.00
2015/09/21	27.49	30.62	27.10	30.62	8864157	267333408.00
2015/09/22	30.70	32.18	29.93	30.37	8078320	254511152.00
2015/09/23	30.33	31.56	29.68	31.15	5705064	178671648.00
2015/09/24	31.20	32.35	31.20	32.09	5057598	163207264.00
2015/09/25	31.60	32.10	29.60	29.76	5192223	160249936.00
2015/09/28	29.33	32.78	29.33	32.78	6684939	214530928.00
2015/09/29	31.95	33.60	31.78	32.25	7074076	234151968.00
2015/09/30	32.23	33.10	31.22	31.95	3632794	117909912.00
2015/10/08	33.40	35.06	32.55	32.82	5374441	183944528.00
2015/10/09	33.05	33.39	31.80	32.81	5438369	178963200.00
2015/10/12	33.01	34.56	32.98	33.60	7841188	268601376.00
2015/10/13	33.60	34.51	33.13	34.44	6048219	207539168.00
2015/10/14	34.30	34.38	33.00	33.10	3952772	134544816.00
2015/10/15	32.80	35.08	32.50	34.60	5443249	186763856.00
2015/10/16	34.83	35.45	34.01	34.37	4459933	156063680.00
2015/10/19	34.39	35.26	33.60	34.11	4395807	151672592.00
2015/10/20	33.62	35.84	33.62	35.43	5875380	206554128.00
2015/10/21	35.30	38.35	33.38	33.44	10437314	380460416.00
2015/10/22	33.90	36.82	33.86	36.82	12516457	458022912.00
2015/10/23	38.41	38.60	36.49	37.10	15556275	590047168.00
2015/10/26	37.80	37.80	34.70	36.35	13466633	484856160.00
2015/10/27	35.30	36.57	33.80	36.12	7158019	257208400.00
2015/10/28	35.60	36.51	34.45	34.78	5911738	211939536.00
2015/10/29	35.10	35.20	34.10	34.68	4257247	149193296.00
2015/10/30	34.60	34.60	33.60	33.77	4321137	148966608.00
2015/11/02	33.23	34.45	32.37	32.91	3899996	131758472.00
2015/11/03	32.93	33.48	32.75	33.29	2805081	93869688.00
2015/11/04	33.64	35.58	33.41	35.38	6899611	242890976.00
2015/11/05	35.39	36.08	34.40	34.65	5163625	183186704.00
2015/11/06	34.60	36.00	34.60	35.57	5893297	211927792.00
2015/11/09	34.86	36.49	34.86	36.27	8059736	293200096.00
2015/11/10	35.93	36.88	35.58	35.77	8041367	293679904.00
2015/11/11	35.58	36.78	34.77	36.66	9179512	332011936.00
2015/11/12	37.53	40.37	37.53	39.38	17976262	716022016.00
2015/11/13	38.60	39.30	36.40	37.10	8690075	329380288.00
2015/11/16	36.10	37.30	35.71	37.26	5208355	192154464.00
2015/11/17	37.40	38.10	34.60	35.00	10582159	387487584.00
2015/11/18	35.15	35.39	34.11	34.19	5321755	187574032.00
2015/11/19	34.29	35.65	34.10	35.59	5625632	197847936.00
2015/11/20	35.48	35.48	34.36	34.82	6563744	231405200.00
2015/11/23	34.60	35.90	34.30	34.89	5637896	201063808.00
2015/11/24	34.42	34.99	34.20	34.90	4686253	163709072.00
2015/11/25	34.90	36.22	34.70	36.19	8305713	299670688.00
2015/11/26	36.39	36.40	35.00	35.10	6268468	225005648.00
2015/11/27	35.05	35.05	32.11	32.55	6251089	213066912.00
2015/11/30	32.66	33.40	30.90	32.60	5448699	177973504.00
2015/12/01	32.55	33.68	31.60	33.20	3815291	127749320.00
2015/12/02	33.35	33.49	31.10	32.37	3218580	104907952.00
2015/12/03	32.37	33.24	31.90	32.87	4996057	164256064.00
2015/12/04	32.85	32.85	31.22	31.67	6691269	217639840.00
2015/12/07	31.12	32.30	30.57	31.69	9346241	296006624.00
2015/12/08	31.09	31.79	30.85	31.20	5262463	166551632.00
2015/12/09	30.90	31.19	28.48	29.20	12866067	383794880.00
2015/12/10	29.00	29.19	28.10	28.25	11763915	339175392.00
2015/12/11	28.10	29.28	27.73	28.84	9170772	268215840.00
2015/12/14	28.79	29.57	28.40	29.44	6619331	193663936.00
2015/12/15	29.82	31.74	29.82	30.78	12147936	382424672.00
2015/12/16	30.55	31.05	30.50	30.67	4743551	147645440.00
2015/12/17	30.73	31.59	30.70	31.50	6815080	215703664.00
2015/12/18	31.60	31.80	31.10	31.47	5403056	172277088.00
2015/12/21	31.47	32.47	31.17	31.77	5607901	180283024.00
2015/12/22	31.75	32.45	31.69	32.09	5891526	190996432.00
2015/12/23	32.20	32.24	30.88	31.06	6032400	191528320.00
2015/12/24	30.90	31.39	29.71	30.91	4858578	149828608.00
2015/12/25	30.80	31.28	30.60	30.89	3161387	99270496.00
2015/12/28	31.00	31.35	29.98	30.00	6003106	186738496.00
2015/12/29	30.00	30.99	29.78	30.80	5679914	173992608.00
2015/12/30	30.90	31.35	30.82	31.29	4402200	138882816.00
2015/12/31	31.30	31.50	30.20	30.34	3881429	121027856.00
2016/01/04	30.34	30.41	27.32	27.40	3671530	107440072.00
2016/01/05	25.90	28.15	25.66	27.72	6779067	188692032.00
2016/01/06	27.80	28.55	27.40	28.21	6374111	180972448.00
2016/01/07	27.63	27.65	25.60	25.81	1301500	35018188.00
2016/01/08	26.94	27.15	23.61	25.82	10257307	263599376.00
2016/01/11	25.20	25.50	23.20	23.23	7060308	174033088.00
2016/01/12	23.50	24.15	23.15	23.91	5745002	138040080.00
2016/01/13	24.13	24.46	23.20	23.39	3943980	96654096.00
2016/01/14	22.88	25.70	22.37	25.38	6555562	158903760.00
2016/01/15	25.16	25.59	24.46	24.66	5606791	142195536.00
2016/01/18	24.66	25.84	24.10	25.33	5779576	147452992.00
2016/01/19	25.08	26.36	24.99	26.26	5175248	134901376.00
2016/01/20	26.10	26.60	25.90	25.95	4160351	110839848.00
2016/01/21	25.70	26.38	24.62	24.62	3841890	99974832.00
2016/01/22	24.77	25.22	24.05	24.59	3000732	75151992.00
2016/01/25	24.80	25.78	24.80	25.58	4024615	104004264.00
2016/01/26	25.10	25.68	23.08	23.19	4741523	119176112.00
2016/01/27	23.30	23.90	21.50	23.85	6469797	149916320.00
2016/01/28	23.23	25.62	23.23	23.99	6021316	150877872.00
2016/01/29	24.11	25.60	23.66	24.98	4485401	112924112.00
2016/02/01	25.03	25.60	24.62	25.18	3652736	93454920.00
2016/02/02	25.10	26.56	25.08	26.45	4547702	121262472.00
2016/02/03	26.21	26.58	25.55	26.20	2984939	78872176.00
2016/02/04	26.40	27.46	26.40	27.22	4172857	115136024.00
2016/02/05	26.96	27.60	26.96	27.52	4092362	113790744.00
2016/02/15	26.50	28.35	26.33	28.20	3516294	98673320.00
2016/03/25	29.60	29.70	27.28	27.90	14041740	401216384.00
2016/03/28	27.30	28.05	26.40	26.56	8267351	227911680.00
2016/03/29	26.10	26.57	25.10	25.33	6452000	169119280.00
2016/03/30	25.59	27.50	25.59	27.40	5363793	143898720.00
2016/03/31	27.56	27.60	26.89	27.04	4233642	117163768.00
2016/04/01	27.09	27.09	25.65	26.03	5174627	136996320.00
2016/04/05	26.10	27.10	26.10	27.05	4970841	134826816.00
2016/04/06	27.00	27.88	26.63	27.35	5125437	141750480.00
2016/04/07	27.62	28.25	27.36	27.57	5899284	166097072.00
2016/04/08	27.14	27.40	26.35	26.76	3251421	88365432.00
2016/04/11	27.00	28.55	27.00	28.35	6000612	171090304.00
2016/04/12	28.78	28.88	27.94	28.05	5062957	145748480.00
2016/04/13	28.12	29.16	28.12	28.66	6474907	189096144.00
2016/04/14	29.01	29.21	28.27	28.75	3013995	87545048.00
2016/04/15	28.89	28.98	28.41	28.90	4888260	142291856.00
2016/04/18	28.95	29.37	28.40	28.66	5725717	167211568.00
2016/04/19	28.81	29.05	28.15	28.31	2549990	73463112.00
2016/04/20	28.59	28.98	26.80	27.41	6190602	175534496.00
2016/04/21	27.45	29.00	27.30	28.58	6112347	175844352.00
2016/04/22	28.02	28.80	28.02	28.70	2977456	85747264.00
2016/04/25	28.60	29.70	27.90	29.59	5081802	150232912.00
2016/04/26	29.50	30.48	29.15	30.21	4531743	138056896.00
2016/04/27	30.05	30.56	29.60	29.60	3383629	103574304.00
2016/04/28	29.06	29.90	28.99	29.81	2916437	86851712.00
2016/04/29	29.52	30.19	29.11	29.25	2157741	64697096.00
2016/05/03	29.32	30.00	29.11	29.90	2976214	89694128.00
2016/05/04	30.14	31.40	29.90	31.05	5237549	164000352.00
2016/05/05	31.05	31.95	30.71	31.00	5525418	176541824.00
2016/05/06	30.91	31.26	29.68	30.00	4087716	126010096.00
2016/05/09	29.55	29.95	28.34	28.56	4491183	131858808.00
2016/05/10	28.45	29.43	28.45	28.73	3101680	91171376.00
2016/05/11	29.09	29.75	28.56	28.61	4326221	128202720.00
2016/05/12	28.62	29.61	27.60	29.59	3678404	107794792.00
2016/05/13	29.32	30.35	29.28	29.30	3233052	97769232.00
2016/05/16	30.15	30.40	29.40	30.09	2885740	87387784.00
2016/05/17	29.97	32.08	29.85	31.60	8400308	265624432.00
2016/05/18	31.39	31.52	29.93	30.60	4766382	148823072.00
2016/05/19	30.40	31.40	29.81	29.90	3505822	108772296.00
2016/05/20	29.90	30.70	29.73	30.35	3104679	94631320.00
2016/05/23	30.31	31.06	29.90	30.65	4551606	139906944.00
2016/05/24	30.58	30.72	29.55	29.68	3477500	105127984.00
2016/05/25	29.87	30.18	28.70	28.86	4300264	127058544.00
2016/05/26	28.69	28.98	28.01	28.85	3440178	98551048.00
2016/05/27	28.85	29.05	28.08	28.22	3516236	100582360.00
2016/05/30	28.25	28.65	28.03	28.28	2456819	70527504.00
2016/05/31	28.30	29.70	28.30	29.63	4266519	125732408.00
2016/06/01	29.63	29.95	29.32	29.50	2353355	70512640.00
2016/06/02	29.40	29.60	28.30	29.00	5480686	159601280.00
2016/06/03	28.85	30.70	28.72	30.32	9364892	282469344.00
2016/06/06	30.32	30.70	29.72	30.07	4692890	142650416.00
2016/06/07	30.08	30.10	29.05	29.45	4131030	122670512.00
2016/06/08	29.40	29.43	28.90	29.15	2338535	68895408.00
2016/06/13	28.71	29.00	27.21	27.39	4693561	133604160.00
2016/06/14	27.50	28.25	27.30	27.61	4478940	125601528.00
2016/06/15	27.32	28.56	27.21	28.40	4976510	141052336.00
2016/06/16	28.40	28.70	27.71	27.90	3566501	102277104.00
2016/06/17	28.00	29.00	28.00	28.31	3458005	99706032.00
2016/06/20	27.90	28.44	27.90	28.32	1934564	55058440.00
2016/06/21	28.31	28.70	27.40	27.49	4165307	117347568.00
2016/06/22	27.54	27.94	27.21	27.85	2932826	81765632.00
2016/06/23	27.70	28.14	27.32	27.86	2528278	70895352.00
2016/06/24	27.70	28.17	27.35	28.00	3266883	91739216.00
2016/06/27	27.88	28.63	27.75	28.55	3626528	103785832.00
2016/06/28	28.20	29.23	28.11	29.12	6404735	186319280.00
2016/06/29	29.30	29.30	28.62	28.71	3410403	99366048.00
2016/06/30	28.71	29.00	28.52	28.72	2009728	58407852.00
2016/07/01	28.86	28.90	28.42	28.57	2679960	77653224.00
2016/07/04	28.46	29.07	28.15	28.76	4113156	119374984.00
2016/07/05	28.80	28.96	28.51	28.76	4224243	122681848.00
2016/07/06	28.73	28.80	28.20	28.36	3227063	92787408.00
2016/07/07	28.31	28.79	28.19	28.25	3957660	113763088.00
2016/07/08	28.37	28.37	27.60	27.70	6123113	172086400.00
2016/07/11	27.60	28.10	27.32	27.70	5277555	147171296.00
2016/07/12	27.60	28.24	27.50	28.21	4112062	115892504.00
2016/07/13	28.21	28.69	28.04	28.65	5105650	146632320.00
2016/07/14	28.70	28.88	28.40	28.54	2477171	71513136.00
2016/07/15	28.54	28.56	28.15	28.20	2479860	70931000.00
2016/07/18	28.18	28.91	27.93	28.71	4351865	125524672.00
2016/07/19	28.76	29.00	28.46	28.97	3529532	102363992.00
2016/07/20	29.00	29.56	28.79	29.39	4541857	134169240.00
2016/07/21	29.19	29.67	28.91	28.99	3372799	99973800.00
2016/07/22	28.88	29.70	28.70	29.09	3160465	93627872.00
2016/07/25	28.99	30.70	28.91	30.29	11680672	358178720.00
2016/07/26	30.13	30.85	29.95	30.70	6559906	202260352.00
2016/07/27	30.80	31.59	28.69	30.65	10928256	336106240.00
2016/07/28	29.95	32.42	29.30	31.92	12293496	391314560.00
2016/07/29	31.27	32.69	30.70	30.71	7195285	230756640.00
2016/08/01	30.86	31.67	30.01	30.72	6077047	189660352.00
2016/08/02	30.60	31.50	30.51	31.22	3312757	104295608.00
2016/08/03	31.13	32.39	31.13	31.72	5136854	165496480.00
2016/08/04	31.57	31.87	31.10	31.52	2897696	91654544.00
2016/08/05	31.45	31.68	30.71	30.75	2826538	88444456.00
2016/08/08	30.74	31.19	30.00	31.15	3162068	97846488.00
2016/08/09	31.15	31.15	30.30	30.51	5584053	172447376.00
2016/08/10	30.42	30.91	30.37	30.42	2823581	87402560.00
2016/08/11	30.41	31.05	30.40	30.60	3496304	108394776.00
2016/08/12	30.56	31.08	30.44	30.96	2922622	91048976.00
2016/08/15	30.96	31.75	30.30	31.64	4919822	154766512.00
2016/08/16	31.46	32.19	31.24	32.08	3582363	114890736.00
2016/08/17	32.07	32.30	31.84	31.92	2382355	77265168.00
2016/08/18	31.90	31.90	31.13	31.30	3448600	109538464.00
2016/08/19	31.30	33.13	31.30	33.03	6271760	205716912.00
2016/08/22	33.31	34.20	32.70	33.15	8779080	297490464.00
2016/08/23	32.86	33.64	32.42	32.63	2228209	74265784.00
2016/08/24	32.70	34.85	32.52	34.10	6036748	207441520.00
2016/08/25	33.70	34.50	33.28	33.75	4475120	153321056.00
2016/08/26	34.20	34.20	32.70	33.13	4982526	166842848.00
2016/08/29	32.82	33.65	32.80	33.04	2384580	79901768.00
2016/08/30	33.05	34.76	32.71	34.60	6959069	238872288.00
2016/08/31	34.80	34.80	33.42	34.42	3864117	132262224.00
2016/09/01	34.14	34.34	33.56	33.61	2231029	76102584.00
2016/09/02	33.58	33.59	32.61	32.65	3249290	108079072.00
2016/09/05	32.70	33.09	31.88	32.97	3074701	101316128.00
2016/09/06	32.95	33.20	32.23	32.88	2688783	88539160.00
2016/09/07	33.00	33.58	32.30	32.30	3743212	124355896.00
2016/09/08	32.32	32.47	31.40	31.89	4144710	133300952.00
2016/09/09	32.03	32.36	31.43	31.88	3303933	106197328.00
2016/09/12	31.22	31.56	30.98	31.09	2675571	84632264.00
2016/09/13	31.30	32.07	31.14	31.68	2538185	81314832.00
2016/09/14	31.50	32.06	31.45	31.90	1402106	45023208.00
2016/09/19	32.04	32.81	32.03	32.57	2283729	74836608.00
2016/09/20	32.57	32.60	32.09	32.11	1144626	37215532.00
2016/09/21	32.11	32.40	31.70	32.06	1141559	36946964.00
2016/09/22	32.10	32.70	32.10	32.59	1873483	61458948.00
2016/09/23	32.59	32.77	31.58	31.80	2388053	76960888.00
2016/09/26	31.54	31.88	31.13	31.53	1165543	37024504.00
2016/09/27	31.67	31.79	31.01	31.49	951102	30136392.00
2016/09/28	31.49	31.65	31.05	31.32	1101875	34829216.00
2016/09/29	31.32	31.69	31.12	31.45	1051609	33420398.00
2016/09/30	31.45	31.80	31.29	31.80	968377	30844550.00
2016/10/10	31.80	32.81	31.80	32.54	1638802	53744660.00
2016/10/11	32.70	33.10	32.31	32.89	2350427	77693288.00
2016/10/12	32.60	33.11	32.33	32.50	2626065	86915064.00
2016/10/13	32.50	32.74	32.31	32.43	1870549	61471964.00
2016/10/14	32.28	32.40	31.72	32.19	2451498	79282208.00
2016/10/17	32.15	32.43	32.00	32.17	957538	31164668.00
2016/10/18	32.15	32.55	32.10	32.36	1658507	54189300.00
2016/10/19	32.21	32.48	31.76	32.07	2084536	67281104.00
2016/10/20	32.07	32.08	31.40	31.44	2464799	78443688.00
2016/10/21	31.23	31.57	31.23	31.50	1939739	61456080.00
2016/10/24	31.32	31.52	31.17	31.41	2242216	70944800.00
2016/10/25	31.45	31.45	30.70	31.31	2764483	86625840.00
2016/10/26	31.24	31.45	30.87	30.96	1522379	47802056.00
2016/10/27	30.97	31.54	30.72	31.35	2777529	87675384.00
2016/10/28	31.10	31.53	31.04	31.05	1447863	45709248.00
2016/10/31	30.81	30.85	29.90	30.29	2633531	80599328.00
2016/11/01	30.10	30.59	30.10	30.36	2469336	75584520.00
2016/11/02	30.10	30.65	30.10	30.49	2512980	77149840.00
2016/11/03	30.44	31.10	30.28	30.60	2876766	89430848.00
2016/11/04	30.60	30.68	30.22	30.22	1585850	48819592.00
2016/11/07	30.15	30.34	29.88	29.95	1834714	55594520.00
2016/11/08	29.95	30.29	29.65	29.93	1729197	52402624.00
2016/11/09	29.86	30.28	29.60	30.03	1628573	49306148.00
2016/11/10	30.56	30.56	29.90	30.39	2042435	62381832.00
2016/11/11	30.30	30.35	29.55	29.66	4975659	149580576.00
2016/11/14	29.64	30.21	29.20	29.99	4119256	123487440.00
2016/11/15	29.88	30.08	29.70	29.96	1786825	53839280.00
2016/11/16	29.96	30.29	29.96	30.12	2155128	65651972.00
2016/11/17	30.12	30.26	29.77	29.83	1671672	50541400.00
2016/11/18	29.79	29.92	29.62	29.71	1356048	40766776.00
2016/11/21	29.69	29.89	29.49	29.85	1919431	57466584.00
2016/11/22	29.90	30.05	29.80	30.00	1767534	53402680.00
2016/11/23	30.06	30.23	29.59	29.60	2682671	80753776.00
2016/11/24	29.75	29.77	28.72	28.94	5558778	163604624.00
2016/11/25	29.17	29.17	28.47	28.88	2603315	75579728.00
2016/11/28	28.95	29.20	28.63	28.92	2206946	64536460.00
2016/11/29	28.85	29.00	28.51	28.58	2367082	68564240.00
2016/11/30	28.58	28.98	28.35	28.72	2308958	66989436.00
2016/12/01	28.73	28.90	28.46	28.87	2746786	79579592.00
2016/12/02	28.77	28.96	28.39	28.44	2530800	73046816.00
2016/12/05	28.18	28.48	27.82	27.93	2054399	58350684.00
2016/12/06	28.00	28.13	27.53	27.61	1917830	53907072.00
2016/12/07	27.77	28.16	27.57	28.04	2099957	59201856.00
2016/12/08	28.14	28.37	28.05	28.31	1848505	52814496.00
2016/12/09	28.30	28.49	27.97	28.38	1804345	51529456.00
2016/12/12	28.22	28.37	26.32	26.48	3731971	101625480.00
2016/12/13	26.48	26.76	25.23	26.09	2597891	68207200.00
2016/12/14	26.08	26.08	24.71	25.34	3851887	98443488.00
2016/12/15	24.99	25.54	24.88	25.16	4715904	120050712.00
2016/12/16	25.24	25.79	24.88	25.65	2857608	73568016.00
2016/12/19	25.54	25.92	25.25	25.35	1110094	28647114.00
2016/12/20	25.35	25.53	25.03	25.43	1130722	28951612.00
2016/12/21	25.49	25.81	25.43	25.56	1326771	34445520.00
2016/12/22	25.67	26.59	25.58	26.26	2971248	78704616.00
2016/12/23	26.16	26.43	25.61	25.72	1519902	39845760.00
2016/12/26	25.76	26.60	25.23	26.49	1890533	49848400.00
2016/12/27	26.49	26.78	26.25	26.51	1649199	44387088.00
2016/12/28	26.42	26.64	26.30	26.50	945750	25321842.00
2016/12/29	26.50	27.40	26.27	26.90	2913640	79320248.00
2016/12/30	26.84	27.18	26.22	26.71	1977703	53025368.00
2017/01/03	26.80	26.85	26.20	26.30	1658484	44341180.00
2017/01/04	26.24	26.39	25.91	26.20	2481094	65514784.00
2017/01/05	26.22	26.34	25.90	26.23	1211784	32036548.00
2017/01/06	25.93	26.34	25.93	26.24	968412	25635810.00
2017/01/09	26.12	26.18	25.81	25.85	1503579	39492152.00
2017/01/10	26.05	26.19	25.70	25.71	1108972	29096082.00
2017/01/11	25.71	26.00	25.01	25.20	3020975	77814032.00
2017/01/12	25.23	25.43	25.05	25.30	1450692	37047540.00
2017/01/13	25.30	25.39	24.81	24.94	777797	19694220.00
2017/01/16	24.82	25.16	23.79	24.04	1892181	46846476.00
2017/01/17	24.06	24.31	23.21	24.08	2508481	60757256.00
2017/01/18	24.08	24.37	23.50	23.90	2446680	59069968.00
2017/01/19	23.74	23.84	23.22	23.36	1388730	32952412.00
2017/01/20	23.36	24.03	23.20	23.76	4890475	117336816.00
2017/01/23	23.78	24.20	23.70	23.84	1538986	37285636.00
2017/01/24	23.98	24.14	23.80	23.97	1732374	42119492.00
2017/01/25	23.23	23.95	23.23	23.71	2141274	51147072.00
2017/01/26	23.72	23.79	23.21	23.47	2682023	63984300.00
2017/02/03	23.53	23.57	23.22	23.24	1993922	47111020.00
2017/02/06	23.29	24.03	23.25	24.00	2394533	57449456.00
2017/02/07	23.89	24.45	23.84	24.29	3024580	74298304.00
2017/02/08	24.33	24.40	23.99	24.37	1349309	33065826.00
2017/02/09	24.37	24.39	24.00	24.39	2277393	55807064.00
2017/02/10	24.50	24.88	24.10	24.12	3311736	82159848.00
2017/02/13	23.99	25.01	23.90	25.01	3310460	82625024.00
2017/02/14	25.00	25.14	24.73	25.05	1588393	40016264.00
2017/02/15	25.05	25.38	24.88	25.38	3245956	82803848.00
2017/02/16	25.35	25.52	25.02	25.38	1929298	49489584.00
2017/02/17	25.35	25.57	24.97	25.16	2544309	64984928.00
2017/02/20	25.05	25.10	24.59	24.82	2685174	67450344.00
2017/02/21	24.82	25.07	24.70	24.91	2674396	67479328.00
2017/02/22	24.97	24.97	24.58	24.92	1599629	40111880.00
2017/02/23	24.72	24.96	24.40	24.86	2704745	67372504.00
2017/02/24	24.85	25.35	24.76	25.29	2717934	69137776.00
2017/02/27	25.29	25.30	24.50	24.50	2606710	65478996.00
2017/02/28	24.55	24.82	24.08	24.79	3967634	98157272.00
2017/03/01	24.73	26.08	24.73	25.82	8341416	217192800.00
2017/03/02	25.82	26.10	25.63	25.79	2396332	62641744.00
2017/03/03	25.63	26.09	25.46	25.88	1728089	45162952.00
2017/03/06	26.00	26.70	25.83	26.61	3170676	84164056.00
2017/03/07	26.58	26.58	26.13	26.22	1948944	51741600.00
2017/03/08	26.15	26.65	25.90	26.04	2374992	62997516.00
2017/03/09	25.99	26.16	25.86	26.02	992561	26154470.00
2017/03/10	26.07	26.11	25.71	25.72	1668549	43556512.00
2017/03/13	25.84	27.25	25.84	26.75	5224113	141393232.00
2017/03/14	26.89	27.02	26.50	26.99	2182044	59015648.00
2017/03/15	26.85	26.98	26.52	26.70	3399759	91547096.00
2017/03/16	26.70	26.97	26.56	26.80	1376136	37242496.00
2017/03/17	26.80	27.64	26.80	27.17	4048310	111645272.00
2017/03/20	27.13	27.65	26.68	26.98	2662174	73061848.00
2017/03/21	26.90	27.03	26.36	27.01	3434214	92565728.00
2017/03/22	26.75	26.82	26.38	26.51	2313247	62113788.00
2017/03/23	26.51	27.50	26.51	26.90	2393492	65370668.00
2017/03/24	27.48	27.48	26.55	27.05	1748130	47540456.00
2017/03/27	27.06	27.47	26.77	27.13	1891879	51721908.00
2017/03/28	27.10	27.20	26.69	27.01	1081616	29368618.00
2017/03/29	26.93	27.36	26.75	26.87	1334054	36512848.00
2017/03/30	26.70	26.90	25.80	26.60	3348724	89219688.00
2017/03/31	26.43	26.57	25.03	25.36	2813098	73407248.00
2017/04/05	25.29	25.65	25.10	25.35	3092914	79492896.00
2017/04/06	25.39	25.85	25.39	25.80	2475040	64356276.00
2017/04/07	25.71	25.85	25.50	25.57	1149928	29828796.00
2017/04/10	25.45	25.77	24.50	24.64	2925350	74055392.00
2017/04/11	24.69	24.89	24.30	24.85	1910102	47594092.00
2017/04/12	24.79	25.17	24.45	24.53	1448766	36228096.00
2017/04/13	24.48	25.20	24.48	24.86	1918511	48432020.00
2017/04/14	25.10	25.37	24.82	25.06	2414255	61348444.00
2017/04/17	24.80	25.00	24.35	24.58	2266745	56390456.00
2017/04/25	23.75	24.62	23.75	24.10	4113335	100896184.00
2017/04/26	24.20	24.26	23.42	23.99	2798323	67576472.00
2017/04/27	23.99	25.61	23.80	25.16	3052818	76782488.00
2017/04/28	25.17	25.44	24.98	25.12	1769613	45140452.00
2017/05/02	25.12	25.82	25.12	25.46	1098712	28401268.00
2017/05/03	25.25	25.88	25.25	25.75	2289930	59559568.00
2017/05/04	25.75	26.03	25.59	25.90	1732701	45341708.00
2017/05/05	25.71	26.04	25.07	25.32	2149412	55504596.00
2017/05/08	25.28	25.48	24.72	24.89	1287235	32699844.00
2017/05/09	25.26	25.68	24.80	24.90	1391055	35231260.00
2017/05/10	24.90	25.48	24.90	25.08	1248234	31895780.00
2017/05/11	24.90	25.25	24.18	24.60	1575047	39179612.00
2017/05/12	24.85	26.00	24.85	25.29	2107405	54220284.00
2017/05/15	25.29	25.45	24.78	24.79	1084936	27522576.00
2017/05/16	24.95	25.35	24.50	25.29	1450924	36605708.00
2017/05/17	25.25	25.93	25.01	25.75	2220499	57536516.00
2017/05/18	25.75	25.95	25.46	25.57	1080269	28094312.00
2017/05/19	25.35	25.69	25.29	25.31	1006693	25944966.00
2017/05/22	25.39	25.56	24.50	24.66	1600200	40371292.00
2017/05/23	24.69	24.92	24.30	24.32	1115504	27641312.00
2017/05/24	24.20	24.80	23.91	24.61	693068	17106654.00
2017/05/25	24.79	24.79	23.83	24.45	1272902	31207498.00
2017/05/26	24.39	24.66	24.02	24.47	1159324	28593516.00
2017/05/31	24.67	24.69	23.90	23.98	836149	20609564.00
2017/06/01	23.98	24.09	22.56	22.68	2790369	65897892.00
2017/06/02	22.70	22.79	21.00	21.71	5226991	114909664.00
2017/06/05	22.00	22.57	21.76	22.36	2386182	54094036.00
2017/06/06	22.36	23.20	22.36	22.55	1825640	42310876.00
2017/06/07	22.57	23.80	22.57	23.75	3182161	75307736.00
2017/06/08	23.75	24.07	23.45	23.90	1806963	43780264.00
2017/06/09	23.90	23.90	23.51	23.68	650212	15562095.00
2017/06/12	23.40	23.79	23.32	23.38	1145578	27334102.00
2017/06/13	23.38	24.16	23.12	23.92	1090281	26355708.00
2017/06/14	24.00	24.37	23.67	23.94	1418804	34485596.00
2017/06/15	24.17	24.70	23.93	24.31	1330770	32965882.00
2017/06/16	24.37	24.49	23.32	23.70	1631634	39139552.00
2017/06/19	23.69	24.29	23.56	24.20	1234085	30037572.00
2017/06/20	24.20	24.39	23.85	24.00	1315754	32013146.00
2017/06/21	24.12	24.14	23.44	23.50	1932560	46324600.00
2017/06/22	23.55	23.85	23.00	23.06	1907548	45122852.00
2017/06/23	23.06	23.78	23.02	23.74	2119055	50540236.00
2017/06/26	23.80	23.94	23.45	23.68	1395258	33582108.00
2017/06/27	23.61	24.07	23.61	23.75	961246	23229586.00
2017/06/28	23.66	23.88	23.40	23.88	1127368	26976798.00
2017/06/29	23.72	23.93	23.72	23.83	966791	23324954.00
2017/06/30	24.05	24.19	23.66	23.90	1111151	26932832.00
2017/07/03	24.73	26.32	24.73	25.83	10593145	278979296.00
2017/07/04	25.74	26.56	25.74	26.14	5581215	147596944.00
2017/07/05	26.53	26.53	25.54	25.73	3376042	88308624.00
2017/07/06	26.11	26.21	25.79	25.99	1704672	44791444.00
2017/07/07	26.13	26.28	25.78	26.00	1905115	50162732.00
2017/07/10	26.13	26.13	25.25	25.51	2175378	56144680.00
2017/07/11	25.42	25.88	25.35	25.51	1455996	37811324.00
2017/07/12	25.40	25.83	25.26	25.72	2037954	52672764.00
2017/07/13	25.56	26.44	25.55	26.29	2271549	59933372.00
2017/07/14	26.19	26.47	25.50	25.72	2169056	56697468.00
2017/07/17	25.50	25.56	24.66	24.73	2349497	59514200.00
2017/07/18	24.66	25.36	24.10	24.35	2884408	71785464.00
2017/07/19	24.36	24.99	23.90	24.82	2245270	55921028.00
2017/07/20	24.90	25.15	24.66	24.88	1638989	41335152.00
2017/07/21	24.71	25.00	24.50	24.63	1440855	36152168.00
2017/07/24	24.65	25.43	24.55	25.02	1749299	44247284.00
2017/07/25	24.92	25.20	24.14	24.28	1927868	48196272.00
2017/07/26	24.22	25.57	24.20	25.35	2737001	69587424.00
2017/07/27	25.25	25.98	24.93	25.85	2426734	62748092.00
2017/07/28	25.79	26.19	25.58	25.64	1782686	46698044.00
2017/07/31	25.61	26.03	25.50	25.71	1619088	42263776.00
2017/08/01	25.59	25.90	25.51	25.74	1306827	33955336.00
2017/08/02	25.79	25.79	24.87	24.87	2276915	58270248.00
2017/08/03	24.87	26.30	24.87	26.05	4450514	116754056.00
2017/08/04	25.98	26.10	25.80	25.83	1500157	39323700.00
2017/08/07	25.72	26.35	25.71	26.02	1962262	51884440.00
2017/08/08	26.04	26.60	25.83	26.59	2197641	58448812.00
2017/08/09	26.62	27.00	26.40	26.86	2951249	79990544.00
2017/08/10	26.69	27.03	26.40	26.45	2280870	61874040.00
2017/08/11	26.21	26.95	26.21	26.77	1574293	42501324.00
2017/08/14	26.75	27.62	26.65	27.53	2482463	68384464.00
2017/08/15	27.42	27.68	27.03	27.15	1380652	37972664.00
2017/08/16	27.15	27.38	27.05	27.05	1396932	38375516.00
2017/08/17	27.02	27.29	26.73	27.27	1118474	30632686.00
2017/08/18	27.19	27.26	26.75	26.87	897908	24440098.00
2017/08/21	26.69	27.25	26.50	26.78	1809952	49248528.00
2017/08/22	26.86	27.26	26.61	26.72	1543952	41970612.00
2017/08/23	26.78	27.34	26.78	27.20	1808772	49692148.00
2017/08/24	27.20	27.20	26.26	26.52	1775008	47855064.00
2017/08/25	26.40	27.00	26.30	26.61	2070826	55764752.00
2017/08/28	26.69	26.93	26.34	26.63	1629974	44078908.00
2017/08/29	26.58	27.05	26.58	26.84	1302496	35352352.00
2017/08/30	27.00	27.00	26.10	26.20	2511300	67112824.00
2017/08/31	26.26	26.50	26.20	26.33	970742	25889502.00
2017/09/01	26.48	26.57	26.01	26.44	1430370	38074456.00
2017/09/04	26.40	26.48	25.90	26.38	1153260	30653652.00
2017/09/05	26.11	27.00	26.11	27.00	2214057	60091440.00
2017/09/06	27.00	27.10	26.69	26.92	1462573	39763012.00
2017/09/07	26.92	27.06	26.09	26.35	2882230	76847624.00
2017/09/08	26.21	26.52	25.98	26.30	1910752	50644720.00
2017/09/11	26.33	26.33	25.78	26.00	1655322	43542592.00
2017/09/12	26.02	26.26	25.82	26.00	2290608	60453424.00
2017/09/13	26.00	26.24	25.92	26.19	1727496	45594136.00
2017/09/14	26.05	27.20	26.00	27.19	3265419	87869672.00
2017/09/15	26.93	27.55	26.93	27.39	3066733	84461576.00
2017/09/18	27.39	28.33	27.36	28.10	4235732	120028624.00
2017/09/19	28.19	28.76	28.00	28.54	3823348	109995728.00
2017/09/20	28.60	28.78	28.00	28.21	2126943	60414008.00
2017/09/21	28.35	28.90	28.20	28.39	3817475	110136768.00
2017/09/22	28.34	28.68	27.51	28.51	3594153	101741704.00
2017/09/25	28.31	29.75	28.22	28.88	3901990	114423296.00
2017/09/26	28.86	29.16	27.55	27.88	3518315	99255464.00
2017/09/27	27.98	28.32	27.81	28.31	1839827	51994356.00
2017/09/28	28.53	28.53	27.91	28.00	1076400	30556516.00
2017/09/29	28.14	28.78	28.01	28.77	1596105	45748532.00
2017/10/09	28.90	30.06	28.90	29.60	3471525	103628400.00
2017/10/10	29.85	31.10	29.62	30.56	5597431	171631312.00
2017/10/11	31.25	32.67	30.38	30.65	9601168	303067136.00
2017/10/12	31.21	31.81	30.70	31.34	5144427	161730352.00
2017/10/13	31.54	31.60	30.65	31.34	4141991	130097712.00
2017/10/16	31.40	31.55	30.56	30.73	2262707	70562224.00
2017/10/17	30.61	30.80	30.22	30.44	1654941	50796432.00
2017/10/18	30.43	31.20	30.31	30.95	2286279	71021032.00
2017/10/19	30.87	31.99	30.70	31.62	2221757	70676968.00
2017/10/20	31.57	31.90	31.15	31.49	1388626	43821640.00
2017/10/23	31.80	32.19	31.32	31.80	2444662	78099280.00
2017/10/24	32.24	32.45	31.60	32.30	3112867	100936648.00
2017/10/25	32.11	32.40	31.69	32.36	2956134	95363368.00
2017/10/26	32.18	32.39	31.86	32.20	2223803	71952800.00
2017/10/27	31.93	32.06	30.80	31.36	4088530	128400392.00
2017/10/30	31.48	32.27	31.30	31.82	4085485	131040560.00
2017/10/31	31.89	31.99	31.13	31.55	2056108	65136764.00
2017/11/01	31.58	31.59	29.95	30.80	6031956	185773728.00
2017/11/02	30.67	31.02	30.37	30.52	3183256	98548008.00
2017/11/03	29.82	30.60	29.70	30.13	4330878	131007824.00
2017/11/06	30.10	31.30	30.01	31.04	4686790	144498768.00
2017/11/07	31.05	32.13	31.05	32.03	4065588	128906544.00
2017/11/08	31.86	32.40	31.50	31.53	2221606	71457496.00
2017/11/09	31.33	32.30	31.33	31.77	2897483	92708648.00
2017/11/10	31.70	33.06	31.68	33.03	4159575	135941648.00
2017/11/13	32.70	34.54	32.66	34.17	5825483	199041424.00
2017/11/14	34.45	34.80	33.20	33.90	4926791	168430320.00
2017/11/15	33.93	34.38	33.31	34.18	3139605	106972744.00
2017/11/16	34.20	34.21	33.20	33.50	2199518	74203160.00
2017/11/17	33.41	33.84	32.41	32.68	3089977	103044720.00
2017/11/20	32.10	34.20	32.10	33.85	2602538	87047664.00
2017/11/21	33.82	34.04	31.00	31.37	6556316	211724688.00
2017/11/22	31.40	33.20	31.40	32.80	6573866	215499568.00
2017/11/23	32.69	32.99	31.31	31.52	3764053	122187304.00
2017/11/24	31.41	31.94	30.52	31.53	2908073	91374240.00
2017/11/27	31.25	31.74	29.32	29.81	2418918	74317568.00
2017/11/28	29.78	30.80	29.78	30.70	1597879	49046192.00
2017/11/29	30.70	31.90	30.53	31.13	2589338	80909336.00
2017/11/30	31.05	31.12	30.27	30.28	1651485	50727364.00
2017/12/01	30.16	31.03	30.00	30.18	2217818	68002912.00
2017/12/04	29.95	30.74	29.78	29.98	2132221	64686596.00
2017/12/05	29.99	29.99	28.64	28.95	3504922	102974632.00
2017/12/06	29.04	29.56	28.65	29.12	2716462	79603976.00
2017/12/07	29.18	30.30	28.83	30.30	3111273	93316392.00
2017/12/08	30.40	31.18	29.95	30.55	3255162	100924896.00
2017/12/11	30.66	32.03	30.45	31.57	2328776	73425032.00
2017/12/12	31.57	32.51	31.15	31.65	2527305	81410272.00
2017/12/13	31.80	33.15	31.20	33.07	3930519	129504392.00
2017/12/14	33.03	33.03	31.95	32.49	2557791	83321912.00
2017/12/15	32.64	32.79	31.63	32.05	1867385	60290492.00
2017/12/18	32.20	32.49	31.30	31.57	1897567	60748832.00
2017/12/19	31.62	32.48	31.62	32.29	2396420	77463816.00
2017/12/20	32.10	32.94	31.85	32.65	3036586	99190368.00
2017/12/21	32.41	34.23	32.35	33.65	3190938	107427288.00
2017/12/22	33.65	34.12	33.19	33.24	1193367	40239764.00
2017/12/25	33.60	34.20	33.30	34.15	3178168	108445640.00
2017/12/26	34.79	35.20	33.30	34.01	3515702	120953856.00
2017/12/27	33.82	34.10	33.30	33.48	1983957	67079452.00
2017/12/28	33.48	35.05	33.38	33.80	3737694	129561088.00
2017/12/29	34.04	35.00	33.93	34.98	2968304	103717984.00
2018/01/02	35.48	36.00	35.02	35.41	3185344	113900416.00
2018/01/03	35.44	35.70	34.70	35.15	2708242	95607808.00
2018/01/04	35.15	35.60	34.85	35.15	1699400	60142484.00
2018/01/05	35.00	35.82	34.85	35.30	2062909	73581056.00
2018/01/08	35.65	35.65	34.31	34.95	2203711	77392936.00
2018/01/09	34.67	35.28	34.64	35.09	1412846	49564052.00
2018/01/10	34.95	35.55	34.02	34.29	1562700	54432360.00
2018/01/11	34.19	34.85	33.59	34.77	1982036	68216800.00
2018/01/12	34.42	34.67	33.31	33.80	2023947	68872272.00
2018/01/15	33.69	34.77	33.00	33.67	3181892	108221408.00
2018/01/16	33.47	34.38	33.30	34.26	2497289	85343008.00
2018/01/17	33.88	34.21	33.30	33.80	2574621	87276536.00
2018/01/18	33.60	35.29	33.52	34.99	3103384	108751680.00
2018/01/19	35.00	35.00	33.68	33.71	3129870	108577640.00
2018/01/22	33.30	34.75	32.70	34.75	3266565	110470432.00
2018/01/23	34.53	35.29	34.50	34.81	1769104	62014392.00
2018/01/24	34.71	35.30	34.40	35.08	2588260	91078648.00
2018/01/25	35.08	37.48	34.71	34.80	5646745	204796240.00
2018/01/26	34.40	36.64	34.40	36.20	4141918	149327104.00
2018/01/29	36.01	37.15	35.80	35.80	3888897	143014240.00
2018/01/30	36.24	37.56	36.11	37.10	4438089	165761728.00
2018/01/31	37.00	38.45	36.20	37.72	5012473	189513968.00
2018/02/01	37.30	38.70	36.88	38.15	3802738	144727776.00
2018/02/02	37.40	38.08	35.64	36.09	5931767	217406144.00
2018/02/05	35.63	36.64	35.22	35.67	2762584	99799480.00
2018/02/06	34.68	35.17	33.15	33.46	5005044	171249536.00
2018/02/07	34.06	34.77	33.30	34.10	3276947	112596568.00
2018/02/08	33.66	36.28	33.66	35.72	3226809	115674392.00
2018/02/09	35.00	36.56	33.90	33.96	3924135	138929680.00
2018/02/12	34.60	36.30	34.03	35.83	5487706	194790336.00
2018/02/13	35.95	36.70	34.35	35.20	4485801	159913584.00
2018/02/14	35.24	35.73	34.40	34.53	1933159	67592288.00
2018/02/22	34.80	37.08	34.19	36.90	4107313	147681472.00
2018/02/23	36.87	37.60	36.53	36.97	3200999	119149904.00
2018/02/26	37.28	38.22	36.90	37.81	3034943	114717464.00
2018/02/27	38.20	39.30	38.00	38.27	4652479	180837664.00
2018/02/28	38.16	39.78	37.69	39.08	3110760	122012488.00
2018/03/01	38.59	39.49	38.42	39.18	2259788	88579864.00
2018/03/02	39.00	40.37	38.74	38.80	2537317	100462120.00
2018/03/05	38.80	40.01	38.79	39.49	2833698	111704024.00
2018/03/06	39.46	41.70	39.38	41.65	5016506	205890496.00
2018/03/07	41.80	44.95	41.65	43.95	6669510	293654624.00
2018/03/08	44.80	45.52	43.00	45.40	5218972	233742896.00
2018/03/09	45.31	46.30	43.68	45.00	4576057	207048832.00
2018/03/12	44.81	47.40	44.81	46.73	4455704	207017536.00
2018/03/13	46.64	46.99	45.45	46.49	2972548	137658832.00
2018/03/14	46.70	46.70	44.10	44.53	4456664	201479824.00
2018/03/15	44.09	45.70	44.09	44.97	3131997	141284688.00
2018/03/16	44.97	46.27	44.18	44.18	3941791	178932480.00
2018/03/19	44.81	46.46	44.66	45.40	4961877	225301200.00
2018/03/20	45.29	47.15	44.55	45.93	4431729	204886256.00
2018/03/21	45.52	49.92	45.52	48.20	6365457	306812960.00
2018/03/22	48.20	48.94	46.82	47.62	3874823	185764368.00
2018/03/23	45.68	48.40	44.26	46.63	5959560	278921472.00
2018/03/26	46.14	51.26	45.84	51.26	6793623	334382592.00
2018/03/27	51.80	54.66	50.56	53.88	8278883	442451968.00
2018/03/28	53.20	55.60	52.30	53.21	7887083	424178112.00
2018/03/29	53.38	53.78	48.60	50.70	8667291	440253024.00
2018/03/30	50.20	54.20	50.16	53.51	8451828	446647552.00
2018/04/02	54.00	54.81	51.10	52.61	5812401	306468320.00
2018/04/03	51.30	53.46	50.30	51.35	6331584	326943616.00
2018/04/04	52.62	53.24	50.30	50.70	5580812	290091488.00
2018/04/09	50.89	52.00	48.81	50.90	4743164	243618720.00
2018/04/10	51.05	52.78	49.29	52.34	5393527	276243040.00
2018/04/11	52.20	53.26	50.30	50.85	4536896	232810240.00
2018/04/12	50.85	52.50	50.85	51.74	3563735	185624368.00
2018/04/13	52.45	54.45	50.30	50.88	6046615	319909664.00
2018/04/16	50.14	54.60	50.10	53.91	5130908	271157920.00
2018/04/17	53.80	54.37	50.65	51.68	5528479	291854784.00
2018/04/18	52.40	54.80	50.80	54.79	4588001	242675296.00
2018/04/19	54.89	57.80	52.88	56.39	5499859	309995296.00
2018/04/20	55.80	57.55	54.70	54.97	3769964	213228912.00
2018/04/23	54.71	56.55	53.22	54.80	3848523	211366496.00
2018/04/24	54.92	55.27	52.67	54.85	4151615	225066928.00
2018/04/25	54.55	59.25	53.69	58.19	5989843	343239936.00
2018/04/26	57.80	59.27	56.79	57.80	4215512	245732192.00
2018/04/27	57.78	61.16	57.31	60.03	5152117	308581824.00
2018/05/02	59.80	63.30	59.53	60.58	4964543	306304864.00
2018/05/03	60.54	60.54	55.68	56.64	7619078	440565056.00
2018/05/04	57.60	58.58	56.47	57.40	6173992	355403168.00
2018/05/07	57.10	58.48	55.10	55.82	10548736	598380544.00
2018/05/08	55.58	56.31	54.14	55.70	6585083	365064864.00
2018/05/09	55.58	55.67	54.26	55.29	5098268	280633088.00
2018/05/10	55.28	57.16	54.56	57.09	7398761	415007968.00
2018/05/11	57.30	57.30	51.36	52.35	12785176	688486720.00
2018/05/14	52.36	52.50	50.62	52.10	7266328	375213984.00
2018/05/15	51.60	53.28	51.30	53.02	4658289	245986272.00
2018/05/16	52.70	55.00	52.70	54.23	7208482	390461664.00
2018/05/17	52.60	54.15	52.31	52.78	4803006	257119008.00
2018/05/18	52.77	53.02	49.80	52.80	8196735	420352032.00
2018/05/21	52.60	52.90	50.95	52.40	6117563	318668224.00
2018/05/22	52.20	55.63	52.08	54.55	11043298	601401792.00
2018/05/23	54.29	55.49	52.50	52.60	7004811	379050880.00
2018/05/24	52.70	54.26	52.20	53.08	5116531	275277152.00
2018/05/25	52.70	54.98	52.69	54.60	6456087	351956256.00
2018/05/28	54.60	55.65	53.11	55.25	7525297	410370368.00
2018/05/29	55.25	58.14	53.05	53.18	16144365	917463424.00
2018/05/30	51.15	55.49	51.13	54.68	8280088	446129824.00
2018/05/31	54.68	57.49	54.68	57.14	7962847	451905056.00
2018/06/01	56.50	57.59	52.35	53.34	7530729	410091328.00
2018/06/04	54.00	54.30	51.85	53.22	4325358	229059152.00
2018/06/05	53.22	56.10	53.12	56.03	4820155	266129200.00
2018/06/06	57.28	60.60	56.65	60.60	8388157	492012800.00
2018/06/07	60.60	61.60	59.52	60.00	4023136	242662768.00
2018/06/08	59.72	60.45	57.51	57.80	5854006	342289248.00
2018/06/11	58.25	58.43	54.75	55.15	4964080	277160768.00
2018/06/12	56.22	60.67	56.22	60.67	12247870	727697472.00
2018/06/13	60.60	62.90	58.81	59.19	8112636	489046272.00
2018/06/14	60.74	60.79	57.53	59.00	5614378	329600000.00
2018/06/15	58.95	59.71	57.46	58.99	4553671	266694224.00
2018/06/19	57.56	60.44	56.52	57.70	5787370	337780352.00
2018/06/20	57.91	63.47	57.84	63.47	6690081	407024512.00
2018/06/21	63.00	67.99	62.77	64.52	8445348	551570432.00
2018/06/22	64.00	65.97	61.98	63.80	5461108	351368800.00
2018/06/25	64.29	68.50	64.16	67.00	7530851	505095296.00
2018/06/26	66.33	67.80	62.00	66.46	7122741	465114144.00
2018/06/27	65.80	67.45	61.00	61.39	9071703	581571392.00
2018/06/28	59.80	61.50	58.22	59.78	8349197	499692128.00
2018/06/29	60.03	62.55	59.05	61.87	7692259	471607616.00
2018/07/02	63.00	64.15	60.50	61.49	6849804	431476096.00
2018/07/03	61.37	62.77	58.28	61.22	6392828	387455488.00
2018/07/04	60.52	60.52	58.00	59.50	6733434	398553440.00
2018/07/05	58.90	59.53	55.80	55.91	6170381	354234944.00
2018/07/06	55.88	58.30	54.30	57.08	7589185	430258848.00
2018/07/09	57.80	62.79	56.00	62.79	6453970	385760736.00
2018/07/10	63.70	64.88	62.18	63.29	5124355	324287200.00
2018/07/11	62.55	63.98	60.60	63.08	4453176	277979584.00
2018/07/12	63.00	67.30	62.80	66.05	7001670	459677632.00
2018/07/13	65.37	68.70	65.01	66.91	7154181	480855072.00
2018/07/16	66.01	68.26	65.60	67.40	3142129	211250656.00
2018/07/17	67.02	68.24	65.20	66.51	5092040	338421312.00
2018/07/18	67.10	69.96	66.62	68.80	6313897	433964288.00
2018/07/19	68.12	68.88	63.10	63.97	9301439	605841408.00
2018/07/20	64.52	64.97	61.54	62.30	7856476	493705120.00
2018/07/23	58.12	61.05	56.50	60.25	12332838	727655552.00
2018/07/24	59.70	61.98	57.66	60.40	6882512	413406432.00
2018/07/25	60.00	63.31	59.70	62.90	5880998	365210496.00
2018/07/26	62.51	63.88	61.12	61.51	4340024	270412896.00
2018/07/27	60.90	62.50	59.71	60.95	3324887	202845408.00
2018/07/30	60.94	60.94	58.10	58.48	4516656	266755728.00
2018/07/31	58.15	60.58	58.15	60.02	4695043	281070464.00
2018/08/01	60.32	60.50	58.01	58.49	4337436	256298976.00
2018/08/02	58.72	60.16	58.20	58.88	4811251	284246816.00
2018/08/03	59.00	59.90	54.89	55.00	6746781	379736096.00
2018/08/06	53.70	56.34	52.76	54.33	6177110	337947648.00
2018/08/07	54.31	56.46	53.38	56.45	5474724	303753440.00
2018/08/08	56.05	56.99	55.82	56.80	2894311	163348192.00
2018/08/09	56.01	59.87	55.61	58.83	4185693	244102896.00
2018/08/10	58.59	60.95	58.59	59.74	3636222	218145312.00
2018/08/13	58.65	61.48	58.65	61.25	3477257	210681136.00
2018/08/14	61.26	61.50	59.74	59.87	2480631	150496416.00
2018/08/15	59.50	60.38	56.82	57.48	3968639	230556848.00
2018/08/16	56.53	59.04	55.90	57.00	3447607	197927504.00
2018/08/17	57.00	57.15	51.30	51.30	7262301	383462720.00
2018/08/20	51.00	51.00	46.17	47.26	15324807	724710208.00
2018/08/21	46.92	50.94	46.55	49.70	12970428	638574592.00
2018/08/22	49.64	51.31	49.01	50.30	5991471	300585536.00
2018/08/23	50.08	53.30	49.76	52.87	4844194	250140928.00
2018/08/24	52.51	54.50	51.61	53.09	3768995	200873008.00
2018/08/27	53.51	58.00	53.08	57.67	5759311	323186368.00
2018/08/28	58.25	58.25	55.66	55.74	5117523	288662560.00
2018/08/29	56.03	56.69	55.61	55.99	2082466	116775448.00
2018/08/30	55.76	56.50	54.31	56.06	3030176	168698960.00
2018/08/31	55.60	55.60	53.60	53.91	3735355	203156624.00
2018/09/03	54.14	54.96	52.41	53.83	4335027	230668592.00
2018/09/04	54.10	54.90	51.60	53.15	4925781	262866128.00
2018/09/05	53.10	54.06	52.38	52.60	3447982	183756288.00
2018/09/06	52.33	53.10	51.31	51.75	2834219	147656672.00
2018/09/07	52.88	54.60	52.30	53.80	4857140	261002128.00
2018/09/10	53.00	54.09	51.75	51.78	3425844	180244544.00
2018/09/11	51.70	52.85	51.57	52.20	1549666	80967480.00
2018/09/12	51.60	52.36	48.09	48.56	6954131	346058720.00
2018/09/13	49.90	50.46	44.50	48.39	11671443	547337728.00
2018/09/14	47.60	48.49	47.22	47.50	3818178	182801600.00
2018/09/17	47.99	48.40	46.21	46.94	5887858	278203392.00
2018/09/18	47.10	49.79	46.54	49.31	4172763	201215392.00
2018/09/19	49.03	51.25	48.70	49.82	4870078	244501856.00
2018/09/20	49.81	50.12	48.75	49.08	3383398	167423664.00
2018/09/21	49.59	51.11	49.20	50.89	3847336	194004528.00
2018/09/25	50.18	52.35	49.43	51.65	4276400	220376336.00
2018/09/26	51.71	53.45	51.33	52.99	3105296	163643424.00
2018/09/27	53.00	54.25	52.66	53.33	3049341	163047200.00
2018/09/28	53.07	54.15	53.00	53.72	2595783	139317024.00
2018/10/08	52.54	53.42	51.69	51.80	4293161	225072416.00
2018/10/09	52.69	53.05	50.76	51.60	2936406	152769296.00
2018/10/10	51.18	52.00	48.10	49.10	5932782	293054240.00
2018/10/11	44.19	46.26	44.19	44.19	9482130	421558592.00
2018/10/12	43.51	46.00	43.51	45.32	5067085	225989248.00
2018/10/15	45.10	46.88	44.71	45.21	3300376	150430128.00
2018/10/16	44.98	46.11	43.49	44.10	4158409	188257120.00
2018/10/17	45.10	45.60	41.70	44.76	5033933	218024032.00
2018/10/18	43.80	43.80	40.29	40.30	9358473	389177792.00
2018/10/19	39.00	43.24	39.00	43.24	7151458	299545632.00
2018/10/22	44.28	46.88	44.28	46.18	8867917	407754240.00
2018/10/23	46.30	46.61	45.25	45.50	4593932	210594352.00
2018/10/24	45.39	45.94	42.35	43.31	4899628	213889184.00
2018/10/25	42.09	43.20	41.52	42.72	5448059	229834896.00
2018/10/26	43.28	43.51	39.05	41.44	10226398	414333664.00
2018/10/29	41.14	41.45	38.50	40.20	5408994	216428288.00
2018/10/30	40.60	41.95	39.03	40.76	4499028	182972192.00
2018/10/31	41.08	43.60	40.02	42.61	6228236	264913600.00
2018/11/01	43.00	44.50	42.50	42.94	5414555	235069904.00
2018/11/02	44.93	45.88	43.82	45.59	6288177	281595200.00
2018/11/05	45.49	46.20	43.50	44.90	5588348	249326528.00
2018/11/06	44.45	45.36	44.01	44.70	2925826	130626344.00
2018/11/07	44.50	45.75	44.31	44.72	2837118	127795624.00
2018/11/08	45.25	46.29	44.82	45.41	3568120	162863776.00
2018/11/09	44.72	45.50	43.89	45.00	2238221	100299072.00
2018/11/12	45.40	47.27	44.50	47.00	4305848	198716864.00
2018/11/13	47.21	50.10	47.17	49.40	4769371	232956272.00
2018/11/14	48.94	49.78	48.50	48.50	3230767	158077056.00
2018/11/15	48.00	49.79	47.36	48.86	4194630	203693296.00
2018/11/16	48.92	48.99	46.00	47.75	4003819	190109856.00
2018/11/19	47.22	48.07	46.60	47.94	2186882	104076968.00
2018/11/20	47.61	47.78	45.90	46.07	2291330	106848392.00
2018/11/21	45.90	47.62	45.78	47.01	2216465	104129496.00
2018/11/22	47.05	47.96	46.40	47.62	1751059	82501440.00
2018/11/23	48.18	48.22	46.44	47.00	2205146	103617816.00
2018/11/26	47.01	47.20	46.30	46.90	1691322	79081800.00
2018/11/27	46.91	47.10	46.34	46.50	1856007	86592640.00
2018/11/28	46.80	48.18	46.30	47.75	1842489	87203104.00
2018/11/29	48.01	48.92	47.51	47.89	2431086	117505680.00
2018/11/30	47.41	48.80	47.20	48.61	2294937	110648776.00
2018/12/03	50.50	51.98	49.56	50.20	3455360	173485984.00
2018/12/04	50.15	51.71	49.83	51.36	3330399	169827216.00
2018/12/05	50.97	52.09	50.64	51.35	3449526	176849360.00
2018/12/06	51.00	51.15	46.22	46.46	8292069	395412096.00
2018/12/07	46.41	47.50	43.50	46.47	8415291	382551840.00
2018/12/10	46.20	47.37	45.26	46.60	5144852	239738000.00
2018/12/11	47.49	49.70	47.35	49.03	4874032	236674240.00
2018/12/12	49.50	49.65	47.11	48.00	4945116	237691120.00
2018/12/13	48.36	48.99	47.50	48.28	4878223	236564832.00
2018/12/14	48.10	48.73	46.50	46.70	6009358	284961056.00
2018/12/17	46.88	46.88	45.00	45.86	4657122	212417600.00
2018/12/18	45.66	46.64	45.43	46.38	2955921	136574320.00
2018/12/19	46.11	46.61	45.46	45.84	2692659	124257048.00
2018/12/20	45.18	45.96	43.61	43.78	4586409	203616912.00
2018/12/21	43.80	44.50	41.70	42.43	4814574	204860176.00
2018/12/24	42.76	44.25	42.32	43.82	2008713	87416976.00
2018/12/25	43.04	44.55	42.10	44.50	4120762	179291008.00
2018/12/26	43.50	44.21	42.73	43.41	4192101	181607344.00
2018/12/27	43.90	44.58	42.10	43.25	4122209	179968368.00
2018/12/28	43.09	43.78	42.20	42.75	3213958	137997152.00
2019/01/02	43.24	43.24	39.10	39.20	6756200	271470336.00
2019/01/03	39.28	40.31	37.97	38.50	7158417	279781856.00
数据来源:通达信
