300475 聚隆科技 日线 前复权
      日期	    开盘	    最高	    最低	    收盘	    成交量	    成交额
2015/06/10	11.22	12.38	11.22	12.38	14700	186128.00
2015/06/11	13.65	13.65	13.65	13.65	2200	30668.00
2015/06/12	15.04	15.04	15.04	15.04	2100	32193.00
2015/06/15	16.57	16.57	16.57	16.57	3671	61893.06
2015/06/16	18.26	18.26	18.26	18.26	5200	96460.00
2015/06/17	20.12	20.12	20.12	20.12	19700	402077.00
2015/06/18	22.16	22.16	22.16	22.16	12900	289605.00
2015/06/19	24.41	24.41	24.41	24.41	94019	2322269.25
2015/06/23	26.88	26.88	26.88	26.88	30700	834119.00
2015/06/24	29.60	29.60	29.60	29.60	18029	538886.81
2015/06/25	32.59	32.59	32.59	32.59	20200	664176.00
2015/06/26	35.88	35.88	29.93	35.88	24561277	869213568.00
2015/06/29	32.31	34.51	32.26	32.26	4994500	165065328.00
2015/06/30	29.01	34.70	29.01	30.54	17497450	532841056.00
2015/07/01	29.96	33.11	27.72	28.63	16049342	494869120.00
2015/07/02	27.21	28.10	25.74	25.74	8309216	222246784.00
2015/07/03	24.01	25.61	23.14	23.14	7507241	179451776.00
2015/07/06	25.48	25.48	20.80	21.56	10763661	253838320.00
2015/07/07	20.51	20.51	19.38	19.38	3470087	69197720.00
2015/07/08	17.41	18.71	17.41	17.41	9765586	174932240.00
2015/07/09	17.41	19.18	17.32	19.18	4977453	94462840.00
2015/07/10	21.13	21.13	21.13	21.13	344857	7386837.00
2015/07/13	23.27	23.27	23.27	23.27	218638	5151111.50
2015/07/14	25.63	25.63	24.93	25.63	6389546	165282480.00
2015/07/15	26.40	26.56	23.04	23.04	12886096	320615840.00
2015/07/16	21.11	24.67	20.91	23.46	8339842	195679328.00
2015/07/17	23.72	25.76	23.61	25.31	7897550	198651824.00
2015/07/20	25.31	25.91	24.12	24.80	7792986	197836592.00
2015/07/21	24.21	26.37	23.62	26.03	8698353	223737280.00
2015/07/22	25.73	26.21	24.92	25.71	7431629	192002640.00
2015/07/23	25.63	28.31	25.48	28.31	9135276	249076608.00
2015/07/24	29.21	30.69	27.41	28.09	14328369	426822720.00
2015/07/27	27.10	29.48	25.25	25.25	9419503	262445392.00
2015/07/28	23.71	26.31	22.81	24.71	7374251	182570048.00
2015/07/29	25.71	27.21	24.16	27.21	7317780	189939808.00
2015/07/30	27.49	29.53	26.21	27.56	11622596	333856256.00
2015/07/31	26.71	30.35	26.59	30.35	17612669	523006688.00
2015/08/03	29.71	33.41	28.29	33.41	20295805	638001088.00
2015/08/04	32.70	35.18	30.04	30.36	19418861	615005248.00
2015/08/05	29.51	33.43	29.21	33.43	19062634	619352576.00
2015/08/06	32.69	35.70	30.21	34.11	19034561	626699648.00
2015/08/07	32.73	36.07	32.33	34.18	16537817	573004352.00
2015/08/10	33.72	35.70	33.37	35.17	14371002	500076128.00
2015/08/11	35.00	38.72	34.56	38.72	15814455	608364992.00
2015/08/12	39.71	40.21	36.22	36.31	20670857	793891072.00
2015/08/13	34.67	37.31	34.21	35.76	13417060	479657472.00
2015/08/14	35.85	36.32	34.57	34.73	9926320	353153056.00
2015/08/17	33.96	34.30	31.72	31.79	9250141	302906944.00
2015/08/18	31.33	33.37	28.58	28.93	9453285	298611616.00
2015/08/19	28.59	30.46	26.59	29.98	8649565	253222272.00
2015/08/20	29.60	29.91	27.81	27.95	5210477	151935552.00
2015/08/21	26.99	28.41	26.16	26.18	4759333	131373160.00
2015/08/24	24.76	24.91	23.53	23.53	3201407	77016808.00
2015/08/25	21.15	24.69	21.15	21.15	7207548	161947408.00
2015/08/26	21.64	23.29	20.78	22.42	12548746	286372192.00
2015/08/27	23.00	23.33	20.71	23.04	9563448	216382656.00
2015/08/28	23.11	24.69	22.16	24.20	9747356	229105024.00
2015/08/31	23.60	23.61	21.75	21.75	5603952	128973976.00
2015/09/01	21.01	21.06	19.55	19.55	4730327	95906128.00
2015/09/02	18.16	20.55	17.84	17.93	4823250	93875632.00
2015/09/07	18.71	19.73	18.01	18.61	5038771	96590496.00
2015/09/08	18.52	20.50	18.03	20.50	7043710	142008784.00
2015/09/09	21.27	22.10	21.06	21.89	9177325	201031360.00
2015/09/10	21.01	21.68	20.84	20.93	5337976	114806608.00
2015/09/11	21.08	21.88	21.01	21.82	4927846	107039824.00
2015/09/14	21.71	21.90	19.61	19.61	4437460	92909536.00
2015/09/15	18.71	19.41	17.71	17.75	4090457	75961360.00
2015/09/16	18.00	19.55	18.00	19.55	4532963	86504400.00
2015/09/17	19.62	20.23	18.96	19.10	5302938	106186376.00
2015/09/18	19.32	19.71	19.07	19.50	3329675	65410920.00
2015/09/21	19.21	20.81	19.01	20.76	4597038	93832968.00
2015/09/22	21.13	21.39	20.26	20.97	5676631	120463824.00
2015/09/23	20.34	23.10	20.31	23.10	10062985	231515584.00
2015/09/24	24.19	24.20	22.32	22.63	12931381	303447456.00
2015/09/25	22.21	23.12	20.71	20.90	6851895	151571776.00
2015/09/28	21.19	22.36	21.01	22.16	4646770	102144208.00
2015/09/29	21.65	22.01	21.07	21.40	3662105	79944504.00
2015/09/30	21.51	21.70	20.72	21.26	2732839	58973404.00
2015/10/08	21.97	22.86	21.76	22.42	4741675	107167616.00
2015/10/09	22.23	22.69	22.10	22.51	4100632	93314256.00
2015/10/12	22.61	23.99	22.61	23.71	6866001	162740048.00
2015/10/13	23.48	23.71	23.13	23.50	4750449	112711104.00
2015/10/14	23.22	24.21	23.10	23.10	5703252	136060624.00
2015/10/15	23.01	24.11	22.62	24.01	6090944	144919920.00
2015/10/16	24.01	24.26	23.23	23.95	6893366	165527280.00
2015/10/19	23.96	24.41	23.21	23.80	6492223	156943328.00
2015/10/20	23.62	24.66	23.46	24.66	7537670	184439760.00
2015/10/21	24.70	27.16	23.74	24.70	15194240	393097120.00
2015/10/22	24.97	26.17	23.89	25.84	10901813	278553568.00
2015/10/23	25.71	26.81	25.13	26.36	10156173	265230864.00
2015/10/26	26.91	26.93	25.71	26.43	7537661	200144672.00
2015/10/27	26.01	26.43	24.89	26.43	5830116	151669280.00
2015/10/28	26.09	26.89	25.61	26.78	7482387	199692768.00
2015/10/29	27.21	28.06	26.51	27.09	7003450	191693200.00
2015/10/30	26.72	27.69	26.48	26.80	6901100	188269344.00
2015/11/02	25.78	28.09	25.51	26.92	9541818	261714480.00
2015/11/03	26.36	27.61	26.28	27.22	7011407	190948512.00
2015/11/04	27.42	28.98	27.42	28.51	8366307	237530224.00
2015/11/05	28.54	29.59	28.01	28.36	7088659	205192832.00
2015/11/06	28.51	30.19	28.23	30.08	7660249	227052432.00
2015/11/09	29.71	31.79	29.06	31.04	8359237	258383024.00
2015/11/10	31.06	32.34	30.31	32.01	7554603	239780800.00
2015/11/11	31.58	35.06	31.21	34.69	8218540	277624512.00
2015/11/12	34.41	37.61	33.72	37.01	9733621	350150144.00
2015/11/13	35.91	36.44	33.28	33.28	11577788	396680320.00
2015/11/16	31.31	33.19	31.11	32.56	5722256	185459680.00
2015/11/17	32.79	33.34	30.72	30.72	5967661	194457568.00
2015/11/18	30.71	31.19	29.33	29.42	4480853	135808896.00
2015/11/19	29.31	30.99	29.31	30.96	4068213	124127344.00
2015/11/20	30.96	32.27	30.51	31.32	4202611	132502920.00
2015/11/23	31.31	32.21	30.72	31.21	3432368	108878688.00
2015/11/24	31.38	32.98	31.06	32.94	10065554	325138656.00
2015/11/25	32.91	32.93	32.01	32.61	6462342	211761024.00
2015/11/26	32.66	34.04	32.43	32.68	6785515	227100784.00
2015/11/27	32.36	32.68	29.39	29.86	6364182	199929088.00
2015/11/30	29.41	31.85	29.36	31.63	6828645	210168272.00
2015/12/01	31.61	33.00	30.56	31.58	6442227	207940752.00
2015/12/02	31.28	31.42	28.89	30.26	3587469	109427248.00
2015/12/03	30.55	32.44	30.33	32.44	4774645	151641696.00
2015/12/04	32.21	33.04	31.57	31.99	5798891	189526768.00
2015/12/07	32.11	32.41	31.58	32.01	3445974	111188272.00
2015/12/08	32.09	33.00	31.71	32.31	5503262	179771872.00
2015/12/09	32.11	32.21	30.58	30.82	4908148	154403856.00
2015/12/10	30.82	31.14	29.86	30.21	3317354	101888176.00
2015/12/11	30.31	32.36	29.61	31.57	5601704	175981360.00
2015/12/14	30.93	32.59	30.91	32.58	3990786	128190736.00
2015/12/15	32.11	33.11	32.09	32.12	3872706	127143648.00
2015/12/16	32.01	33.66	32.01	32.81	5487967	182818064.00
2015/12/17	33.21	34.09	32.87	34.04	6418387	217245584.00
2015/12/18	33.64	34.40	32.93	33.14	4981232	168321408.00
2015/12/21	33.14	33.39	32.41	32.95	2874960	94982200.00
2015/12/22	33.72	35.21	33.72	34.00	5712567	197932592.00
2015/12/23	33.51	34.99	33.19	33.81	5856037	202768720.00
2015/12/24	33.54	34.48	32.61	34.48	4559817	153778848.00
2015/12/25	34.52	35.52	33.97	34.96	6915581	242945408.00
2015/12/28	34.71	35.19	32.72	32.80	5853445	200211600.00
2015/12/29	32.69	33.31	32.61	33.26	2551603	84960608.00
2015/12/30	33.16	33.67	32.91	33.35	2635055	88363712.00
2015/12/31	33.26	33.48	31.02	31.25	3685362	119806792.00
2016/01/04	31.31	31.51	28.10	28.10	3090345	92288976.00
2016/01/05	25.91	28.02	25.31	26.42	4080675	110151304.00
2016/01/06	26.51	27.68	26.47	27.51	3355522	91956208.00
2016/01/07	26.91	26.95	24.73	24.73	887800	23051040.00
2016/01/08	25.51	25.96	22.31	24.69	3533247	88712496.00
2016/01/11	24.16	24.16	22.19	22.20	3068488	71763632.00
2016/01/12	22.41	23.20	21.99	22.71	2166927	49709660.00
2016/01/13	22.91	23.34	22.37	22.41	1827779	42330412.00
2016/01/14	22.21	23.89	21.71	23.78	2911769	67596984.00
2016/01/15	23.78	24.05	22.54	22.91	2683043	63413128.00
2016/01/18	22.74	24.11	22.56	23.64	2718130	64786576.00
2016/01/19	23.41	24.61	23.41	24.42	3005720	73104680.00
2016/01/20	24.21	24.71	23.94	24.14	3016457	74185104.00
2016/01/21	23.81	24.71	22.71	22.80	2541673	62043992.00
2016/01/22	23.31	23.66	22.71	23.40	2108879	49451516.00
2016/01/25	24.01	24.17	23.40	23.64	1592888	38431600.00
2016/01/26	23.14	23.60	21.26	21.30	2244329	50617572.00
2016/01/27	21.71	21.71	19.75	21.17	1905533	40087860.00
2016/01/28	20.69	21.12	19.33	19.53	1460870	29987850.00
2016/01/29	19.61	20.90	19.47	20.57	1734201	35639524.00
2016/02/01	20.56	20.73	19.75	20.17	1189650	24546010.00
2016/02/02	20.19	21.15	20.18	21.04	1538345	32623968.00
2016/02/03	20.77	21.18	20.46	21.02	1321888	27810054.00
2016/02/04	21.10	21.85	21.02	21.66	2161482	47218636.00
2016/02/05	21.67	23.86	21.52	23.86	6303695	147965552.00
2016/02/15	22.83	23.69	22.81	23.26	3898939	91475544.00
2016/02/16	23.33	24.44	23.27	24.09	5136469	124213320.00
2016/02/17	24.01	24.20	23.46	24.01	3166155	76425104.00
2016/02/18	24.31	24.37	23.47	23.47	3130903	75514784.00
2016/02/19	23.47	23.80	23.26	23.59	2039896	48622920.00
2016/02/22	24.31	24.31	23.72	24.00	2611112	63256756.00
2016/02/23	24.06	24.21	23.41	23.80	2173297	52424736.00
2016/02/24	23.80	25.69	23.58	25.06	6997158	175512416.00
2016/02/25	24.57	24.66	22.53	22.53	5032951	119364328.00
2016/02/26	22.68	23.05	21.51	21.99	2192087	49326072.00
2016/02/29	21.71	22.06	19.76	19.84	2180760	44744572.00
2016/03/01	20.03	20.69	19.71	20.47	1754944	36037716.00
2016/03/02	20.47	21.56	20.31	21.46	1998049	42555392.00
2016/03/03	21.46	22.21	21.38	21.41	2189490	48313488.00
2016/03/04	21.30	21.41	19.94	20.32	1978050	41396712.00
2016/03/07	20.63	21.55	20.63	20.96	1853463	39808704.00
2016/03/08	20.98	21.39	19.96	21.31	1532263	32181872.00
2016/03/09	20.73	21.19	20.62	20.78	1216190	25766350.00
2016/03/10	20.65	21.29	20.65	20.79	1256955	26705662.00
2016/03/11	20.73	21.26	20.32	21.21	1575661	33435430.00
2016/03/14	21.61	22.51	21.41	22.03	3011630	67517296.00
2016/03/15	21.89	22.16	21.42	21.59	1716090	37840160.00
2016/03/16	22.04	22.26	20.91	21.07	1623634	35381012.00
2016/03/17	21.21	22.01	20.74	21.93	2531314	55719224.00
2016/03/18	22.04	22.89	22.00	22.86	3595519	82206336.00
2016/03/21	23.21	23.56	22.76	23.31	3547619	82838096.00
2016/03/22	23.27	23.69	22.83	23.41	3184550	75125968.00
2016/03/23	23.27	24.01	23.16	23.94	3353217	80293568.00
2016/03/24	23.70	24.91	23.43	24.16	5063102	125124344.00
2016/03/25	24.27	24.61	23.79	24.21	3104442	75826536.00
2016/03/28	23.71	24.00	22.98	23.04	5770309	137921360.00
2016/03/29	23.01	23.09	21.86	22.12	3293249	74381088.00
2016/03/30	22.31	23.20	22.31	23.14	2841055	65319292.00
2016/03/31	23.19	23.70	23.10	23.29	3391212	80238592.00
2016/04/01	23.20	23.21	22.56	22.98	2332943	53994512.00
2016/04/05	23.10	23.96	22.98	23.89	3626531	86470216.00
2016/04/06	23.88	24.35	23.60	24.09	4121644	100010032.00
2016/04/07	24.21	24.28	23.46	23.51	3374444	81164520.00
2016/04/08	23.26	23.35	22.93	23.31	2276993	53327996.00
2016/04/11	23.46	24.17	23.46	24.00	2866152	69540576.00
2016/04/12	24.00	24.37	23.52	23.74	3055316	73956704.00
2016/04/13	23.89	24.47	23.82	24.11	3887252	95361432.00
2016/04/14	24.23	25.56	24.13	25.30	5904283	147821856.00
2016/04/15	25.01	25.56	24.71	25.06	4768876	120859384.00
2016/04/18	24.71	24.88	24.16	24.32	2694160	66415164.00
2016/04/19	24.58	25.21	24.11	25.08	5058540	126475264.00
2016/04/20	25.08	26.38	23.81	25.36	10687231	273584768.00
2016/04/21	24.92	25.59	23.72	24.40	6288364	158280688.00
2016/04/22	23.71	24.37	23.39	24.21	4035136	97607976.00
2016/04/25	24.21	24.21	22.78	23.49	3353498	79378120.00
2016/04/26	23.35	23.91	23.17	23.90	2501595	59559336.00
2016/04/27	23.74	24.23	23.58	23.61	2707627	65492196.00
2016/04/28	23.89	24.96	23.80	24.44	4665104	114819560.00
2016/04/29	24.13	24.39	23.95	24.11	2474097	60542644.00
2016/05/03	24.20	25.18	23.99	25.15	3985405	99772792.00
2016/05/04	25.13	25.88	24.87	25.35	4856166	124171896.00
2016/05/05	25.35	25.81	25.13	25.61	4226808	109100808.00
2016/05/06	25.72	25.89	24.09	24.09	4829379	121401576.00
2016/05/09	23.73	23.82	22.70	22.71	3066470	72033032.00
2016/05/10	22.38	22.99	22.38	22.81	1817708	42024084.00
2016/05/11	23.07	23.28	22.59	22.60	2112859	49153728.00
2016/05/12	22.31	22.59	22.01	22.43	1587194	35818176.00
2016/05/13	22.71	22.94	22.26	22.47	1290111	29618914.00
2016/05/16	22.30	22.97	22.29	22.97	1305703	30005550.00
2016/05/17	23.12	23.27	22.78	22.98	1814212	42218296.00
2016/05/18	22.71	22.86	21.61	21.91	2073354	46420760.00
2016/05/19	22.01	22.60	22.01	22.12	1481220	33470584.00
2016/05/20	21.93	22.68	21.70	22.57	1589400	35819628.00
2016/05/23	22.57	23.37	22.57	23.31	2419357	56741656.00
2016/05/24	23.17	23.47	22.74	22.94	1536300	35683516.00
2016/05/25	23.30	23.40	22.92	23.00	1440693	33545006.00
2016/05/26	22.90	23.19	22.13	23.12	1737888	39826608.00
2016/05/27	23.21	24.30	22.93	23.86	3981591	94995264.00
2016/05/30	23.47	23.82	23.14	23.33	2248923	53262356.00
2016/05/31	23.30	24.47	23.28	24.36	3655603	88796232.00
2016/06/01	24.36	24.99	24.26	24.51	4111360	101978360.00
2016/06/02	24.34	25.22	24.33	25.11	4294131	107777400.00
2016/06/03	25.11	25.47	24.72	25.12	5505665	139397792.00
2016/06/06	25.17	25.28	24.38	24.73	3509730	87680920.00
2016/06/07	24.65	26.10	24.53	25.92	6600033	169027616.00
2016/06/08	25.79	25.92	25.12	25.58	5084691	130765744.00
2016/06/13	25.04	25.11	23.22	23.22	4364640	107470256.00
2016/06/14	23.08	23.81	23.07	23.58	2012030	47545248.00
2016/06/15	23.32	25.01	23.13	24.63	3564973	87522544.00
2016/06/16	24.52	24.70	23.84	24.17	3648923	89638400.00
2016/06/17	24.31	25.19	24.18	25.19	4607585	115346824.00
2016/06/20	25.31	26.70	24.83	26.16	8605128	224152928.00
2016/06/21	26.40	26.40	25.33	25.61	5984003	155707328.00
2016/06/22	25.49	26.53	25.49	26.53	5710128	150487056.00
2016/06/23	26.72	26.72	25.82	26.23	4351503	114988736.00
2016/06/24	26.32	26.50	24.82	25.69	5024081	130266232.00
2016/06/27	25.15	26.50	25.04	26.49	5715827	150202832.00
2016/06/28	26.32	27.07	26.12	26.86	5503571	148127920.00
2016/06/29	26.92	27.70	26.86	27.14	5142364	140848208.00
2016/06/30	27.20	27.27	26.45	26.76	3885972	104743016.00
2016/07/01	26.84	29.45	26.84	28.57	11762487	334336352.00
2016/07/04	29.32	29.32	28.21	29.20	9740186	282032416.00
2016/07/05	28.81	28.82	27.77	27.81	14050392	398856192.00
2016/07/06	27.58	28.30	27.45	27.90	6755285	189920592.00
2016/07/07	27.69	28.21	27.63	28.00	4509493	126784296.00
2016/07/08	27.87	28.01	27.32	27.33	4984073	138920144.00
2016/07/11	27.33	27.47	26.52	26.54	4575617	124040152.00
2016/07/12	26.59	27.29	26.24	27.27	3504237	94504600.00
2016/07/13	27.12	27.60	26.95	27.28	2838204	78132832.00
2016/07/14	27.34	27.72	27.22	27.50	2525155	69877920.00
2016/07/15	27.44	27.57	27.15	27.25	1842599	50653508.00
2016/07/18	27.14	27.39	26.85	27.22	1751462	47848856.00
2016/07/19	27.22	27.40	26.92	27.37	1630960	44668120.00
2016/07/20	27.37	27.87	27.26	27.47	2918368	81216192.00
2016/07/21	27.56	27.72	26.93	26.99	2741652	75707320.00
2016/07/22	26.97	27.16	26.00	26.03	3798742	101010008.00
2016/07/25	25.81	26.42	25.81	26.21	1476857	39044432.00
2016/07/26	26.32	27.02	26.13	26.95	2450376	65599944.00
2016/07/27	26.97	27.11	24.95	25.16	3924121	102205536.00
2016/07/28	25.16	25.47	24.52	25.03	2273342	57292984.00
2016/07/29	25.03	25.30	24.65	24.94	1442487	36267244.00
2016/08/01	24.86	24.92	23.85	24.27	1912324	46519492.00
2016/08/02	24.28	24.68	24.22	24.66	1239152	30556600.00
2016/08/03	24.52	24.85	24.33	24.66	1197987	29695656.00
2016/08/04	24.75	24.91	24.47	24.78	970018	24160192.00
2016/08/05	24.77	24.96	24.44	24.49	1263191	31457670.00
2016/08/08	24.58	24.77	24.11	24.74	1290200	31732260.00
2016/08/09	24.85	25.03	24.70	25.02	1494827	37514240.00
2016/08/10	25.02	25.14	24.82	24.84	1310354	32945462.00
2016/08/11	24.84	24.98	24.53	24.55	1324687	33045986.00
2016/08/12	24.55	24.87	24.32	24.85	1144109	28412098.00
2016/08/15	24.85	25.51	24.55	25.40	2272125	57555584.00
2016/08/16	25.43	25.77	25.34	25.52	1907214	49156852.00
2016/08/17	25.52	25.92	25.42	25.62	1552517	40095040.00
2016/08/18	25.45	25.47	25.17	25.19	2636777	67128000.00
2016/08/19	25.18	25.28	24.93	25.10	2098706	52986556.00
2016/08/22	25.22	25.28	24.94	25.02	1616979	40874460.00
2016/08/23	24.96	25.36	24.92	25.08	1301200	32983476.00
2016/08/24	25.09	25.45	25.03	25.37	1844710	46854680.00
2016/08/25	25.81	25.81	24.82	25.27	2034620	51562872.00
2016/08/26	25.20	25.58	25.13	25.25	1860306	47526844.00
2016/08/29	25.17	25.50	25.15	25.29	1475313	37627508.00
2016/08/30	25.37	25.46	25.24	25.35	1487470	37971040.00
2016/08/31	25.35	25.40	25.00	25.28	1535140	38887328.00
2016/09/01	25.27	25.47	25.14	25.24	1935246	49401844.00
2016/09/02	25.18	25.44	25.02	25.29	1515762	38542076.00
2016/09/05	25.32	25.59	25.24	25.28	1881720	48182428.00
2016/09/06	25.23	25.68	24.92	25.67	2243171	57259428.00
2016/09/07	25.72	25.81	25.53	25.55	2234131	57761244.00
2016/09/08	25.50	25.97	25.50	25.75	2081975	54055912.00
2016/09/09	25.91	26.08	25.53	25.67	1797609	46690316.00
2016/09/12	24.97	25.65	24.64	24.64	1947246	49088512.00
2016/09/13	24.74	24.93	24.65	24.75	944255	23562912.00
2016/09/14	24.63	24.75	24.23	24.29	1402913	34598168.00
2016/09/19	24.33	24.62	24.33	24.58	1095505	27068456.00
2016/09/20	24.56	24.76	24.40	24.51	751358	18594982.00
2016/09/21	24.60	24.78	24.45	24.62	769657	19114294.00
2016/09/22	24.69	25.10	24.69	24.86	1414574	35477536.00
2016/09/23	24.74	24.99	24.73	24.79	787104	19684388.00
2016/09/26	24.86	24.86	24.02	24.02	1278349	31468944.00
2016/09/27	24.01	24.36	23.84	24.26	1041663	25260332.00
2016/09/28	24.26	24.32	24.09	24.25	932155	22730526.00
2016/09/29	24.27	24.50	24.16	24.44	1060053	26013404.00
2016/09/30	24.38	24.77	24.38	24.61	823172	20410284.00
2016/10/10	24.65	25.14	24.63	25.13	1613640	40607064.00
2016/10/11	25.26	25.26	25.00	25.15	1375836	34801984.00
2016/10/12	25.07	25.27	24.99	25.14	1469568	37196256.00
2016/10/13	25.26	25.26	25.04	25.17	1219666	30911154.00
2016/10/14	25.25	25.41	24.96	25.35	1229954	31217576.00
2016/10/17	25.42	25.51	24.88	25.03	1216020	30906734.00
2016/10/18	24.97	25.42	24.97	25.42	1403711	35723688.00
2016/10/19	25.48	25.52	25.27	25.35	1257779	32117318.00
2016/10/20	25.40	25.97	25.30	25.69	2727016	70536288.00
2016/10/21	25.64	25.69	25.07	25.41	1668258	42624452.00
2016/10/24	25.50	25.70	25.25	25.69	1601875	41192316.00
2016/10/25	25.60	25.91	25.57	25.72	1622655	42107076.00
2016/10/26	25.80	25.80	25.47	25.72	1414946	36505232.00
2016/10/27	25.72	25.87	25.55	25.70	1284108	33259274.00
2016/10/28	25.76	26.08	25.62	25.70	1967520	51223008.00
2016/10/31	25.66	25.85	25.28	25.79	1616156	41581228.00
2016/11/01	25.91	27.21	25.80	26.81	6891723	185024208.00
2016/11/02	26.86	27.59	26.40	26.55	6010036	163670288.00
2016/11/03	26.41	27.30	26.41	26.81	4282362	116242408.00
2016/11/04	26.80	27.47	26.67	27.18	3339647	91358808.00
2016/11/07	27.20	27.62	27.01	27.53	4140261	114227424.00
2016/11/08	27.57	27.70	27.15	27.39	3011916	82855048.00
2016/11/09	27.41	27.62	26.72	27.07	3388599	92796504.00
2016/11/10	27.27	27.79	27.27	27.73	3702500	102819696.00
2016/11/11	27.70	27.99	27.42	27.57	3159353	87969856.00
2016/11/14	27.50	28.22	27.49	27.87	3866438	108677880.00
2016/11/15	27.94	28.48	27.73	28.31	4714614	133417872.00
2016/11/16	28.33	28.41	27.87	28.09	3517262	99394760.00
2016/11/17	27.90	28.37	27.20	27.72	3149403	87433096.00
2016/11/18	27.74	28.36	27.74	28.19	3871726	109638784.00
2016/11/21	28.12	29.37	27.95	29.27	5929444	171462384.00
2016/11/22	29.32	29.61	28.92	29.29	4150606	121899528.00
2016/11/23	29.22	29.27	28.73	28.80	3299560	96264944.00
2016/11/24	28.81	29.08	28.32	28.60	2830396	81941176.00
2016/11/25	28.36	28.96	27.83	28.82	2887889	82608472.00
2016/11/28	28.94	28.95	28.03	28.18	2294011	65557448.00
2016/11/29	28.10	28.31	27.17	27.32	2965768	82615256.00
2016/11/30	27.22	27.61	27.12	27.20	1873636	51486080.00
2016/12/01	27.26	27.37	26.80	26.98	2984146	81086408.00
2016/12/02	26.97	27.09	26.11	26.13	2594471	69367728.00
2016/12/05	26.13	26.60	25.93	26.25	1798716	47741572.00
2016/12/06	26.25	26.56	26.17	26.23	1517289	40349760.00
2016/12/07	26.17	26.60	26.08	26.53	1529629	40584040.00
2016/12/08	26.52	26.60	26.04	26.09	1309821	34731316.00
2016/12/09	26.10	26.27	25.93	26.03	1059441	27880318.00
2016/12/12	26.09	26.36	24.02	24.22	2778848	70349568.00
2016/12/13	24.27	24.80	24.02	24.70	1524705	37643224.00
2016/12/14	24.65	24.78	24.40	24.52	1097302	27191840.00
2016/12/15	24.33	25.12	24.33	24.76	1167994	29225048.00
2016/12/16	24.77	25.12	24.60	25.00	919729	23135730.00
2016/12/19	25.00	25.29	24.83	25.07	688798	17372266.00
2016/12/20	24.90	25.20	24.90	25.12	585175	14781214.00
2016/12/21	25.18	25.44	25.13	25.28	829953	21136688.00
2016/12/22	25.28	25.37	24.83	25.11	838061	21142236.00
2016/12/23	25.13	25.22	24.77	24.77	651725	16389622.00
2016/12/26	24.72	25.19	24.47	25.16	945918	23666240.00
2016/12/27	25.12	25.41	25.00	25.23	742783	18852456.00
2016/12/28	25.24	25.32	25.10	25.22	470512	11935945.00
2016/12/29	25.14	25.32	25.08	25.13	561519	14252318.00
2016/12/30	25.20	25.27	24.97	25.27	637987	16139180.00
2017/01/03	25.23	25.78	25.23	25.68	1265889	32598060.00
2017/01/04	25.69	25.77	25.57	25.62	737005	19067842.00
2017/01/05	25.63	25.75	25.50	25.54	573709	14783232.00
2017/01/06	25.54	25.69	25.07	25.10	858323	21893916.00
2017/01/09	25.10	25.57	24.95	25.57	789250	20056818.00
2017/01/10	25.50	26.09	25.32	25.36	1022766	26439272.00
2017/01/11	25.36	25.61	24.63	24.70	992800	25044670.00
2017/01/12	24.80	24.92	24.47	24.47	567231	14130921.00
2017/01/13	24.47	24.69	24.11	24.11	880320	21679910.00
2017/01/16	24.02	24.02	21.77	22.46	1507161	35065384.00
2017/01/17	22.58	23.12	22.17	22.87	1085401	24861378.00
2017/01/18	22.87	23.22	22.68	22.94	913666	21164612.00
2017/01/19	23.02	23.08	22.78	23.02	461095	10657454.00
2017/01/20	22.84	23.75	22.84	23.49	1053752	24919862.00
2017/01/23	23.49	24.02	23.49	23.96	1060061	25429694.00
2017/01/24	23.95	24.06	23.66	23.66	1263999	30475742.00
2017/01/25	23.62	24.24	23.62	23.91	700352	16926500.00
2017/01/26	23.82	23.91	23.51	23.58	1015460	24203108.00
2017/02/03	23.55	23.71	23.05	23.16	751965	17587754.00
2017/02/06	23.07	23.66	23.02	23.66	1006608	23723564.00
2017/02/07	23.62	24.02	23.53	23.56	612026	14617711.00
2017/02/08	23.70	23.85	23.42	23.81	881368	21020116.00
2017/02/09	23.81	24.09	23.69	23.92	778489	18770016.00
2017/02/10	23.92	24.06	23.82	23.83	784917	18909004.00
2017/02/13	23.81	24.17	23.65	24.09	1289083	31123482.00
2017/02/14	24.09	24.15	23.63	23.70	1016649	24430022.00
2017/02/15	23.69	23.90	23.51	23.54	982935	23483672.00
2017/02/16	23.47	23.77	23.46	23.66	668723	15919547.00
2017/02/17	23.64	23.75	23.13	23.18	800742	18922654.00
2017/02/20	23.17	23.44	22.82	23.37	760069	17790486.00
2017/02/21	23.29	23.72	23.28	23.61	965958	22938746.00
2017/02/22	23.53	23.82	23.53	23.73	1137686	27146408.00
2017/02/23	23.83	23.99	23.63	23.96	1485327	35642936.00
2017/02/24	23.89	24.18	23.84	24.11	993879	24078970.00
2017/02/27	23.93	24.63	23.93	24.10	1693328	41525248.00
2017/02/28	23.97	24.31	23.97	24.15	921803	22414748.00
2017/03/01	24.15	24.67	23.98	24.62	2424542	59687452.00
2017/03/02	24.58	25.00	24.28	24.33	3616613	89650880.00
2017/03/03	24.31	24.77	23.89	24.12	1666363	40548348.00
2017/03/06	24.16	24.67	24.16	24.42	1792490	44113240.00
2017/03/07	24.51	24.75	24.43	24.73	2516039	62309036.00
2017/03/08	24.76	25.17	24.53	25.15	3594826	90286312.00
2017/03/09	25.16	25.16	24.83	24.94	2152754	54086476.00
2017/03/10	24.92	25.07	24.69	24.79	1346101	33683832.00
2017/03/13	24.98	24.98	24.55	24.95	1428329	35663112.00
2017/03/14	24.95	26.78	24.91	25.60	5644826	145769216.00
2017/03/15	25.43	28.11	25.43	27.90	9422907	255336000.00
2017/03/16	27.60	29.42	27.33	29.25	7437331	210423344.00
2017/03/17	28.00	29.75	26.82	29.17	10422166	298786880.00
2017/03/20	29.10	31.72	28.24	30.95	9201098	274534208.00
2017/03/21	30.92	34.06	29.95	33.52	11925867	391308992.00
2017/03/22	33.11	33.11	30.15	30.15	14430212	452289024.00
2017/03/23	29.42	33.18	29.03	33.18	18482926	588705728.00
2017/03/24	33.18	35.48	32.84	35.27	12601752	431569248.00
2017/03/27	34.81	37.72	34.01	37.32	10355716	370331200.00
2017/03/28	36.42	38.65	36.20	37.72	7970065	300399680.00
2017/03/29	37.81	38.31	36.53	37.87	6159323	232145776.00
2017/03/30	37.80	37.81	35.82	36.42	6442230	238210672.00
2017/03/31	36.15	40.08	35.12	40.08	4496364	170918608.00
2017/04/18	36.05	36.05	36.05	36.05	69400	2514362.00
2017/04/19	32.43	32.43	32.43	32.43	79900	2605539.00
2017/04/20	29.17	29.17	29.17	29.17	156600	4596210.00
2017/04/21	26.24	26.24	26.24	26.24	1586800	41923256.00
2017/04/24	23.60	23.60	23.60	23.60	1355400	32231412.00
2017/04/25	21.23	24.32	21.22	22.64	38439853	840106112.00
2017/04/26	21.42	23.70	21.34	22.50	28603871	645942784.00
2017/04/27	22.23	23.06	21.37	22.75	19071808	428483104.00
2017/04/28	22.38	24.02	22.36	23.12	19266970	448904896.00
2017/05/02	22.82	23.39	21.98	22.17	15260796	349585888.00
2017/05/03	22.25	23.43	22.09	23.42	16198159	372907424.00
2017/05/04	23.43	25.28	22.82	24.07	21387096	515319808.00
2017/05/05	23.82	24.61	23.53	23.57	15143093	367214176.00
2017/05/08	22.95	23.32	21.58	21.98	9630166	220289232.00
2017/05/09	21.98	23.00	21.62	22.92	9256200	209165456.00
2017/05/10	22.92	23.78	22.72	23.01	12395669	290099104.00
2017/05/11	22.47	23.52	22.12	23.52	10512945	242862352.00
2017/05/12	23.28	23.85	23.14	23.50	10446072	247243728.00
2017/05/15	23.48	23.48	22.30	22.47	9495472	217712224.00
2017/05/16	22.32	22.98	21.70	22.86	8673882	195680064.00
2017/05/17	22.62	23.07	22.34	22.45	8272292	189822864.00
2017/05/18	22.02	22.71	21.93	22.09	6000301	135037104.00
2017/05/19	22.19	22.66	21.71	21.79	5588892	124360736.00
2017/05/22	21.60	21.87	19.60	19.60	9455250	193901456.00
2017/05/23	18.52	18.80	17.63	17.63	11067725	201624048.00
2017/05/24	17.28	18.09	17.14	17.86	6129731	108816424.00
2017/05/25	17.79	18.01	16.46	17.58	7502478	130769248.00
2017/05/26	17.43	18.20	17.43	17.83	6484493	116223568.00
2017/05/31	18.13	18.35	17.30	17.33	5330315	96117680.00
2017/06/01	17.15	17.36	15.59	15.62	7085809	117018744.00
2017/06/02	15.71	16.88	15.66	16.46	7394344	120035888.00
2017/06/05	16.79	17.16	16.47	16.61	6303754	106603552.00
2017/06/06	16.65	17.09	16.53	16.81	4864438	82375952.00
2017/06/07	16.65	18.12	16.65	17.71	8674416	151483920.00
2017/06/08	17.56	17.73	17.11	17.29	6498065	113769528.00
2017/06/09	17.30	18.61	16.78	17.56	8613154	152069664.00
2017/06/12	17.09	17.31	16.71	16.74	5268178	90110616.00
2017/06/13	16.63	17.36	16.62	17.27	4449496	76556120.00
2017/06/14	17.27	17.70	17.22	17.56	4890077	85789736.00
2017/06/15	17.50	18.91	17.50	18.50	9853811	181896272.00
2017/06/16	18.37	18.66	17.97	18.31	5516773	101110400.00
2017/06/19	18.30	18.55	18.07	18.42	3842100	70640824.00
2017/06/20	18.40	18.51	17.96	18.16	3822002	70233808.00
2017/06/21	18.21	18.43	17.75	18.15	3647714	66018744.00
2017/06/22	18.12	18.28	17.21	17.24	4288809	76508248.00
2017/06/23	17.45	17.47	16.94	17.30	3429308	59338388.00
2017/06/26	17.30	17.64	16.92	17.62	3227682	56423688.00
2017/06/27	17.61	17.99	17.57	17.65	3376812	60339156.00
2017/06/28	17.61	17.75	17.21	17.31	2403799	41974536.00
2017/06/29	17.45	17.62	17.31	17.51	2343800	41216760.00
2017/06/30	17.41	17.78	17.31	17.63	2321300	40982136.00
2017/07/03	17.85	18.01	17.73	17.98	2585250	46412744.00
2017/07/04	18.03	18.40	17.79	17.93	4593300	83780736.00
2017/07/05	17.93	18.13	17.71	18.09	3177093	57289764.00
2017/07/06	18.05	18.19	17.83	17.97	3104760	56240196.00
2017/07/07	17.93	18.33	17.93	18.16	3249926	59305364.00
2017/07/10	18.14	18.35	17.63	17.65	3374638	60564128.00
2017/07/11	17.62	17.76	16.97	17.06	3350658	58299732.00
2017/07/12	17.12	17.26	16.56	16.96	3001400	50813572.00
2017/07/13	16.95	16.96	16.66	16.76	2035100	34290524.00
2017/07/14	16.64	16.71	16.23	16.39	2667751	44117352.00
2017/07/17	16.31	16.31	14.74	14.74	4147500	63267336.00
2017/07/18	14.46	14.83	14.11	14.76	3717849	54161884.00
2017/07/19	14.61	15.19	14.46	15.08	2648540	39653848.00
2017/07/20	15.01	15.39	14.73	14.79	3204724	48364880.00
2017/07/21	14.71	14.96	14.43	14.53	1954800	28823428.00
2017/07/24	14.43	14.85	14.19	14.84	2785164	40699524.00
2017/07/25	14.84	14.92	14.62	14.72	1815964	26958430.00
2017/07/26	14.75	14.83	14.47	14.54	1552500	22830730.00
2017/07/27	14.66	15.31	14.52	15.15	3872000	58448808.00
2017/07/28	15.11	15.35	15.03	15.09	2801700	42816588.00
2017/07/31	14.96	15.28	14.85	15.11	2527630	38313248.00
2017/08/01	15.16	15.18	14.89	15.08	1900900	28712168.00
2017/08/02	15.08	15.08	14.71	14.74	1784500	26736248.00
2017/08/03	14.73	15.25	14.67	15.08	2797200	42408576.00
2017/08/04	15.04	15.16	14.71	14.75	2809668	42103848.00
2017/08/07	14.78	15.38	14.75	15.26	4542650	69369856.00
2017/08/08	15.08	16.00	14.93	15.75	5676901	88130008.00
2017/08/09	15.62	15.69	15.32	15.39	3308511	51510168.00
2017/08/10	15.35	15.54	14.92	15.03	2866500	43731388.00
2017/08/11	14.92	15.18	14.82	14.86	2348500	35423700.00
2017/08/14	14.82	15.25	14.82	15.23	2119900	32228644.00
2017/08/15	15.23	15.49	15.16	15.32	2323400	35770776.00
2017/08/16	15.34	15.79	15.13	15.72	4040600	63185496.00
2017/08/17	15.70	16.01	15.50	15.84	3597264	56988108.00
2017/08/18	15.61	15.74	15.42	15.55	2460750	38565164.00
2017/08/21	15.60	15.79	15.53	15.70	1573100	24744634.00
2017/08/22	15.77	15.78	15.44	15.47	2066100	32339924.00
2017/08/23	15.45	15.89	15.34	15.66	2557900	40138764.00
2017/08/24	15.60	15.89	15.55	15.64	2623100	41486520.00
2017/08/25	15.73	16.17	15.65	16.08	4547600	73130312.00
2017/08/28	16.21	16.56	16.03	16.29	5499639	89792088.00
2017/08/29	16.26	16.67	16.09	16.53	4858739	79992072.00
2017/08/30	16.39	16.69	16.26	16.45	3662064	60553664.00
2017/08/31	16.42	17.03	16.37	16.90	4889100	82220872.00
2017/09/01	16.99	17.01	16.68	16.80	3146800	53133304.00
2017/09/04	16.79	16.82	16.52	16.60	2840000	47508760.00
2017/09/05	16.65	16.74	16.48	16.72	2510522	41915400.00
2017/09/06	16.71	17.03	16.56	17.00	3653367	61764624.00
2017/09/07	17.01	17.62	16.91	16.92	4671589	80876432.00
2017/09/08	16.94	17.06	16.58	16.71	3035251	51089464.00
2017/09/11	16.75	16.87	16.62	16.84	1792342	30204718.00
2017/09/12	16.88	16.88	16.40	16.45	3646286	60900088.00
2017/09/13	16.40	16.61	16.39	16.53	1492840	24811428.00
2017/09/14	16.62	16.80	16.47	16.47	1726602	28832900.00
2017/09/15	16.46	16.60	16.37	16.43	1262200	20919112.00
2017/09/18	16.50	16.55	16.26	16.46	1714679	28289624.00
2017/09/19	16.41	16.51	16.13	16.22	1872627	30768228.00
2017/09/20	16.19	16.52	16.19	16.49	1604444	26373646.00
2017/09/21	16.51	16.57	16.24	16.29	2052061	33879312.00
2017/09/22	16.31	16.49	16.11	16.41	1427957	23481714.00
2017/09/25	16.32	16.51	16.13	16.14	1539427	25303358.00
2017/09/26	16.07	16.19	15.47	15.72	2270712	36045804.00
2017/09/27	15.69	15.86	15.63	15.85	1200300	19048906.00
2017/09/28	15.82	15.95	15.64	15.66	923400	14641567.00
2017/09/29	15.62	15.94	15.62	15.94	1092623	17333628.00
2017/10/09	15.94	16.30	15.94	16.17	1408900	22909542.00
2017/10/10	16.26	16.60	16.14	16.51	2120750	35064912.00
2017/10/11	16.57	16.57	16.25	16.31	1506400	24798964.00
2017/10/12	16.26	16.37	16.06	16.23	1362523	22212678.00
2017/10/13	16.23	16.56	16.16	16.48	1878000	30999212.00
2017/10/16	16.48	16.49	15.65	15.75	2046500	32897796.00
2017/10/17	15.75	16.04	15.71	15.85	1150900	18387602.00
2017/10/18	15.98	16.29	15.82	15.86	2657332	42821648.00
2017/10/19	15.52	15.79	14.56	15.06	2967066	45377104.00
2017/10/20	15.06	15.35	15.02	15.23	1225325	18730752.00
2017/10/23	15.28	15.44	15.16	15.35	1104133	17041118.00
2017/10/24	15.40	15.40	15.06	15.15	1129200	17220000.00
2017/10/25	15.12	15.34	15.07	15.27	1160900	17784250.00
2017/10/26	15.27	15.46	15.19	15.39	1100400	16986836.00
2017/10/27	15.35	15.42	15.12	15.14	1079200	16589397.00
2017/10/30	15.24	15.25	14.68	14.91	1708700	25756534.00
2017/10/31	14.81	15.13	14.79	15.09	958430	14453425.00
2017/11/01	15.83	16.61	15.75	16.61	10820324	177874752.00
2017/11/02	16.69	17.04	16.11	16.50	12969618	216286032.00
2017/11/03	16.21	16.46	15.98	16.22	6176106	100431344.00
2017/11/06	16.20	16.67	16.14	16.41	5863000	97011704.00
2017/11/07	16.29	16.35	15.91	16.24	4288630	69382712.00
2017/11/08	16.24	16.57	16.05	16.27	4703796	77293824.00
2017/11/09	16.08	16.90	16.07	16.90	6650146	110578768.00
2017/11/10	16.81	16.86	16.55	16.60	4484200	75175952.00
2017/11/13	16.51	16.61	16.18	16.28	3452022	56911368.00
2017/11/14	16.28	16.53	15.99	16.48	3416422	55702148.00
2017/11/15	16.32	16.71	16.19	16.63	3661114	60718652.00
2017/11/16	16.64	17.31	16.31	16.95	7575224	129348272.00
2017/11/17	16.82	17.31	15.26	15.41	7135650	117941576.00
2017/11/20	14.91	14.93	13.87	14.78	4118250	60311352.00
2017/11/21	14.69	14.82	14.19	14.33	3077002	44764944.00
2017/11/22	14.34	14.47	13.92	13.97	2602500	37128644.00
2017/11/23	14.04	14.20	13.85	13.85	2081500	29356816.00
2017/11/24	13.82	14.03	13.81	13.96	1338800	18763626.00
2017/11/27	13.87	14.11	13.85	13.98	985000	13853370.00
2017/11/28	13.98	14.26	13.98	14.24	1251727	17781940.00
2017/11/29	14.29	14.29	13.90	14.07	1223700	17269964.00
2017/11/30	14.07	14.09	13.92	13.95	1014000	14270795.00
2017/12/01	13.95	14.13	13.86	14.07	1074800	15162289.00
2017/12/04	14.01	14.25	13.94	14.13	1591200	22580956.00
2017/12/05	13.93	14.61	13.53	14.31	3688132	52549496.00
2017/12/06	14.28	14.69	14.07	14.63	2360851	34349504.00
2017/12/07	14.63	15.06	14.50	14.88	2933027	43819284.00
2017/12/08	14.89	14.92	14.62	14.83	1727207	25675792.00
2017/12/11	14.73	14.86	14.70	14.78	1062300	15791846.00
2017/12/12	14.88	14.88	14.47	14.61	1016571	14901706.00
2017/12/13	14.45	14.84	14.45	14.81	1011800	14889170.00
2017/12/14	14.69	14.80	14.09	14.14	2466338	35472708.00
2017/12/15	14.09	14.44	14.07	14.21	1388205	19904804.00
2017/12/18	14.30	14.38	14.02	14.08	800500	11371380.00
2017/12/19	14.01	14.21	13.94	14.20	645930	9202129.00
2017/12/20	14.31	14.31	13.88	13.95	878900	12430907.00
2017/12/21	13.97	14.07	13.56	14.01	976130	13636593.00
2017/12/22	14.06	14.29	13.92	14.08	899000	12784186.00
2017/12/25	14.02	14.19	13.96	14.16	1023699	14529990.00
2017/12/26	14.17	14.66	14.12	14.53	1438899	20835038.00
2017/12/27	14.43	14.50	14.27	14.32	981702	14189016.00
2017/12/28	14.24	14.40	14.03	14.10	1370102	19525196.00
2017/12/29	14.13	14.30	14.07	14.29	1058600	15139345.00
2018/01/02	14.27	14.40	14.20	14.30	727902	10448119.00
2018/01/03	14.26	14.69	14.12	14.45	1889100	27393644.00
2018/01/04	14.49	14.49	14.31	14.34	850400	12305707.00
2018/01/05	14.34	14.53	14.28	14.41	683300	9899449.00
2018/01/08	14.41	14.41	14.06	14.31	1232000	17593416.00
2018/01/09	14.18	14.31	14.18	14.25	705730	10123949.00
2018/01/10	14.21	14.44	14.05	14.13	1454300	20807060.00
2018/01/11	14.15	14.33	13.97	14.29	1106900	15794897.00
2018/01/12	14.12	14.35	14.09	14.11	682900	9721808.00
2018/01/15	14.06	14.09	13.49	13.57	1620902	22457400.00
2018/01/16	13.57	13.74	13.56	13.68	963600	13256621.00
2018/01/17	13.69	13.85	13.49	13.81	978100	13462276.00
2018/01/18	13.69	13.99	13.65	13.80	723600	10083273.00
2018/01/19	13.69	14.03	13.69	13.99	1233700	17290452.00
2018/01/22	13.91	14.19	13.91	14.15	1587500	22511260.00
2018/01/23	14.14	14.21	14.02	14.09	768000	10907691.00
2018/01/24	13.99	14.27	13.91	14.22	1055325	15054941.00
2018/01/25	14.27	14.66	14.13	14.14	1404801	20323598.00
2018/01/26	14.14	14.45	14.05	14.28	1080707	15501929.00
2018/01/29	14.23	14.27	14.06	14.08	800430	11390106.00
2018/01/30	14.18	14.31	13.94	14.18	749800	10659142.00
2018/01/31	14.18	14.36	13.66	13.67	1455500	20295036.00
2018/02/01	13.61	13.87	13.21	13.32	1234301	16754819.00
2018/02/02	13.19	13.40	12.02	12.79	1106300	14489145.00
2018/02/05	12.45	13.01	12.39	12.98	474300	6160099.00
2018/02/06	12.74	12.92	11.91	12.00	804900	10048636.00
2018/02/07	12.27	12.44	11.92	12.34	834201	10294789.00
2018/02/08	12.11	12.71	12.11	12.71	465601	5887832.50
2018/02/09	12.49	12.86	12.21	12.73	663700	8336549.50
2018/02/12	12.47	13.10	12.47	13.10	785007	10232800.00
2018/02/13	13.15	13.15	12.86	12.96	328700	4301928.00
2018/02/14	12.83	13.14	12.83	13.04	289700	3789172.00
2018/02/22	13.26	13.26	12.96	13.08	413430	5440096.50
2018/02/23	13.31	13.31	12.99	13.16	565600	7482884.00
2018/02/26	13.26	13.43	13.09	13.26	910000	12146153.00
2018/02/27	13.33	13.33	12.94	13.08	850798	11250663.00
2018/02/28	13.09	13.16	13.03	13.11	852895	11244507.00
2018/03/01	13.04	13.90	13.04	13.87	2665188	36461920.00
2018/03/02	13.61	13.75	13.42	13.43	1413612	19328828.00
2018/03/05	13.32	13.55	13.20	13.40	790800	10636610.00
2018/03/06	13.42	13.51	13.28	13.41	860200	11601370.00
2018/03/07	13.34	13.46	13.18	13.22	623300	8364888.00
2018/03/08	13.15	13.38	13.15	13.33	719464	9625617.00
2018/03/09	13.39	13.62	13.27	13.59	1527664	20700528.00
2018/03/12	13.59	13.88	13.58	13.76	1872764	25886562.00
2018/03/13	13.75	13.90	13.52	13.78	1735421	24050816.00
2018/03/14	13.77	14.09	13.57	13.64	1644239	22914336.00
2018/03/15	13.58	13.70	13.11	13.34	1039736	14070703.00
2018/03/16	13.29	13.57	13.16	13.53	667301	9039810.00
2018/03/19	13.49	13.79	13.24	13.73	1235500	16994684.00
2018/03/20	13.71	13.71	13.41	13.53	1092498	14849437.00
2018/03/21	13.88	13.88	13.43	13.44	966136	13294336.00
2018/03/22	13.45	13.69	13.36	13.63	987851	13451777.00
2018/03/23	13.40	13.44	12.41	12.64	1529431	19986976.00
2018/03/26	12.49	12.88	11.96	12.71	933793	11713269.00
2018/03/27	12.81	13.20	12.76	13.20	983866	12956248.00
2018/03/28	13.00	13.26	12.92	13.12	710000	9391990.00
2018/03/29	13.25	13.33	13.12	13.30	600427	8003370.50
2018/03/30	13.24	13.63	13.24	13.58	1483221	20175502.00
2018/04/02	13.62	13.80	13.48	13.74	1322419	18164192.00
2018/04/03	13.53	14.08	13.42	13.97	4575744	63918112.00
2018/04/04	13.75	13.88	13.47	13.49	2025368	27908580.00
2018/04/09	13.49	13.58	13.11	13.31	1247530	16715724.00
2018/04/10	13.11	13.11	12.51	12.76	2882929	37104612.00
2018/04/11	12.76	13.10	12.76	13.01	1300403	17000596.00
2018/04/12	12.95	13.13	12.84	12.91	1252700	16365600.00
2018/04/13	12.91	13.06	12.73	12.73	847700	10988758.00
2018/04/16	12.58	12.96	12.58	12.79	763893	9844399.00
2018/04/17	12.91	12.91	12.42	12.43	790200	10072886.00
2018/04/18	12.64	12.65	12.12	12.58	920854	11527914.00
2018/04/19	12.51	12.66	12.41	12.46	688127	8695648.00
2018/04/20	12.43	12.50	12.16	12.28	721397	8935988.00
2018/04/23	11.96	12.21	11.53	11.87	1243114	14976857.00
2018/04/24	11.91	12.17	11.72	12.11	1161810	14083295.00
2018/04/25	12.06	12.41	11.91	12.21	671503	8258733.50
2018/04/26	12.18	12.22	11.77	11.78	722569	8692188.00
2018/04/27	11.81	12.04	11.79	11.87	506741	6083852.00
2018/05/02	11.89	12.07	11.81	11.88	515100	6198829.00
2018/05/03	11.88	12.01	11.59	12.01	664403	7905224.00
2018/05/04	12.69	13.16	12.56	12.61	4640442	59850164.00
2018/05/07	12.31	12.58	12.17	12.48	2815332	35000764.00
2018/05/08	12.28	12.75	12.28	12.61	1850532	23371400.00
2018/05/09	12.54	12.65	12.33	12.45	1351991	16966340.00
2018/05/10	12.42	12.57	12.38	12.56	1268250	15956564.00
2018/05/11	12.47	12.72	12.32	12.36	1255700	15828967.00
2018/05/14	12.36	12.65	11.91	12.58	1753053	22088260.00
2018/05/15	12.58	12.58	12.26	12.50	895200	11199324.00
2018/05/16	12.46	12.46	12.24	12.32	838500	10438993.00
2018/05/17	12.24	12.38	12.24	12.34	511401	6340525.50
2018/05/18	12.35	12.41	12.21	12.35	832001	10339036.00
2018/05/21	12.36	12.61	12.36	12.54	822901	10389268.00
2018/05/22	12.54	12.67	12.50	12.66	958975	12148958.00
2018/05/23	12.64	12.64	12.37	12.42	688600	8691321.00
2018/05/24	12.42	12.56	12.37	12.52	773400	9737660.00
2018/05/25	12.55	12.60	12.36	12.44	995378	12496416.00
2018/05/28	12.42	12.44	12.16	12.22	668278	8254643.50
2018/05/29	12.17	12.33	11.72	11.84	603900	7317400.00
2018/05/30	11.81	11.86	11.04	11.08	1054200	12127361.00
2018/05/31	11.30	11.37	11.14	11.33	443500	5039523.00
2018/06/01	11.29	11.59	11.26	11.42	432700	4980897.00
2018/06/04	11.53	11.65	11.36	11.46	404400	4695876.00
2018/06/05	11.45	11.68	11.34	11.68	359335	4187772.25
2018/06/06	11.66	11.76	11.47	11.59	310200	3630909.00
2018/06/07	11.61	11.66	11.21	11.31	431185	4956342.50
2018/06/08	11.23	11.24	10.91	11.05	720400	8012300.00
2018/06/11	11.13	11.13	10.86	11.01	441100	4888925.00
2018/06/12	10.98	11.11	10.96	11.11	343506	3827978.25
2018/06/13	11.11	11.11	10.72	10.74	461100	5058086.00
2018/06/14	10.78	10.93	10.62	10.68	366100	3979920.00
2018/06/15	10.69	10.78	9.94	9.99	715985	7340567.50
2018/06/19	9.99	9.99	8.98	9.04	797800	7575597.00
2018/06/20	9.07	9.49	9.01	9.36	741676	6942305.50
2018/06/21	9.39	9.51	9.06	9.06	437300	4087149.00
2018/06/22	9.09	9.39	9.09	9.35	398077	3723357.75
2018/06/25	9.41	9.43	9.22	9.36	679201	6416355.50
2018/06/26	9.16	10.31	9.15	9.86	1613982	15977408.00
2018/06/27	9.70	9.77	9.45	9.51	904150	8743208.00
2018/06/28	9.43	9.68	9.36	9.36	479200	4581720.00
2018/06/29	9.52	9.68	9.39	9.64	551143	5323079.00
2018/07/02	9.60	9.67	9.48	9.59	447100	4317364.00
2018/07/03	9.76	9.83	9.55	9.82	531500	5217879.50
2018/07/04	9.72	9.78	9.50	9.61	536800	5213586.00
2018/07/05	9.42	9.61	9.34	9.34	272251	2604182.50
2018/07/06	9.36	9.65	9.11	9.43	471140	4417158.00
2018/07/09	9.45	9.56	9.45	9.54	514100	4884786.00
2018/07/10	9.50	9.58	9.43	9.56	318200	3022244.00
2018/07/11	9.50	9.50	9.17	9.21	290100	2696291.00
2018/07/12	9.24	9.52	9.24	9.46	444700	4204581.00
2018/07/13	9.47	9.78	9.40	9.69	681851	6536844.50
2018/07/16	9.73	9.73	9.52	9.67	322726	3101980.75
2018/07/17	9.70	9.72	9.54	9.65	308700	2984164.00
2018/07/18	9.74	9.74	9.55	9.56	313500	3029133.00
2018/07/19	9.59	10.52	9.53	9.89	1736715	17552312.00
2018/07/20	9.64	10.05	9.60	9.80	1158800	11334010.00
2018/07/23	9.76	9.87	9.61	9.82	882839	8589560.00
2018/07/24	9.81	9.99	9.72	9.99	693755	6867549.50
2018/07/25	10.25	10.25	9.95	10.15	768885	7755940.50
2018/07/26	10.05	10.18	9.92	10.03	652755	6556639.00
2018/07/27	10.10	10.12	9.89	10.01	274085	2729014.75
2018/07/30	10.06	10.10	9.80	9.86	335085	3323276.25
2018/07/31	9.81	9.93	9.81	9.88	217820	2149934.50
2018/08/01	9.94	10.07	9.56	9.63	374550	3691226.50
2018/08/02	9.65	9.77	9.14	9.18	658594	6142490.00
2018/08/03	9.20	9.39	9.18	9.26	342201	3173943.75
2018/08/06	9.20	9.39	9.11	9.17	248900	2307956.00
2018/08/07	9.38	9.97	9.24	9.52	383100	3651649.00
2018/08/08	9.48	9.58	9.32	9.38	265000	2502182.25
2018/08/09	9.30	9.77	9.30	9.65	380702	3649601.25
2018/08/10	9.54	9.74	9.54	9.69	260625	2513310.00
2018/08/13	9.56	9.77	9.50	9.77	328237	3162502.00
2018/08/14	9.86	9.86	9.67	9.82	384600	3761781.00
2018/08/15	9.88	9.88	9.62	9.68	179305	1741464.13
2018/08/16	9.60	9.67	9.42	9.59	190900	1826379.00
2018/08/17	9.60	9.65	9.29	9.34	203000	1910987.00
2018/08/20	9.34	9.48	9.21	9.44	312100	2923744.00
2018/08/21	9.60	9.64	9.40	9.60	212600	2030407.75
2018/08/22	9.59	9.64	9.50	9.50	185600	1775841.00
2018/08/23	9.45	9.85	9.45	9.58	297400	2860292.00
2018/08/24	9.52	9.61	9.31	9.43	257721	2436817.25
2018/08/27	9.47	9.59	9.32	9.56	213600	2036622.00
2018/08/28	9.76	9.76	9.54	9.57	165000	1584861.00
2018/08/29	9.60	9.60	9.37	9.43	216700	2045137.00
2018/08/30	9.80	10.18	9.66	9.73	2774037	27494004.00
2018/08/31	9.63	9.63	9.12	9.31	1484627	13768702.00
2018/09/03	9.25	9.26	8.67	9.00	694000	6198924.00
2018/09/04	8.90	9.15	8.83	9.13	508201	4571474.00
2018/09/05	9.35	9.35	8.98	8.98	431301	3915986.00
2018/09/06	9.09	9.30	8.99	9.02	660593	6022915.00
2018/09/07	8.78	9.15	8.78	8.88	584300	5230972.00
2018/09/10	8.80	8.88	8.47	8.48	685193	5904866.50
2018/09/11	8.52	8.60	8.43	8.45	525013	4451000.00
2018/09/12	8.45	8.56	8.43	8.53	226500	1928723.00
2018/09/13	8.56	8.59	8.48	8.55	361213	3082462.50
2018/09/14	8.55	8.65	8.46	8.46	312800	2673540.00
2018/09/17	8.48	8.51	8.07	8.27	464996	3848419.50
2018/09/18	8.15	9.10	8.15	9.10	2052064	18217352.00
2018/09/19	9.80	9.92	9.09	9.25	4317129	40826856.00
2018/09/20	8.84	9.07	8.79	8.98	2411600	21562880.00
2018/09/21	8.88	8.96	8.82	8.82	1199300	10641891.00
2018/09/25	8.79	9.70	8.79	9.70	2035463	19277850.00
2018/09/26	9.98	10.48	9.90	10.12	7799168	79254976.00
2018/09/27	9.60	9.85	9.41	9.49	4235391	40705464.00
2018/09/28	9.45	9.57	9.35	9.54	2065468	19558814.00
2018/10/08	9.40	9.41	9.10	9.16	1546100	14317858.00
2018/10/09	9.11	9.27	8.98	9.16	1382900	12603202.00
2018/10/10	9.12	9.38	9.07	9.34	1507971	13911941.00
2018/10/11	9.12	9.12	8.41	8.41	1903199	16373558.00
2018/10/12	8.19	8.36	7.58	8.06	1804140	14409027.00
2018/10/15	8.40	8.40	7.86	7.90	783500	6333417.00
2018/10/16	7.80	8.05	7.63	7.73	625771	4883514.00
2018/10/17	7.83	8.12	7.78	8.02	1119230	8866235.00
2018/10/18	7.93	8.08	7.55	7.56	883023	6827430.50
2018/10/19	7.30	7.84	7.25	7.78	780300	5959870.00
2018/10/22	7.87	8.23	7.87	8.07	1285281	10370523.00
2018/10/23	8.08	8.19	7.96	8.01	869234	7011363.00
2018/10/24	7.92	8.24	7.91	8.20	1133400	9179950.00
2018/10/25	7.95	7.98	7.77	7.92	935374	7354574.00
2018/10/26	7.94	8.14	7.92	7.97	613915	4903558.00
2018/10/29	7.85	7.98	7.85	7.97	491100	3900344.00
2018/10/30	7.92	8.10	7.77	8.04	524933	4195566.00
2018/10/31	8.04	8.18	8.00	8.07	677900	5497722.00
2018/11/01	8.60	8.88	8.50	8.88	1360700	12020839.00
2018/11/02	9.35	9.35	8.73	8.96	4292830	38742080.00
2018/11/05	8.78	8.96	8.70	8.85	2022600	17855948.00
2018/11/06	8.85	8.92	8.60	8.70	1315415	11465340.00
2018/11/07	8.72	8.82	8.60	8.60	872200	7597975.00
2018/11/08	8.62	8.77	8.45	8.55	1017915	8758752.00
2018/11/09	8.59	8.76	8.51	8.61	843400	7257415.50
2018/11/12	8.72	8.80	8.56	8.78	898730	7843301.00
2018/11/13	8.65	8.96	8.61	8.91	1467200	12992091.00
2018/11/14	8.99	9.03	8.85	8.87	1477713	13200805.00
2018/11/15	8.90	9.06	8.81	9.05	1184500	10633496.00
2018/11/16	9.12	9.15	8.94	9.06	1086413	9817531.00
2018/11/19	9.06	9.15	9.00	9.11	1111815	10097078.00
2018/11/20	9.11	9.11	8.66	8.72	1376100	12221083.00
2018/11/21	8.73	8.94	8.68	8.93	923401	8165667.00
2018/11/22	9.07	9.36	9.02	9.12	1149630	10528846.00
2018/11/23	9.05	9.17	8.50	8.50	1085101	9459950.00
2018/11/26	8.49	8.68	8.38	8.47	674600	5745250.00
2018/11/27	8.52	8.97	8.52	8.78	820395	7120835.00
2018/11/28	8.73	8.84	8.50	8.83	971400	8410825.00
2018/11/29	8.99	8.99	8.47	8.50	758126	6584392.50
2018/11/30	8.45	8.74	8.45	8.69	905815	7783543.50
2018/12/03	8.87	8.99	8.81	8.87	1502626	13385610.00
2018/12/04	8.90	9.13	8.87	9.08	1138326	10269719.00
2018/12/05	8.95	9.20	8.87	9.18	1513426	13712009.00
2018/12/06	9.11	9.12	8.83	8.96	921500	8245314.00
2018/12/07	8.97	9.09	8.84	8.94	579600	5183198.00
2018/12/10	8.98	8.98	8.69	8.72	701000	6146823.00
2018/12/11	8.82	8.91	8.77	8.84	465900	4122397.00
2018/12/12	8.85	8.90	8.75	8.83	401900	3544916.00
2018/12/13	8.84	9.01	8.73	8.97	892550	7968592.50
2018/12/14	9.04	9.04	8.59	8.63	761100	6706753.00
2018/12/17	8.60	8.69	8.47	8.66	555100	4773646.00
2018/12/18	8.66	8.79	8.46	8.54	556862	4769653.50
2018/12/19	8.54	8.58	8.29	8.35	524215	4419668.50
2018/12/20	8.36	8.48	8.31	8.47	525362	4414105.50
2018/12/21	8.46	8.52	8.31	8.37	390000	3275141.00
2018/12/24	8.25	8.54	8.25	8.50	405900	3445203.00
2018/12/25	8.59	8.60	8.20	8.47	704840	5893671.00
2018/12/26	8.46	8.52	8.37	8.37	288600	2434999.00
2018/12/27	8.48	8.60	8.23	8.27	496300	4152180.00
2018/12/28	8.28	8.36	8.08	8.19	328744	2697384.50
2019/01/02	8.19	8.38	8.12	8.30	356900	2954783.00
2019/01/03	8.21	8.36	8.06	8.14	915525	7456844.50
数据来源:通达信
