300451 创业软件 日线 前复权
      日期	    开盘	    最高	    最低	    收盘	    成交量	    成交额
2015/05/14	2.68	3.24	2.68	3.24	5700	110531.00
2015/05/15	3.58	3.58	3.58	3.58	3100	68851.00
2015/05/18	3.95	3.95	3.95	3.95	501	12239.43
2015/05/19	4.35	4.35	4.35	4.35	800	21496.00
2015/05/20	4.80	4.80	4.80	4.80	500	14780.00
2015/05/21	5.30	5.30	5.30	5.30	500	16260.00
2015/05/22	5.84	5.84	5.84	5.84	600	21462.00
2015/05/25	6.43	6.43	6.43	6.43	1500	59025.00
2015/05/26	7.09	7.09	7.09	7.09	2500	108225.00
2015/05/27	7.81	7.81	7.81	7.81	375	17857.50
2015/05/28	8.61	8.61	8.61	8.61	5400	282852.00
2015/05/29	9.48	9.48	9.48	9.48	9300	535866.00
2015/06/01	10.44	10.44	10.44	10.44	2343	148499.34
2015/06/02	11.50	11.50	11.50	11.50	7427	517810.44
2015/06/03	12.66	12.66	12.66	12.66	9200	705548.00
2015/06/04	13.94	13.94	13.94	13.94	17000	1434120.00
2015/06/05	15.34	15.34	15.34	15.34	14100	1308480.00
2015/06/08	16.89	16.89	16.89	16.89	31700	3235936.00
2015/06/09	18.59	18.59	18.59	18.59	65200	7321308.00
2015/06/10	20.46	20.46	20.46	20.46	43950	5428704.00
2015/06/11	22.52	22.52	22.52	22.52	21500	2921205.00
2015/06/12	24.79	24.79	24.79	24.79	20700	3093822.00
2015/06/15	27.28	27.28	27.28	27.28	99750	16399898.00
2015/06/16	30.02	30.02	30.02	30.02	566174	102392568.00
2015/06/17	33.03	33.03	33.03	33.03	712135	141672144.00
2015/06/18	36.35	36.35	36.35	36.35	530682	116129144.00
2015/06/19	32.70	39.99	32.70	39.99	12724962	2775076608.00
2015/06/23	38.04	44.01	38.04	44.01	5118794	1276219904.00
2015/06/24	43.54	44.69	39.90	41.29	3377554	857571008.00
2015/06/25	39.34	43.38	37.15	37.15	2451486	596936256.00
2015/06/26	35.21	36.38	33.42	33.42	2142171	443269184.00
2015/06/29	31.04	32.04	30.07	30.07	2667098	486397760.00
2015/06/30	27.88	31.98	27.05	31.54	2913472	512532064.00
2015/07/01	30.04	34.01	29.04	30.88	3025499	576723008.00
2015/07/02	29.38	30.54	27.78	27.78	1897016	326490944.00
2015/07/03	25.38	29.73	24.99	25.05	2789320	451013312.00
2015/07/06	27.57	27.57	22.53	22.53	1390369	206274720.00
2015/07/07	20.43	20.88	20.27	20.27	191000	23428094.00
2015/07/08	18.23	18.27	18.23	18.23	4692000	516683264.00
2015/07/09	17.91	20.06	17.91	20.06	971438	115744792.00
2015/07/10	22.08	22.08	22.08	22.08	181799	24222898.00
2015/07/13	24.30	24.30	23.38	24.30	519316	75899672.00
2015/07/14	26.75	26.75	26.75	26.75	98026	15803752.00
2015/07/15	26.54	28.88	25.38	26.55	2014421	327778848.00
2015/07/16	24.54	29.22	23.88	25.54	1408466	228461168.00
2015/07/17	25.54	28.11	24.21	28.11	963557	153891856.00
2015/07/20	27.98	30.93	27.96	30.93	1060894	191755936.00
2015/07/21	30.35	33.04	29.69	31.76	700808	135173152.00
2015/07/22	31.38	32.45	30.54	31.96	383209	72865624.00
2015/07/23	31.23	35.17	31.23	35.17	626454	128013464.00
2015/07/24	36.21	38.70	34.24	35.38	1491014	334450368.00
2015/07/27	33.51	35.04	31.83	31.83	1204587	240211072.00
2015/07/28	28.63	33.09	28.63	28.63	1354864	240912880.00
2015/07/29	29.38	30.83	26.92	30.71	1075610	187915680.00
2015/07/30	29.88	30.71	27.72	27.78	903105	162512064.00
2015/07/31	26.54	27.71	24.99	25.83	639535	101278880.00
2015/08/03	25.37	28.01	24.54	25.68	625192	98911880.00
2015/08/04	25.79	28.26	25.42	28.26	707588	114754936.00
2015/08/05	27.68	28.88	27.16	27.57	661088	111607176.00
2015/08/06	26.71	28.87	26.21	28.18	569139	96666488.00
2015/08/07	28.18	31.01	27.49	30.71	1109994	199414672.00
2015/08/10	30.38	32.96	30.38	32.43	623286	119924880.00
2015/08/11	32.37	32.71	31.04	31.54	539248	103583256.00
2015/08/12	30.86	32.54	28.38	28.38	898356	161092208.00
2015/08/13	27.54	29.19	26.42	28.96	1352899	222398224.00
2015/08/14	28.39	29.42	27.93	28.55	767497	132143312.00
2015/08/17	28.46	28.46	26.39	26.69	534969	87017856.00
2015/08/18	26.62	27.54	24.51	24.74	472401	75001576.00
2015/08/19	24.83	27.15	24.54	26.94	541343	83882688.00
2015/08/20	26.38	27.57	25.88	26.13	500803	80788648.00
2015/08/21	25.26	26.01	24.38	24.41	351703	53026772.00
2015/08/24	22.05	23.19	21.96	21.96	136900	18273720.00
2015/08/25	19.75	21.18	19.75	19.75	421555	50856900.00
2015/08/26	19.91	20.79	17.76	17.76	691904	79403000.00
2015/08/27	18.21	19.00	15.98	17.86	805952	83221000.00
2015/08/28	17.88	19.46	16.89	19.18	759959	82272824.00
2015/08/31	19.18	19.18	17.25	17.25	636761	67977344.00
2015/09/01	15.97	16.46	15.51	15.51	337732	31938182.00
2015/09/02	13.95	16.54	13.95	13.95	761384	67253104.00
2015/09/07	14.13	15.16	13.97	14.37	636705	55916120.00
2015/09/08	14.21	15.54	13.71	15.52	708844	63417224.00
2015/09/09	15.54	16.91	15.38	16.45	820340	80480400.00
2015/09/10	15.88	16.16	15.38	15.54	583786	55436840.00
2015/09/11	15.52	16.29	15.38	15.69	488859	46733496.00
2015/09/14	15.73	16.01	14.11	14.11	440104	39390176.00
2015/09/15	13.23	13.71	12.69	12.69	539544	42464636.00
2015/09/16	12.88	13.97	12.69	13.97	685783	55110700.00
2015/09/17	13.73	15.09	13.65	13.99	775178	67580176.00
2015/09/18	14.13	14.79	13.89	14.69	549306	47899080.00
2015/09/21	14.38	16.17	14.04	16.17	546244	50752508.00
2015/09/22	17.21	17.80	16.71	17.80	1256787	134677648.00
2015/09/23	17.54	18.71	17.30	18.11	1459735	157785184.00
2015/09/24	17.71	19.19	16.54	17.21	1090293	119249872.00
2015/09/25	17.54	17.88	16.04	16.42	974861	99189360.00
2015/09/28	16.43	18.07	16.38	18.07	895539	93851488.00
2015/09/29	17.37	18.54	17.37	18.19	990631	107798312.00
2015/09/30	18.09	18.46	17.22	17.69	534200	57430912.00
2015/10/08	18.54	19.26	18.21	18.69	750351	85252152.00
2015/10/09	18.70	20.57	18.45	20.57	952217	113077288.00
2015/10/12	21.04	22.64	20.48	22.63	1332217	176053600.00
2015/10/13	22.38	24.82	21.98	24.28	1605446	230482048.00
2015/10/14	24.04	26.63	24.04	25.84	973430	149814864.00
2015/10/15	25.38	26.52	25.24	25.87	1102917	171428704.00
2015/10/16	25.71	26.39	25.38	25.88	944325	147164672.00
2015/10/19	26.21	28.48	25.09	28.48	1391861	222705008.00
2015/10/20	28.54	29.69	27.54	28.41	1214591	209011312.00
2015/10/21	27.96	28.53	25.55	25.95	1306090	211539792.00
2015/10/22	25.88	28.13	25.88	27.09	1396118	228121408.00
2015/10/23	27.13	29.04	26.88	27.24	1523225	255790864.00
2015/10/26	27.21	27.24	24.97	26.04	1643198	255077232.00
2015/10/27	25.62	28.66	24.99	28.66	1543608	250485616.00
2015/10/28	28.71	28.88	26.19	26.76	1342689	222694368.00
2015/10/29	26.96	27.99	26.71	27.11	921822	151816064.00
2015/10/30	27.02	29.83	26.54	29.83	1524213	265940592.00
2015/11/02	29.06	32.83	28.97	31.04	2196775	410791072.00
2015/11/03	30.63	32.09	29.72	30.64	1029721	191157264.00
2015/11/04	30.88	32.75	28.88	32.24	1253158	240155648.00
2015/11/05	31.71	32.88	30.71	31.48	1471360	282708288.00
2015/11/06	31.21	32.88	31.09	32.56	1311464	254462352.00
2015/11/09	32.13	35.81	32.03	34.36	1695502	349456384.00
2015/11/10	33.88	35.71	33.21	34.52	1335736	276707552.00
2015/11/11	34.38	37.99	33.54	37.99	1621498	353808480.00
2015/11/12	37.88	40.86	36.88	40.54	1591581	367313568.00
2015/11/13	39.38	39.86	36.48	36.48	1278619	288142784.00
2015/11/16	33.04	36.21	32.86	35.16	1252000	260535648.00
2015/11/17	35.54	36.54	32.73	33.37	1603305	335743712.00
2015/11/18	33.37	33.79	30.73	30.89	1628679	310288832.00
2015/11/19	31.38	33.99	31.13	33.99	1621135	317575008.00
2015/11/20	34.46	35.11	32.71	33.71	1763297	360900096.00
2015/11/23	33.79	33.79	31.58	32.04	1138258	222938000.00
2015/11/24	31.57	35.26	31.56	35.26	1943170	402622560.00
2015/11/25	35.54	36.46	34.54	35.55	1816768	390295616.00
2015/11/26	35.52	38.21	35.21	36.54	1599815	354322656.00
2015/11/27	36.37	38.04	34.38	34.71	1623937	354334496.00
2015/11/30	35.38	38.19	34.71	38.19	1924059	425132416.00
2015/12/01	38.96	40.13	34.36	35.03	2316033	520156896.00
2015/12/02	34.21	34.36	31.51	33.27	1665744	328016928.00
2015/12/03	33.05	34.78	32.38	34.07	1325871	270638880.00
2015/12/04	34.34	35.80	33.21	34.44	1379807	287637888.00
2015/12/07	33.88	35.71	32.88	34.61	1103228	227929584.00
2015/12/08	34.21	38.08	33.92	38.08	1952114	427313152.00
2015/12/09	37.08	37.69	34.44	35.61	1608359	349610976.00
2015/12/10	35.39	35.96	34.04	34.98	1051114	221816128.00
2015/12/11	34.35	35.36	33.21	33.28	1002096	205978608.00
2015/12/14	32.04	33.71	30.38	33.24	1065593	205697808.00
2015/12/15	33.14	33.79	32.72	33.12	814292	163122208.00
2015/12/16	33.38	35.19	33.38	34.21	866812	179687792.00
2015/12/17	34.49	35.52	34.27	35.19	986820	207086576.00
2015/12/18	35.19	35.71	33.73	33.82	944584	195755440.00
2015/12/21	33.54	34.05	32.96	33.35	578025	116050176.00
2015/12/22	33.63	34.68	33.21	33.98	827508	169227040.00
2015/12/23	33.97	34.31	33.14	33.14	931255	188908976.00
2015/12/24	33.18	33.98	32.63	33.64	747342	149918752.00
2015/12/25	33.66	34.13	31.96	32.38	917715	182534704.00
2015/12/28	32.46	33.18	31.20	31.20	983710	190258448.00
2015/12/29	31.26	31.48	29.96	30.76	715839	131708176.00
2015/12/30	30.74	31.34	30.54	31.11	502992	93630040.00
2015/12/31	30.88	31.09	28.71	29.08	880971	158088784.00
2016/01/04	29.09	29.51	26.16	26.16	671883	110963904.00
2016/01/05	24.54	27.38	24.54	26.94	1165570	186427344.00
2016/01/06	26.44	27.38	25.60	27.38	1125809	181366272.00
2016/01/07	26.63	26.63	24.63	24.63	228000	34969500.00
2016/01/08	25.54	25.88	23.21	24.54	897493	135482320.00
2016/01/11	24.38	25.87	23.54	23.78	1089897	162627392.00
2016/01/12	23.88	25.24	23.88	24.74	897262	133614592.00
2016/01/13	24.86	24.88	22.55	22.58	1046479	148888656.00
2016/01/14	21.38	23.90	20.88	23.50	1021937	139541632.00
2016/01/15	23.21	23.49	21.63	21.85	806105	109392336.00
2016/01/18	21.35	23.30	20.92	22.65	1170374	156869600.00
2016/01/19	22.22	23.96	21.84	23.47	1519658	208245408.00
2016/01/20	23.05	23.54	22.38	22.71	1180256	163427344.00
2016/01/21	22.39	23.50	21.98	21.98	1051317	144250256.00
2016/01/22	22.25	22.88	21.57	22.58	798302	107075448.00
2016/01/25	23.04	24.09	22.78	23.49	1183560	167781424.00
2016/01/26	23.04	24.01	21.22	21.46	1324553	183986544.00
2016/01/27	21.37	21.87	19.38	21.46	1089265	135125120.00
2016/01/28	21.07	21.07	19.30	19.34	741947	90040264.00
2016/01/29	18.88	20.52	18.83	20.06	792879	95055904.00
2016/02/01	19.94	20.01	18.88	19.21	840143	97952760.00
2016/02/02	19.36	20.41	19.21	20.21	973565	117926080.00
2016/02/03	19.74	20.32	19.29	20.21	1372830	162766944.00
2016/02/04	20.38	21.53	20.21	21.08	1391502	176903408.00
2016/02/05	21.37	21.54	20.85	21.11	840333	107415672.00
2016/02/15	20.13	20.84	19.58	20.69	657367	79872184.00
2016/02/16	20.88	22.04	20.78	22.00	872612	114138960.00
2016/02/17	21.88	22.81	21.71	22.74	1113176	148745824.00
2016/02/18	22.96	24.04	22.54	23.07	1242116	173909056.00
2016/02/19	22.88	23.45	22.54	23.04	734145	102013808.00
2016/02/22	23.38	23.71	22.61	23.33	826927	114877944.00
2016/02/23	23.17	23.29	21.69	22.29	1016811	137769056.00
2016/02/24	22.07	22.72	20.88	21.21	971158	126139848.00
2016/02/25	21.11	21.38	19.08	19.09	1015723	122512224.00
2016/02/26	19.25	19.69	17.54	18.13	1232997	136885728.00
2016/02/29	18.09	18.09	16.30	16.30	801050	80307008.00
2016/03/01	16.06	16.71	15.21	15.94	1143998	111261064.00
2016/03/02	16.21	17.55	16.05	17.55	1554243	161640896.00
2016/03/03	17.83	18.89	17.79	18.19	2216299	245364096.00
2016/03/04	17.87	18.21	16.54	16.89	1480883	153785696.00
2016/03/07	17.38	18.59	17.18	18.59	2651941	295909856.00
2016/03/08	18.51	18.62	16.81	18.42	2531564	271199744.00
2016/03/09	17.71	18.29	17.04	17.46	1378214	146987632.00
2016/03/10	17.22	17.88	16.91	17.06	1200901	126786776.00
2016/03/11	16.59	17.63	16.24	17.62	1342985	138939248.00
2016/03/14	18.01	19.39	18.01	19.21	2527875	290730176.00
2016/03/15	18.88	19.54	18.62	18.63	1839191	211567040.00
2016/03/16	19.21	19.54	18.03	18.46	1309756	147626768.00
2016/03/17	18.63	20.31	18.46	19.86	1914653	225218544.00
2016/03/18	20.12	21.18	19.71	20.71	2021275	251904816.00
2016/03/21	21.04	21.43	20.61	21.21	1973019	250121024.00
2016/03/22	20.87	21.04	20.61	20.66	1454531	182342336.00
2016/03/23	20.63	21.43	20.38	21.30	1548636	196903392.00
2016/03/24	21.04	21.89	20.42	21.15	1992576	254699424.00
2016/03/25	21.04	23.21	21.03	22.74	2407722	326111136.00
2016/03/28	23.54	23.88	21.91	22.10	2977821	413922016.00
2016/03/29	21.63	22.76	20.92	22.54	2390160	314909984.00
2016/03/30	22.44	23.84	22.21	23.71	2432372	338876416.00
2016/03/31	23.87	26.09	23.36	26.09	3267456	487824864.00
2016/04/01	26.18	26.34	24.89	25.51	2478945	383783040.00
2016/04/05	25.40	27.86	24.78	26.46	2260083	356803936.00
2016/04/06	25.71	27.07	25.38	26.96	2246742	355280256.00
2016/04/07	26.87	28.85	26.29	27.51	2564253	426789408.00
2016/04/08	26.79	27.74	25.73	26.71	2093293	336836512.00
2016/04/11	26.90	27.21	26.10	26.29	1593303	255830480.00
2016/04/12	26.24	26.54	24.04	24.54	2039271	308233216.00
2016/04/13	24.79	25.36	24.29	24.69	1660576	249467392.00
2016/04/14	24.83	25.21	24.53	25.09	1053554	158201792.00
2016/04/15	25.09	25.34	24.58	24.71	772415	115552736.00
2016/04/18	24.71	25.69	24.54	25.13	1354127	206161440.00
2016/04/19	25.48	25.71	25.05	25.24	1192542	182405968.00
2016/04/20	25.21	25.30	22.71	22.76	2044226	290417376.00
2016/04/21	22.54	22.59	21.17	21.19	1545116	204207328.00
2016/04/22	20.74	22.37	20.12	22.18	1318583	173210656.00
2016/04/25	21.88	21.96	20.96	21.68	822324	106954952.00
2016/04/26	21.55	22.40	21.38	22.04	815919	108233960.00
2016/04/27	21.88	22.04	21.38	21.46	880755	115611408.00
2016/04/28	21.29	22.54	21.21	22.37	1019393	134345888.00
2016/04/29	22.19	22.37	21.76	21.77	898886	119142816.00
2016/05/03	21.88	22.81	21.21	22.81	1589118	211727168.00
2016/05/04	22.39	23.02	22.39	22.71	1125012	153939808.00
2016/05/05	22.69	24.03	22.59	23.86	1559283	219911392.00
2016/05/06	23.70	24.32	22.37	22.37	1666079	233865120.00
2016/05/09	21.74	21.88	20.21	20.84	984373	125619152.00
2016/05/10	20.83	21.15	20.48	20.66	665543	83697240.00
2016/05/11	20.63	21.02	18.59	19.17	1397107	164718912.00
2016/05/12	18.54	19.71	17.88	19.55	1017550	114738848.00
2016/05/13	19.13	19.87	18.89	19.37	829299	97050976.00
2016/05/16	18.88	19.62	18.55	19.59	849812	98633816.00
2016/05/17	19.79	21.51	19.52	20.86	1463617	180942624.00
2016/05/18	20.71	20.71	18.77	19.05	1337079	158382480.00
2016/05/19	19.02	20.86	18.96	19.94	1505407	182986816.00
2016/05/20	19.43	21.95	19.38	21.95	2281068	293160128.00
2016/05/23	22.87	23.47	21.98	23.16	2713348	369354528.00
2016/05/24	22.55	23.15	21.66	22.10	6725905	300309696.00
2016/05/25	22.18	24.32	22.18	23.60	10729390	512785440.00
2016/05/26	22.90	23.10	21.50	23.09	9082169	407133312.00
2016/05/27	22.46	22.91	22.09	22.11	5064431	228765968.00
2016/08/25	24.33	24.33	23.95	24.33	6919261	337987776.00
2016/08/26	25.15	26.07	23.91	24.30	15976636	806170496.00
2016/08/29	24.90	25.90	24.45	24.49	9513568	477524416.00
2016/08/30	24.80	24.82	22.13	22.31	9711456	446638240.00
2016/08/31	22.29	22.29	21.20	21.71	5538123	240495440.00
2016/09/01	21.71	21.97	21.45	21.57	3454976	150752704.00
2016/09/02	21.60	21.83	21.20	21.22	3303711	143027856.00
2016/09/05	20.99	21.52	20.99	21.05	2739172	117194344.00
2016/09/06	21.04	21.11	20.40	21.02	3491545	145434976.00
2016/09/07	21.02	21.11	20.68	20.72	2655900	111651944.00
2016/09/08	20.73	21.14	20.66	20.95	2298562	96624944.00
2016/09/09	20.94	20.95	20.44	20.46	2465829	101973832.00
2016/09/12	19.90	19.97	19.14	19.14	2655314	104675784.00
2016/09/13	19.43	19.50	18.79	18.90	2071375	79274184.00
2016/09/14	18.86	18.88	18.40	18.71	1640118	61657244.00
2016/09/19	18.90	18.99	18.78	18.90	1680027	63766856.00
2016/09/20	18.82	19.64	18.82	19.46	2485480	96641256.00
2016/09/21	19.40	19.59	19.16	19.32	1473251	57246444.00
2016/09/22	19.41	19.50	19.15	19.18	1161700	45037588.00
2016/09/23	19.26	19.31	18.91	18.94	1064812	40949172.00
2016/09/26	18.75	19.91	18.30	18.34	2217251	84541800.00
2016/09/27	18.34	18.58	17.40	17.88	3720690	133154384.00
2016/09/28	17.88	17.89	17.42	17.48	2307926	81415896.00
2016/09/29	17.45	17.54	17.33	17.35	2167726	75995024.00
2016/09/30	17.33	17.58	17.30	17.49	1261418	44306084.00
2016/10/10	17.65	19.25	17.65	19.25	3537274	131688056.00
2016/10/11	19.69	20.05	19.50	19.73	5316785	210852848.00
2016/10/12	19.70	19.70	19.40	19.52	2980994	116910144.00
2016/10/13	19.44	20.21	19.41	19.66	3079979	122748672.00
2016/10/14	19.40	19.65	18.91	19.61	2626399	101743528.00
2016/10/17	21.08	21.57	20.25	20.42	8658466	362220128.00
2016/10/18	20.35	20.35	19.65	20.24	4208145	169458496.00
2016/10/19	20.21	20.64	20.05	20.35	3436380	140296864.00
2016/10/20	20.21	21.10	20.05	20.95	4927025	203933984.00
2016/10/21	20.95	20.95	20.18	20.29	3013036	123555648.00
2016/10/24	20.25	20.48	20.13	20.30	2208736	89982096.00
2016/10/25	20.33	20.33	19.85	19.91	2451501	98847424.00
2016/10/26	19.90	20.15	19.63	19.76	2131630	85163456.00
2016/11/04	21.30	21.74	20.95	21.74	2690341	116373720.00
2016/11/07	23.40	23.40	20.88	21.07	9658391	426209408.00
2016/11/08	20.88	20.90	20.43	20.78	4654380	193597600.00
2016/11/09	20.78	21.40	20.40	20.56	4680007	196502464.00
2016/11/10	20.63	20.87	20.41	20.56	3558351	147063072.00
2016/11/11	20.45	20.57	20.16	20.33	3043430	124111640.00
2016/11/14	20.13	20.75	20.12	20.50	3357420	137927168.00
2016/11/15	20.50	20.50	20.06	20.43	2467193	100442632.00
2016/11/16	20.60	21.00	20.43	20.59	3863858	160910160.00
2016/11/17	20.56	21.39	20.09	21.28	6443275	270301504.00
2016/11/18	21.11	21.40	20.75	20.85	3790799	159744640.00
2016/11/21	20.57	21.07	20.46	20.63	2559411	106009992.00
2016/11/22	20.64	20.91	20.55	20.85	2790379	116322176.00
2016/11/23	20.85	20.85	20.40	20.43	2672834	110577904.00
2016/11/24	20.35	20.52	19.80	19.83	2413797	97547656.00
2016/11/25	19.79	20.82	19.15	20.32	3129464	126239784.00
2016/11/28	20.24	20.33	19.93	19.93	1635965	65994660.00
2016/11/29	19.81	20.05	19.56	19.57	1776328	70506328.00
2016/11/30	19.44	20.05	19.40	19.57	1858090	73493496.00
2016/12/01	19.75	19.94	19.55	19.57	1264100	50046600.00
2016/12/02	19.63	19.67	19.15	19.15	1541291	60048828.00
2016/12/05	18.89	19.30	18.69	19.05	1073238	41220384.00
2016/12/06	19.00	19.29	18.84	18.90	1091575	41767324.00
2016/12/07	19.18	19.20	18.93	19.01	1102945	42160428.00
2016/12/08	19.01	19.20	18.86	19.16	1672928	64112124.00
2016/12/09	19.16	19.61	18.91	19.46	2357520	91090904.00
2016/12/12	19.30	19.40	17.55	17.85	2145316	79656648.00
2016/12/13	17.85	17.85	17.28	17.64	1314165	46567328.00
2016/12/14	17.80	17.80	17.38	17.41	977915	34389780.00
2016/12/15	17.41	17.84	17.41	17.57	1119966	39657664.00
2016/12/16	17.55	17.84	17.42	17.76	902229	32095772.00
2016/12/19	17.63	17.83	17.50	17.54	846974	30013986.00
2016/12/20	17.50	17.65	17.41	17.53	626490	22076132.00
2016/12/21	17.62	17.75	17.50	17.64	716786	25412450.00
2016/12/22	17.80	19.42	17.60	19.42	2838854	108045824.00
2016/12/23	19.70	20.04	19.02	19.02	5411206	213435152.00
2016/12/26	18.91	19.88	18.48	19.37	4380300	170943552.00
2016/12/27	19.38	19.70	18.84	18.92	2958555	114526544.00
2016/12/28	18.89	19.30	18.53	18.64	1836069	69174448.00
2016/12/29	18.65	18.98	18.58	18.60	1390401	52375664.00
2016/12/30	18.41	18.86	18.00	18.35	1945515	71986224.00
2017/01/03	18.66	19.34	18.59	18.61	2120430	80529496.00
2017/01/04	18.61	19.25	18.38	19.12	2405330	91056304.00
2017/01/05	19.09	19.40	18.91	19.18	2151771	83083688.00
2017/01/06	18.92	19.37	18.80	19.02	2146163	82352296.00
2017/01/09	19.02	19.31	18.83	19.14	1204785	46375648.00
2017/01/10	19.14	19.34	18.86	18.90	989115	37929544.00
2017/01/11	18.89	19.04	18.26	18.30	1551584	57892388.00
2017/01/12	18.16	18.35	17.83	17.84	1029750	37441024.00
2017/01/13	17.85	18.15	17.65	17.73	1093467	39403624.00
2017/01/16	17.65	17.73	16.66	17.01	1738788	59834392.00
2017/01/17	17.01	17.54	16.61	17.52	1541586	53178980.00
2017/01/18	17.35	17.35	16.90	16.90	1250073	43095172.00
2017/01/19	16.90	17.09	16.75	16.89	606554	20656002.00
2017/01/20	16.89	17.49	16.85	17.29	1007425	34976496.00
2017/01/23	17.25	17.89	17.17	17.89	1723324	61194104.00
2017/01/24	17.90	18.80	17.55	18.40	1890468	68760648.00
2017/01/25	18.40	20.25	17.97	18.34	2722918	101615128.00
2017/01/26	18.90	18.90	18.09	18.18	1289258	47420184.00
2017/02/03	18.27	18.27	17.71	17.80	808482	29078686.00
2017/02/06	17.80	18.40	17.80	18.23	1093847	39941020.00
2017/02/07	18.40	18.40	17.92	17.95	862915	31331654.00
2017/02/08	17.95	18.31	17.95	18.29	960295	35061472.00
2017/02/09	18.15	18.33	18.15	18.25	1244080	45597736.00
2017/02/10	18.25	18.25	17.83	17.85	1567500	56793384.00
2017/02/13	17.66	18.02	17.61	17.65	1947670	69651552.00
2017/02/14	17.80	17.80	17.40	17.61	1265131	44533940.00
2017/02/15	17.56	17.67	17.43	17.47	875860	30943682.00
2017/02/16	17.47	17.47	17.14	17.31	1398002	48561264.00
2017/02/17	17.21	17.55	17.10	17.17	1061218	36867088.00
2017/02/20	17.18	17.50	17.05	17.49	1026942	35700956.00
2017/02/21	17.52	17.85	17.33	17.74	1780150	63227808.00
2017/02/22	17.70	17.84	17.49	17.64	826229	29286616.00
2017/02/23	17.75	18.05	17.56	17.90	1922112	69200936.00
2017/02/24	17.85	17.95	17.75	17.87	1074364	38600588.00
2017/02/27	17.87	17.90	17.40	17.46	1333881	47365896.00
2017/02/28	17.48	17.65	17.33	17.52	1018813	35783736.00
2017/03/01	17.52	17.66	17.39	17.52	1059154	37397664.00
2017/03/02	17.52	18.00	17.52	17.81	2209302	79086184.00
2017/03/03	17.71	17.97	17.70	17.90	1543813	55409312.00
2017/03/06	17.89	18.29	17.78	18.26	2169939	79129704.00
2017/03/07	18.16	18.23	17.84	18.18	2058940	74719376.00
2017/03/08	18.15	18.18	17.95	17.95	2139602	77488912.00
2017/03/09	18.03	18.13	17.70	17.83	1252515	45113192.00
2017/03/10	17.83	18.04	17.75	17.80	937366	33637352.00
2017/03/13	17.66	17.82	17.46	17.68	1916989	67848944.00
2017/03/14	17.81	17.86	17.48	17.48	1864297	66007516.00
2017/03/15	17.48	17.59	17.30	17.47	1148812	40250052.00
2017/03/16	17.48	17.67	17.40	17.60	1404267	49597596.00
2017/03/17	17.64	17.82	17.46	17.46	1557732	55295728.00
2017/03/20	17.43	17.78	17.20	17.72	1816587	63735596.00
2017/03/21	17.60	17.64	17.44	17.52	1027283	36210772.00
2017/03/22	17.40	17.46	17.23	17.29	1023173	35670304.00
2017/03/23	17.24	17.55	17.15	17.44	975838	34098860.00
2017/03/24	17.43	17.59	17.26	17.50	961528	33828796.00
2017/03/27	17.65	17.65	17.24	17.24	1565343	55030880.00
2017/03/28	17.55	18.45	17.35	17.82	3947483	142604464.00
2017/03/29	17.84	18.29	17.55	18.13	3915788	142145808.00
2017/03/30	18.13	18.13	17.04	17.08	3818929	134605296.00
2017/03/31	17.10	17.12	16.49	16.78	2771560	93476800.00
2017/04/05	16.80	17.28	16.62	17.19	1732601	59293200.00
2017/04/06	17.25	17.40	16.93	16.98	1463974	50130252.00
2017/04/07	16.97	17.15	16.91	16.97	834047	28554022.00
2017/04/10	17.02	17.12	16.23	16.30	2139496	71478864.00
2017/04/11	16.30	16.65	16.17	16.53	1117557	36858620.00
2017/04/12	16.57	16.60	16.25	16.26	949036	31235502.00
2017/04/13	16.26	16.65	16.15	16.22	1324703	43593672.00
2017/04/14	16.35	16.35	15.98	15.99	990111	32107328.00
2017/04/17	15.99	16.10	15.78	15.88	834762	26777760.00
2017/04/18	15.85	16.00	15.45	15.45	864664	27375548.00
2017/04/19	15.42	15.48	14.80	15.03	1376323	41493700.00
2017/04/20	15.15	15.15	14.58	14.69	1148033	34121872.00
2017/04/21	14.69	14.95	14.69	14.86	1029879	30722204.00
2017/04/24	14.81	14.90	14.15	14.16	1069409	30916334.00
2017/04/25	13.98	14.83	13.98	14.58	1220483	35751040.00
2017/04/26	14.80	14.80	14.41	14.66	693271	20486710.00
2017/04/27	14.75	14.97	14.46	14.88	947197	28088356.00
2017/04/28	14.93	15.05	14.81	14.96	619050	18508982.00
2017/05/02	14.86	15.94	14.86	15.69	1872169	58540024.00
2017/05/03	15.55	15.69	15.30	15.36	948855	29425592.00
2017/05/04	15.30	15.49	15.13	15.25	870017	26756408.00
2017/05/05	15.95	16.63	15.74	15.78	2818990	91094976.00
2017/05/08	15.76	15.90	15.29	15.39	1553906	48843640.00
2017/05/09	15.36	15.70	15.15	15.55	1009915	31421404.00
2017/05/10	15.61	15.78	15.02	15.11	1169601	36167968.00
2017/05/11	14.98	15.08	14.25	14.76	1180865	34619960.00
2017/05/12	14.76	14.82	14.39	14.53	863832	25170902.00
2017/05/15	14.51	15.70	14.51	15.14	1398714	42456308.00
2017/05/16	15.12	15.39	14.76	15.33	1238310	37334276.00
2017/05/17	15.30	15.55	15.22	15.23	1114687	34329572.00
2017/05/18	15.20	15.74	14.94	15.42	1489794	46356652.00
2017/05/19	15.43	15.80	15.30	15.65	1230277	38413868.00
2017/05/22	15.70	15.70	15.27	15.30	1091776	33755076.00
2017/05/23	15.15	15.33	14.57	14.58	1116852	33134376.00
2017/05/24	14.54	14.79	14.30	14.65	1130613	32993324.00
2017/05/25	14.70	14.79	14.31	14.63	881924	25723818.00
2017/05/26	14.60	14.76	14.54	14.64	552624	16234582.00
2017/05/31	14.85	14.95	14.55	14.62	758133	22531978.00
2017/06/01	14.49	14.60	13.90	13.96	1296400	36805792.00
2017/06/02	13.87	14.30	13.75	14.15	788746	22130542.00
2017/06/05	14.28	14.38	14.10	14.22	778203	22251230.00
2017/06/06	14.22	14.32	14.10	14.29	781232	22362972.00
2017/06/07	14.24	14.71	14.24	14.66	1256964	36739768.00
2017/06/08	14.70	15.32	14.61	15.11	1967836	59589664.00
2017/06/09	15.03	15.64	14.98	15.63	2158568	66381148.00
2017/06/12	15.41	15.88	15.14	15.30	1873949	58495120.00
2017/06/13	15.19	16.17	15.19	16.17	2521620	80004240.00
2017/06/14	15.95	16.23	15.82	15.91	1121461	35917664.00
2017/06/15	15.83	16.18	15.73	15.98	1141171	36663760.00
2017/06/16	15.96	16.33	15.59	15.63	1080192	34136188.00
2017/06/19	15.95	15.95	15.50	15.77	689870	21679522.00
2017/06/20	15.78	15.94	15.70	15.76	1011666	32133268.00
2017/06/21	15.74	16.16	15.71	16.15	1922062	61797736.00
2017/06/22	16.10	16.14	15.23	15.24	1525537	47988720.00
2017/06/23	15.55	15.55	15.20	15.41	671055	20649920.00
2017/06/26	15.44	15.70	15.28	15.64	773427	24140508.00
2017/06/27	15.68	15.74	15.39	15.54	595710	18571908.00
2017/06/28	15.54	15.59	15.37	15.43	536157	16635363.00
2017/06/29	15.37	15.58	15.36	15.42	546685	16979860.00
2017/06/30	15.27	15.40	15.00	15.14	832618	25294040.00
2017/07/03	15.27	15.30	14.95	15.30	999196	30349568.00
2017/07/04	15.26	15.39	15.18	15.38	886634	27214292.00
2017/07/05	15.32	15.84	15.32	15.84	1512164	47763532.00
2017/07/06	15.84	15.95	15.62	15.72	1068850	33830560.00
2017/07/07	15.90	15.95	15.66	15.74	1189661	37767232.00
2017/07/10	15.84	15.85	15.30	15.40	1457939	45109736.00
2017/07/11	15.33	15.60	15.28	15.45	1221700	37795692.00
2017/07/12	15.35	15.48	14.98	15.30	1029421	31349546.00
2017/07/13	15.30	15.31	15.04	15.12	941469	28578006.00
2017/07/14	15.18	15.33	15.06	15.31	988791	30204010.00
2017/07/17	15.10	15.10	13.77	13.88	2405571	68299432.00
2017/07/18	13.89	14.05	13.61	13.93	905836	25160304.00
2017/07/19	13.98	13.98	13.59	13.66	1639735	44994904.00
2017/07/20	13.66	13.84	13.66	13.72	919018	25371208.00
2017/07/21	13.69	13.79	13.62	13.63	723900	19884888.00
2017/07/24	13.58	13.72	13.40	13.72	988937	26929162.00
2017/07/25	13.70	13.76	13.60	13.68	609887	16752140.00
2017/07/26	13.75	13.84	13.61	13.62	496500	13644712.00
2017/07/27	13.63	14.69	13.46	14.50	2266254	64638504.00
2017/07/28	14.39	14.44	14.13	14.18	1292549	37047056.00
2017/07/31	14.15	14.34	13.96	14.24	838971	23899654.00
2017/08/01	14.25	14.39	14.13	14.25	705345	20150954.00
2017/08/02	14.39	14.39	14.09	14.10	812900	23243080.00
2017/08/03	14.10	14.65	13.99	14.35	1109655	32099530.00
2017/08/04	14.32	14.42	14.23	14.23	621800	17892952.00
2017/08/07	14.23	14.62	14.23	14.31	625200	18110268.00
2017/08/08	14.23	14.55	14.03	14.55	1089877	31529796.00
2017/08/09	14.45	14.70	14.40	14.51	827801	24128542.00
2017/08/10	14.35	14.52	14.28	14.35	921779	26565890.00
2017/08/11	14.22	14.30	13.99	14.04	891114	25234306.00
2017/08/14	14.04	14.59	14.04	14.45	1255480	36267980.00
2017/08/15	14.55	14.78	14.33	14.57	1187150	34688384.00
2017/08/16	14.67	15.03	14.37	14.97	2181757	64668644.00
2017/08/17	14.95	15.44	14.74	15.11	2202038	66485480.00
2017/08/18	14.97	15.07	14.66	14.68	1411100	42047192.00
2017/08/21	14.71	14.94	14.71	14.75	984564	29249576.00
2017/08/22	14.76	14.89	14.51	14.58	944800	27857238.00
2017/08/23	14.69	14.83	14.60	14.68	783342	23152788.00
2017/08/24	14.68	14.79	14.45	14.48	849267	24810286.00
2017/08/25	14.58	14.75	14.50	14.65	615277	18060210.00
2017/08/28	14.74	15.09	14.74	14.94	1423041	42780212.00
2017/08/29	15.00	15.04	14.67	14.80	1074838	31934484.00
2017/08/30	14.67	14.92	14.67	14.70	837356	24802680.00
2017/08/31	14.83	14.84	14.67	14.76	839907	24846426.00
2017/09/01	14.77	15.27	14.70	15.14	2158210	64958080.00
2017/09/04	15.10	15.74	15.07	15.41	2725647	84456144.00
2017/09/05	15.45	15.59	15.11	15.30	1573195	48180300.00
2017/09/06	15.08	15.84	15.08	15.75	2755506	85766752.00
2017/09/07	15.67	16.45	15.67	16.10	5728691	184505600.00
2017/09/08	16.02	16.10	15.71	15.96	2825716	90157600.00
2017/09/11	16.06	16.06	15.62	15.75	2119253	67054380.00
2017/09/12	15.75	15.85	15.46	15.53	1849475	57865728.00
2017/09/13	15.54	15.65	15.31	15.47	1187128	36711424.00
2017/09/14	15.43	15.53	15.18	15.30	1312153	40322236.00
2017/09/15	15.34	15.39	14.93	15.00	1591175	48174184.00
2017/09/18	15.00	15.18	14.89	15.14	1106015	33380380.00
2017/09/19	15.20	15.22	14.81	14.83	1294475	38901220.00
2017/09/20	14.84	15.00	14.81	14.89	1442188	43109556.00
2017/09/21	15.00	15.19	14.68	14.68	1848968	55425344.00
2017/09/22	14.55	14.68	14.32	14.51	1380100	40029924.00
2017/09/25	14.45	14.62	14.41	14.51	906407	26404862.00
2017/09/26	14.40	14.56	14.16	14.30	1202727	34495856.00
2017/10/09	14.50	14.94	14.50	14.78	1707193	50473584.00
2017/10/10	14.70	15.20	14.70	15.20	2198315	66247000.00
2017/10/11	15.70	15.90	14.99	15.08	3288008	101658456.00
2017/10/12	14.93	15.00	14.70	14.82	1490480	44385828.00
2017/10/13	14.86	15.02	14.75	14.89	1892038	56525684.00
2017/10/16	14.95	14.95	14.05	14.10	3028463	87517792.00
2017/10/17	14.10	14.19	14.05	14.14	1290342	36547228.00
2017/10/18	14.25	14.25	13.89	13.90	973700	27452284.00
2017/10/19	13.91	14.81	13.88	14.28	2769985	79701104.00
2017/10/20	14.07	14.29	14.05	14.25	958800	27236078.00
2017/10/23	14.25	14.35	14.14	14.18	1021594	29078108.00
2017/10/24	14.18	14.30	13.93	14.03	944800	26697464.00
2017/10/25	14.03	14.24	14.03	14.18	830094	23600676.00
2017/10/26	14.19	14.29	14.05	14.24	1088190	30937980.00
2017/10/27	14.25	14.31	14.06	14.11	773250	21978376.00
2017/10/30	14.21	14.21	13.45	13.53	1528401	41766768.00
2017/10/31	13.52	13.62	13.48	13.56	834450	22683032.00
2017/11/01	13.59	13.65	13.45	13.54	874238	23830556.00
2017/11/02	13.49	13.59	13.46	13.46	776048	21053104.00
2017/11/03	13.40	13.54	13.20	13.40	863100	23157404.00
2017/11/06	13.40	14.11	13.25	13.80	1477258	40474524.00
2017/11/07	13.98	14.44	13.90	14.11	2835710	80648256.00
2017/11/08	13.96	14.05	13.81	13.85	1869203	52101012.00
2017/11/09	13.78	13.92	13.72	13.87	1046809	29070426.00
2017/11/10	13.90	13.98	13.51	13.68	1100000	30286164.00
2017/11/13	13.64	13.81	13.58	13.75	1137062	31314134.00
2017/11/14	13.75	13.85	13.42	13.52	1316052	36065640.00
2017/11/15	13.46	13.63	13.35	13.54	974658	26389492.00
2017/11/16	13.45	13.52	13.35	13.40	881570	23772584.00
2017/11/17	13.45	13.47	12.58	12.81	2023254	52375136.00
2017/11/20	12.90	12.90	12.51	12.81	881450	22440106.00
2017/11/21	12.83	12.92	12.63	12.81	741732	19000530.00
2017/11/22	12.78	12.86	12.65	12.69	732300	18735652.00
2017/11/23	12.71	12.71	12.45	12.46	865450	21842784.00
2017/11/24	12.47	12.70	12.35	12.53	829358	20971788.00
2017/11/27	12.68	12.68	12.00	12.02	904700	22351408.00
2017/11/28	12.02	12.24	11.97	12.13	866931	21043956.00
2017/11/29	12.14	12.14	11.73	11.88	963527	23020228.00
2017/11/30	11.99	12.70	11.91	12.13	2069828	51111936.00
2017/12/01	11.97	12.35	11.97	12.22	1137445	27875850.00
2017/12/04	12.27	12.27	11.95	11.96	751054	18153608.00
2017/12/05	11.96	11.98	11.45	11.48	1066427	24944902.00
2017/12/06	11.45	11.65	11.32	11.63	781213	18071328.00
2017/12/07	11.63	11.63	11.46	11.56	495501	11479172.00
2017/12/08	11.53	11.83	11.53	11.76	888949	20936630.00
2017/12/11	12.20	12.42	12.12	12.31	2198487	54255224.00
2017/12/12	12.25	12.25	11.91	11.91	1532821	37048944.00
2017/12/13	11.98	12.09	11.90	12.03	808083	19492076.00
2017/12/14	12.10	12.10	11.85	11.95	839150	20197596.00
2017/12/15	11.95	12.04	11.75	11.83	655853	15632739.00
2017/12/18	11.81	11.98	11.70	11.82	917913	21839008.00
2017/12/19	11.79	11.94	11.68	11.74	1823470	43253268.00
2017/12/20	11.74	11.74	11.07	11.14	2494495	56454096.00
2017/12/21	11.06	11.15	10.76	10.95	1424000	31358156.00
2017/12/22	10.95	11.00	10.70	10.70	1609149	34983688.00
2017/12/25	10.75	10.77	10.16	10.19	1841049	38516720.00
2017/12/26	10.20	10.45	10.16	10.39	1456995	30330514.00
2017/12/27	10.44	10.55	10.26	10.45	1346044	28145376.00
2017/12/28	10.35	10.73	10.21	10.55	1960521	41735176.00
2017/12/29	10.64	10.79	10.37	10.76	1278222	27287514.00
2018/01/02	11.52	11.84	11.52	11.84	2327158	55196952.00
2018/01/03	11.85	12.39	11.85	11.92	6768964	164416752.00
2018/01/04	12.18	12.18	11.62	11.73	3515599	83082616.00
2018/01/05	11.67	11.93	11.67	11.75	2030911	48106092.00
2018/01/08	11.76	11.83	11.60	11.75	1758000	41304468.00
2018/01/09	11.84	11.85	11.62	11.75	1216229	28593794.00
2018/01/10	11.75	12.14	11.60	12.06	2429188	57864912.00
2018/01/11	12.10	13.19	12.01	12.77	5874961	148382592.00
2018/01/12	12.58	12.94	12.58	12.75	2582950	65971816.00
2018/01/15	12.80	12.83	11.86	11.91	2870590	70787616.00
2018/01/16	11.81	12.29	11.81	12.24	1985790	48472136.00
2018/01/17	12.23	12.23	11.88	12.06	1668440	40303824.00
2018/01/18	12.04	12.30	11.86	12.18	2069400	50032488.00
2018/01/19	12.14	12.68	12.06	12.56	2252383	56602736.00
2018/01/22	12.69	13.18	12.56	13.04	3875744	100673648.00
2018/01/23	12.96	13.12	12.81	12.98	2149750	55815116.00
2018/01/24	12.91	13.04	12.65	12.93	2260171	58195352.00
2018/01/25	12.84	13.08	12.69	12.70	2054540	52982656.00
2018/01/26	12.59	13.20	12.53	13.05	2726781	70825600.00
2018/01/29	12.95	13.10	12.68	12.73	1984523	51155776.00
2018/01/30	12.79	12.79	12.43	12.44	1785100	44831620.00
2018/01/31	12.20	12.20	11.45	11.77	3208100	76087040.00
2018/02/01	11.77	12.03	11.35	11.46	2460880	57596320.00
2018/02/02	11.51	11.51	10.71	11.02	3493820	77460272.00
2018/02/05	11.03	11.53	10.85	11.40	2415168	55072828.00
2018/02/06	12.21	12.55	12.14	12.55	10205192	255983136.00
2018/02/07	13.20	13.70	12.20	12.95	22652908	585306752.00
2018/02/08	12.65	14.25	12.59	13.90	18954021	515738752.00
2018/02/09	13.26	14.12	13.25	13.40	15705266	432530752.00
2018/02/12	13.75	14.75	13.59	14.75	12203184	348444288.00
2018/02/13	15.35	15.35	14.35	14.38	15757608	468735392.00
2018/02/14	14.34	15.13	14.20	14.96	12727495	374493856.00
2018/02/22	14.95	16.29	14.71	16.06	15143899	467320864.00
2018/02/23	15.71	16.05	15.56	15.97	11511487	364999552.00
2018/02/26	16.06	16.44	15.80	16.02	15981074	515728896.00
2018/02/27	15.94	16.60	15.75	15.87	15408486	497358048.00
2018/02/28	15.30	15.51	14.61	15.03	15106750	457868736.00
2018/03/01	15.13	15.59	15.06	15.38	13105014	402546848.00
2018/03/02	15.08	15.59	14.85	14.95	10809929	329917408.00
2018/03/05	15.07	16.29	15.05	16.17	16195750	510834112.00
2018/03/06	15.96	16.74	15.85	16.15	15699818	510739392.00
2018/03/07	16.16	17.70	16.00	16.90	15919674	540346304.00
2018/03/08	16.75	17.10	16.45	17.00	11442869	384472768.00
2018/03/09	16.88	17.45	16.76	17.16	12146946	416631840.00
2018/03/12	17.25	17.84	16.99	17.10	12197738	423171584.00
2018/03/13	16.91	17.38	16.61	16.64	9696202	331202400.00
2018/03/14	16.64	16.83	16.20	16.20	8598771	285133120.00
2018/03/15	16.08	16.56	15.80	16.45	8877738	288152800.00
2018/03/16	16.34	16.59	16.16	16.20	5550385	182234448.00
2018/03/19	16.25	16.77	15.85	16.35	8188689	269846880.00
2018/03/20	15.95	16.09	15.21	15.70	10302968	323526528.00
2018/03/21	15.75	15.94	15.24	15.30	9893309	310810176.00
2018/03/22	15.26	15.73	15.19	15.34	7735899	239476432.00
2018/03/23	14.71	14.89	13.80	13.94	11443300	331763232.00
2018/03/26	14.00	14.75	13.93	14.75	8261630	238948016.00
2018/03/27	15.07	15.74	15.01	15.35	11065377	340441248.00
2018/03/28	15.10	16.40	14.96	15.77	10787709	342959104.00
2018/03/29	15.62	16.28	15.62	15.89	7542595	240681488.00
2018/03/30	16.19	16.84	15.93	16.67	11326902	373282624.00
2018/04/02	16.71	17.34	16.49	16.95	12640296	428713376.00
2018/04/03	16.49	17.23	16.46	16.94	9263219	311932736.00
2018/04/04	17.05	17.08	16.02	16.13	8981873	295895008.00
2018/04/09	16.23	17.01	15.95	16.84	9651948	320330688.00
2018/04/10	16.70	16.81	15.96	16.18	8183648	268213984.00
2018/04/11	16.34	17.81	16.25	17.29	19098380	664518400.00
2018/04/12	17.16	17.73	16.91	17.40	16892834	588279744.00
2018/04/13	18.45	18.70	16.89	16.92	15956251	570126208.00
2018/04/16	16.46	18.06	16.46	17.99	15230241	533668736.00
2018/04/17	17.99	18.44	16.98	17.00	13053802	461121536.00
2018/04/18	17.25	18.21	16.60	17.97	13425598	468419488.00
2018/04/19	17.76	19.09	17.72	18.26	15480761	571710400.00
2018/04/20	18.00	18.67	17.48	18.03	11141602	404078240.00
2018/04/23	17.95	18.12	16.22	16.70	13295168	453387072.00
2018/04/24	16.71	18.38	16.46	18.38	16119915	573924608.00
2018/04/25	18.54	19.19	18.25	19.17	18199078	684113024.00
2018/04/26	18.73	18.89	18.11	18.24	12542683	465580992.00
2018/04/27	18.35	18.40	17.30	17.78	12367324	441541760.00
2018/05/02	17.70	17.95	16.93	17.34	9069138	316720928.00
2018/05/03	17.20	17.92	16.65	17.81	9671634	334861088.00
2018/05/04	17.57	17.59	17.05	17.19	7508229	260181120.00
2018/05/07	17.20	18.06	17.11	17.90	9592485	340203296.00
2018/05/08	17.85	17.90	17.34	17.73	7370752	260653744.00
2018/05/09	17.57	17.90	17.46	17.57	5901630	209012768.00
2018/05/10	17.65	17.65	17.09	17.31	6415621	223184800.00
2018/05/11	17.38	17.39	16.75	16.80	5584990	189906784.00
2018/05/14	16.62	17.13	16.36	16.59	5772526	193539952.00
2018/05/15	16.73	17.28	16.71	17.24	6952073	236663200.00
2018/05/16	17.04	17.53	17.03	17.18	5951268	206595968.00
2018/05/17	17.15	17.33	16.74	16.80	4506342	153215712.00
2018/05/18	16.70	16.79	15.83	16.23	8620979	281433024.00
2018/05/21	16.31	16.94	16.10	16.65	6841562	227751664.00
2018/05/22	16.77	17.23	16.70	16.90	7547414	256674336.00
2018/05/23	16.85	17.23	16.58	16.95	6496590	221884592.00
2018/05/24	16.94	17.23	16.86	16.91	5356597	183333616.00
2018/05/25	16.68	16.79	15.94	15.99	7469137	244069152.00
2018/05/28	15.99	16.13	15.52	15.61	5499917	174258432.00
2018/05/29	15.64	16.05	15.02	15.25	12127584	188751472.00
2018/05/30	14.90	15.67	14.62	15.03	13665158	208763184.00
2018/05/31	15.26	15.37	14.45	14.92	10743972	160025952.00
2018/06/01	14.80	14.88	13.57	13.83	14306270	202367104.00
2018/06/04	13.92	14.09	13.18	13.65	12937417	176139920.00
2018/06/05	13.74	14.82	13.69	14.72	16703107	238758880.00
2018/06/06	14.54	15.10	14.44	14.95	15852101	235456096.00
2018/06/07	14.94	15.04	14.57	14.58	8426082	124300680.00
2018/06/08	14.59	15.00	14.47	14.97	9510324	140709840.00
2018/06/11	14.78	15.42	14.67	14.96	12869701	194029648.00
2018/06/12	14.89	15.04	14.26	14.78	8544101	125343072.00
2018/06/13	14.75	15.15	14.47	14.50	7298512	107631872.00
2018/06/14	15.75	15.75	14.83	14.83	20575814	313668448.00
2018/06/15	14.86	15.23	14.00	14.22	12914614	187499744.00
2018/06/19	13.50	13.84	12.80	12.83	12444500	164598352.00
2018/06/20	12.81	13.40	12.61	13.31	10004564	130889720.00
2018/06/21	13.21	13.33	12.70	12.83	8712800	113134176.00
2018/06/22	12.73	13.43	12.57	13.36	10182700	134024016.00
2018/06/25	13.43	13.68	13.20	13.23	8198644	110305920.00
2018/06/26	12.89	14.18	12.83	13.99	11200906	153136032.00
2018/06/27	13.98	15.14	13.76	14.68	16530464	238524512.00
2018/06/28	14.52	14.90	14.43	14.45	9216500	135101136.00
2018/06/29	14.50	15.69	14.23	15.60	20772983	314577952.00
2018/07/02	15.49	15.94	15.20	15.53	13880097	216157312.00
2018/07/03	15.41	17.08	15.33	17.08	24814247	405980032.00
2018/07/04	16.70	17.14	16.25	16.43	19472337	325255968.00
2018/07/05	16.32	17.14	15.80	16.33	18116219	300330656.00
2018/07/06	16.45	17.20	16.10	16.43	22551519	377505568.00
2018/07/09	16.22	16.85	16.11	16.65	17507218	288364640.00
2018/07/10	16.55	16.55	15.35	15.87	28403839	448744672.00
2018/07/11	15.43	15.68	14.99	15.47	14717257	225974368.00
2018/07/12	15.40	16.38	15.40	16.12	18926237	302270688.00
2018/07/13	16.00	16.26	15.67	15.85	12733985	202916720.00
2018/07/16	16.01	16.48	15.56	16.30	17421073	280410624.00
2018/07/17	16.15	16.35	15.81	16.30	11502954	185276288.00
2018/07/18	16.31	16.48	15.90	15.90	12360300	200718944.00
2018/07/19	15.88	16.05	15.36	15.65	10805004	169553904.00
2018/07/20	15.55	16.45	15.51	16.42	19894982	320515008.00
2018/07/23	16.45	16.77	16.25	16.56	19200900	316419104.00
2018/07/24	16.49	16.83	16.18	16.70	16784520	277917312.00
2018/07/25	16.72	17.03	16.29	16.37	17367539	288858112.00
2018/07/26	16.21	16.27	15.43	15.45	16940242	266328080.00
2018/07/27	15.32	15.48	14.93	14.96	10685140	161655984.00
2018/07/30	14.90	15.09	14.52	14.63	7622266	112612296.00
2018/07/31	14.61	14.83	14.35	14.49	5706199	83330672.00
2018/08/01	14.60	14.98	14.41	14.43	8654195	127355848.00
2018/08/02	14.35	14.35	13.62	13.98	9874816	137811216.00
2018/08/03	14.08	14.42	13.93	13.98	8745960	123734920.00
2018/08/06	13.97	14.35	13.88	14.24	10478852	148643488.00
2018/08/07	14.33	15.66	14.31	15.66	23364308	355469792.00
2018/08/08	15.65	15.87	15.03	15.15	19159072	296320192.00
2018/08/09	15.13	16.55	15.06	16.03	25199663	400590208.00
2018/08/10	15.88	16.54	15.81	16.50	24418179	396241632.00
2018/08/13	16.10	17.32	16.03	17.00	26529824	444033312.00
2018/08/14	16.80	16.98	16.25	16.48	18517322	306333248.00
2018/08/15	16.56	17.20	16.32	16.60	22081069	370021216.00
2018/08/16	16.00	17.07	15.82	16.57	20227444	334284448.00
2018/08/17	16.85	16.95	15.78	15.90	16231771	265040640.00
2018/08/20	16.16	17.49	15.91	17.05	25719647	429971456.00
2018/08/21	16.90	17.54	16.80	17.30	27070720	465614720.00
2018/08/22	17.13	17.35	16.61	16.89	17476076	295880928.00
2018/08/23	16.81	17.47	16.71	17.00	19221724	330058208.00
2018/08/24	16.86	16.89	16.30	16.45	16847546	279014240.00
2018/08/27	16.51	17.50	16.36	17.36	22926892	390094496.00
2018/08/28	17.21	17.63	17.12	17.40	16766282	290634272.00
2018/08/29	17.27	17.49	16.90	17.32	11146152	191348960.00
2018/08/30	17.35	17.39	16.67	16.76	12526176	211793024.00
2018/08/31	16.60	16.98	16.52	16.55	8390568	140725488.00
2018/09/03	16.48	16.98	15.84	16.95	12981422	212328096.00
2018/09/04	16.75	18.65	16.75	18.65	40085323	716641344.00
2018/09/05	18.65	19.08	18.37	18.56	38484582	720495488.00
2018/09/06	18.63	19.07	18.36	18.79	27172154	509040512.00
2018/09/07	18.58	19.06	17.52	17.80	30863134	563113920.00
2018/09/10	17.71	17.94	16.86	17.26	21737234	378359936.00
2018/09/11	17.23	17.67	17.15	17.34	12843682	223475312.00
2018/09/12	17.34	17.59	16.86	16.94	14083953	242061552.00
2018/09/13	17.18	17.77	16.66	17.70	17591625	303618752.00
2018/09/14	17.58	17.69	16.96	17.07	14657808	253545616.00
2018/09/17	16.64	17.33	16.32	17.07	9538434	160897312.00
2018/09/18	16.98	17.67	16.82	17.62	12107560	209847600.00
2018/09/19	17.41	19.09	17.41	18.38	26142996	479289184.00
2018/09/20	18.27	18.44	18.07	18.20	10880462	198214736.00
2018/09/21	18.36	18.56	18.09	18.40	13292816	243714608.00
2018/09/25	18.22	18.96	18.21	18.49	12111892	226134944.00
2018/09/26	18.37	18.53	17.81	18.17	15816825	285497856.00
2018/09/27	18.07	18.28	17.75	17.85	9723502	174791248.00
2018/09/28	17.94	18.04	17.00	17.55	12578247	219124288.00
2018/10/08	16.91	17.26	16.63	16.75	9724479	164582768.00
2018/10/09	16.83	17.11	16.02	16.35	9929669	163514288.00
2018/10/10	16.56	17.14	16.36	16.85	11988224	201756480.00
2018/10/11	16.24	17.18	15.74	16.20	15094709	248385504.00
2018/10/12	16.18	17.12	16.13	16.94	12791165	213270368.00
2018/10/15	17.08	17.40	16.75	16.92	12638602	216154272.00
2018/10/16	16.82	17.38	16.55	16.99	11938833	202732896.00
2018/10/17	17.20	18.37	16.90	18.01	19805851	349436480.00
2018/10/18	17.88	18.43	17.62	18.02	18561418	335519232.00
2018/10/19	17.53	19.82	17.41	19.48	33927816	646187584.00
2018/10/22	19.90	20.84	19.30	20.00	39713330	789974528.00
2018/10/23	19.60	20.34	19.48	20.09	24188551	482562496.00
2018/10/24	19.74	20.09	19.00	19.46	21721695	422719552.00
2018/10/25	18.65	20.07	18.42	19.95	23458600	448588608.00
2018/10/26	19.85	20.08	19.18	19.67	18588611	366005120.00
2018/10/29	19.53	19.53	18.47	18.47	15639854	296029248.00
2018/10/30	18.53	18.97	17.62	18.39	21073066	384649024.00
2018/10/31	18.30	18.88	17.89	18.44	16787115	309333504.00
2018/11/01	18.75	19.55	18.41	18.92	22291455	423167872.00
2018/11/02	19.50	19.50	18.70	19.25	21425361	408982688.00
2018/11/05	19.01	20.36	18.91	20.27	28270518	556660608.00
2018/11/06	20.00	20.47	19.53	20.40	18593851	370826880.00
2018/11/07	20.21	20.65	19.58	19.58	21347889	428265408.00
2018/11/08	19.58	19.76	19.10	19.21	14091231	273494208.00
2018/11/09	19.10	20.43	19.04	19.88	22825176	455521248.00
2018/11/12	19.75	21.10	19.63	20.87	25978762	532546464.00
2018/11/13	20.44	21.18	20.41	20.59	22183985	460120960.00
2018/11/14	20.15	20.55	19.91	20.00	16258838	327765248.00
2018/11/15	19.99	20.70	19.70	20.68	17446646	353716512.00
2018/11/16	20.40	20.64	19.90	20.08	18359563	371639424.00
2018/11/19	19.77	19.92	19.24	19.43	16212122	315770240.00
2018/11/20	19.26	19.79	19.06	19.44	12727572	248254208.00
2018/11/21	18.31	18.50	17.50	17.50	31465005	559459200.00
2018/11/22	17.40	18.33	17.40	17.86	18282991	328233472.00
2018/11/23	17.78	18.05	17.46	17.54	11522887	204461856.00
2018/11/26	17.54	17.76	17.03	17.28	10495462	182549568.00
2018/11/27	17.50	17.88	17.43	17.72	9360923	165618336.00
2018/11/28	17.75	17.98	17.35	17.90	9371245	166029568.00
2018/11/29	18.05	18.15	17.20	17.33	7451602	131428544.00
2018/11/30	17.10	17.45	16.51	17.23	9174233	156157136.00
2018/12/03	17.80	17.98	17.49	17.70	10062159	178785600.00
2018/12/04	17.64	17.88	17.55	17.81	6088574	107761160.00
2018/12/05	17.51	17.85	17.24	17.56	6313341	110869728.00
2018/12/06	17.50	17.50	16.48	16.48	11507500	194139088.00
2018/12/07	16.51	17.00	16.16	16.89	13452745	222575328.00
2018/12/10	16.81	18.00	16.81	17.90	17479986	309772128.00
2018/12/11	17.76	18.15	17.76	18.12	10033545	180349424.00
2018/12/12	18.17	18.17	17.70	17.81	5991100	107354024.00
2018/12/13	17.85	18.38	17.83	18.17	8638863	156749936.00
2018/12/14	18.13	18.23	17.61	17.77	4948099	88481896.00
2018/12/17	17.65	17.95	17.52	17.78	5066306	89915128.00
2018/12/18	17.57	18.38	17.55	18.27	10682798	193950016.00
2018/12/19	18.26	18.26	17.66	17.67	6520808	116282664.00
2018/12/20	17.66	17.81	17.12	17.33	8325548	144894384.00
2018/12/21	17.53	18.75	17.53	18.47	19665163	358755520.00
2018/12/24	18.30	19.05	18.19	18.82	14658188	272963616.00
2018/12/25	18.69	19.17	18.51	18.99	13744502	259179248.00
2018/12/26	19.25	19.75	19.00	19.06	14119545	273002848.00
2018/12/27	19.31	19.66	18.89	18.93	10940352	211173056.00
2018/12/28	19.10	19.35	18.65	19.15	10618500	202386352.00
2019/01/02	19.16	19.60	18.63	19.11	9011985	172750224.00
2019/01/03	19.05	19.45	18.76	18.90	8099335	154729648.00
数据来源:通达信
