300636 同和药业 日线 前复权
      日期	    开盘	    最高	    最低	    收盘	    成交量	    成交额
2017/03/31	18.83	20.73	18.83	20.73	3601	75037.94
2017/04/05	22.81	22.81	22.81	22.81	2700	61884.00
2017/04/06	25.10	25.10	25.10	25.10	1100	27731.00
2017/04/07	27.62	27.62	27.62	27.62	3800	105374.00
2017/04/10	30.39	30.39	30.39	30.39	4400	134200.00
2017/04/11	33.44	33.44	33.44	33.44	5900	197945.00
2017/04/12	36.80	36.80	36.80	36.80	5700	210387.00
2017/04/13	40.49	40.49	40.49	40.49	10600	430360.00
2017/04/14	44.55	44.55	44.55	44.55	47300	2112418.00
2017/04/17	44.89	44.89	40.08	40.08	7279365	304754016.00
2017/04/18	39.02	41.17	39.02	39.47	4384404	176038032.00
2017/04/19	38.99	41.86	38.37	41.44	4902081	197254944.00
2017/04/20	40.89	41.30	39.22	39.89	3708201	149757776.00
2017/04/21	39.96	41.27	39.96	40.04	3138542	127680192.00
2017/04/24	39.54	39.56	38.06	38.26	2723160	105369808.00
2017/04/25	38.39	39.45	38.39	38.55	2222727	86815376.00
2017/04/26	38.40	39.56	38.39	39.05	1980907	77706448.00
2017/04/27	38.19	42.97	37.96	42.97	4507561	184091184.00
2017/04/28	43.39	43.77	41.92	42.97	3697076	159091472.00
2017/05/02	42.68	43.82	42.25	43.04	2990351	128904280.00
2017/05/03	42.83	43.99	41.11	43.89	4891003	210934128.00
2017/05/04	42.96	42.96	40.88	40.88	3900370	163828848.00
2017/05/05	40.86	40.86	39.09	39.09	2991125	119931024.00
2017/05/08	38.89	39.38	38.54	38.56	1832975	71508808.00
2017/05/09	38.64	39.74	38.57	39.59	1811925	71367056.00
2017/05/10	39.58	39.97	38.13	38.14	2173808	85560512.00
2017/05/11	37.59	38.86	37.09	38.86	2031139	77444112.00
2017/05/12	38.89	39.54	38.48	39.18	1706746	66828828.00
2017/05/15	39.19	39.79	38.55	38.71	1346757	52739628.00
2017/05/16	38.71	39.63	37.84	39.56	1834646	71439448.00
2017/05/17	39.48	40.37	39.23	39.48	1842400	73513920.00
2017/05/18	39.02	39.74	38.59	38.86	1274438	50063180.00
2017/05/19	38.86	39.10	38.00	38.10	1143035	44189988.00
2017/05/22	38.28	38.28	35.19	35.39	2156200	79599200.00
2017/05/23	35.18	35.57	33.69	33.87	1671766	57912504.00
2017/05/24	33.69	34.60	33.60	34.44	1168300	39986332.00
2017/05/25	34.30	34.69	33.55	34.46	1315000	44930900.00
2017/05/26	34.39	35.85	34.32	35.23	1229600	43195664.00
2017/05/31	36.89	37.54	35.40	35.58	1926600	70925688.00
2017/06/01	35.25	35.59	33.69	33.74	1250863	43387532.00
2017/06/02	33.73	35.36	33.30	34.92	888122	30649788.00
2017/06/05	35.48	36.17	35.37	35.79	1062000	38125716.00
2017/06/06	35.39	36.03	35.33	35.81	562663	20138946.00
2017/06/07	35.85	37.32	35.76	37.00	1698099	62632624.00
2017/06/08	36.99	37.12	36.11	36.62	1250559	46103068.00
2017/06/09	36.89	38.29	36.84	37.42	1844700	69327032.00
2017/06/12	36.44	36.51	35.00	35.67	1324800	47702888.00
2017/06/13	35.38	36.59	35.22	36.49	868200	31587278.00
2017/06/14	36.49	36.54	35.74	36.11	692400	25107896.00
2017/06/15	36.16	37.09	36.13	36.40	1158100	42739920.00
2017/06/16	36.59	36.96	36.25	36.53	703600	25834688.00
2017/06/19	36.49	36.87	35.99	36.39	565600	20630592.00
2017/06/20	36.59	36.73	35.66	35.74	801200	29146142.00
2017/06/21	35.80	36.09	35.49	35.87	553300	19847840.00
2017/06/22	35.71	35.87	34.89	34.89	829100	29482552.00
2017/06/23	35.10	35.13	33.80	34.80	750300	25987044.00
2017/06/26	34.80	35.18	34.40	35.14	474000	16611040.00
2017/06/27	35.01	35.48	34.76	34.85	436300	15381160.00
2017/06/28	34.79	34.79	34.09	34.21	489900	16877780.00
2017/06/29	34.22	34.77	33.99	34.27	404241	13942961.00
2017/06/30	34.27	34.94	34.02	34.87	595541	20641642.00
2017/07/03	34.74	35.28	34.59	35.22	442041	15536572.00
2017/07/04	35.22	35.25	34.89	35.17	377700	13306194.00
2017/07/05	35.14	35.77	35.04	35.69	725041	25833670.00
2017/07/06	35.76	36.16	35.35	36.03	888528	31883924.00
2017/07/07	36.07	36.81	36.00	36.48	1382541	50682132.00
2017/07/10	36.23	36.23	34.91	34.93	1087400	38627780.00
2017/07/11	34.89	35.27	34.56	34.64	496500	17347950.00
2017/07/12	34.69	35.28	33.95	35.05	670287	23157610.00
2017/07/13	34.89	34.89	34.49	34.63	363000	12611048.00
2017/07/14	34.89	35.22	34.54	34.66	557500	19567278.00
2017/07/17	34.38	34.38	31.20	31.29	1287100	41558032.00
2017/07/18	30.91	31.79	30.90	31.79	609500	19202876.00
2017/07/19	32.27	32.27	31.44	31.90	398500	12708475.00
2017/07/20	32.15	32.87	31.70	31.83	569400	18421820.00
2017/07/21	31.70	32.18	31.39	31.58	410300	13052366.00
2017/07/24	31.49	32.01	30.80	31.86	560700	17647516.00
2017/07/25	31.77	32.01	31.64	31.86	299300	9560224.00
2017/07/26	31.96	32.06	31.39	31.58	330600	10514427.00
2017/07/27	31.77	32.85	31.40	32.56	786100	25502224.00
2017/07/28	32.40	32.66	32.05	32.14	503900	16357822.00
2017/07/31	32.14	32.61	31.89	32.38	305300	9876549.00
2017/08/01	32.38	32.52	31.96	32.43	362600	11748007.00
2017/08/02	32.43	32.52	31.59	31.59	417900	13406924.00
2017/08/03	31.60	32.38	31.59	31.90	427900	13735509.00
2017/08/04	31.80	32.06	31.44	31.46	424300	13476924.00
2017/08/07	31.49	32.02	31.47	31.86	299900	9588570.00
2017/08/08	32.03	32.03	31.49	31.82	276500	8805312.00
2017/08/09	31.79	31.97	31.73	31.91	235300	7525656.00
2017/08/10	31.89	32.14	31.49	31.63	369700	11798697.00
2017/08/11	31.40	31.53	30.92	31.09	589100	18496424.00
2017/08/14	31.10	31.73	31.10	31.69	436000	13810588.00
2017/08/15	31.74	32.07	31.71	32.07	473067	15155646.00
2017/08/16	32.08	32.75	31.79	32.39	952508	30978236.00
2017/08/17	32.47	32.65	32.29	32.56	567700	18504244.00
2017/08/18	32.55	32.55	32.10	32.23	502900	16287764.00
2017/08/21	32.38	33.05	32.23	32.93	646500	21238420.00
2017/08/22	33.17	33.95	33.16	33.32	1157100	39077192.00
2017/08/23	33.27	33.74	32.81	33.34	650100	21631078.00
2017/08/24	33.28	33.69	32.69	32.88	662100	22072548.00
2017/08/25	32.82	33.89	32.81	33.82	894700	30108800.00
2017/08/28	33.92	35.16	33.92	34.73	1326100	45851832.00
2017/08/29	34.79	35.64	34.44	34.78	1418259	49707140.00
2017/08/30	34.49	34.78	33.94	34.12	1029207	35433168.00
2017/08/31	34.05	35.22	34.05	35.01	1142200	39934472.00
2017/09/01	35.08	35.28	34.66	35.04	835500	29231332.00
2017/09/05	33.89	35.02	33.37	35.02	1888366	64243260.00
2017/09/06	34.19	34.98	33.71	34.34	1072300	36816864.00
2017/09/07	34.19	34.67	34.09	34.26	679944	23490430.00
2017/09/08	34.10	34.79	33.91	34.37	823644	28433624.00
2017/09/11	34.23	35.03	34.22	34.90	800466	27860154.00
2017/09/12	34.90	34.96	33.99	34.05	1001208	34534792.00
2017/09/13	33.97	34.46	33.90	34.40	543300	18624752.00
2017/09/14	34.40	34.54	33.99	34.02	621700	21376542.00
2017/09/15	33.99	34.27	33.91	33.99	424800	14501838.00
2017/09/18	33.90	34.25	33.85	34.00	409566	13971763.00
2017/09/19	34.00	34.65	33.95	34.38	855100	29493932.00
2017/09/20	34.24	34.77	34.05	34.72	797400	27564884.00
2017/09/21	34.52	35.49	34.49	34.61	1307144	45916976.00
2017/09/22	34.59	35.54	34.30	35.49	1338300	47111296.00
2017/09/25	35.54	36.39	35.19	35.22	1539608	55349252.00
2017/09/26	35.20	35.51	33.70	33.74	1186400	40806540.00
2017/09/27	33.77	34.38	33.74	34.22	607808	20810100.00
2017/09/28	34.15	34.67	34.15	34.40	531508	18334664.00
2017/09/29	34.34	34.81	34.34	34.75	523444	18182416.00
2017/10/09	35.29	35.39	34.90	35.00	551300	19382500.00
2017/10/10	34.94	36.37	34.92	36.31	1838700	66366576.00
2017/10/11	36.45	36.76	35.60	35.77	1617400	58692528.00
2017/10/12	35.79	35.99	35.34	35.59	776887	27803006.00
2017/10/13	35.48	36.58	35.48	36.37	1258900	45867252.00
2017/10/16	36.74	37.37	35.49	35.71	1586300	57874476.00
2017/10/17	35.67	36.85	35.44	36.75	1261399	45997288.00
2017/10/18	36.65	36.99	36.07	36.23	1071374	39268336.00
2017/10/19	35.99	37.04	35.79	36.94	1354905	49684760.00
2017/10/20	36.61	36.80	35.95	36.51	902150	32868024.00
2017/10/23	36.41	36.77	35.91	36.27	967000	35187808.00
2017/10/24	36.37	36.47	35.44	35.85	991274	35782804.00
2017/10/25	35.69	37.07	35.69	37.07	1263266	46236252.00
2017/10/26	37.07	37.25	36.70	37.06	1036966	38397496.00
2017/10/27	37.14	37.87	36.89	37.61	1649766	61893996.00
2017/10/30	37.29	37.65	36.01	36.46	1349766	49640848.00
2017/10/31	36.47	37.68	36.17	37.57	1300966	48280476.00
2017/11/01	37.38	38.37	37.38	37.67	1477806	56164084.00
2017/11/02	37.70	38.33	37.00	37.59	1383466	52328596.00
2017/11/03	37.58	38.19	36.89	37.33	944166	35444148.00
2017/11/06	37.87	38.58	37.41	38.58	1666700	63802248.00
2017/11/07	38.34	38.45	37.77	38.36	1401606	53582356.00
2017/11/08	38.27	38.80	38.04	38.24	1193300	45964700.00
2017/11/09	38.10	38.32	37.75	38.25	815206	31052342.00
2017/11/10	38.18	38.74	38.01	38.44	1076706	41456404.00
2017/11/13	38.44	39.08	38.15	39.02	1357400	52618492.00
2017/11/14	39.09	39.25	38.41	38.55	1196384	46549132.00
2017/11/15	38.51	38.66	37.47	37.67	1191100	45426820.00
2017/11/16	37.59	38.07	36.21	36.43	1014754	37860152.00
2017/11/17	36.43	36.80	33.47	34.19	1462145	51561540.00
2017/11/20	34.77	35.17	33.98	35.17	964406	33633492.00
2017/11/21	34.94	35.57	34.04	34.59	875106	30407006.00
2017/11/22	34.42	34.94	34.07	34.48	616006	21324456.00
2017/11/23	34.48	34.68	33.54	33.54	569206	19507308.00
2017/11/24	33.54	34.00	32.78	32.78	561100	18802902.00
2017/11/27	32.69	33.14	31.69	32.04	674300	21967612.00
2017/11/28	32.04	32.68	31.90	32.66	568200	18440940.00
2017/11/29	32.53	32.59	31.97	32.53	581400	18829376.00
2017/11/30	32.42	33.31	32.30	32.84	473300	15598108.00
2017/12/01	32.83	33.31	32.61	33.21	396900	13182153.00
2017/12/04	32.87	32.89	30.64	30.66	1116600	35287480.00
2017/12/05	30.45	30.85	29.02	29.26	774700	23296016.00
2017/12/06	29.64	29.85	28.83	29.79	816368	24058836.00
2017/12/07	29.67	29.82	29.08	29.51	835487	24730904.00
2017/12/08	29.56	30.25	29.49	29.95	819987	24672668.00
2017/12/11	29.90	30.27	29.90	30.25	545587	16481299.00
2017/12/12	30.17	30.23	29.23	29.27	598503	17810282.00
2017/12/13	29.36	29.85	29.17	29.69	478679	14209355.00
2017/12/14	29.77	29.93	29.40	29.82	355220	10562665.00
2017/12/15	29.62	29.88	27.95	29.61	426700	12663486.00
2017/12/18	29.42	29.76	29.27	29.49	432887	12802613.00
2017/12/19	29.64	30.22	29.47	30.11	639800	19286116.00
2017/12/20	30.00	30.14	29.42	29.51	408100	12137723.00
2017/12/21	29.39	29.87	28.97	29.51	295200	8734668.00
2017/12/22	29.30	29.74	29.30	29.48	325600	9647090.00
2017/12/25	29.48	29.60	28.55	29.44	625100	18269844.00
2017/12/26	29.36	30.74	29.01	30.54	1297900	39386640.00
2017/12/27	30.39	30.88	30.19	30.69	749800	23023252.00
2017/12/28	30.43	31.09	30.42	30.67	552600	17088768.00
2017/12/29	30.56	30.85	30.39	30.60	419234	12852892.00
2018/01/02	30.56	30.90	30.49	30.82	536900	16533505.00
2018/01/03	30.74	30.80	30.39	30.65	473800	14538022.00
2018/01/04	30.68	30.68	30.09	30.25	576734	17580322.00
2018/01/05	30.49	30.58	30.06	30.45	727300	22111256.00
2018/01/08	30.47	30.50	29.97	30.44	636536	19295232.00
2018/01/09	30.50	31.88	30.32	31.29	1518536	47771860.00
2018/01/10	30.95	31.18	30.10	30.59	883100	27196456.00
2018/01/11	30.59	32.91	30.19	31.96	1525800	48744644.00
2018/01/12	31.77	32.02	31.23	31.94	988236	31423204.00
2018/01/15	31.72	31.77	31.17	31.19	811400	25590664.00
2018/01/16	31.39	32.08	30.97	31.78	804034	25569768.00
2018/01/17	31.70	32.16	31.17	32.16	886037	28263174.00
2018/01/18	32.15	32.43	31.67	31.83	572334	18373966.00
2018/01/19	31.61	32.04	31.30	31.56	524234	16694223.00
2018/01/22	31.20	31.38	30.05	30.81	658000	20324112.00
2018/01/23	30.86	31.29	30.62	30.88	279700	8671280.00
2018/01/24	30.69	31.54	30.41	31.50	806700	25189064.00
2018/01/25	31.53	31.53	30.61	30.64	1254900	39018120.00
2018/01/26	30.39	30.98	30.29	30.38	546059	16770817.00
2018/01/29	30.39	30.68	29.69	29.79	549700	16582002.00
2018/01/30	29.61	30.00	29.59	29.80	263800	7882563.00
2018/01/31	29.74	29.74	28.20	28.39	623900	18096080.00
2018/02/01	28.29	28.65	26.49	26.49	782800	21535792.00
2018/02/02	26.49	26.86	25.89	26.47	336600	8949455.00
2018/02/05	26.14	26.71	26.09	26.49	339800	9035710.00
2018/02/06	25.92	26.35	24.69	24.76	642700	16488551.00
2018/02/07	25.38	25.63	24.59	25.28	458100	11614644.00
2018/02/08	25.29	25.92	25.16	25.66	307000	7921862.00
2018/02/09	25.29	25.46	24.66	24.96	346900	8712535.00
2018/02/12	25.24	26.06	25.24	25.80	317800	8200114.00
2018/02/13	25.99	26.10	25.74	25.87	266000	6910132.00
2018/02/14	25.87	25.94	25.60	25.86	163100	4220621.00
2018/02/22	25.97	26.15	25.78	26.15	345600	9013962.00
2018/02/23	26.14	26.20	25.86	26.03	224800	5871737.00
2018/02/26	26.24	27.03	26.21	26.94	489600	13116652.00
2018/02/27	26.87	27.18	26.79	27.01	465900	12623403.00
2018/02/28	26.79	26.87	26.52	26.65	333100	8935295.00
2018/03/01	26.60	27.19	26.39	27.05	317659	8571883.00
2018/03/02	26.69	27.08	26.60	26.77	232300	6266740.00
2018/03/05	26.89	27.06	26.69	27.06	302975	8171387.50
2018/03/06	27.00	27.46	26.93	27.23	486300	13297421.00
2018/03/07	27.23	27.29	26.96	27.11	435700	11860632.00
2018/03/08	27.19	28.39	27.02	27.93	928016	25876232.00
2018/03/09	27.80	28.37	27.71	28.36	683316	19285474.00
2018/03/12	28.52	29.56	28.39	28.74	800600	23281196.00
2018/03/13	28.60	28.80	28.24	28.26	436200	12438607.00
2018/03/14	28.26	28.57	28.07	28.24	481200	13713378.00
2018/03/15	27.90	27.98	26.89	27.28	807116	22123676.00
2018/03/16	27.28	27.68	27.27	27.32	282800	7784248.00
2018/03/19	27.47	27.78	27.12	27.62	462500	12799417.00
2018/03/20	27.44	29.84	27.33	29.22	1885400	54906180.00
2018/03/21	29.05	29.66	28.32	28.32	1361716	39736952.00
2018/03/22	28.32	29.07	28.32	28.46	993500	28588368.00
2018/03/23	27.69	28.31	26.03	26.58	1487800	40875368.00
2018/03/26	26.15	27.40	25.67	27.38	932400	24946218.00
2018/03/27	27.73	28.87	27.59	28.49	1372100	38883284.00
2018/03/28	28.14	29.75	27.98	29.02	1541316	45173160.00
2018/03/29	28.82	30.18	28.82	29.90	1794420	53566800.00
2018/03/30	29.71	30.59	29.28	30.02	1970920	59363752.00
2018/04/02	30.19	30.57	29.69	29.82	1388159	41891736.00
2018/04/03	29.09	31.09	29.09	30.93	1888678	57366028.00
2018/04/04	31.36	33.77	31.29	31.29	2882118	93169728.00
2018/04/09	30.44	31.92	29.50	31.89	2284174	69787280.00
2018/04/10	30.39	31.37	29.02	30.92	3316676	100904200.00
2018/04/11	30.50	30.87	29.90	30.07	2145256	65497464.00
2018/04/12	29.89	30.98	29.60	30.23	1579536	48256504.00
2018/04/13	30.49	30.63	29.59	29.59	1069479	32292190.00
2018/04/16	29.79	30.07	28.59	29.01	929740	27354136.00
2018/04/17	28.83	29.28	27.39	27.46	1193700	33931052.00
2018/04/18	27.59	28.19	26.51	27.93	829500	22930224.00
2018/04/19	27.70	28.22	27.59	27.77	725540	20346690.00
2018/04/20	26.98	26.98	25.69	25.88	1400800	37147580.00
2018/04/23	25.74	26.06	25.29	25.62	557300	14387104.00
2018/04/24	25.72	26.66	25.56	26.44	687100	18134976.00
2018/04/25	26.41	27.34	26.17	27.34	792820	21365802.00
2018/04/26	26.89	27.11	26.21	26.28	606466	16211715.00
2018/04/27	26.29	26.89	26.22	26.45	454020	12079742.00
2018/05/02	26.48	26.57	25.64	26.08	441600	11604095.00
2018/05/03	25.64	26.33	25.17	26.26	815459	21075834.00
2018/05/04	26.01	26.21	25.52	25.82	1187574	30752318.00
2018/05/07	25.81	26.75	25.71	26.59	1007900	26560918.00
2018/05/08	26.51	27.76	26.50	27.38	1581822	43382832.00
2018/05/09	27.22	27.47	26.99	27.37	882774	24144450.00
2018/05/10	27.31	27.87	27.19	27.63	868142	24006994.00
2018/05/11	27.39	29.44	27.39	28.04	2080000	59604216.00
2018/05/14	27.95	28.25	27.05	27.63	996740	27448116.00
2018/05/15	27.59	28.22	27.19	28.04	660584	18396702.00
2018/05/16	27.89	29.04	27.89	28.18	1032043	29566208.00
2018/05/17	27.55	28.06	27.45	27.83	991710	27536238.00
2018/05/18	27.95	28.49	27.44	27.75	767743	21462866.00
2018/05/21	27.88	28.27	27.62	28.05	1133037	31751820.00
2018/05/22	28.09	28.57	27.91	28.43	1096900	31157192.00
2018/05/23	28.38	28.87	28.15	28.31	1041756	29749628.00
2018/05/24	28.42	28.62	28.16	28.55	759456	21680218.00
2018/05/25	28.43	28.64	27.92	28.38	843316	23962146.00
2018/05/28	28.44	28.82	27.59	28.44	992350	28169032.00
2018/05/29	28.16	29.43	27.99	28.19	1733590	50212536.00
2018/05/30	27.14	27.15	25.36	25.59	1572406	41267420.00
2018/05/31	25.96	26.28	25.79	26.20	732418	19154644.00
2018/06/01	26.20	26.62	25.87	26.17	549206	14419234.00
2018/06/04	26.64	26.64	25.91	26.18	355166	9331862.00
2018/06/05	26.15	26.80	26.15	26.72	490618	13021900.00
2018/06/06	26.85	26.99	26.50	26.82	443400	11850305.00
2018/06/07	26.89	26.95	26.18	26.28	710310	18801716.00
2018/06/08	26.39	26.50	25.00	25.62	689060	17717464.00
2018/06/11	25.62	25.96	25.31	25.63	415866	10686143.00
2018/06/12	25.60	25.79	24.30	25.45	483460	12234695.00
2018/06/13	25.45	25.45	24.71	24.85	306900	7689032.00
2018/06/14	24.85	25.13	24.50	24.77	332100	8249181.00
2018/06/15	24.77	24.90	23.71	23.85	505500	12232954.00
2018/06/19	23.68	23.68	21.47	21.50	914800	20505540.00
2018/06/20	21.51	22.38	21.10	22.05	509700	11144025.00
2018/06/21	22.39	22.49	21.41	21.41	521300	11460812.00
2018/06/22	21.30	22.00	21.12	21.88	336500	7309861.00
2018/06/25	21.88	22.55	21.88	22.14	444900	9915068.00
2018/06/26	22.05	23.08	21.50	22.90	647546	14662216.00
2018/06/27	22.85	23.11	22.70	22.74	380166	8685252.00
2018/06/28	22.68	23.07	22.61	22.77	349800	7984970.00
2018/06/29	23.05	23.27	22.42	23.16	629500	14470807.00
2018/07/02	23.27	23.27	22.05	22.26	463280	10555264.00
2018/07/03	22.27	22.96	22.26	22.90	473818	10736786.00
2018/07/04	22.89	22.89	21.65	22.06	444800	9938291.00
2018/07/05	22.20	22.37	21.58	21.58	392419	8676865.00
2018/07/06	21.58	22.20	21.35	21.87	413700	9031168.00
2018/07/09	22.02	23.00	21.88	22.78	541700	12180195.00
2018/07/10	22.63	23.60	22.63	23.56	784048	18253622.00
2018/07/11	23.18	23.20	22.37	22.91	630958	14377191.00
2018/07/12	22.22	23.39	22.22	23.18	888408	20404602.00
2018/07/13	23.09	23.23	22.88	23.03	515177	11890012.00
2018/07/16	23.03	23.10	22.74	22.89	249830	5715984.00
2018/07/17	22.78	22.89	22.57	22.88	222500	5055820.00
2018/07/18	23.00	23.26	22.63	22.63	335800	7698064.00
2018/07/19	22.62	23.79	22.62	22.91	810600	18702638.00
2018/07/20	23.50	24.46	23.10	24.13	1539748	36919184.00
2018/07/23	23.20	23.50	22.53	23.01	1020553	23476266.00
2018/07/24	22.80	23.17	22.72	23.10	945229	21756640.00
2018/07/25	22.95	23.24	22.91	23.17	367668	8496368.00
2018/07/26	23.18	23.28	22.95	23.03	366900	8467400.00
2018/07/27	22.92	23.12	22.71	22.88	239220	5481107.50
2018/07/30	22.99	23.05	22.62	22.78	281200	6424931.50
2018/07/31	22.71	23.39	22.70	22.85	269618	6183841.50
2018/08/01	22.76	22.93	21.50	21.69	589188	13123356.00
2018/08/02	21.59	21.74	20.60	20.88	424637	8930109.00
2018/08/03	20.80	21.13	20.30	20.79	213171	4450744.50
2018/08/06	20.79	20.98	19.83	19.90	354900	7255489.00
2018/08/07	20.23	20.48	19.70	20.35	220371	4455312.50
2018/08/08	20.55	20.58	19.93	20.10	195500	3956937.00
2018/08/09	20.21	20.87	20.10	20.66	314971	6470235.50
2018/08/10	20.66	21.24	20.45	20.79	281166	5878488.50
2018/08/13	20.52	20.77	20.32	20.72	223071	4590144.00
2018/08/14	20.60	20.77	20.51	20.63	175100	3605323.00
2018/08/15	20.60	20.70	19.99	20.04	207300	4204447.00
2018/08/16	19.94	20.15	19.79	19.86	167634	3348171.25
2018/08/17	19.95	20.13	19.11	19.34	361525	7098553.50
2018/08/20	19.29	19.40	17.43	19.11	342425	6488813.50
2018/08/21	19.10	19.43	18.81	19.27	256800	4930628.00
2018/08/22	19.12	19.32	18.62	18.88	184637	3490710.75
2018/08/23	18.88	19.08	18.76	18.89	242800	4591980.00
2018/08/24	18.68	19.08	18.66	18.87	301700	5692373.00
2018/08/27	18.86	19.38	18.85	19.21	570700	10852495.00
2018/08/28	19.10	19.30	18.88	19.26	396200	7546637.00
2018/08/29	19.23	19.58	19.12	19.48	471900	9148304.00
2018/08/30	19.48	19.60	18.91	19.12	497900	9574943.00
2018/08/31	18.93	19.12	18.68	18.78	197866	3724498.50
2018/09/03	18.78	18.78	18.35	18.66	270100	5012134.00
2018/09/04	18.77	19.20	18.65	19.06	303100	5751014.00
2018/09/05	18.92	19.24	18.70	18.98	293200	5557167.00
2018/09/06	18.92	19.02	18.73	18.73	164000	3093738.00
2018/09/07	18.98	19.10	18.05	18.91	192400	3627931.00
2018/09/10	18.28	18.80	18.28	18.30	275000	5078403.00
2018/09/11	18.30	18.76	18.30	18.51	143400	2658872.00
2018/09/12	18.68	18.95	18.54	18.83	209900	3941499.00
2018/09/13	18.97	18.97	18.63	18.85	170326	3201375.75
2018/09/14	18.85	18.95	18.63	18.87	182500	3435496.00
2018/09/17	18.70	18.94	18.52	18.64	128500	2393894.00
2018/09/18	18.50	18.75	18.35	18.68	178999	3327906.25
2018/09/19	18.68	18.90	18.50	18.79	259926	4860553.00
2018/09/20	18.83	18.87	18.50	18.58	139700	2606321.00
2018/09/21	18.75	18.76	18.52	18.72	200825	3749676.75
2018/09/25	18.53	18.71	18.51	18.69	201100	3740973.00
2018/09/26	18.82	19.09	18.67	19.08	318043	6021059.50
2018/09/27	19.89	19.89	18.91	19.00	684100	13264187.00
2018/09/28	18.98	19.24	18.52	19.10	478025	8944692.00
2018/10/08	19.09	19.09	18.26	18.39	257999	4797150.50
2018/10/09	18.55	18.56	18.01	18.11	203400	3707429.00
2018/10/10	18.01	18.33	18.01	18.21	222100	4032905.00
2018/10/11	17.80	17.80	16.41	16.58	524299	8955524.00
2018/10/12	16.38	16.70	15.91	16.53	263300	4286031.00
2018/10/15	16.51	16.78	16.44	16.46	271400	4509825.00
2018/10/16	16.46	16.53	16.00	16.15	166200	2714005.00
2018/10/17	16.37	16.47	16.06	16.47	208600	3394307.00
2018/10/18	16.22	16.48	16.11	16.23	202600	3295497.00
2018/10/19	15.70	16.70	15.63	16.70	307500	5077187.00
2018/10/22	16.85	17.65	16.45	17.50	478591	8263675.50
2018/10/23	17.50	18.50	17.12	17.51	473891	8316802.50
2018/10/24	17.20	17.51	17.18	17.27	197840	3424675.75
2018/10/25	16.96	17.07	16.66	16.94	276704	4652631.50
2018/10/26	16.94	17.22	16.80	17.05	206604	3520938.75
2018/10/29	17.03	17.04	16.57	16.78	216900	3640010.00
2018/10/30	16.78	16.99	16.55	16.86	180004	3026843.50
2018/10/31	16.88	17.27	16.88	17.15	211104	3615931.50
2018/11/01	17.16	17.67	17.16	17.23	307804	5342875.50
2018/11/02	17.60	17.88	17.31	17.83	425529	7531513.50
2018/11/05	18.00	18.24	17.52	17.82	361300	6467153.00
2018/11/06	17.80	17.80	17.46	17.77	171888	3027064.25
2018/11/07	17.77	18.18	17.50	17.84	396800	7126940.00
2018/11/08	17.79	18.10	17.67	17.82	244200	4362313.00
2018/11/09	17.71	17.94	17.62	17.86	227204	4056918.25
2018/11/12	17.56	18.27	17.56	18.26	302100	5460261.00
2018/11/13	18.15	18.73	17.99	18.57	466018	8622379.00
2018/11/14	18.76	19.15	18.40	18.70	437500	8187967.50
2018/11/15	19.18	20.57	19.18	20.57	2644546	54303004.00
2018/11/16	22.00	22.63	21.61	22.63	1564004	34942792.00
2018/11/19	24.68	24.75	21.55	21.69	5292658	121661024.00
2018/11/20	21.15	22.40	20.11	20.25	3886748	82863896.00
2018/11/21	19.61	20.00	19.20	19.71	2508059	49273680.00
2018/11/22	19.85	20.15	19.61	19.89	1671867	33252036.00
2018/11/23	19.80	19.80	18.71	18.95	1266888	24298734.00
2018/11/26	18.66	18.89	18.37	18.49	895619	16684309.00
2018/11/27	18.54	19.09	18.54	19.01	938940	17684404.00
2018/11/28	19.00	19.00	18.11	18.76	977820	18177964.00
2018/11/29	18.83	18.88	18.14	18.14	798700	14825992.00
2018/11/30	18.14	18.35	17.91	18.28	713100	12904325.00
2018/12/03	18.66	18.88	18.50	18.78	850794	15940500.00
2018/12/04	18.78	18.95	18.62	18.90	647600	12171570.00
2018/12/05	18.30	18.87	18.21	18.71	475700	8831020.00
2018/12/06	18.61	18.73	18.34	18.44	423500	7858231.00
2018/12/07	18.44	18.56	18.23	18.43	469000	8608806.00
2018/12/10	18.20	18.54	18.15	18.34	363273	6678825.00
2018/12/11	18.46	18.56	18.31	18.45	202000	3721222.00
2018/12/12	18.59	18.98	18.59	18.80	641620	12099124.00
2018/12/13	18.83	18.93	18.55	18.92	589800	11081934.00
2018/12/14	18.81	18.81	18.23	18.23	392730	7281858.50
2018/12/17	18.02	18.22	17.61	18.21	385903	6909236.50
2018/12/18	18.12	18.21	17.85	18.08	242903	4373233.00
2018/12/19	18.23	18.34	17.71	17.76	232300	4154190.00
2018/12/20	17.78	18.18	17.52	18.13	285000	5096144.00
2018/12/21	17.82	18.15	17.82	18.00	197600	3555110.00
2018/12/24	18.03	18.31	17.98	18.20	308800	5615274.00
2018/12/25	18.23	18.35	17.61	18.14	364800	6535729.00
2018/12/26	18.09	18.28	18.02	18.08	239500	4337048.00
2018/12/27	18.23	18.36	17.80	17.80	315200	5713320.00
2018/12/28	18.08	18.15	17.80	17.83	149200	2673136.00
2019/01/02	17.75	18.11	17.75	18.00	109400	1966161.00
2019/01/03	17.82	18.24	17.82	18.08	185300	3348739.00
数据来源:通达信
