300588 熙菱信息 日线 前复权
      日期	    开盘	    最高	    最低	    收盘	    成交量	    成交额
2017/01/05	3.61	4.34	3.61	4.34	9250	65299.50
2017/01/06	4.79	4.79	4.79	4.79	1300	10166.00
2017/01/09	5.28	5.28	5.28	5.28	2450	21070.00
2017/01/10	5.81	5.81	5.81	5.81	300	2838.00
2017/01/11	6.41	6.41	6.41	6.41	2200	22902.00
2017/01/12	7.06	7.06	7.06	7.06	3600	41220.00
2017/01/13	7.78	7.78	7.78	7.78	14050	177030.00
2017/01/16	8.56	8.56	8.56	8.56	32950	456687.00
2017/01/17	9.43	9.43	9.43	9.43	26460	403515.00
2017/01/18	10.39	10.39	10.39	10.39	20024	336002.72
2017/01/19	11.44	11.44	11.44	11.44	62190	1148027.38
2017/01/20	12.59	12.59	12.59	12.59	58780	1193821.75
2017/01/23	13.86	13.86	13.86	13.86	32212	719616.06
2017/01/24	15.26	15.26	15.26	15.26	39600	972972.00
2017/01/25	16.79	16.79	16.79	16.79	69960	1891018.75
2017/01/26	18.48	18.48	18.48	18.48	441110	13114200.00
2017/02/03	20.34	20.34	20.34	20.34	313213	10242065.00
2017/02/06	22.38	22.38	21.82	22.38	5735637	206159856.00
2017/02/07	23.65	24.50	23.22	23.59	16429611	625168256.00
2017/02/08	24.40	25.96	23.98	25.96	12862082	514510688.00
2017/02/09	25.03	25.51	24.66	25.12	10443622	420806688.00
2017/02/10	24.91	26.53	24.84	24.84	8109409	331439168.00
2017/02/13	25.23	26.40	24.71	25.74	7562933	312815520.00
2017/02/14	25.16	27.01	24.94	26.23	7673611	318136064.00
2017/02/15	26.13	28.86	25.90	27.04	12655400	560949632.00
2017/02/16	26.15	26.46	24.90	25.45	8443155	349662496.00
2017/02/17	25.21	25.49	23.27	23.38	7317110	284750656.00
2017/02/20	23.44	23.64	22.15	22.78	4462779	163810400.00
2017/02/21	22.83	23.82	22.71	23.48	4411923	165189024.00
2017/02/22	23.65	23.67	22.95	23.49	3636912	136467072.00
2017/02/23	23.34	24.26	23.24	24.06	4241545	162487520.00
2017/02/24	23.96	25.38	23.84	24.85	5739135	227171040.00
2017/02/27	24.91	27.09	24.74	26.69	7066083	295616864.00
2017/02/28	26.46	26.98	25.78	26.71	5432534	229453856.00
2017/03/01	26.53	26.54	25.13	25.16	4615316	191312224.00
2017/03/02	25.09	26.11	24.93	25.68	3735850	153831040.00
2017/03/03	25.61	26.13	24.90	25.94	3365187	138940096.00
2017/03/06	25.59	28.23	25.59	27.59	5369905	232827136.00
2017/03/07	27.39	27.78	26.65	27.78	5265642	229749376.00
2017/03/08	27.53	28.39	27.21	28.01	5074679	226840816.00
2017/03/09	27.64	27.81	26.78	27.28	3319916	145198928.00
2017/03/10	27.31	27.38	26.86	27.01	2367680	103201432.00
2017/03/13	27.07	28.83	26.76	28.64	5015679	223749072.00
2017/03/14	28.33	29.59	27.91	27.93	5351109	246692480.00
2017/03/15	27.70	29.78	27.53	29.11	4697972	216624048.00
2017/03/16	29.13	30.68	28.73	29.53	5537514	263486448.00
2017/03/17	29.28	30.08	28.53	28.57	4454766	209055248.00
2017/03/20	28.51	31.15	28.51	31.11	5394535	256701120.00
2017/03/21	30.69	31.58	30.13	31.38	5466489	271495808.00
2017/03/22	30.78	33.96	30.72	33.77	6253564	325821760.00
2017/03/23	33.24	34.27	31.30	32.29	6292520	330903456.00
2017/03/24	32.32	34.18	32.32	32.73	4767646	254163904.00
2017/03/27	32.73	33.01	31.65	32.47	3394150	175155152.00
2017/03/28	32.09	32.24	30.91	31.10	3228961	163735648.00
2017/03/29	30.93	31.14	28.45	28.53	3995503	188856768.00
2017/03/30	28.28	29.18	26.65	28.16	4429098	198218032.00
2017/03/31	27.99	28.53	26.91	27.08	3138319	139852416.00
2017/04/05	26.81	28.02	26.01	27.61	2523672	110693104.00
2017/04/06	27.44	29.27	27.44	28.19	3637223	167294672.00
2017/04/07	28.03	28.77	27.28	27.40	2935767	132954464.00
2017/04/10	27.40	27.40	25.39	25.53	3819385	159557856.00
2017/04/11	25.28	26.21	24.78	26.16	2753590	113056096.00
2017/04/12	25.93	26.15	25.03	25.04	1808626	73757232.00
2017/04/13	25.11	27.53	25.11	26.83	3755285	159999152.00
2017/04/14	26.84	28.31	26.69	27.23	3355069	148220000.00
2017/04/17	25.21	27.20	24.49	25.84	3081571	128489424.00
2017/04/18	26.58	26.73	25.46	25.70	1365504	56980100.00
2017/04/19	25.31	27.89	25.31	27.68	2988838	129111304.00
2017/04/20	27.40	29.13	26.84	28.66	3526657	157975200.00
2017/04/21	28.79	29.81	27.47	27.84	3164444	146623440.00
2017/04/24	27.52	29.18	27.09	29.18	3032235	137935840.00
2017/04/25	29.28	31.16	28.96	31.13	4200169	203717104.00
2017/04/26	30.64	31.65	29.96	31.01	3707773	183781008.00
2017/04/27	30.64	31.09	28.72	30.59	3562285	172710272.00
2017/04/28	30.21	30.90	29.91	30.28	2151224	104783992.00
2017/05/02	30.65	30.65	29.00	29.15	2239810	106193088.00
2017/05/03	29.15	30.37	28.43	29.80	3456425	162950592.00
2017/05/04	29.37	29.63	28.53	29.04	2288117	106352152.00
2017/05/05	28.71	28.96	26.13	26.13	3762277	163558672.00
2017/05/08	25.53	26.90	25.28	25.68	1937072	81124832.00
2017/05/09	25.83	26.70	25.65	26.18	1445330	60872876.00
2017/05/10	26.18	26.90	24.65	24.81	1735650	72099960.00
2017/05/11	24.59	25.53	23.03	25.34	1686491	67110592.00
2017/05/12	25.16	26.04	25.16	25.84	1255750	51806532.00
2017/05/15	28.43	28.43	27.16	27.87	6517418	293794496.00
2017/05/16	26.65	27.40	25.08	26.75	5320507	221708208.00
2017/05/17	26.15	26.93	25.95	26.01	2949119	124639400.00
2017/05/18	25.55	26.26	25.06	25.13	2140334	88061488.00
2017/05/19	25.08	25.70	24.28	24.81	1707117	68399680.00
2017/05/22	24.53	25.82	24.53	25.12	2354156	95370672.00
2017/05/23	25.21	25.49	23.03	23.23	1708202	66568448.00
2017/05/24	22.66	23.90	22.23	22.77	2219831	81767520.00
2017/05/25	22.83	22.83	20.48	21.09	3711411	125945128.00
2017/05/26	21.15	21.44	19.96	20.84	2512886	83925008.00
2017/05/31	21.52	21.74	20.21	20.46	2454731	83731208.00
2017/06/01	19.96	20.39	18.42	18.48	2268643	70018872.00
2017/06/02	18.61	19.50	18.31	19.19	2146311	65280820.00
2017/06/05	19.28	20.54	19.28	19.66	2412643	77261888.00
2017/06/06	19.50	19.87	18.89	19.55	1421639	44277328.00
2017/06/07	19.46	20.59	19.46	20.59	3082201	100388032.00
2017/06/08	20.61	21.37	20.31	20.85	2485214	83706144.00
2017/06/09	20.62	20.81	19.78	20.46	2776301	89955168.00
2017/06/12	20.06	20.40	19.43	19.57	1428400	45612168.00
2017/06/13	19.57	20.40	19.54	20.24	1382769	44625304.00
2017/06/14	20.28	20.87	19.91	20.65	1714593	56418580.00
2017/06/15	20.83	22.09	20.83	21.45	2658492	91598816.00
2017/06/16	21.78	22.07	21.26	21.34	1492226	51717720.00
2017/06/19	21.15	21.77	21.12	21.43	1046889	36080464.00
2017/06/20	21.64	21.77	21.19	21.21	1169600	40343352.00
2017/06/21	21.26	21.29	20.72	20.93	1224438	41196348.00
2017/06/22	20.97	21.08	19.53	19.77	1897065	61774424.00
2017/06/23	19.98	20.09	19.36	20.03	1306158	41641088.00
2017/06/26	19.96	20.24	19.78	20.24	811719	26170474.00
2017/06/27	20.24	21.45	20.10	21.06	2245021	75243152.00
2017/06/28	20.95	20.96	20.25	20.48	1128347	37173916.00
2017/06/29	20.36	21.35	20.32	21.12	1487376	50171544.00
2017/06/30	20.89	21.96	20.78	21.67	1686609	57952948.00
2017/07/03	22.18	23.84	22.18	23.78	3830281	141683728.00
2017/07/04	24.14	25.86	23.82	24.11	5680547	225043264.00
2017/07/05	24.82	25.48	24.14	24.98	4697673	187410160.00
2017/07/06	24.68	25.43	24.31	25.24	3771056	150113216.00
2017/07/07	25.46	26.59	24.81	25.05	3625405	148084336.00
2017/07/10	24.56	24.86	23.48	24.17	3414116	131546288.00
2017/07/11	23.96	24.11	22.96	22.99	1883864	71198304.00
2017/07/12	23.36	23.61	22.59	23.53	1752622	65445976.00
2017/07/13	23.68	23.68	22.74	22.93	1707458	63064308.00
2017/07/14	23.06	23.18	21.89	22.30	2033445	73676960.00
2017/07/17	22.27	22.27	20.06	20.06	3147560	104353288.00
2017/07/18	19.91	20.51	19.10	19.93	2505660	79753368.00
2017/07/19	19.69	20.23	19.31	20.18	1806870	57465652.00
2017/07/20	20.11	21.78	19.99	20.88	2668057	90431272.00
2017/07/21	20.61	21.17	20.29	20.55	1555544	51668964.00
2017/07/24	20.43	21.24	19.30	20.95	1698322	56061804.00
2017/07/25	20.61	21.36	20.61	21.33	1747216	59300392.00
2017/07/26	21.11	21.33	20.48	20.58	1315150	43937708.00
2017/07/27	20.79	22.34	20.26	22.11	3574930	123921472.00
2017/07/28	21.80	22.74	21.73	22.04	2638382	94224328.00
2017/07/31	21.99	23.04	21.71	22.74	1988668	72033688.00
2017/08/01	22.61	22.73	21.97	22.44	1432421	51201836.00
2017/08/02	22.54	22.54	21.01	21.05	1874656	65487356.00
2017/08/03	20.98	22.08	20.97	21.31	1521246	52511908.00
2017/08/04	21.49	21.49	20.81	20.93	1120744	37899436.00
2017/08/07	20.91	21.41	20.85	21.13	898211	30517304.00
2017/08/08	20.93	21.57	20.34	21.46	1498539	50598368.00
2017/08/09	21.24	22.08	21.24	21.64	1553569	54405948.00
2017/08/10	21.43	22.11	21.30	21.48	1074862	37521096.00
2017/08/11	21.48	21.48	20.68	20.93	1227380	41387320.00
2017/08/14	20.93	21.98	20.75	21.86	1158435	40061420.00
2017/08/15	21.91	22.39	21.88	22.06	1251173	44381276.00
2017/08/16	22.14	23.28	21.97	23.05	2320496	85065816.00
2017/08/17	23.03	24.10	22.49	23.79	2862011	107370104.00
2017/08/18	23.55	23.65	22.81	23.28	1774966	66322940.00
2017/08/21	23.48	23.89	23.30	23.58	1012144	38328460.00
2017/08/22	23.66	23.99	22.93	22.99	1513926	56841320.00
2017/08/23	22.87	23.33	22.68	23.06	892980	32967068.00
2017/08/24	22.99	23.46	22.69	22.91	1031902	38241424.00
2017/08/25	22.91	24.54	22.71	23.84	2844358	109438248.00
2017/08/28	23.89	24.99	23.89	24.85	3552056	140034416.00
2017/08/29	24.67	25.16	24.11	24.41	2270827	89415728.00
2017/08/30	24.24	24.56	23.78	23.89	1884529	72771352.00
2017/08/31	23.68	24.83	23.68	24.68	1609418	63067920.00
2017/09/01	24.61	25.13	24.10	25.09	2228735	88140824.00
2017/09/04	24.98	27.29	24.74	25.93	3467252	144758640.00
2017/09/05	25.93	26.44	25.30	26.17	2252119	93489184.00
2017/09/06	25.94	26.03	25.31	25.94	1661543	68659592.00
2017/09/07	26.16	26.59	25.55	26.48	2418038	101733584.00
2017/09/08	26.27	26.80	25.49	25.63	2126634	88907424.00
2017/09/11	25.46	25.88	25.21	25.49	1751737	71786344.00
2017/09/12	25.39	25.55	24.52	24.79	2570082	102653776.00
2017/09/13	24.81	25.16	24.65	24.98	1126800	44943528.00
2017/09/14	24.74	24.92	23.84	24.14	2012738	78651544.00
2017/09/15	24.15	24.31	23.47	24.05	1145950	44183700.00
2017/09/18	23.98	24.44	23.53	24.36	1170545	45032552.00
2017/09/19	24.39	24.54	23.74	23.80	939400	36362564.00
2017/09/20	23.80	24.73	23.80	24.36	1604948	62703564.00
2017/09/21	24.43	25.36	24.11	24.18	2046251	80990200.00
2017/09/22	24.13	24.80	23.81	24.77	1531449	60054112.00
2017/09/25	24.80	25.67	24.23	24.43	3081344	124084192.00
2017/09/26	24.18	24.18	22.82	23.41	3345075	125932920.00
2017/09/27	23.24	23.89	23.14	23.66	1256473	47596872.00
2017/09/28	23.91	24.41	23.52	24.03	1544389	59789904.00
2017/09/29	24.24	24.24	23.76	24.14	905459	34849600.00
2017/10/09	24.45	25.03	24.18	24.33	1893626	74860008.00
2017/10/10	24.23	25.48	24.23	25.19	2714101	108711504.00
2017/10/11	25.05	25.43	24.52	24.99	2215296	88522216.00
2017/10/12	24.99	25.29	24.33	25.01	2411542	96101104.00
2017/10/13	24.93	26.26	24.55	25.83	4484442	184181760.00
2017/10/16	25.70	26.40	24.74	24.75	3201598	131476792.00
2017/10/17	24.78	25.09	24.16	24.59	1825724	72229624.00
2017/10/18	24.58	24.74	23.93	23.99	1568767	61190040.00
2017/10/19	23.94	24.04	23.55	23.85	1422350	54203764.00
2017/10/20	23.73	24.30	23.71	24.28	997434	38516028.00
2017/10/23	24.16	24.46	24.11	24.43	781650	30502660.00
2017/10/24	24.31	24.61	23.41	23.80	1201702	45997112.00
2017/10/25	23.94	24.30	23.61	24.30	1080350	41731028.00
2017/10/26	24.30	25.48	24.03	25.27	2662256	105940448.00
2017/10/27	25.25	26.02	24.80	25.43	2955900	120620288.00
2017/10/30	25.12	25.35	23.68	24.30	2466419	96356728.00
2017/10/31	24.09	24.54	23.96	24.46	1580810	61494776.00
2017/11/01	24.37	26.35	24.25	25.93	4565797	187092224.00
2017/11/02	25.74	26.28	25.44	26.11	3628190	150924592.00
2017/11/03	26.27	26.28	25.31	25.38	2520355	103935280.00
2017/11/06	25.63	26.78	25.39	26.30	3482511	146203968.00
2017/11/07	26.39	26.39	25.38	25.94	3498557	144287344.00
2017/11/08	26.04	28.46	25.71	27.74	7415441	320960128.00
2017/11/09	28.74	30.53	27.94	29.00	11039433	517592896.00
2017/11/10	27.85	28.29	27.44	27.93	6648070	297501696.00
2017/11/13	27.67	27.74	26.79	27.55	4519516	197998848.00
2017/11/14	27.49	27.49	25.66	25.93	5115070	218378208.00
2017/11/15	25.59	25.86	24.81	24.90	3318100	134485600.00
2017/11/16	24.96	25.13	24.04	24.11	3016700	119126784.00
2017/11/17	24.13	24.44	22.80	23.08	2965974	113586216.00
2017/11/20	22.93	23.61	22.54	23.58	1745884	64897648.00
2017/11/21	23.52	23.52	22.36	23.01	2244129	82570992.00
2017/11/22	23.11	23.53	22.53	22.80	1585365	58875284.00
2017/11/23	22.84	22.84	20.91	20.91	2722669	94434648.00
2017/11/24	20.81	20.86	19.98	20.09	2625403	85377056.00
2017/11/27	20.08	20.84	19.62	20.68	2513389	81927072.00
2017/11/28	20.85	21.04	20.43	20.91	2269389	75460760.00
2017/11/29	21.18	21.18	20.20	20.54	1767650	58614192.00
2017/11/30	20.53	21.09	20.23	20.55	1298250	43061572.00
2017/12/01	20.49	21.24	20.25	20.63	1561600	52156960.00
2017/12/04	20.53	20.55	18.61	18.86	2295005	71883768.00
2017/12/05	18.95	19.14	18.05	18.61	1394621	41937576.00
2017/12/06	18.58	19.30	18.49	18.96	1025301	31061304.00
2017/12/07	18.91	19.08	18.74	18.88	655141	19927440.00
2017/12/08	18.88	19.56	18.88	19.32	1351500	41949528.00
2017/12/11	19.80	20.58	19.63	19.93	2012802	64919280.00
2017/12/12	19.78	19.90	19.30	19.30	1251200	39293024.00
2017/12/13	19.31	19.85	19.05	19.80	1057302	33124144.00
2017/12/14	19.92	20.03	19.62	19.90	1396308	44519716.00
2017/12/15	19.90	19.90	19.31	19.44	1049582	32977340.00
2017/12/18	19.40	19.47	18.79	18.89	647870	19776814.00
2017/12/19	18.99	19.34	18.86	19.11	670935	20627406.00
2017/12/20	19.18	19.26	18.68	18.76	664550	20100240.00
2017/12/21	18.83	18.89	18.19	18.82	1087328	32639288.00
2017/12/22	18.83	18.96	18.49	18.57	715300	21508652.00
2017/12/25	18.35	18.54	17.61	17.72	1135434	32591544.00
2017/12/26	17.77	18.21	17.64	18.21	1025566	29706894.00
2017/12/27	18.21	18.27	17.75	17.95	822500	23801318.00
2017/12/28	17.99	18.50	17.89	18.22	955340	27969730.00
2017/12/29	18.28	18.36	17.94	18.11	765869	22299904.00
2018/01/02	18.19	18.33	17.84	18.10	917618	26520914.00
2018/01/03	18.13	18.27	17.86	18.19	1217514	35348720.00
2018/01/04	18.19	18.46	17.98	18.44	1220724	35841728.00
2018/01/05	18.38	18.91	18.33	18.35	1277773	38168908.00
2018/01/08	18.19	18.30	17.87	18.19	1007770	29177714.00
2018/01/09	18.05	18.21	17.92	17.98	556185	16113446.00
2018/01/10	17.98	18.46	17.75	18.24	1046900	30627368.00
2018/01/11	18.19	18.81	17.86	18.79	1617346	47971056.00
2018/01/12	18.79	19.29	18.49	18.58	1469310	44635960.00
2018/01/15	18.68	18.68	17.65	17.69	1156080	33323756.00
2018/01/16	17.69	18.13	17.60	17.79	749000	21445416.00
2018/01/17	17.78	18.46	17.63	18.23	1152150	33525462.00
2018/01/18	18.23	18.28	17.43	18.09	854585	24749082.00
2018/01/19	18.05	18.34	17.88	17.94	753100	21960200.00
2018/01/22	17.94	18.33	17.52	18.14	1076907	31075870.00
2018/01/23	18.29	18.59	18.05	18.33	1026100	30234240.00
2018/01/24	18.32	19.85	18.24	19.01	2372939	72788944.00
2018/01/25	18.68	19.56	18.65	19.19	2148072	65978364.00
2018/01/26	19.16	19.38	18.69	18.77	1159950	35495836.00
2018/01/29	18.92	20.53	18.43	19.52	2314252	71502416.00
2018/01/30	19.46	19.85	19.21	19.55	1733581	54289576.00
2018/01/31	19.43	19.78	18.56	18.82	1504885	46283868.00
2018/02/01	18.05	18.25	16.93	16.93	2626196	73395512.00
2018/02/02	16.46	16.74	15.86	16.08	1712202	44884676.00
2018/02/05	16.04	16.04	15.29	15.32	1338296	33641884.00
2018/02/06	14.93	15.23	14.06	14.19	1320069	31203878.00
2018/02/07	14.55	15.09	14.05	14.46	1494869	35056600.00
2018/02/08	14.32	15.02	14.30	14.93	1007099	23988488.00
2018/02/09	14.49	15.80	14.19	15.24	2548884	62866960.00
2018/02/12	15.30	15.83	15.11	15.66	1567724	39267612.00
2018/02/13	15.79	15.83	15.38	15.44	1058830	26389020.00
2018/02/14	15.57	15.96	15.45	15.74	923319	23326132.00
2018/02/22	15.73	15.85	15.55	15.83	799400	20237178.00
2018/02/23	15.83	15.83	15.55	15.67	761658	19188860.00
2018/02/26	15.84	16.46	15.83	16.29	1232100	32037244.00
2018/02/27	16.53	17.93	16.43	17.93	2560415	71806984.00
2018/02/28	17.73	18.31	17.55	17.80	3459475	99942824.00
2018/03/01	17.49	18.99	17.35	18.51	3532955	103757280.00
2018/03/02	18.56	19.26	18.09	18.22	2325288	69567424.00
2018/03/05	18.33	18.89	18.23	18.77	2032400	60504684.00
2018/03/06	18.83	19.05	18.44	18.56	1787200	53704344.00
2018/03/07	18.61	18.64	18.22	18.40	1155401	34190388.00
2018/03/08	18.60	19.44	18.19	19.08	2839876	86557368.00
2018/03/09	18.88	19.80	18.80	19.72	2688356	83490536.00
2018/03/12	19.90	21.15	19.90	20.21	3290348	107769552.00
2018/03/13	20.19	20.68	19.80	19.85	2229118	72192608.00
2018/03/14	19.77	20.16	19.16	19.21	1863195	58542828.00
2018/03/15	19.02	19.18	18.06	18.66	2361904	70620616.00
2018/03/16	18.60	18.94	18.36	18.51	1169502	35200028.00
2018/03/19	18.48	19.16	18.17	18.81	1320676	39882844.00
2018/03/20	18.55	19.33	18.43	19.30	1624903	49459576.00
2018/03/21	19.24	19.89	18.68	18.71	2079932	64560848.00
2018/03/22	18.79	19.61	18.74	19.30	2212000	68333256.00
2018/03/23	18.68	18.81	17.36	17.36	2426180	70126928.00
2018/03/26	16.82	18.00	16.37	17.89	1370643	38147996.00
2018/03/27	18.18	18.97	18.15	18.86	2892574	86461504.00
2018/03/28	18.53	20.16	18.53	19.68	3947550	123953544.00
2018/03/29	19.49	19.88	19.23	19.69	2544474	79644392.00
2018/03/30	19.74	20.70	19.74	20.46	3603432	116891224.00
2018/04/02	20.67	22.16	20.24	21.80	5549682	190310672.00
2018/04/03	21.18	21.54	20.55	20.90	3918382	132403248.00
2018/04/04	21.09	21.11	20.20	20.26	2589500	85540896.00
2018/04/09	20.49	21.52	20.06	21.52	4040402	136459248.00
2018/04/10	20.55	20.58	19.36	19.36	2084900	66144932.00
2018/04/11	18.93	19.89	18.43	19.56	4864000	147933872.00
2018/04/12	19.24	19.46	18.60	18.77	3222298	98487344.00
2018/04/13	18.98	19.43	18.85	19.38	2918009	90176688.00
2018/04/16	19.14	20.41	18.86	20.36	4242451	135332480.00
2018/04/17	20.54	21.17	19.61	19.94	5054233	163903424.00
2018/04/18	19.93	21.15	18.99	21.00	5577785	181732832.00
2018/04/19	20.77	21.71	20.43	21.48	6816108	231119936.00
2018/04/20	21.14	21.32	20.11	20.21	3938000	131429384.00
2018/04/23	20.30	20.49	18.21	18.68	4512138	139082816.00
2018/04/24	19.49	20.55	19.26	20.55	2317628	74980864.00
2018/04/25	21.74	22.61	21.26	22.61	14268432	509329888.00
2018/04/26	22.74	23.55	21.04	21.04	11933426	426174560.00
2018/04/27	21.27	21.46	19.54	19.68	7143421	233969392.00
2018/05/02	19.78	19.99	18.73	18.93	4216121	130461248.00
2018/05/03	19.04	19.90	18.79	19.68	3880876	121099392.00
2018/05/04	19.67	19.67	18.91	18.96	3108482	96106440.00
2018/05/07	19.14	19.61	18.94	19.46	2350901	73121552.00
2018/05/08	19.43	19.66	19.11	19.47	2894863	89932136.00
2018/05/09	19.49	20.00	19.31	19.89	3418943	108335432.00
2018/05/10	20.18	20.53	19.84	20.41	4104048	133533792.00
2018/05/11	20.55	20.63	19.38	19.49	3266263	104347416.00
2018/05/14	19.30	19.88	19.27	19.43	1669924	52444244.00
2018/05/15	19.43	19.71	18.93	19.66	2303471	71503144.00
2018/05/16	19.61	19.86	19.36	19.53	1746100	55079860.00
2018/05/17	19.48	19.79	19.34	19.62	1772901	55912476.00
2018/05/18	19.49	19.60	18.57	18.96	2786625	85225792.00
2018/05/21	18.96	19.39	18.96	19.13	1956268	60313724.00
2018/05/22	19.14	19.73	19.05	19.73	2765568	86409992.00
2018/05/23	19.60	19.67	19.23	19.36	1973200	61701180.00
2018/05/24	19.30	19.57	19.24	19.45	1021822	31906488.00
2018/05/25	19.31	19.36	18.56	18.59	2604900	78917960.00
2018/05/28	16.72	16.96	16.72	16.72	1280600	34429688.00
2018/05/29	15.31	16.18	15.31	15.49	2727234	68773064.00
2018/05/30	15.34	15.88	15.06	15.16	1974300	49353744.00
2018/05/31	15.52	15.73	15.29	15.59	1326600	33149308.00
2018/06/01	15.30	15.73	14.88	15.18	1257700	30856056.00
2018/06/04	15.14	15.46	15.14	15.19	856200	21058548.00
2018/06/05	15.27	16.04	15.17	15.85	1751516	44154584.00
2018/06/06	15.84	16.09	15.73	15.96	1493366	38263780.00
2018/06/07	15.99	16.33	15.86	15.98	1496866	38579752.00
2018/06/08	15.91	16.27	15.82	16.19	1410300	36340704.00
2018/06/11	16.05	16.35	15.94	16.00	1033400	26791104.00
2018/06/12	15.89	16.51	15.43	16.51	1817800	46777588.00
2018/06/13	16.84	17.59	16.58	16.65	3417500	93669152.00
2018/06/14	16.15	16.76	15.86	16.29	2449500	64496864.00
2018/06/15	16.20	16.59	15.53	15.53	1677000	43246344.00
2018/06/19	15.19	15.34	13.96	14.12	2019300	47516116.00
2018/06/20	14.28	14.96	14.02	14.72	2209420	32132248.00
2018/06/21	14.75	14.95	14.04	14.14	2052380	29488256.00
2018/06/22	14.60	15.55	14.59	15.22	8407822	129359640.00
2018/06/25	14.60	14.80	14.27	14.65	6266731	91148024.00
2018/06/26	14.13	14.99	14.04	14.68	3438880	49960672.00
2018/06/27	14.57	14.87	14.36	14.45	3158600	46046156.00
2018/06/28	14.32	14.55	13.16	13.44	4078256	57035516.00
2018/06/29	13.50	14.48	13.45	14.35	4212495	58941356.00
2018/07/02	14.39	14.75	14.26	14.44	3795240	55228032.00
2018/07/03	14.55	14.90	14.30	14.85	3056556	44882960.00
2018/07/04	14.76	14.76	13.43	13.78	3524478	49663732.00
2018/07/05	13.79	13.96	13.25	13.25	2460280	33529456.00
2018/07/06	13.43	13.80	13.01	13.30	2633978	35369128.00
2018/07/09	13.48	13.81	13.32	13.70	2133340	29059948.00
2018/07/10	13.80	13.99	13.61	13.95	2061620	28426136.00
2018/07/11	13.63	13.63	13.10	13.30	2194568	29308216.00
2018/07/12	13.19	13.87	13.19	13.73	2866592	39078164.00
2018/07/13	13.65	13.79	13.26	13.48	2370808	32071032.00
2018/07/16	13.30	13.51	13.17	13.35	1781108	23751942.00
2018/07/17	13.34	13.47	13.15	13.36	1900428	25282016.00
2018/07/18	13.42	13.57	13.25	13.34	2032220	27342818.00
2018/07/19	13.32	13.41	12.73	12.84	2112900	27558604.00
2018/07/20	12.90	13.22	12.70	13.16	1982180	25870094.00
2018/07/23	13.12	13.37	12.88	13.24	1732440	22861992.00
2018/07/24	13.35	13.48	13.10	13.38	1666556	22173322.00
2018/07/25	13.45	13.52	13.26	13.32	1368500	18315498.00
2018/07/26	13.36	14.49	13.14	13.60	4745360	65381464.00
2018/07/27	13.38	13.38	12.73	12.82	3722440	48183780.00
2018/07/30	12.60	12.69	11.76	11.94	3134740	38064644.00
2018/07/31	11.96	12.08	11.70	11.83	1668160	19793464.00
2018/08/01	11.87	11.95	11.40	11.40	1695640	19881044.00
2018/08/02	11.53	11.53	10.33	11.03	2576640	28061988.00
2018/08/03	11.10	11.11	10.40	10.46	2068244	22230000.00
2018/08/06	10.35	10.56	9.95	10.03	2253975	23216144.00
2018/08/07	10.10	10.46	10.00	10.43	2238428	22913520.00
2018/08/08	10.43	10.46	9.96	10.04	2421017	24684316.00
2018/08/09	9.92	10.76	9.91	10.56	3367351	35261532.00
2018/08/10	10.51	10.97	10.49	10.82	2729423	29395564.00
2018/08/13	10.65	11.20	10.55	11.16	2447595	26794192.00
2018/08/14	11.11	11.22	10.90	10.96	1491195	16369802.00
2018/08/15	10.91	11.18	10.75	10.77	1659551	18207800.00
2018/08/16	10.75	11.74	10.58	11.05	3588778	39942884.00
2018/08/17	11.05	11.14	10.33	10.33	3125372	33668924.00
2018/08/20	10.19	10.97	10.19	10.86	2332957	24636824.00
2018/08/21	10.87	11.30	10.62	11.04	2564110	28108322.00
2018/08/22	10.95	11.00	10.61	10.64	1684804	18171262.00
2018/08/23	10.71	11.70	10.71	11.70	2445994	28044364.00
2018/08/24	12.87	12.87	12.87	12.87	1178564	15168119.00
2018/08/27	13.30	14.16	13.02	14.16	13362273	183189872.00
2018/08/28	14.40	15.58	12.74	13.82	21317416	315665088.00
2018/08/29	13.76	15.10	13.60	14.62	19158436	276008416.00
2018/08/30	13.67	14.09	13.16	13.43	15911597	215473728.00
2018/08/31	13.35	13.36	12.46	12.80	10385650	133690952.00
2018/09/03	12.77	13.70	12.60	13.66	12185018	160096592.00
2018/09/04	13.35	14.18	13.12	13.95	13371143	182580192.00
2018/09/05	13.69	13.75	12.89	12.99	9362362	124829824.00
2018/09/06	13.15	13.86	13.00	13.23	8204950	109713632.00
2018/09/07	13.20	14.20	12.91	13.75	12398999	168806752.00
2018/09/10	13.25	13.34	12.38	12.38	9298012	119599616.00
2018/09/11	12.57	12.93	12.33	12.51	5957943	75300152.00
2018/09/12	12.67	12.76	12.00	12.18	5843471	72534856.00
2018/09/13	12.37	13.40	12.34	13.40	9584335	126304560.00
2018/09/14	13.85	14.18	13.41	13.74	16050652	221223024.00
2018/09/17	13.28	13.60	12.90	13.43	8930360	118994584.00
2018/09/18	13.39	13.39	12.52	13.15	8728994	113091624.00
2018/09/19	13.01	13.77	12.71	13.32	9196479	121720320.00
2018/09/20	13.10	14.15	13.02	13.85	13431996	184134432.00
2018/09/21	13.53	13.65	13.01	13.41	8560196	113943096.00
2018/09/25	13.06	13.36	12.92	13.14	4396572	57719764.00
2018/09/26	13.29	13.29	12.90	12.92	4090545	53472656.00
2018/09/27	12.98	13.00	11.63	11.76	5566631	69180872.00
2018/09/28	11.87	12.15	11.42	11.69	4383697	51481152.00
2018/10/08	11.16	11.46	10.61	10.77	3766011	41330712.00
2018/10/09	10.88	10.99	10.71	10.87	2294636	24867144.00
2018/10/10	10.85	11.07	10.70	10.97	2531428	27604042.00
2018/10/11	10.55	10.55	9.87	9.87	4033043	40664372.00
2018/10/12	9.61	9.99	9.06	9.59	3368713	31998296.00
2018/10/15	9.79	10.05	9.62	9.68	2877399	28346132.00
2018/10/16	9.62	9.97	9.54	9.90	2246671	21962120.00
2018/10/17	10.00	10.29	9.65	10.11	3498553	35157932.00
2018/10/18	9.96	9.96	9.12	9.39	2980200	28381330.00
2018/10/19	9.10	9.79	9.03	9.70	3141408	30030912.00
2018/10/22	9.93	10.36	9.76	10.09	4256420	42963040.00
2018/10/23	10.04	10.24	9.82	9.94	3346873	33658156.00
2018/10/24	9.91	10.26	9.91	10.06	3299793	33334408.00
2018/10/25	9.65	9.85	9.45	9.78	3307040	31884880.00
2018/10/26	9.96	10.05	9.72	9.80	2328940	22998524.00
2018/10/29	9.71	9.96	9.70	9.77	2135280	21027920.00
2018/10/30	9.77	9.90	9.52	9.83	2765834	26942350.00
2018/10/31	9.78	10.52	9.78	10.14	4565059	46162428.00
2018/11/01	11.15	11.15	11.15	11.15	2674644	29822280.00
2018/11/02	11.15	11.64	10.93	11.38	9804210	110789680.00
2018/11/05	11.06	11.25	10.87	11.19	6796584	75288952.00
2018/11/06	11.01	11.01	10.53	10.82	4394115	47209660.00
2018/11/07	10.75	11.09	10.67	10.70	3855440	41870576.00
2018/11/08	10.78	10.98	10.65	10.81	3407759	36870180.00
2018/11/09	10.81	10.88	10.63	10.66	2679308	28782104.00
2018/11/12	10.55	10.95	10.55	10.95	3273920	35452228.00
2018/11/13	10.79	11.15	10.72	11.00	4326991	47522936.00
2018/11/14	10.98	11.14	10.88	10.96	3270808	36000440.00
2018/11/15	11.04	11.88	11.04	11.58	7277351	83520664.00
2018/11/16	11.50	12.45	11.43	11.77	7315573	86140456.00
2018/11/19	11.72	11.72	11.21	11.45	4863995	55452396.00
2018/11/20	11.44	11.86	11.21	11.25	4133680	47519948.00
2018/11/21	11.05	11.24	10.91	11.21	3002915	33320554.00
2018/11/22	11.22	12.33	11.20	12.33	5935910	70420744.00
2018/11/23	12.25	12.25	11.51	11.85	10574335	125451848.00
2018/11/26	11.90	11.92	11.36	11.73	5316195	61777068.00
2018/11/27	11.75	12.90	11.56	12.90	15034760	186088224.00
2018/11/28	12.60	13.99	12.07	13.49	17140683	219612048.00
2018/11/29	13.08	13.44	12.42	12.45	10870434	141457600.00
2018/11/30	12.47	13.10	12.13	12.93	8979769	114551456.00
2018/12/03	13.25	13.66	13.01	13.39	10244049	136599744.00
2018/12/04	13.20	13.43	13.02	13.23	5826194	76778504.00
2018/12/05	12.56	12.98	12.40	12.69	4840540	61601716.00
2018/12/06	12.68	12.98	12.40	12.41	4226220	53552880.00
2018/12/07	12.42	12.69	12.11	12.23	4039960	50086896.00
2018/12/10	12.23	12.60	12.11	12.36	3711580	45949036.00
2018/12/11	12.36	12.88	12.27	12.85	6303790	79556896.00
2018/12/12	12.79	12.87	12.40	12.42	4042300	50923580.00
2018/12/13	12.45	12.61	12.15	12.17	4325780	53596724.00
2018/12/14	12.17	12.29	11.15	11.35	5894294	68841072.00
2018/12/17	11.27	11.45	11.06	11.24	2940380	33112598.00
2018/12/18	11.27	11.29	10.82	11.13	2832940	31307310.00
2018/12/19	11.13	11.17	10.76	10.88	1827074	20074116.00
2018/12/20	10.78	11.24	10.75	11.05	2688614	29742610.00
2018/12/21	11.15	11.16	10.53	10.67	3238280	34894136.00
2018/12/24	10.61	11.08	10.60	11.05	4043219	44235136.00
2018/12/25	10.94	11.15	10.60	11.06	3366200	36645848.00
2018/12/26	11.13	11.41	11.04	11.07	4027340	45075988.00
2018/12/27	11.25	11.35	10.67	10.70	2764240	30631644.00
2018/12/28	10.70	11.05	10.69	10.86	2704700	29475010.00
2019/01/02	10.86	11.11	10.72	11.11	2541154	27790788.00
2019/01/03	11.07	11.07	10.51	10.54	3435474	37071360.00
数据来源:通达信
