300203 聚光科技 日线 前复权
      日期	    开盘	    最高	    最低	    收盘	    成交量	    成交额
2011/04/15	21.34	24.17	20.58	20.81	25974722	582661760.00
2011/04/18	19.87	20.15	19.05	19.15	11653918	233028544.00
2011/04/19	19.12	19.15	18.28	18.29	6788753	130223144.00
2011/04/20	18.27	18.73	18.07	18.24	4061153	77196808.00
2011/04/21	18.20	18.66	18.09	18.27	2875841	54483288.00
2011/04/22	18.17	18.22	17.68	17.84	3443279	63717992.00
2011/04/25	17.69	17.92	17.48	17.50	1629511	29827002.00
2011/04/26	17.37	17.67	17.08	17.22	1399878	25231512.00
2011/04/27	17.47	17.47	16.82	16.87	1670716	29444854.00
2011/04/28	16.97	17.05	16.33	16.33	1594438	27396636.00
2011/04/29	16.17	16.73	16.17	16.48	1089573	18627240.00
2011/05/03	16.48	16.61	16.25	16.53	777743	13294996.00
2011/05/04	16.41	16.54	16.18	16.27	749256	12724030.00
2011/05/05	16.27	16.67	16.13	16.65	997342	17073640.00
2011/05/06	16.55	16.92	16.47	16.71	1000059	17389136.00
2011/05/09	16.86	16.87	16.61	16.67	859266	14940344.00
2011/05/10	16.69	17.03	16.64	17.01	1104132	19375300.00
2011/05/11	17.02	17.15	16.83	17.02	1013671	17886296.00
2011/05/12	16.97	16.97	16.67	16.76	1030600	17991114.00
2011/05/13	16.75	16.93	16.38	16.67	628917	10826073.00
2011/05/16	16.67	17.07	16.67	16.88	868142	15234775.00
2011/05/17	16.89	17.02	16.68	16.89	679977	11911047.00
2011/05/19	16.95	16.95	16.46	16.49	932657	16095565.00
2011/05/20	16.37	16.54	16.23	16.27	698010	11838845.00
2011/05/23	16.22	16.32	15.38	15.39	1059219	17399662.00
2011/05/24	15.37	15.74	15.05	15.37	1267137	20343572.00
2011/05/25	15.39	15.63	15.20	15.25	675651	10849867.00
2011/05/26	15.25	15.52	15.09	15.12	332557	5292051.50
2011/05/27	15.06	15.36	14.57	14.95	503153	7870604.50
2011/05/30	14.86	15.09	14.66	14.88	428049	6662788.00
2011/05/31	14.86	15.26	14.85	15.24	544826	8606147.00
2011/06/01	15.25	15.42	15.17	15.37	411282	6567838.00
2011/06/02	15.32	15.32	14.81	14.96	513193	8000033.00
2011/06/03	15.01	15.22	14.85	15.13	336862	5283290.00
2011/06/07	15.14	15.24	14.98	15.21	387888	6116373.50
2011/06/08	15.21	15.21	14.99	15.07	200988	3149129.50
2011/06/09	15.01	15.14	14.57	14.58	372596	5752273.00
2011/06/10	14.71	14.86	14.48	14.65	281986	4301004.50
2011/06/13	14.97	15.25	14.85	15.06	655830	10260827.00
2011/06/14	14.88	15.15	14.76	15.00	506256	7917943.50
2011/06/15	14.95	15.02	14.82	14.87	208958	3247651.50
2011/06/16	14.62	14.93	14.61	14.69	237010	3649072.00
2011/06/17	14.67	14.77	14.48	14.51	259929	3958338.50
2011/06/20	14.49	14.58	14.40	14.47	233358	3526267.50
2011/06/21	14.72	14.72	14.36	14.57	213184	3219721.75
2011/06/22	14.57	14.59	14.38	14.46	223872	3381858.00
2011/06/23	14.40	14.84	14.09	14.77	585253	8871132.00
2011/06/24	14.57	15.20	14.56	15.06	692138	10804147.00
2011/06/28	15.18	15.35	14.92	15.08	457459	7198742.50
2011/06/29	15.08	15.28	14.84	14.85	405018	6322859.50
2011/06/30	14.83	15.10	14.83	15.05	407632	6363674.00
2011/07/01	15.07	15.25	14.93	15.10	614852	9676727.00
2011/07/04	14.98	15.67	14.98	15.58	890918	14299278.00
2011/07/05	15.54	15.65	15.39	15.60	765338	12372683.00
2011/07/06	15.60	16.08	15.38	15.98	1157850	19058542.00
2011/07/07	15.87	16.75	15.87	16.55	2219304	37869540.00
2011/07/08	16.41	16.55	16.13	16.39	911497	15456525.00
2011/07/11	16.37	16.46	16.08	16.37	768807	12977269.00
2011/07/12	16.19	16.22	15.79	15.83	751364	12449265.00
2011/07/13	15.83	16.27	15.83	16.17	617099	10326227.00
2011/07/14	16.19	16.65	16.03	16.65	1535475	26110714.00
2011/07/15	16.66	17.29	16.52	16.98	2824285	49983736.00
2011/07/18	16.92	17.12	16.45	16.52	1841076	31895074.00
2011/07/19	16.42	16.49	15.87	16.05	1738375	29074178.00
2011/07/20	16.17	16.22	15.87	16.11	1010715	16869248.00
2011/07/21	16.02	16.14	15.68	15.76	1058650	17433638.00
2011/07/22	15.76	15.95	15.70	15.95	1224330	20158224.00
2011/07/25	16.01	16.03	15.28	15.30	1453678	23659468.00
2011/07/26	15.28	15.45	15.07	15.16	974828	15416847.00
2011/07/27	15.03	15.94	15.03	15.86	1318588	21422010.00
2011/07/28	15.66	16.47	15.54	16.39	1942833	32537454.00
2011/07/29	16.37	16.38	15.95	15.96	1054807	17698602.00
2011/08/01	15.96	16.53	15.92	16.53	1552600	26282444.00
2011/08/02	16.37	16.96	16.27	16.80	3016191	52206736.00
2011/08/03	16.52	17.49	16.48	17.21	3922212	69834640.00
2011/08/04	17.16	17.27	16.50	16.79	2371396	41234316.00
2011/08/05	16.17	16.52	15.89	16.22	1450942	24522158.00
2011/08/08	16.12	16.12	14.62	15.22	2195347	34904264.00
2011/08/09	14.84	15.35	14.63	15.15	852777	13330054.00
2011/08/10	15.72	15.72	15.33	15.33	943289	15233400.00
2011/08/11	15.04	16.35	14.87	16.27	1707390	28184998.00
2011/08/12	16.32	16.59	16.21	16.29	1428432	24370716.00
2011/08/15	16.27	17.02	16.27	16.84	1774500	30864320.00
2011/08/16	16.84	17.00	16.62	16.81	1434818	25013646.00
2011/08/17	16.79	17.37	16.77	17.34	2318270	41179936.00
2011/08/18	17.33	17.47	16.95	16.98	2158276	38471420.00
2011/08/19	16.45	16.95	16.28	16.69	1529020	26450556.00
2011/08/22	16.67	17.64	16.67	17.17	1758484	31418750.00
2011/08/23	17.22	18.87	17.22	18.60	5383231	101158280.00
2011/08/24	18.54	18.62	18.07	18.20	3309818	62730876.00
2011/08/25	18.12	18.45	17.72	18.20	4826824	89936456.00
2011/08/26	18.07	18.45	17.82	18.33	2668859	50195176.00
2011/08/29	18.37	18.72	18.20	18.20	2180787	41560372.00
2011/08/30	18.12	18.32	17.62	17.65	1809073	33722852.00
2011/08/31	17.62	17.76	16.88	17.15	1317818	23463484.00
2011/09/01	16.97	17.35	16.78	16.92	930989	16487769.00
2011/09/02	16.82	17.20	16.82	17.17	856073	15139286.00
2011/09/05	16.91	16.91	16.38	16.55	777828	13468454.00
2011/09/06	16.37	16.92	16.35	16.67	524837	9075616.00
2011/09/07	16.72	17.43	16.72	17.32	959260	17169874.00
2011/09/08	17.50	17.92	17.32	17.50	1703212	31092214.00
2011/09/09	17.37	17.55	16.78	16.94	1082827	19242702.00
2011/09/14	16.68	17.02	15.87	16.55	1506824	25627426.00
2011/09/15	16.61	16.72	16.37	16.41	940905	16103937.00
2011/09/16	16.50	16.65	16.07	16.37	1067064	18125942.00
2011/09/19	16.08	16.25	15.63	15.63	593800	9777138.00
2011/09/20	15.72	15.87	15.42	15.64	385209	6253616.50
2011/09/21	15.64	16.26	15.55	16.16	634992	10561437.00
2011/09/22	16.02	16.30	15.89	15.90	467846	7807748.00
2011/09/23	15.63	16.05	15.55	15.86	390679	6425103.00
2011/09/26	15.58	15.97	15.17	15.26	465050	7465805.00
2011/09/27	15.32	15.63	15.24	15.28	252594	4050454.50
2011/09/28	15.30	15.65	14.79	14.87	299800	4729810.50
2011/09/29	14.59	14.80	13.46	14.57	1398842	20770122.00
2011/09/30	14.37	14.37	14.00	14.13	344890	5103625.50
2011/10/10	13.80	14.39	13.80	14.17	204698	3049654.50
2011/10/11	14.46	14.67	14.05	14.18	229400	3437036.25
2011/10/12	13.98	14.61	13.93	14.57	686086	10340159.00
2011/10/13	14.63	14.97	14.47	14.67	872174	13409597.00
2011/10/14	14.59	14.69	14.48	14.63	263143	4002369.50
2011/10/17	14.69	14.72	14.52	14.65	453966	6917851.00
2011/10/18	14.70	14.70	14.17	14.19	395981	5930003.00
2011/10/19	14.23	14.33	13.88	13.98	310255	4556251.50
2011/10/20	13.91	13.97	13.32	13.32	449789	6360412.50
2011/10/21	13.57	14.70	13.57	13.66	767922	11231604.00
2011/10/24	13.55	13.90	13.19	13.82	645223	9193060.00
2011/10/25	13.75	14.46	13.57	14.37	931299	13792157.00
2011/10/26	14.37	15.19	14.12	15.03	1935361	30030114.00
2011/10/27	15.31	15.93	14.87	15.66	4360414	70836096.00
2011/10/28	15.67	16.37	15.55	16.37	3265798	54340964.00
2011/10/31	16.49	16.82	16.07	16.57	2398331	41016168.00
2011/11/01	16.30	16.69	16.11	16.36	1322636	22460096.00
2011/11/02	15.97	17.09	15.97	17.09	2021721	34883180.00
2011/11/03	17.12	17.62	16.72	17.12	2118107	37555016.00
2011/11/04	17.13	17.21	16.78	16.97	1075389	19024414.00
2011/11/07	16.79	17.44	16.76	17.12	2009609	35907620.00
2011/11/08	17.16	17.16	16.50	16.77	848183	14793283.00
2011/11/09	16.77	16.84	16.28	16.67	1218392	20954240.00
2011/11/10	16.72	17.77	16.38	17.43	3890636	70017376.00
2011/11/11	17.36	17.53	17.17	17.37	1014576	18241316.00
2011/11/14	17.63	18.02	17.48	17.74	2106649	38737036.00
2011/11/15	17.73	18.36	17.63	18.24	2047306	38297556.00
2011/11/16	18.10	18.25	17.38	17.42	1471677	26825178.00
2011/11/17	17.58	19.23	17.58	18.25	4881573	93905912.00
2011/11/18	17.68	17.86	16.97	17.77	3409848	61627044.00
2011/11/21	17.50	17.71	17.03	17.27	1247982	22483220.00
2011/11/22	17.12	17.97	16.83	17.87	1754689	32054714.00
2011/11/23	17.87	18.37	17.80	18.17	1818013	34139456.00
2011/11/24	18.20	18.62	17.83	18.37	2089381	39520568.00
2011/11/25	18.37	18.50	17.69	17.69	1103514	20680600.00
2011/11/28	17.87	17.98	17.14	17.57	1607461	29081470.00
2011/11/29	17.52	17.65	17.18	17.59	801503	14455412.00
2011/11/30	17.52	17.73	16.50	17.37	1722165	30383952.00
2011/12/01	17.56	18.12	17.38	18.11	2062965	38167072.00
2011/12/02	18.12	18.16	17.29	17.57	1036326	18962038.00
2011/12/05	17.57	17.58	16.53	17.27	809124	14176915.00
2011/12/06	16.59	17.58	16.59	17.47	534167	9531548.00
2011/12/07	17.57	19.27	17.56	18.21	2427000	46488492.00
2011/12/08	17.88	18.75	16.77	18.37	2280817	42155488.00
2011/12/09	18.07	19.57	17.67	19.39	5196707	102208504.00
2011/12/12	19.12	19.35	18.67	18.92	2329983	45781252.00
2011/12/13	18.69	19.25	18.30	19.07	2777900	54008068.00
2011/12/14	18.87	19.06	17.10	17.10	3419523	63326620.00
2011/12/15	17.22	18.57	17.22	17.45	5067305	93789848.00
2011/12/16	16.65	18.97	16.48	18.96	4300312	79709064.00
2011/12/19	18.58	19.92	18.31	19.47	6630635	131229712.00
2011/12/20	19.20	19.71	18.47	18.82	3791490	74658168.00
2011/12/21	19.23	19.35	18.17	18.18	3210436	62716484.00
2011/12/22	18.02	19.05	16.79	18.37	4036947	74296600.00
2011/12/23	18.07	18.46	17.38	17.69	2700682	50054528.00
2011/12/26	17.76	17.77	17.03	17.10	1889089	34150100.00
2011/12/27	16.87	17.64	16.72	16.95	1791793	31951978.00
2011/12/28	16.52	16.86	15.53	16.37	2664043	44205932.00
2011/12/29	16.17	16.36	15.77	16.07	1648114	27383912.00
2011/12/30	16.07	16.72	15.95	16.67	1693122	28960362.00
2012/01/04	16.77	16.92	15.77	16.12	1235357	21017412.00
2012/01/05	16.11	16.11	14.57	14.65	1548011	24417076.00
2012/01/06	14.55	14.87	14.27	14.76	834439	12670840.00
2012/01/09	14.68	15.33	14.28	15.33	1765188	27610512.00
2012/01/10	15.26	15.77	15.07	15.61	2301762	37217120.00
2012/01/11	15.56	16.36	15.22	15.63	2149203	35448188.00
2012/01/12	15.48	15.80	15.35	15.53	1365634	22088718.00
2012/01/13	15.57	15.76	13.91	13.91	2686891	40228856.00
2012/01/16	13.60	13.71	12.73	12.87	1294825	17896034.00
2012/01/17	12.85	13.66	12.49	13.45	1323581	18208186.00
2012/01/18	13.36	13.50	12.27	12.35	1701100	23017040.00
2012/01/19	12.27	12.69	12.22	12.44	1075420	14028021.00
2012/01/20	12.57	13.07	12.52	12.88	890594	12010207.00
2012/01/30	13.02	13.15	12.78	12.97	650750	8854401.00
2012/01/31	12.97	12.98	12.40	12.97	679621	9041755.00
2012/02/01	12.69	13.33	12.64	13.24	908399	12509961.00
2012/02/02	13.27	13.77	13.02	13.77	1023352	14272047.00
2012/02/03	13.66	13.97	13.57	13.92	1143748	16508354.00
2012/02/06	14.02	14.26	13.85	14.01	1073857	15701434.00
2012/02/07	13.86	13.92	13.47	13.64	940881	13454857.00
2012/02/08	13.64	14.03	13.47	13.97	1108008	15988149.00
2012/02/09	13.97	14.34	13.83	14.13	1559555	23012898.00
2012/02/10	14.05	14.16	13.77	13.93	1063665	15493749.00
2012/02/13	13.67	14.25	13.63	14.19	1385468	20369470.00
2012/02/14	14.19	14.22	13.89	14.06	638863	9412051.00
2012/02/15	13.90	14.64	13.90	14.50	2142488	32126454.00
2012/02/16	14.59	14.71	14.27	14.46	1791042	27131404.00
2012/02/17	14.46	14.70	14.35	14.50	1015775	15374411.00
2012/02/20	14.73	14.77	14.27	14.32	1563651	23558190.00
2012/02/21	14.19	14.53	14.13	14.43	1373506	20549598.00
2012/02/22	14.44	14.97	14.37	14.90	2248610	34475004.00
2012/02/23	14.93	15.36	14.78	15.12	2342029	36783540.00
2012/02/24	15.16	16.19	15.07	15.57	2540432	41268092.00
2012/02/27	15.47	15.66	15.29	15.40	1290360	20764432.00
2012/02/28	15.39	16.35	15.34	16.11	4154093	68988736.00
2012/02/29	16.64	16.66	15.78	16.06	1959514	32708502.00
2012/03/01	16.77	17.32	15.88	16.04	4339543	73807152.00
2012/03/02	15.93	16.47	15.93	16.22	3192162	53787168.00
2012/03/05	16.65	16.91	16.27	16.32	4098078	70831464.00
2012/03/06	16.26	16.35	15.63	15.76	2157712	35590288.00
2012/03/07	15.40	16.05	15.40	15.51	2117451	34677704.00
2012/03/08	15.55	16.01	15.55	15.82	1970265	32254158.00
2012/03/09	16.19	16.19	15.84	16.02	1644846	27279026.00
2012/03/12	16.35	16.56	15.87	16.05	2620889	44020636.00
2012/03/13	16.17	16.83	16.07	16.63	3498557	59930960.00
2012/03/14	16.67	16.72	15.28	15.37	3324048	55748788.00
2012/03/15	15.36	15.60	14.48	14.62	2199259	34106692.00
2012/03/16	14.93	15.12	14.64	15.05	1364993	21247856.00
2012/03/19	15.12	15.31	14.77	15.23	1412273	22078006.00
2012/03/20	15.18	15.20	14.67	14.69	1037144	16032595.00
2012/03/21	14.83	14.93	14.40	14.77	837783	12784457.00
2012/03/22	14.79	15.00	14.70	14.79	873358	13522003.00
2012/03/23	14.70	14.84	14.40	14.47	568749	8641911.00
2012/03/26	14.46	14.57	14.27	14.47	534569	8061877.50
2012/03/27	14.57	14.62	14.29	14.40	456468	6898379.00
2012/03/28	14.37	14.37	13.49	13.49	870550	12628034.00
2012/03/29	13.36	13.86	13.09	13.72	1099326	15485361.00
2012/03/30	13.65	13.81	13.27	13.70	799951	11358114.00
2012/04/05	13.62	14.14	13.48	14.13	842439	12204030.00
2012/04/06	14.14	14.14	13.89	14.01	470643	6900406.00
2012/04/09	14.07	14.07	13.67	13.87	420139	6070874.50
2012/04/10	13.42	13.94	13.17	13.94	1102351	15557460.00
2012/04/11	13.67	13.84	13.43	13.76	567956	8116516.00
2012/04/12	13.75	13.94	13.57	13.92	1009717	14576835.00
2012/04/13	13.88	14.37	13.87	14.13	902650	13317233.00
2012/04/16	13.97	14.51	13.77	14.50	1384877	20337692.00
2012/04/17	14.37	15.23	14.27	14.89	2875760	44560100.00
2012/04/18	15.11	15.36	14.87	15.25	2116662	33422970.00
2012/04/19	15.17	15.17	14.93	15.07	869779	13618916.00
2012/04/20	15.09	15.30	14.89	15.17	841399	13219968.00
2012/04/23	15.05	15.25	13.95	14.57	1754395	26636148.00
2012/04/24	14.35	14.58	13.88	14.32	1229272	18302628.00
2012/04/25	14.30	14.32	13.65	14.03	1224345	17764572.00
2012/04/26	13.90	13.97	13.67	13.73	595099	8566432.00
2012/04/27	13.73	13.91	13.52	13.75	660561	9491686.00
2012/05/02	13.79	13.97	13.57	13.86	720936	10374546.00
2012/05/03	13.75	13.86	13.56	13.82	737785	10541744.00
2012/05/04	13.95	14.35	13.93	14.10	1128781	16692293.00
2012/05/07	13.95	14.35	13.84	14.31	1559549	23055180.00
2012/05/08	14.37	14.64	14.15	14.29	1280890	19264808.00
2012/05/09	14.06	14.35	13.94	14.31	1128170	16702804.00
2012/05/10	14.22	14.42	14.07	14.39	803900	11981618.00
2012/05/11	14.39	14.53	14.17	14.17	1082610	16274849.00
2012/05/14	14.34	14.57	14.13	14.37	1008823	15112077.00
2012/05/15	14.24	14.64	14.07	14.64	1274558	19226546.00
2012/05/16	14.75	14.77	14.31	14.57	986716	15004118.00
2012/05/17	14.58	14.95	14.32	14.95	1430299	21915474.00
2012/05/18	14.90	15.50	14.69	15.29	2618244	41709048.00
2012/05/21	15.37	15.37	14.58	15.28	1907304	29902404.00
2012/05/22	15.40	15.42	15.05	15.32	1928393	30643626.00
2012/05/23	15.15	15.22	14.77	14.91	742581	11580631.00
2012/05/24	14.78	15.01	14.58	14.59	696253	10752188.00
2012/05/25	14.78	14.94	14.22	14.37	741359	11247240.00
2012/05/28	13.93	14.46	13.93	14.44	563818	8415717.00
2012/05/29	14.34	14.91	14.17	14.85	860518	13195994.00
2012/05/30	14.78	15.33	14.69	15.05	1062059	16708893.00
2012/05/31	14.97	15.33	14.82	15.08	811981	12836799.00
2012/06/01	15.19	15.19	14.75	14.80	494081	7689444.50
2012/06/04	14.55	14.80	14.33	14.61	640900	9717609.00
2012/06/05	14.38	14.62	14.30	14.49	349414	5269771.50
2012/06/06	14.62	14.66	14.38	14.57	276800	4185420.50
2012/06/07	14.62	15.02	14.44	14.67	443755	6836121.50
2012/06/08	14.97	14.97	14.50	14.62	618363	9494415.00
2012/06/11	14.39	15.60	14.33	15.43	1763567	27833044.00
2012/06/12	15.89	16.22	15.25	15.28	2841764	46708916.00
2012/06/13	15.57	16.87	15.38	16.47	6240180	107320752.00
2012/06/14	16.11	16.17	15.75	15.89	3551390	58939712.00
2012/06/15	15.88	16.03	15.46	15.79	2030221	33131468.00
2012/06/18	15.79	16.27	15.58	16.03	2459231	40790312.00
2012/06/19	15.97	16.07	15.49	15.55	1209998	19707774.00
2012/06/20	15.65	15.83	15.29	15.33	1157823	18644510.00
2012/06/21	15.21	15.56	14.87	15.00	924005	14503984.00
2012/06/25	15.17	15.17	14.59	14.79	1415321	21787338.00
2012/06/26	14.67	14.71	14.34	14.57	946098	14281139.00
2012/06/27	14.41	14.85	14.41	14.59	916667	14055864.00
2012/06/28	14.74	14.74	14.35	14.35	559000	8489983.00
2012/06/29	14.47	14.48	14.02	14.48	856422	12714922.00
2012/07/02	14.52	14.97	14.49	14.87	888052	13720485.00
2012/07/03	14.87	15.03	14.67	14.99	606312	9409732.00
2012/07/04	14.82	15.20	14.72	14.86	583001	9039817.00
2012/07/05	14.91	14.91	14.31	14.31	480578	7288514.00
2012/07/06	14.36	14.56	14.01	14.47	746468	11074826.00
2012/07/09	14.48	14.48	13.82	13.84	499801	7348095.50
2012/07/10	13.81	13.90	13.66	13.83	383802	5527512.00
2012/07/11	13.76	14.05	13.76	13.89	158407	2294979.75
2012/07/12	13.98	14.21	13.80	14.14	278393	4086789.25
2012/07/13	14.14	14.71	14.14	14.39	728270	10992610.00
2012/07/16	14.41	14.41	13.25	13.29	532201	7646767.00
2012/07/17	13.39	13.53	13.31	13.45	307222	4297892.50
2012/07/18	13.45	13.65	13.28	13.64	314449	4406867.50
2012/07/19	13.46	13.96	13.46	13.67	215194	3087273.50
2012/07/20	13.67	13.76	13.51	13.68	156465	2228812.75
2012/07/23	13.68	13.76	13.42	13.59	104802	1489109.38
2012/07/24	13.39	13.81	13.39	13.71	165870	2358205.50
2012/07/25	13.70	13.90	13.51	13.69	200125	2855267.00
2012/07/26	13.56	13.79	13.56	13.61	161280	2302297.00
2012/07/27	13.43	13.70	13.43	13.63	154104	2186977.75
2012/07/30	13.53	13.70	13.34	13.56	177857	2506014.75
2012/07/31	13.61	13.66	13.14	13.41	329694	4601504.50
2012/08/01	13.54	13.96	13.41	13.90	354494	5115632.50
2012/08/02	13.76	14.16	13.69	14.05	467600	6820621.50
2012/08/03	14.15	14.21	13.85	14.15	425992	6251199.00
2012/08/06	14.10	14.33	14.04	14.21	872083	12914259.00
2012/08/07	14.34	14.40	14.17	14.31	598583	8899604.00
2012/08/08	14.36	14.42	14.01	14.22	294719	4359637.00
2012/08/09	14.26	14.36	14.11	14.33	208506	3095020.25
2012/08/10	14.41	14.50	14.14	14.26	144450	2139392.00
2012/08/13	14.06	14.26	13.97	14.03	249679	3661049.75
2012/08/14	14.01	14.26	13.63	14.21	401921	5821285.50
2012/08/15	14.20	14.29	14.08	14.17	284295	4196861.50
2012/08/16	14.20	14.20	13.95	14.09	158801	2322859.50
2012/08/17	13.96	14.11	13.87	14.11	155124	2267463.50
2012/08/20	13.88	14.19	13.88	14.19	221504	3244115.50
2012/08/21	14.16	14.67	14.09	14.51	557081	8397614.00
2012/08/22	14.69	15.01	14.21	14.41	547037	8347376.00
2012/08/23	14.41	14.41	14.06	14.26	430391	6346336.00
2012/08/24	14.12	14.25	13.89	14.21	302814	4430949.50
2012/08/27	14.05	14.26	13.91	14.18	264389	3905012.50
2012/08/28	14.04	14.21	13.81	14.14	222661	3250453.25
2012/08/29	13.96	14.26	13.90	13.99	299670	4384704.00
2012/08/30	13.82	14.08	13.23	14.06	487914	6992602.00
2012/08/31	13.92	14.24	13.83	14.20	179513	2635391.00
2012/09/03	13.99	14.46	13.99	14.43	322962	4826867.50
2012/09/04	14.50	14.60	14.28	14.57	549405	8282572.00
2012/09/05	14.56	14.72	14.42	14.56	427179	6490698.00
2012/09/06	14.52	14.66	14.37	14.61	322239	4879482.00
2012/09/07	14.61	15.17	14.61	15.13	1219040	18961316.00
2012/09/10	15.01	15.20	14.88	15.20	677975	10600879.00
2012/09/11	14.98	15.17	14.88	15.11	526691	8205658.00
2012/09/12	15.10	15.10	14.86	14.89	468845	7267627.00
2012/09/13	14.94	15.03	14.54	14.54	351899	5417639.00
2012/09/14	14.54	14.86	14.43	14.80	426334	6504628.00
2012/09/17	14.79	14.79	14.39	14.71	255903	3889160.50
2012/09/18	14.61	14.81	14.44	14.78	329510	5019925.50
2012/09/19	14.73	15.03	14.73	15.01	998283	15494793.00
2012/09/20	15.04	15.16	14.21	14.66	647186	9822803.00
2012/09/21	14.24	14.56	13.91	14.56	657842	9805672.00
2012/09/24	14.48	14.63	14.11	14.59	270981	4060867.75
2012/09/25	14.43	14.55	14.21	14.50	96299	1443617.13
2012/09/26	14.46	14.46	14.07	14.37	165350	2450934.00
2012/09/27	14.31	14.85	14.21	14.69	275944	4179189.00
2012/09/28	14.55	14.77	14.49	14.61	274244	4187605.25
2012/10/08	14.61	14.66	14.26	14.57	191105	2873591.50
2012/10/09	14.46	14.81	14.46	14.81	266385	4079122.50
2012/10/10	14.71	14.94	14.61	14.91	352900	5432977.50
2012/10/11	14.91	15.20	14.67	14.86	601417	9324883.00
2012/10/12	14.81	14.91	14.55	14.80	297620	4540577.00
2012/10/15	14.58	14.76	14.32	14.59	312772	4715803.50
2012/10/16	14.47	14.57	14.11	14.31	324637	4856880.00
2012/10/17	14.39	14.39	14.11	14.21	257708	3810319.00
2012/10/18	14.25	14.39	14.17	14.35	367067	5458018.00
2012/10/19	14.27	14.38	14.17	14.26	267314	3973060.25
2012/10/22	14.16	14.30	14.01	14.30	347256	5102835.50
2012/10/23	14.30	14.50	14.15	14.24	482323	7189925.50
2012/10/24	14.17	14.29	13.79	14.24	746012	10902326.00
2012/10/25	14.03	14.91	14.03	14.30	2590232	39069448.00
2012/10/26	14.46	14.50	13.52	13.89	1796419	25859650.00
2012/10/29	13.55	13.77	13.29	13.68	528600	7469410.00
2012/10/30	13.47	13.64	13.38	13.51	587414	8255424.50
2012/10/31	13.42	13.56	13.16	13.56	442438	6173521.00
2012/11/01	13.51	13.71	13.51	13.66	274787	3911935.25
2012/11/02	13.66	13.80	13.52	13.76	304097	4334704.50
2012/11/05	13.71	13.81	13.51	13.76	332847	4731373.00
2012/11/06	13.58	13.76	13.45	13.76	261025	3715654.50
2012/11/07	13.79	13.88	13.72	13.85	392353	5656183.50
2012/11/08	13.79	13.79	13.49	13.76	280550	3984083.00
2012/11/09	13.66	13.74	13.54	13.73	179441	2551111.25
2012/11/12	13.66	14.01	13.56	13.81	350330	5055888.50
2012/11/13	13.67	13.79	13.46	13.70	350307	4964308.50
2012/11/14	13.53	13.72	13.50	13.69	195287	2777690.75
2012/11/15	13.54	13.73	13.51	13.68	206158	2932695.50
2012/11/16	13.53	13.68	13.44	13.68	266710	3776707.50
2012/11/19	13.56	13.85	13.56	13.84	414065	5931155.50
2012/11/20	14.02	14.29	13.66	13.69	509804	7394767.50
2012/11/21	13.62	13.62	13.21	13.55	830400	11611188.00
2012/11/22	13.41	13.41	13.25	13.37	210106	2922877.00
2012/11/23	13.29	13.38	13.12	13.26	370411	5119820.00
2012/11/26	13.26	13.26	12.81	13.03	223834	3035930.25
2012/11/27	13.02	13.02	12.35	12.63	303677	3999106.50
2012/11/28	12.44	12.64	11.41	12.01	889973	11056998.00
2012/11/29	11.77	12.03	11.72	12.00	266496	3328239.00
2012/11/30	11.77	12.19	11.77	12.19	330943	4171924.50
2012/12/03	11.93	12.10	11.53	11.54	247551	3047204.25
2012/12/04	11.43	11.88	11.16	11.56	386382	4640728.00
2012/12/05	11.43	11.97	11.41	11.91	567129	7019390.00
2012/12/06	12.00	12.06	11.79	11.84	267251	3347293.00
2012/12/07	11.84	12.17	11.81	12.14	389138	4910008.50
2012/12/10	12.15	12.33	12.01	12.22	385975	4930717.00
2012/12/11	12.27	12.27	12.01	12.16	242755	3091053.00
2012/12/12	12.11	12.28	11.88	12.25	405069	5141158.50
2012/12/13	12.70	12.87	12.16	12.23	652598	8507251.00
2012/12/14	12.02	12.58	11.89	12.53	846024	10957809.00
2012/12/17	12.43	12.51	12.23	12.40	705881	9112917.00
2012/12/18	12.23	12.35	12.21	12.29	448839	5770753.50
2012/12/19	12.29	12.29	12.12	12.28	442833	5670996.00
2012/12/20	12.24	12.24	12.12	12.17	505426	6449500.00
2012/12/21	12.46	12.46	12.14	12.26	999577	12837922.00
2012/12/24	12.08	12.31	12.00	12.25	851673	10908470.00
2012/12/25	12.15	12.70	12.14	12.63	3706116	48174444.00
2012/12/26	12.60	13.04	12.48	12.92	3960079	53158520.00
2012/12/27	12.94	13.10	12.37	12.49	3360267	44553896.00
2012/12/28	12.41	12.68	12.22	12.63	4876612	63930668.00
2012/12/31	12.71	12.94	12.45	12.75	3333671	44272552.00
2013/01/04	12.76	12.82	12.49	12.67	1954391	25851652.00
2013/01/07	12.64	12.75	12.54	12.75	2377524	31367874.00
2013/01/08	12.79	13.62	12.62	13.18	5042110	69290472.00
2013/01/09	13.00	13.15	12.82	13.05	2455452	33409588.00
2013/01/10	13.04	13.13	12.87	13.01	1658766	22586506.00
2013/01/11	13.08	13.08	12.67	12.80	2043597	27596692.00
2013/01/14	14.14	14.14	13.41	13.88	10523104	152984864.00
2013/01/15	13.63	14.66	13.59	14.52	12594858	186606240.00
2013/01/16	14.37	14.39	13.60	13.91	7830820	113552288.00
2013/01/17	13.92	13.96	13.43	13.52	2906038	41467312.00
2013/01/18	13.52	13.75	13.51	13.70	1919437	27315806.00
2013/01/21	13.70	13.96	13.68	13.74	2413992	34717812.00
2013/01/22	13.74	13.74	13.21	13.37	2548787	35633864.00
2013/01/23	13.30	13.61	13.21	13.55	1673820	23523042.00
2013/01/24	13.56	13.58	13.07	13.28	1916904	26662728.00
2013/01/25	13.37	13.87	13.37	13.60	4382658	62472272.00
2013/01/28	13.50	13.88	13.50	13.83	2536383	36331916.00
2013/01/29	13.89	14.08	13.75	13.87	2595787	37576484.00
2013/01/30	13.77	13.87	13.16	13.31	4286165	59753024.00
2013/01/31	13.33	13.56	13.08	13.46	6288592	87058880.00
2013/02/01	13.33	13.63	13.22	13.38	4611586	64684676.00
2013/02/04	13.41	13.46	12.82	13.00	3436636	46843956.00
2013/02/05	12.81	12.91	12.62	12.88	2800159	37298660.00
2013/02/06	12.76	13.01	12.76	12.87	1726413	23302520.00
2013/02/07	12.90	13.12	12.88	13.02	1869929	25424300.00
2013/02/08	13.02	13.39	12.96	13.21	2978179	41114080.00
2013/02/18	13.41	13.57	13.31	13.42	6404670	89973680.00
2013/02/19	13.33	13.61	13.33	13.40	3763803	52905840.00
2013/02/20	13.37	13.95	13.37	13.78	6202070	88840960.00
2013/02/21	13.71	14.02	13.45	13.66	5706783	81730440.00
2013/02/22	13.61	13.83	13.53	13.56	2853254	40755296.00
2013/02/25	13.81	14.49	13.69	14.26	9779544	144701744.00
2013/02/26	14.11	14.57	14.06	14.18	9749098	145878784.00
2013/02/27	14.47	14.71	13.97	14.32	5684294	84687896.00
2013/02/28	14.29	14.91	14.06	14.86	7701667	116821248.00
2013/03/01	14.63	15.21	14.63	15.06	7666200	119273624.00
2013/03/04	15.16	15.60	14.48	14.77	8834862	138163888.00
2013/03/05	14.81	14.96	14.21	14.75	5040764	76484240.00
2013/03/06	14.88	14.96	14.49	14.75	6011578	91885680.00
2013/03/07	14.71	15.01	14.37	14.61	4566822	69862728.00
2013/03/08	14.57	14.76	14.15	14.26	3291094	49384564.00
2013/03/11	14.32	14.42	14.16	14.26	2094326	31129472.00
2013/03/12	14.27	14.32	13.31	13.49	4067177	58097740.00
2013/03/13	13.48	13.52	12.97	13.48	3353517	46632396.00
2013/03/14	13.48	13.69	13.39	13.51	2214614	31296032.00
2013/03/15	13.52	13.78	13.36	13.51	2607604	36974088.00
2013/03/18	13.69	14.14	13.69	13.89	5085699	73838048.00
2013/03/19	13.86	14.15	13.51	14.10	3673340	53091252.00
2013/03/20	14.40	14.76	14.21	14.52	9306069	140334048.00
2013/03/21	14.42	15.06	14.32	14.67	6981923	107054120.00
2013/03/22	14.67	14.75	14.43	14.55	3511679	53237496.00
2013/03/25	14.55	14.74	14.32	14.32	3584745	54146372.00
2013/03/26	14.29	14.29	13.91	13.97	2950150	43171408.00
2013/03/27	13.98	14.17	13.81	13.88	2216925	32244398.00
2013/03/28	13.74	14.08	13.57	13.72	2730897	39310452.00
2013/03/29	13.81	13.99	13.69	13.74	2415190	34800832.00
2013/04/01	13.70	14.08	13.69	13.94	1833728	26648122.00
2013/04/02	13.94	14.18	13.70	13.73	2356917	34311188.00
2013/04/03	13.70	13.73	13.11	13.33	2009587	27978436.00
2013/04/08	13.31	13.56	12.95	13.54	1458062	20231524.00
2013/04/09	13.55	13.73	13.55	13.60	1445193	20550670.00
2013/04/10	13.68	13.74	13.18	13.43	1575572	22014450.00
2013/04/11	13.43	13.55	13.31	13.38	1217923	17046968.00
2013/04/12	13.31	13.31	12.71	12.74	2329074	31496894.00
2013/04/15	12.71	12.71	12.40	12.49	1405312	18430682.00
2013/04/16	12.40	12.67	12.29	12.64	999990	13146552.00
2013/04/17	12.64	12.82	12.57	12.80	1210635	16066934.00
2013/04/18	12.71	12.90	12.63	12.87	1225225	16384565.00
2013/04/19	12.74	13.17	12.74	13.12	1749216	23808888.00
2013/04/22	13.01	13.21	12.93	13.18	1536974	20968124.00
2013/04/23	13.19	13.20	12.49	12.51	1730652	23109294.00
2013/04/24	12.51	12.85	12.49	12.82	1335838	17769958.00
2013/04/25	12.86	12.86	12.44	12.48	1490247	19672916.00
2013/04/26	12.57	12.57	12.15	12.36	1412643	18270092.00
2013/05/02	12.17	12.51	12.16	12.39	466299	6029051.00
2013/05/03	12.41	12.75	12.40	12.66	1037813	13717310.00
2013/05/06	12.66	12.98	12.66	12.88	1419250	19120248.00
2013/05/07	12.90	13.21	12.86	12.98	2006118	27442448.00
2013/05/08	13.01	13.24	12.97	13.16	1909796	26223976.00
2013/05/09	13.16	14.41	13.06	14.36	7168876	103517320.00
2013/05/10	14.17	14.59	13.88	14.07	4534502	66946008.00
2013/05/13	14.07	14.21	13.67	13.99	2909401	42224132.00
2013/05/14	13.97	13.99	13.56	13.61	2596579	37133368.00
2013/05/15	13.60	14.01	13.44	13.91	3960322	56825008.00
2013/05/16	13.91	14.10	13.48	13.52	4647084	66449508.00
2013/05/17	13.50	14.19	13.32	13.95	3661043	52587156.00
2013/05/20	14.05	14.34	13.86	14.20	4431866	65070652.00
2013/05/21	14.14	14.53	13.88	14.41	5276070	78057936.00
2013/05/22	14.37	14.37	13.72	13.86	3631180	53076032.00
2013/05/23	13.86	14.53	13.76	13.93	4868167	71950488.00
2013/05/24	14.06	14.56	14.06	14.50	5128232	76726328.00
2013/05/27	14.61	14.93	14.31	14.71	7795180	118615616.00
2013/05/28	14.70	14.70	13.94	14.03	4878605	72129920.00
2013/05/29	14.10	14.23	13.91	14.01	4052009	59363592.00
2013/05/30	14.00	14.27	13.91	14.20	3567988	52460728.00
2013/05/31	14.20	14.59	14.07	14.22	5650304	84437808.00
2013/06/03	14.24	14.37	13.57	13.67	4316950	62515764.00
2013/06/04	13.62	13.84	13.01	13.16	3635777	50903556.00
2013/06/05	13.21	13.29	12.93	13.15	2067278	28329098.00
2013/06/06	13.09	13.28	12.92	13.25	2433359	33388670.00
2013/06/07	13.39	13.39	12.81	12.94	2909745	39952700.00
2013/06/13	12.61	12.61	12.18	12.46	2838328	36793632.00
2013/06/14	12.46	13.30	12.41	13.13	4263833	57692168.00
2013/06/17	13.16	13.75	13.03	13.45	4629899	64892392.00
2013/06/18	13.59	13.59	13.03	13.36	3985502	55414144.00
2013/06/19	13.36	13.66	13.09	13.57	4086681	57093548.00
2013/06/20	13.39	13.54	12.63	12.67	3692459	50686432.00
2013/06/21	12.26	12.75	12.13	12.64	2240420	29189464.00
2013/06/24	12.64	12.71	11.71	12.00	2508110	32082212.00
2013/06/25	11.77	12.37	11.26	12.29	3905783	48700724.00
2013/06/26	12.18	12.75	12.18	12.68	2987596	39184820.00
2013/06/27	12.74	13.20	12.50	12.99	7316653	99085424.00
2013/06/28	12.81	13.14	12.69	12.97	2287538	30798798.00
2013/07/01	12.88	13.45	12.82	13.45	4581181	63145400.00
2013/07/02	13.44	13.57	13.16	13.49	4572900	63779196.00
2013/07/03	13.47	13.47	12.99	13.36	2767883	38257488.00
2013/07/04	13.29	13.36	13.02	13.16	2315359	31946246.00
2013/07/05	13.16	13.50	13.07	13.07	3279825	45601308.00
2013/07/08	12.42	12.54	12.07	12.54	3049209	39333528.00
2013/07/09	12.41	12.57	12.22	12.54	1167029	15158787.00
2013/07/10	12.51	12.94	12.39	12.91	1986712	26429408.00
2013/07/11	12.94	13.42	12.71	13.41	3530055	48246608.00
2013/07/12	13.37	13.79	13.21	13.25	3481056	48946284.00
2013/07/15	13.35	13.50	13.21	13.36	3198035	44645472.00
2013/07/16	13.43	13.76	13.38	13.55	4029033	57115272.00
2013/07/17	13.63	13.87	13.23	13.49	3293740	46396696.00
2013/07/18	13.41	14.25	13.31	14.17	7474639	108182552.00
2013/07/19	13.95	14.43	13.91	14.04	5011927	73363440.00
2013/07/22	13.89	14.82	13.79	14.66	6057428	90932904.00
2013/07/23	14.70	14.99	14.41	14.84	6288120	95408560.00
2013/07/24	14.90	15.47	14.71	15.28	8551483	133818824.00
2013/07/25	15.22	15.22	14.06	14.33	6773652	102119712.00
2013/07/26	14.16	14.47	13.76	14.37	5338421	78096520.00
2013/07/29	14.21	14.87	13.95	14.58	5691476	85409904.00
2013/07/30	14.54	14.65	13.77	14.17	3954534	58046860.00
2013/07/31	14.20	14.74	13.64	13.78	12367218	181437248.00
2013/08/01	13.81	14.44	13.52	14.34	7244609	105225424.00
2013/08/02	14.31	14.90	14.31	14.49	7535394	114155720.00
2013/08/05	14.49	15.28	14.42	14.99	7723386	119248704.00
2013/08/06	14.85	14.91	14.55	14.84	6021363	92013280.00
2013/08/07	14.99	16.33	14.49	15.60	12951173	204374944.00
2013/08/08	15.58	15.89	15.21	15.44	7044861	112984816.00
2013/08/09	15.38	15.93	14.74	15.13	6592965	104453152.00
2013/08/12	15.64	15.77	14.83	15.27	5798110	91828480.00
2013/08/13	15.32	15.87	15.12	15.76	5745298	92838520.00
2013/08/14	15.74	15.74	15.16	15.28	4832244	76953232.00
2013/08/15	15.12	15.32	14.84	14.91	3237566	50222368.00
2013/08/16	14.77	15.18	14.11	14.18	4883136	74208592.00
2013/08/19	13.99	14.66	13.99	14.59	2089116	31260726.00
2013/08/20	14.59	15.08	14.49	14.76	3179453	48701120.00
2013/08/21	14.70	15.12	14.57	14.95	3228325	49898584.00
2013/08/22	14.87	15.09	14.86	15.01	3049194	47291536.00
2013/08/23	15.01	15.32	14.29	14.72	4806004	73259208.00
2013/08/26	14.71	14.86	14.59	14.84	3264362	49774972.00
2013/08/27	14.85	14.85	14.43	14.67	2940726	44464160.00
2013/08/28	14.49	14.61	13.99	14.08	4119826	61204128.00
2013/08/29	14.07	14.36	14.05	14.24	2500737	36718396.00
2013/08/30	14.24	14.32	13.25	13.38	4105665	58756724.00
2013/09/02	13.45	13.80	13.30	13.80	1903235	26894956.00
2013/09/03	13.79	14.03	13.69	14.02	2059053	29587174.00
2013/09/04	13.99	14.02	13.72	13.75	1643413	23625840.00
2013/09/05	13.73	14.16	13.73	14.05	2436266	35402020.00
2013/09/06	14.01	14.21	13.84	14.20	2507059	36430584.00
2013/09/09	14.17	14.62	14.05	14.50	4509914	66951060.00
2013/09/10	14.62	14.99	14.50	14.84	6501755	99468656.00
2013/09/11	14.96	14.96	14.12	14.25	4225193	62885944.00
2013/09/12	14.20	14.52	14.12	14.21	2557983	37854240.00
2013/09/13	14.48	14.66	14.27	14.41	3291401	49297948.00
2013/09/16	14.45	14.54	14.26	14.34	2201209	32805024.00
2013/09/17	14.34	14.42	13.94	13.99	1914593	28258940.00
2013/09/18	14.03	14.31	13.96	14.27	1669376	24445562.00
2013/09/23	14.39	14.83	14.32	14.70	3457775	52353480.00
2013/09/24	14.61	14.91	14.51	14.73	3462423	52721196.00
2013/09/25	14.69	14.69	14.43	14.56	2683509	40377884.00
2013/09/26	14.58	14.90	14.51	14.90	4122436	62870920.00
2013/09/27	15.02	15.03	14.49	14.70	2849025	43558204.00
2013/09/30	14.89	15.05	14.60	14.96	3484742	53505408.00
2013/10/08	15.39	16.08	15.26	15.29	7469261	119575320.00
2013/10/09	15.24	15.85	15.10	15.69	6422301	103013768.00
2013/10/10	15.89	15.89	15.05	15.18	4945387	78744360.00
2013/10/11	15.27	15.65	14.99	15.57	3959901	62857752.00
2013/10/14	15.41	16.08	15.34	16.08	6114979	99476944.00
2013/10/15	16.07	16.07	15.50	15.65	5057479	82283320.00
2013/10/16	15.50	15.51	14.73	15.00	4288385	66962020.00
2013/10/17	15.11	16.41	15.02	15.65	8721991	142641008.00
2013/10/18	15.59	15.93	15.40	15.60	3980584	64367304.00
2013/10/21	16.19	17.21	16.11	17.21	7831741	135752864.00
2013/10/22	18.98	18.98	17.29	17.48	21052281	396463712.00
2013/10/23	17.19	19.28	16.75	18.57	24939783	463605120.00
2013/10/24	17.99	18.29	17.42	17.50	11309795	207852672.00
2013/10/25	17.79	19.28	17.74	18.58	17197588	328909248.00
2013/10/28	18.14	19.97	17.31	19.10	14868759	287220896.00
2013/10/29	18.85	19.29	17.29	18.14	12590814	235049376.00
2013/10/30	17.90	18.92	17.51	18.18	9067761	169040880.00
2013/10/31	17.87	18.05	16.42	16.49	8718013	153213840.00
2013/11/01	16.29	16.29	15.76	15.83	5763627	95081696.00
2013/11/04	16.10	16.86	15.99	16.37	5795883	98636256.00
2013/11/05	16.29	17.09	16.01	16.97	4395815	75360264.00
2013/11/06	16.89	17.55	16.41	16.45	7108511	124493304.00
2013/11/07	16.52	17.18	16.29	16.75	4675056	80926784.00
2013/11/08	16.70	17.30	16.52	17.30	5009704	87496776.00
2013/11/11	17.29	17.85	17.10	17.46	5708242	102912352.00
2013/11/12	17.41	17.70	16.59	17.54	5623357	99593136.00
2013/11/13	17.39	17.54	16.77	16.77	3897993	68736344.00
2013/11/14	16.68	17.01	16.19	16.81	4380813	75081768.00
2013/11/15	16.85	17.58	16.85	17.41	6248701	111506088.00
2013/11/18	17.83	18.05	17.49	17.89	6976303	127568040.00
2013/11/19	17.94	18.35	17.62	17.97	5395074	99862200.00
2013/11/20	18.00	18.17	17.71	18.15	3940704	72531872.00
2013/11/21	18.08	18.08	17.51	17.58	3881106	70787168.00
2013/11/22	17.58	17.89	17.29	17.39	3112724	56209536.00
2013/11/25	17.51	17.64	17.26	17.34	2610051	46797464.00
2013/11/26	17.27	17.47	16.74	16.83	4513090	78791616.00
2013/11/27	16.79	17.36	16.60	17.27	3811137	67120848.00
2013/11/28	17.26	17.39	17.02	17.26	3375335	59885476.00
2013/11/29	17.42	18.01	17.34	17.91	6140732	112550568.00
2013/12/02	16.79	16.89	16.07	16.07	6367585	107500832.00
2013/12/03	15.56	15.79	14.94	15.62	4890919	77781352.00
2013/12/04	15.62	16.03	15.55	15.67	3829495	62644548.00
2013/12/05	15.59	16.14	15.54	15.61	3065697	50030136.00
2013/12/06	15.75	15.88	15.59	15.68	2668725	43269440.00
2013/12/09	15.89	16.16	15.79	16.09	3213157	53063736.00
2013/12/10	16.00	16.18	15.61	15.97	2730268	44862608.00
2013/12/11	15.91	16.37	15.72	16.26	3183697	52873692.00
2013/12/12	16.13	16.54	16.03	16.33	2382876	40272968.00
2013/12/13	16.24	16.63	16.14	16.40	1865391	31576796.00
2013/12/16	16.65	16.77	15.95	16.06	3498346	58741972.00
2013/12/17	16.00	16.21	15.34	15.41	3065878	49247392.00
2013/12/18	15.46	15.53	15.12	15.20	2530523	39967388.00
2013/12/19	15.35	15.68	15.14	15.19	2239179	35693668.00
2013/12/20	15.19	15.38	14.99	15.08	2190063	34298096.00
2013/12/23	15.09	15.19	14.45	14.83	1354558	20776754.00
2013/12/24	15.02	15.36	14.94	15.18	1750833	27446088.00
2013/12/25	15.37	15.77	15.36	15.73	2943830	47450160.00
2013/12/26	15.92	16.14	15.42	15.42	2809187	45584424.00
2013/12/27	15.34	15.94	15.34	15.69	2360347	38375256.00
2013/12/30	15.74	16.13	15.69	15.97	2127233	34982128.00
2013/12/31	15.98	16.17	15.69	15.80	1704958	27976104.00
2014/01/02	15.73	16.09	15.70	16.05	2599795	42759268.00
2014/01/03	16.14	16.43	15.92	16.23	3519706	58694844.00
2014/01/06	16.30	16.64	16.12	16.24	6192456	104823080.00
2014/01/07	16.12	17.14	15.59	16.93	7053586	119594992.00
2014/01/08	16.97	17.67	16.84	16.98	5433252	96440784.00
2014/01/09	16.92	17.47	16.75	16.75	4049675	71135152.00
2014/01/10	16.70	16.70	16.02	16.11	2675071	45037664.00
2014/01/13	16.24	16.36	15.79	15.89	1878400	31192134.00
2014/01/14	15.90	16.70	15.80	16.69	2623945	44336808.00
2014/01/15	16.69	17.38	16.54	17.15	4717967	82737504.00
2014/01/16	17.27	17.39	16.78	16.84	2808574	49159152.00
2014/01/17	16.66	16.95	16.49	16.51	2232545	38418112.00
2014/01/20	16.56	17.68	16.53	16.94	5185164	91408112.00
2014/01/21	16.82	17.26	16.66	17.15	4517464	79383952.00
2014/01/22	17.13	17.71	16.99	17.50	4756719	85616344.00
2014/01/23	17.57	17.79	17.37	17.69	4012302	72626744.00
2014/01/24	17.68	17.89	17.54	17.78	3878415	70840632.00
2014/01/27	17.37	17.56	16.74	17.10	6551688	115649664.00
2014/01/28	17.11	17.32	16.70	17.32	3435087	60216132.00
2014/01/29	17.32	17.43	17.11	17.24	2551209	45254260.00
2014/01/30	17.15	18.37	17.15	18.00	5442329	99968712.00
2014/02/07	17.64	18.93	17.64	18.81	4807928	91463816.00
2014/02/10	18.81	19.40	18.49	19.06	7474155	145591616.00
2014/02/11	18.99	19.42	18.39	18.68	5695967	110621080.00
2014/02/12	18.99	19.72	18.99	19.35	4787368	95070104.00
2014/02/13	19.69	19.89	18.22	18.24	7157194	139786624.00
2014/02/14	18.24	18.72	18.16	18.65	3689716	70091120.00
2014/02/17	18.69	19.89	18.66	19.62	6733642	134039776.00
2014/02/18	19.63	19.68	19.05	19.45	5029104	99537712.00
2014/02/19	19.37	20.49	19.22	20.32	6619374	136668160.00
2014/02/20	20.33	20.33	19.21	19.65	4221200	85303608.00
2014/02/21	19.79	19.83	19.19	19.51	3337199	66609384.00
2014/02/24	19.74	20.39	19.26	19.99	4759759	96928992.00
2014/02/25	20.04	20.21	17.94	18.16	6508831	127737664.00
2014/02/26	17.88	18.19	17.14	17.92	3349374	60884024.00
2014/02/27	18.04	18.28	17.12	17.27	3980640	72394880.00
2014/02/28	17.20	17.62	16.91	17.59	2637450	46912704.00
2014/03/03	17.59	18.71	17.39	18.65	4897437	91489072.00
2014/03/04	18.49	18.51	17.98	18.22	2852193	53439024.00
2014/03/05	18.48	18.63	18.10	18.26	3159855	59512344.00
2014/03/06	18.12	18.25	17.47	17.89	2222068	40602224.00
2014/03/07	17.99	18.04	17.60	17.86	1455142	26723150.00
2014/03/10	17.84	18.24	17.31	17.31	2386744	43674744.00
2014/03/11	17.33	17.49	16.29	16.61	2966762	51645736.00
2014/03/12	16.66	16.66	15.84	16.21	2754688	46217192.00
2014/03/13	16.24	16.51	16.24	16.42	2354172	39714340.00
2014/03/14	16.29	16.41	16.05	16.24	1491669	24943118.00
2014/03/17	16.24	16.74	16.13	16.72	1971641	33720816.00
2014/03/18	16.79	17.19	16.70	16.94	2522145	43892404.00
2014/03/19	16.90	16.99	16.59	16.94	1599459	27635976.00
2014/03/20	16.94	16.97	15.73	15.80	2390174	40333908.00
2014/03/21	15.84	15.94	14.99	15.73	6737824	107156824.00
2014/03/24	15.59	15.64	15.30	15.52	2559765	40912272.00
2014/03/25	15.48	15.79	15.34	15.71	1910832	30875816.00
2014/03/26	15.69	16.05	15.64	15.97	1941723	31854024.00
2014/03/27	15.99	16.08	15.32	15.32	3222445	51820880.00
2014/03/28	15.21	15.44	14.70	14.83	2763036	42739072.00
2014/03/31	14.75	15.02	14.71	14.82	1756142	27033086.00
2014/04/01	14.77	15.02	14.77	14.94	1964169	30271532.00
2014/04/02	14.84	15.00	14.49	14.58	2268580	34529516.00
2014/04/03	14.63	15.06	14.46	14.97	2671259	41026116.00
2014/04/04	15.01	15.10	14.77	15.04	4638537	71470264.00
2014/04/08	14.85	15.26	14.71	15.11	2363398	36603532.00
2014/04/09	15.14	15.46	15.14	15.25	2743102	43463964.00
2014/04/10	15.38	15.38	15.02	15.04	3519525	55304420.00
2014/04/11	14.87	14.99	14.75	14.90	1919793	29528028.00
2014/04/14	15.03	15.32	15.01	15.22	3081247	48239536.00
2014/04/15	15.13	15.17	14.79	14.86	4001713	61812864.00
2014/04/16	14.70	14.70	14.05	14.28	11731831	172940032.00
2014/04/17	14.07	14.28	14.01	14.10	7582637	111129064.00
2014/04/18	14.19	14.19	13.91	13.99	7600512	110689952.00
2014/04/21	13.89	14.04	13.50	13.50	7744324	111161192.00
2014/04/22	13.46	14.06	13.45	14.05	12691791	180875088.00
2014/04/23	13.85	14.09	13.65	13.83	5811687	83676456.00
2014/04/24	13.86	13.86	13.25	13.47	6602303	92751656.00
2014/04/25	13.48	13.68	13.29	13.34	4958168	69453480.00
2014/04/28	13.29	13.37	12.97	12.97	3933286	53535128.00
2014/04/29	12.93	13.28	12.93	13.21	3975288	54325860.00
2014/04/30	13.20	13.37	12.99	13.19	5462779	74765216.00
2014/05/05	13.16	13.37	13.06	13.32	3709190	51095072.00
2014/05/06	13.44	13.54	13.26	13.35	5569990	77526872.00
2014/05/07	13.29	13.29	12.83	12.83	3898977	52969548.00
2014/05/08	12.75	13.09	12.69	12.92	3270687	43928672.00
2014/05/09	13.00	13.47	12.82	13.18	6033816	82631496.00
2014/05/12	13.32	13.63	13.22	13.55	5915803	82667104.00
2014/05/13	13.55	13.57	13.31	13.45	3261831	45394516.00
2014/05/14	13.27	13.56	13.27	13.41	3264600	45569960.00
2014/05/15	13.38	13.54	13.11	13.14	4023281	55738528.00
2014/05/16	13.11	13.39	12.99	13.35	2889567	39719860.00
2014/05/19	13.23	13.66	13.23	13.61	3794784	53269004.00
2014/05/20	13.69	13.92	13.54	13.61	4455131	63466740.00
2014/05/21	13.61	14.29	13.39	14.14	9250834	133630632.00
2014/05/22	14.22	14.54	13.85	13.89	11206819	164729856.00
2014/05/23	13.84	14.02	13.64	13.95	7609449	108838360.00
2014/05/26	13.92	14.27	13.89	14.18	4150693	60659328.00
2014/05/27	14.11	14.21	13.79	13.87	4207213	61018696.00
2014/05/28	13.88	14.59	13.87	14.44	16085980	237657632.00
2014/05/29	14.44	14.44	14.09	14.09	4356714	64251472.00
2014/05/30	14.10	14.33	13.49	14.11	8712053	127276248.00
2014/06/03	13.91	14.11	13.89	13.91	5311256	77069344.00
2014/06/04	13.99	14.57	13.75	14.46	12414266	183928368.00
2014/06/05	14.39	14.84	14.05	14.74	10870942	163292784.00
2014/06/06	14.70	15.02	14.47	14.73	7433705	113810592.00
2014/06/09	14.64	14.84	14.49	14.59	4295970	64948036.00
2014/06/10	14.51	14.76	14.24	14.66	6086162	91781944.00
2014/06/11	14.66	15.17	14.54	14.88	7617092	117886600.00
2014/06/12	14.79	15.03	14.66	14.81	3195990	49218960.00
2014/06/13	14.81	14.89	14.57	14.73	6884166	104798808.00
2014/06/16	14.70	15.29	14.67	15.18	8438732	131673552.00
2014/06/17	15.32	15.32	14.91	14.93	5305225	82695016.00
2014/06/18	14.94	15.16	14.87	14.92	3501727	54430848.00
2014/06/19	14.79	14.89	13.94	14.39	6302204	94232008.00
2014/06/20	14.38	14.59	14.20	14.34	3398417	50564748.00
2014/06/23	14.33	14.96	14.26	14.85	4118675	62570556.00
2014/06/24	14.85	15.32	14.75	15.25	6169153	96301920.00
2014/06/25	15.30	15.38	14.91	15.03	3951829	61533256.00
2014/06/26	15.14	15.37	15.07	15.22	5118732	80542816.00
2014/06/27	15.18	15.47	15.15	15.27	4517423	71204136.00
2014/06/30	15.35	15.57	15.00	15.43	7845001	124440376.00
2014/07/01	15.32	15.45	14.99	15.22	6968935	108706744.00
2014/07/02	15.23	15.78	14.99	15.54	10966805	174104416.00
2014/07/03	15.53	15.76	15.37	15.54	5838512	93349888.00
2014/07/04	15.68	15.75	15.33	15.38	6574182	104931912.00
2014/07/07	15.54	15.54	14.94	15.09	6144347	95915776.00
2014/07/08	15.03	15.30	14.53	15.26	8550665	131066720.00
2014/07/09	15.10	15.18	14.65	14.65	5718030	88196632.00
2014/07/10	14.61	14.85	14.56	14.67	2848651	43272884.00
2014/07/11	14.68	15.08	14.68	14.96	4288208	66053024.00
2014/07/14	14.93	15.15	14.69	15.02	4182176	64219372.00
2014/07/15	15.02	15.05	14.58	14.70	3768523	57692120.00
2014/07/16	14.69	14.81	14.59	14.67	2848561	43199772.00
2014/07/17	14.68	14.89	14.43	14.76	3726751	56480164.00
2014/07/18	14.76	15.11	14.76	14.98	5202506	80455272.00
2014/07/21	14.89	14.94	14.57	14.68	2470977	37499580.00
2014/07/22	14.68	14.96	14.61	14.82	3338557	51047448.00
2014/07/23	14.79	14.88	14.31	14.42	3956570	59329096.00
2014/07/24	14.42	14.42	13.71	13.78	6028286	86765840.00
2014/07/25	13.88	14.03	13.83	13.98	3273780	47144732.00
2014/07/28	13.98	14.38	13.98	14.34	3218403	47174228.00
2014/07/29	14.32	14.58	14.25	14.42	3465171	51567356.00
2014/07/30	14.48	14.76	14.43	14.53	6423176	96706472.00
2014/07/31	14.60	14.67	14.38	14.58	3173047	47502116.00
2014/08/01	14.52	14.58	14.16	14.25	4729801	70274648.00
2014/08/04	14.33	14.97	14.33	14.95	8464927	128924528.00
2014/08/05	14.90	15.15	14.71	15.03	7448816	115121840.00
2014/08/06	14.98	15.18	14.83	15.09	5772813	89560824.00
2014/08/07	15.13	15.37	14.93	14.97	6668453	104484848.00
2014/08/08	14.91	15.16	14.71	15.11	5389082	83287032.00
2014/08/11	15.11	15.47	14.97	15.41	6504976	102528112.00
2014/08/12	15.47	15.63	15.34	15.46	5225081	83480960.00
2014/08/13	15.46	16.16	15.46	16.00	11504293	188069632.00
2014/08/14	15.96	16.58	15.81	16.08	7225316	121402600.00
2014/08/15	16.16	16.31	15.83	16.21	4307035	71149368.00
2014/08/18	16.25	16.38	16.02	16.12	5662224	94161976.00
2014/08/19	16.05	16.28	15.93	16.16	4745508	78679752.00
2014/08/20	16.11	16.30	15.93	16.18	4965893	82547728.00
2014/08/21	16.19	16.79	16.17	16.62	6759860	114366304.00
2014/08/22	16.77	17.45	16.68	16.86	10012087	175763248.00
2014/08/25	16.83	16.83	16.22	16.26	5117708	86703000.00
2014/08/26	16.26	16.53	15.91	16.10	4648673	77316848.00
2014/08/27	16.13	16.82	16.10	16.46	4892922	82928016.00
2014/08/28	16.50	16.71	16.13	16.42	4670700	79122848.00
2014/08/29	16.28	16.61	16.28	16.53	3146918	53381300.00
2014/09/01	16.49	16.72	16.23	16.66	8710647	147200304.00
2014/09/02	16.66	16.99	16.60	16.86	5751939	99466832.00
2014/09/03	16.86	17.09	16.46	16.76	5140274	88708088.00
2014/09/04	16.73	16.93	16.27	16.68	7066529	120260280.00
2014/09/05	16.61	16.83	16.41	16.69	6963429	118702640.00
2014/09/09	16.69	17.51	16.62	17.43	11003097	193114848.00
2014/09/10	17.50	17.68	17.25	17.41	5789273	103832056.00
2014/09/11	17.08	17.28	16.43	16.56	12444194	216161520.00
2014/09/12	16.59	17.23	16.53	16.64	16040097	276455488.00
2014/09/15	16.68	17.28	16.61	17.28	14354326	248883792.00
2014/09/16	17.75	18.26	17.17	17.29	20476016	375051008.00
2014/09/17	17.25	18.47	16.83	18.39	13329866	243347040.00
2014/09/18	18.30	18.64	18.10	18.49	8814367	166396944.00
2014/09/19	18.64	18.77	18.06	18.24	4787294	89763992.00
2014/09/22	18.18	18.18	17.71	17.85	5800921	106639776.00
2014/09/23	17.91	18.20	17.74	18.12	4252279	78282112.00
2014/09/24	17.99	18.58	17.90	18.39	4254544	80073608.00
2014/09/25	18.43	18.56	17.67	17.78	7891673	146391216.00
2014/09/26	17.77	17.90	17.34	17.51	5378129	97118688.00
2014/09/29	17.57	17.87	17.53	17.85	6141920	111627664.00
2014/09/30	17.83	18.42	17.68	18.16	5859012	108284088.00
2014/10/08	18.16	18.65	18.13	18.58	5148859	97408368.00
2014/10/09	18.58	19.05	18.44	18.66	6700877	128740360.00
2014/10/10	18.72	19.20	18.65	19.01	7105396	137809344.00
2014/10/13	18.99	19.29	18.65	19.08	7124117	138360000.00
2014/10/14	18.94	19.74	18.91	18.92	6795586	134657296.00
2014/10/15	18.92	19.13	18.52	19.03	5952983	114389608.00
2014/10/16	18.91	18.91	18.49	18.49	8910193	170346000.00
2014/10/17	18.31	18.46	17.39	17.61	11108323	202505376.00
2014/10/20	17.61	18.45	17.61	18.31	7894818	147415856.00
2014/10/21	18.38	19.41	18.35	19.12	17522438	341815776.00
2014/10/22	19.13	19.96	18.94	19.44	16169338	324717952.00
2014/10/23	19.44	19.98	19.05	19.43	10175463	203536000.00
2014/10/24	19.23	20.53	19.23	20.26	10327018	213259440.00
2014/10/27	20.21	22.23	20.21	21.05	12160585	264065872.00
2014/10/28	21.04	21.47	20.53	21.39	7077098	152538496.00
2014/10/29	21.20	21.59	21.03	21.23	8055877	175226208.00
2014/10/30	21.27	21.69	21.07	21.31	5699891	124469688.00
2014/10/31	21.32	21.39	20.10	20.55	7827629	164811872.00
2014/11/03	20.46	21.68	20.44	21.62	6439365	137352592.00
2014/11/04	21.48	22.62	21.43	22.02	6878164	156174400.00
2014/11/05	21.99	22.33	21.68	22.19	3404950	76449400.00
2014/11/06	22.20	22.32	21.40	21.96	4922250	109806408.00
2014/11/07	22.03	22.18	20.66	20.67	7385410	160818128.00
2014/11/10	20.66	21.23	20.52	20.78	4825638	102675352.00
2014/11/11	20.66	20.77	19.42	19.55	8205886	166891200.00
2014/11/12	19.60	20.21	19.11	20.03	5099466	102219808.00
2014/11/13	19.81	20.00	19.35	19.71	3473619	69753464.00
2014/11/14	19.71	20.67	19.54	20.24	5513901	114036120.00
2014/11/17	20.20	20.72	19.74	20.12	3381172	70145752.00
2014/11/18	19.96	20.18	19.52	19.63	3546677	71704672.00
2014/11/19	19.63	19.88	19.43	19.53	4717805	94904600.00
2014/11/20	19.52	19.52	19.03	19.46	3654567	72061128.00
2014/11/21	19.41	19.86	19.34	19.58	3405096	68288408.00
2014/11/24	20.03	20.05	19.38	19.53	6240079	125265000.00
2014/11/25	19.56	20.05	19.55	19.73	7561418	153598768.00
2014/11/26	19.76	21.74	19.76	21.64	12574514	268736032.00
2014/11/27	21.83	21.93	21.03	21.30	7226078	157714048.00
2014/11/28	21.42	21.42	20.56	20.81	6468914	138327456.00
2014/12/01	20.86	20.86	19.49	19.69	7355648	149970720.00
2014/12/02	19.58	20.70	19.58	20.03	8103380	166813760.00
2014/12/03	19.73	19.91	18.58	19.83	13541955	266144096.00
2014/12/04	19.73	20.51	19.53	20.04	8702326	179475056.00
2014/12/05	20.03	20.04	18.93	18.99	9368628	185730240.00
2014/12/08	18.80	19.53	18.24	19.13	9727978	187459312.00
2014/12/09	18.91	19.42	17.83	18.53	7958995	153098560.00
2014/12/10	18.56	20.13	18.55	19.72	8054379	161126176.00
2014/12/11	20.02	20.69	19.74	20.12	7631098	158037376.00
2014/12/12	20.23	20.63	19.53	20.31	11354065	234688256.00
2014/12/15	20.31	21.03	20.12	20.58	6526684	137830800.00
2014/12/16	20.92	21.26	20.43	20.56	5786995	123361992.00
2014/12/17	20.36	20.65	19.75	19.96	4116001	84815896.00
2014/12/18	19.96	21.03	19.75	20.45	8554236	180500912.00
2014/12/19	20.31	20.69	19.23	19.63	7132647	143793136.00
2014/12/22	19.73	19.83	17.71	18.61	9399019	178864944.00
2014/12/23	18.53	19.10	17.66	17.83	4975106	93445800.00
2014/12/24	18.12	18.95	17.93	18.65	5057209	96517800.00
2014/12/25	19.53	19.53	18.54	18.80	4745551	91692080.00
2014/12/26	18.95	19.03	18.60	18.73	3374997	64940016.00
2014/12/29	18.77	18.98	18.01	18.19	4993177	93732288.00
2014/12/30	18.09	18.30	17.63	18.23	3397789	62559024.00
2014/12/31	18.23	18.86	17.93	18.71	5635010	106846704.00
2015/01/05	18.72	18.83	17.96	18.31	7713236	144888592.00
2015/01/06	18.24	19.32	18.11	19.22	7605920	145942016.00
2015/01/07	19.03	19.16	18.61	18.71	4392131	84853288.00
2015/01/08	18.73	19.13	18.45	18.96	6013762	116078472.00
2015/01/09	18.90	19.74	18.66	19.07	8167279	162021712.00
2015/01/12	19.11	19.53	18.99	19.46	3570958	70542000.00
2015/01/13	19.52	19.71	19.08	19.32	3588689	71270952.00
2015/01/14	19.33	19.51	18.47	18.76	4815542	92851656.00
2015/01/15	18.80	18.93	18.43	18.53	5256422	100551152.00
2015/01/16	18.53	18.87	18.33	18.79	5964183	114108448.00
2015/01/19	18.26	18.83	17.84	18.29	6274438	118827888.00
2015/01/20	18.39	19.52	18.21	19.43	9422225	183738976.00
2015/01/21	19.59	21.03	19.59	20.08	8588801	176980432.00
2015/01/22	20.41	20.62	19.78	20.35	6066037	125983784.00
2015/01/23	20.08	20.35	19.80	20.09	4807280	98510832.00
2015/01/26	20.03	20.66	19.94	20.53	5112037	106655512.00
2015/01/27	20.53	20.97	20.03	20.76	6124551	128731520.00
2015/01/28	20.53	20.82	20.21	20.49	4232375	89008424.00
2015/01/29	20.49	20.93	20.12	20.13	3757992	78503320.00
2015/01/30	20.14	20.91	20.14	20.66	6964015	147003040.00
2015/02/02	20.66	21.53	20.48	21.33	7103620	153042576.00
2015/02/03	21.13	21.77	21.11	21.34	6282177	137949104.00
2015/02/04	21.20	21.68	21.14	21.59	4535782	99634512.00
2015/02/05	21.62	22.23	21.38	21.78	5761673	128922584.00
2015/02/06	21.78	22.02	20.29	20.48	6741503	144281840.00
2015/02/09	20.23	20.82	19.41	19.53	5281935	107759288.00
2015/02/10	19.88	21.53	19.71	21.53	9374123	201700528.00
2015/02/11	22.22	22.22	21.36	21.75	14582556	322954304.00
2015/02/12	21.88	23.09	21.74	22.74	13995689	323248032.00
2015/02/13	22.80	23.01	22.32	22.98	11201675	259561472.00
2015/02/16	22.93	24.01	22.63	23.82	7724398	185549824.00
2015/02/17	23.36	24.70	23.36	23.77	8733358	213727808.00
2015/02/25	24.54	25.93	23.64	23.64	14366004	364030816.00
2015/02/26	24.12	25.09	23.56	24.13	11739556	291344928.00
2015/02/27	24.53	25.43	24.19	24.48	11798071	295818016.00
2015/03/02	26.98	26.98	26.98	26.98	3952328	108491400.00
2015/03/03	29.73	29.73	28.53	29.73	28883792	867204224.00
2015/03/04	29.73	30.73	28.51	29.23	26055874	779668992.00
2015/03/05	29.13	30.41	28.14	29.27	23606648	707761280.00
2015/03/06	28.91	29.25	27.03	27.55	14771597	420289312.00
2015/03/09	27.61	28.53	27.43	28.51	9834822	280201568.00
2015/03/10	28.33	28.53	27.83	27.98	7391855	211072992.00
2015/03/11	28.05	28.18	26.68	26.96	9149398	252795648.00
2015/03/12	27.14	27.32	25.53	26.01	9907323	265760832.00
2015/03/13	26.33	26.97	26.01	26.73	9040889	242594336.00
2015/03/16	27.67	27.83	27.20	27.66	12906133	361002464.00
2015/03/17	27.93	27.93	27.13	27.32	10357810	290136640.00
2015/03/18	27.36	29.26	27.14	28.77	15880257	458327552.00
2015/03/19	28.83	28.83	27.88	28.54	10266404	295516000.00
2015/03/20	28.35	28.71	27.95	28.17	7984980	229270192.00
2015/03/23	28.53	28.73	28.02	28.27	12206827	351245408.00
2015/03/24	28.53	28.59	26.54	27.88	14903010	419366592.00
2015/03/25	27.54	28.18	26.98	27.53	10564910	296551744.00
2015/03/26	27.33	27.33	26.49	26.59	9383831	256442880.00
2015/03/27	26.53	27.38	26.53	27.21	7253422	199692896.00
2015/03/30	27.50	27.50	26.60	26.89	7984961	218788352.00
2015/03/31	26.93	28.67	26.93	28.32	17263967	491586304.00
2015/04/01	28.34	29.41	27.89	29.22	16906801	493562528.00
2015/04/02	30.13	32.13	29.76	30.99	20545653	646414464.00
2015/04/03	31.06	33.93	31.06	32.51	14221816	468124928.00
2015/04/07	32.33	33.05	31.63	32.12	10149339	331180608.00
2015/04/08	32.54	32.79	29.33	30.45	12768572	402855872.00
2015/04/09	30.71	30.71	28.03	29.86	13418197	397606144.00
2015/04/10	28.72	31.45	28.63	31.13	21848291	670045312.00
2015/04/13	31.13	33.53	30.27	33.28	20390282	663310656.00
2015/04/14	33.03	36.13	32.83	33.91	18400457	644428288.00
2015/04/15	33.93	35.52	32.29	33.33	15032137	517482688.00
2015/04/16	33.01	36.52	32.59	34.93	14584066	516082048.00
2015/04/17	35.93	38.47	35.03	37.21	16985365	644286720.00
2015/08/12	33.45	33.45	33.45	33.45	618300	20948004.00
2015/08/13	30.06	30.06	30.06	30.06	1745500	53220296.00
2015/08/14	30.06	32.05	30.06	30.53	43629242	1361613440.00
2015/08/17	29.63	30.87	27.85	29.87	33916191	1009382464.00
2015/08/18	29.76	29.79	26.87	27.99	23869499	693693632.00
2015/08/19	27.47	29.47	27.02	29.26	17282418	494594688.00
2015/08/20	28.68	29.91	28.47	28.56	11581061	342045184.00
2015/08/21	28.07	28.89	25.66	25.66	17383006	472241184.00
2015/08/24	23.57	24.67	23.05	23.05	19320922	464553472.00
2015/08/25	22.02	24.15	21.79	22.11	19336999	451551968.00
2015/08/26	23.05	24.02	22.17	22.97	12628359	298029376.00
2015/08/27	23.12	24.95	23.12	24.77	12226351	297775776.00
2015/08/28	25.27	26.74	24.39	26.36	11646670	301299488.00
2015/08/31	25.67	27.70	24.57	25.18	13673066	360603392.00
2015/09/01	25.07	25.18	22.62	22.62	12609705	297634144.00
2015/09/02	20.33	23.01	20.32	21.16	11368683	247377664.00
2015/09/07	21.47	22.83	20.57	22.27	10916895	245261760.00
2015/09/08	22.21	24.13	21.48	23.57	5938200	136784976.00
2015/09/09	23.77	24.55	23.49	23.77	7130195	174835904.00
2015/09/10	23.66	23.96	23.07	23.15	4171888	99802616.00
2015/09/11	23.45	23.77	23.05	23.46	4539811	108765112.00
2015/09/14	23.69	24.11	21.12	21.39	8322021	188634896.00
2015/09/15	21.13	21.18	19.45	19.45	5477385	114466864.00
2015/09/16	19.69	21.37	17.97	20.79	11991717	240159824.00
2015/09/17	20.40	22.91	19.90	21.92	12246424	268789728.00
2015/09/18	21.57	22.54	21.28	22.15	5799535	128940664.00
2015/09/21	21.70	23.55	21.40	23.18	7866950	181708848.00
2015/09/22	23.25	23.70	22.75	23.14	4254656	100063280.00
2015/09/23	22.87	22.97	21.92	22.43	5788454	132367704.00
2015/09/24	22.47	22.77	22.01	22.51	4946064	112492976.00
2015/09/25	22.18	24.05	21.87	23.43	10856973	255287152.00
2015/09/28	23.13	24.65	22.21	24.37	8920284	215092048.00
2015/09/29	23.65	24.15	23.17	23.29	6273733	151156928.00
2015/09/30	23.65	23.86	22.68	23.62	5171011	123480648.00
2015/10/08	24.55	25.21	23.67	24.62	5217306	130948720.00
2015/10/09	24.39	24.95	24.03	24.44	8126210	201863232.00
2015/10/12	24.62	26.37	24.37	26.02	12067031	312926464.00
2015/10/13	25.57	26.52	25.37	25.97	6045397	159721600.00
2015/10/14	25.72	25.92	24.90	24.92	5954575	153119632.00
2015/10/15	24.73	26.52	24.73	26.52	6826898	180010304.00
2015/10/16	26.57	27.26	26.23	26.98	7007414	190998448.00
2015/10/19	27.53	29.72	27.47	27.99	11184202	320564000.00
2015/10/20	28.17	29.52	27.78	28.18	10431204	301941728.00
2015/10/21	28.34	29.03	25.32	26.11	11737448	325657952.00
2015/10/22	26.39	28.76	26.04	28.76	12094981	334769600.00
2015/10/23	29.55	31.07	28.61	30.64	13729746	413254464.00
2015/10/26	31.47	33.22	31.18	31.99	17614938	572919872.00
2015/10/27	31.27	31.72	29.79	30.87	11752573	366253568.00
2015/10/28	31.32	32.87	29.13	29.56	15158608	473972768.00
2015/10/29	30.07	31.03	28.72	30.27	12301712	371553408.00
2015/10/30	30.09	33.07	29.57	32.11	12306548	395792992.00
2015/11/02	31.25	34.58	30.93	32.17	14162061	473975712.00
2015/11/03	31.96	33.22	31.87	32.74	11195550	368958752.00
2015/11/04	32.75	34.63	32.17	34.45	11304882	385074592.00
2015/11/05	34.39	35.75	33.67	34.37	11512941	403896832.00
2015/11/06	34.22	35.41	33.59	34.37	8524898	299536352.00
2015/11/09	34.24	37.85	32.47	35.76	15705342	547245568.00
2015/11/10	35.35	37.05	34.32	35.68	10897001	392924960.00
2015/11/11	35.68	35.87	34.76	35.58	9291590	332170208.00
2015/11/12	35.54	35.80	33.96	35.02	11507694	404526336.00
2015/11/13	34.75	34.75	32.65	33.27	9284522	316023424.00
2015/11/16	32.62	34.72	32.45	34.66	8173990	279730048.00
2015/11/17	35.07	35.54	33.25	33.33	10450219	365630976.00
2015/11/18	33.57	33.84	31.57	31.97	8637041	285743616.00
2015/11/19	32.17	33.34	31.87	33.27	8145866	269636416.00
2015/11/20	33.47	35.04	33.18	34.20	10021939	347081120.00
2015/11/23	34.20	35.60	33.91	34.17	9612667	338174176.00
2015/11/24	34.44	36.45	33.17	36.45	12630932	441347296.00
2015/11/25	36.16	39.54	35.78	38.44	13890078	531740320.00
2015/11/26	38.56	38.56	37.03	37.31	8518019	324381728.00
2015/11/27	37.35	38.07	33.80	34.56	12777844	470157248.00
2015/11/30	35.16	35.67	33.17	35.27	11395658	399731968.00
2015/12/01	35.27	35.83	33.45	33.81	9601812	338898304.00
2015/12/02	33.82	34.12	30.39	32.42	13763088	445934720.00
2015/12/03	32.27	33.77	31.99	33.23	12311732	410454720.00
2015/12/04	32.97	35.22	32.82	34.67	14183259	494682400.00
2015/12/07	34.95	36.23	34.45	36.23	11819832	422500256.00
2015/12/08	36.91	37.58	35.87	36.67	15290985	569986624.00
2015/12/09	36.07	37.07	34.47	36.57	11955295	428558208.00
2015/12/10	35.97	36.31	35.07	35.50	9096121	327346144.00
2015/12/11	35.74	37.01	35.19	36.19	9932049	364411616.00
2015/12/14	35.77	35.87	32.53	34.83	19269456	657944640.00
2015/12/15	34.17	36.56	34.17	36.45	9659596	345010912.00
2015/12/16	36.57	37.17	35.77	36.57	13874929	512175968.00
2015/12/17	36.69	39.26	36.37	38.48	16405473	623596864.00
2015/12/18	38.06	38.76	36.07	37.60	17020579	645550144.00
2015/12/21	37.37	37.57	36.27	37.01	9137799	340243616.00
2015/12/22	37.56	37.56	36.43	36.92	7302077	272700832.00
2015/12/23	36.70	38.35	35.87	35.87	10881502	408890880.00
2015/12/24	35.62	35.86	34.42	35.48	8981152	318760352.00
2015/12/25	35.48	36.87	35.37	36.15	9084362	332766272.00
2015/12/28	36.57	36.82	33.58	33.65	13245412	469445376.00
2015/12/29	33.80	34.43	33.47	34.35	6734046	231061072.00
2015/12/30	34.35	35.32	34.05	34.32	10145259	356052064.00
2015/12/31	34.58	34.76	33.23	33.86	7142433	245449104.00
2016/01/04	33.77	33.95	30.46	30.53	6277821	203391520.00
2016/01/05	28.95	30.50	28.07	29.45	10132704	302682848.00
2016/01/06	29.55	30.41	28.92	29.87	6754633	203356816.00
2016/01/07	29.07	29.27	26.84	26.84	2534186	71018272.00
2016/01/08	27.60	28.97	26.10	28.37	12959780	364165632.00
2016/01/11	27.55	29.27	26.67	26.98	12560569	355543136.00
2016/01/12	27.22	28.52	26.98	28.08	8179486	231261808.00
2016/01/13	27.87	29.05	27.25	27.27	8474930	244037632.00
2016/01/14	26.47	29.07	25.62	28.87	11556675	321453856.00
2016/01/15	28.43	28.77	26.23	27.07	8403473	237425856.00
2016/01/18	26.22	28.15	26.17	27.32	10662033	297867104.00
2016/01/19	27.27	28.76	26.99	28.53	9465606	270467392.00
2016/01/20	28.27	28.76	27.95	27.97	5796459	166595568.00
2016/01/21	27.57	28.45	26.07	26.28	7295361	204056896.00
2016/01/22	26.88	27.22	26.29	27.14	6217244	169378032.00
2016/01/25	27.52	27.73	26.87	27.11	5850595	162264288.00
2016/01/26	26.67	27.07	24.46	24.73	7189533	187013232.00
2016/01/27	24.67	25.07	22.78	23.97	12943947	311121216.00
2016/01/28	23.74	24.82	23.38	23.84	7863735	194527376.00
2016/01/29	23.84	25.46	23.59	25.07	5467223	137008624.00
2016/02/01	25.02	25.86	24.77	25.28	6371195	165252784.00
2016/02/02	25.27	26.37	25.23	26.27	6139772	162689872.00
2016/02/03	25.68	26.68	25.68	26.57	4870856	129296840.00
2016/02/04	26.74	27.23	26.49	26.72	6488892	176705072.00
2016/02/05	26.67	27.67	26.49	26.95	5027827	138915840.00
2016/02/15	26.10	27.09	25.95	26.82	3323797	89904688.00
2016/02/16	26.98	28.56	26.98	28.45	7518356	214545136.00
2016/02/17	28.45	28.53	27.77	28.20	4853797	138639728.00
2016/02/18	28.37	28.55	27.27	27.67	9840397	276172288.00
2016/02/19	27.56	27.73	26.98	27.27	7825788	216900816.00
2016/02/22	27.56	27.70	26.85	27.41	13914932	385176512.00
2016/02/23	27.58	27.66	26.07	26.41	10784146	293900576.00
2016/02/24	26.30	26.56	25.11	25.77	13230136	346307968.00
2016/02/25	25.72	25.75	23.15	23.17	16881040	415088768.00
2016/02/26	23.37	23.73	22.98	23.41	15305666	363857792.00
2016/02/29	23.44	23.44	21.15	22.04	12467573	280649376.00
2016/03/01	22.07	22.97	21.65	22.65	7130987	162093104.00
2016/03/02	22.96	24.96	22.82	24.79	17958716	436427680.00
2016/03/03	24.72	25.03	24.28	24.52	13077429	328181696.00
2016/03/04	24.18	24.71	22.58	22.92	9276329	223286304.00
2016/03/07	23.77	24.33	22.92	23.10	8588321	206220752.00
2016/03/08	23.08	23.63	21.57	23.39	8623965	200637824.00
2016/03/09	22.91	23.84	22.57	23.33	6725367	160577728.00
2016/03/10	23.43	23.66	22.50	22.63	5205332	122658072.00
2016/03/11	22.18	23.12	22.18	22.88	4949576	114773904.00
2016/03/14	23.53	24.73	23.27	24.07	7824371	192211664.00
2016/03/15	24.32	24.56	23.87	23.89	4872252	120198776.00
2016/03/16	24.37	24.37	23.38	23.59	5092035	123712304.00
2016/03/17	23.87	25.22	23.56	25.13	10613529	264523808.00
2016/03/18	25.37	26.64	25.27	26.29	11377108	301578368.00
2016/03/21	26.87	27.03	25.98	26.39	13512668	364951040.00
2016/03/22	26.28	26.86	25.96	26.40	7497487	201703040.00
2016/03/23	26.30	26.75	25.78	26.52	5950448	158778768.00
2016/03/24	26.42	26.42	25.82	25.88	5897676	156533184.00
2016/03/25	25.76	26.05	25.46	25.93	6035329	158184544.00
2016/03/28	26.11	26.56	25.27	25.31	8461301	223894768.00
2016/03/29	25.56	25.56	24.27	24.39	8439262	212385024.00
2016/03/30	24.57	25.75	24.57	25.62	6958357	177564944.00
2016/03/31	25.72	25.86	25.35	25.77	6330704	164844992.00
2016/04/01	25.57	26.47	25.50	26.15	10207317	270144352.00
2016/04/05	26.15	27.57	25.89	27.27	9937114	271642400.00
2016/04/06	27.22	27.83	26.87	27.47	7433862	206781216.00
2016/04/07	27.48	27.67	26.74	26.87	5910010	163116064.00
2016/04/08	26.68	27.08	26.22	26.90	6627495	178703088.00
2016/04/11	27.56	28.53	27.25	27.68	7502714	212146000.00
2016/04/12	27.71	27.72	26.36	26.72	7089758	193467088.00
2016/04/13	26.94	27.63	26.92	27.01	8232178	228397616.00
2016/04/14	27.12	27.38	26.64	27.07	5810453	159109376.00
2016/04/15	27.07	27.14	26.43	26.69	4803964	130405432.00
2016/04/18	26.42	27.18	25.92	26.70	7212904	193822784.00
2016/04/19	26.93	27.26	26.71	27.18	6068060	166737040.00
2016/04/20	27.19	27.35	25.17	25.98	8461202	223831760.00
2016/04/21	25.90	25.99	25.17	25.32	5637582	146919456.00
2016/04/22	25.10	25.52	24.72	25.45	4046028	103622464.00
2016/04/25	25.55	25.62	24.76	25.51	5349131	137009184.00
2016/04/26	25.45	25.84	24.99	25.57	4412255	114041688.00
2016/04/27	25.63	25.67	25.24	25.32	3325559	85999216.00
2016/04/28	25.47	25.52	24.28	24.82	4397163	110837984.00
2016/04/29	24.63	24.92	24.37	24.68	2463796	61836440.00
2016/05/03	24.57	25.42	24.39	25.41	5835158	148703440.00
2016/05/04	25.19	25.41	24.92	25.17	5296910	135628080.00
2016/05/05	25.07	25.07	24.51	24.95	5789829	146155680.00
2016/05/06	24.95	25.17	23.37	23.43	6587643	162902320.00
2016/05/09	23.22	23.43	22.44	22.57	7132513	166665648.00
2016/05/10	22.57	22.77	21.98	22.62	6463296	148067072.00
2016/05/11	22.73	23.13	22.56	22.65	4083661	94948024.00
2016/05/12	22.37	22.94	22.07	22.63	5666291	130406064.00
2016/05/13	22.62	22.91	21.90	21.97	4966054	113149792.00
2016/05/16	21.88	23.26	21.88	23.22	8778925	203435680.00
2016/05/17	23.07	24.12	23.07	23.46	7984193	191184400.00
2016/05/18	23.44	23.52	22.48	22.82	5136807	119730368.00
2016/05/19	22.69	23.38	22.63	22.82	4064022	95074400.00
2016/05/20	22.67	22.87	22.43	22.84	4901748	112781120.00
2016/05/23	22.86	23.39	22.85	23.22	5400481	126661568.00
2016/05/24	23.07	23.17	22.63	23.08	3482717	80832896.00
2016/05/25	23.26	23.34	22.52	22.69	3298423	76997744.00
2016/05/26	22.70	22.92	22.13	22.80	4204316	95767704.00
2016/05/27	22.61	22.95	22.52	22.78	3148607	72644664.00
2016/05/30	22.77	22.87	22.35	22.58	3928180	90242904.00
2016/05/31	22.59	23.77	22.59	23.76	7797001	184101472.00
2016/06/01	23.99	24.57	23.77	23.89	8066602	197295744.00
2016/06/02	23.78	24.62	23.77	24.49	6297779	153936400.00
2016/06/03	24.54	25.25	24.53	24.91	7176293	180964656.00
2016/06/06	24.95	25.34	24.48	24.67	5691518	143648768.00
2016/06/07	24.69	24.92	24.42	24.74	4354724	108976376.00
2016/06/08	24.72	25.03	24.55	24.80	3999813	100478336.00
2016/06/13	24.46	24.97	23.98	24.04	5319964	132291072.00
2016/06/14	23.93	24.31	23.78	24.12	3524039	85717472.00
2016/06/15	23.78	25.22	23.78	24.89	7340586	183476192.00
2016/06/16	24.76	25.14	23.96	24.11	7309235	181216480.00
2016/06/17	24.17	24.81	24.04	24.25	5069280	125256560.00
2016/06/20	24.27	24.37	23.67	24.15	5412615	131973136.00
2016/06/21	24.34	24.45	23.92	24.07	6044033	148492880.00
2016/06/22	24.06	25.60	23.97	25.58	9102503	228942272.00
2016/06/23	26.16	27.04	25.78	26.37	15069123	404893760.00
2016/06/24	26.57	26.62	25.37	26.07	11890008	313978400.00
2016/06/27	25.87	26.62	25.67	26.27	7678419	203224400.00
2016/06/28	26.03	26.06	25.37	25.88	13070836	339822944.00
2016/06/29	25.97	26.02	25.62	25.97	7850982	205141072.00
2016/06/30	25.97	26.12	25.71	26.07	6923444	181812000.00
2016/07/01	26.09	26.44	25.85	26.17	8367541	221246848.00
2016/07/04	26.42	27.54	26.33	27.30	11701446	319859744.00
2016/07/05	27.66	27.84	26.61	27.01	11696027	321492992.00
2016/07/06	27.01	27.56	26.74	27.28	8718925	238770384.00
2016/07/07	27.17	27.17	26.16	26.35	10450834	280190784.00
2016/07/08	26.18	26.53	26.11	26.39	6054530	161246304.00
2016/07/11	26.29	26.48	25.83	25.86	6523685	172963184.00
2016/07/12	25.75	26.56	25.62	26.52	7408216	195696320.00
2016/07/13	26.58	27.14	26.38	26.57	9004525	244110624.00
2016/07/14	26.62	26.75	26.16	26.28	4553581	121542776.00
2016/07/15	26.07	26.27	25.97	26.16	4890820	129317168.00
2016/07/18	26.13	26.76	25.98	26.45	6265883	167457344.00
2016/07/19	26.54	26.83	26.36	26.76	8406306	226710128.00
2016/07/20	26.78	26.82	26.37	26.41	6334006	170379632.00
2016/07/21	26.45	26.77	26.08	26.14	5752432	153919088.00
2016/07/22	26.14	26.14	25.43	25.43	9769862	253940560.00
2016/07/25	25.50	25.82	25.46	25.69	7405809	192161952.00
2016/07/26	25.61	26.14	25.57	26.11	4678915	122720816.00
2016/07/27	26.13	26.25	24.56	24.61	7735269	198080176.00
2016/07/28	24.59	25.01	24.38	24.49	5341291	133306144.00
2016/07/29	24.60	24.97	24.47	24.61	3872878	97052544.00
2016/08/01	24.67	24.84	23.97	24.57	3769637	92943616.00
2016/08/02	24.69	25.03	24.60	24.82	2440654	61486376.00
2016/08/03	24.77	24.91	24.67	24.87	2233535	56118572.00
2016/08/04	24.80	25.35	24.67	25.14	3602898	91389200.00
2016/08/05	25.25	25.72	25.13	25.44	3692714	95403912.00
2016/08/08	25.38	25.90	25.07	25.83	4471819	116241608.00
2016/08/09	25.86	26.25	25.85	26.13	4773318	126061920.00
2016/08/10	26.14	26.34	25.67	25.75	4874201	128117536.00
2016/08/11	25.67	25.82	25.07	25.12	4571018	117553944.00
2016/08/12	25.26	25.71	25.10	25.59	2881378	74020928.00
2016/08/15	25.52	26.11	25.22	25.95	6322671	165179200.00
2016/08/16	26.09	26.33	25.97	26.00	5087887	134759408.00
2016/08/17	25.97	26.93	25.93	26.68	5876812	157401392.00
2016/08/18	26.49	26.89	26.32	26.37	3316762	88977488.00
2016/08/19	26.31	26.84	26.27	26.55	2965730	79580152.00
2016/08/22	26.54	27.19	26.53	26.66	4583562	124653072.00
2016/08/23	26.69	27.07	26.50	26.85	4555488	124050528.00
2016/08/24	26.82	28.17	26.80	27.72	9613292	268609824.00
2016/08/25	27.51	28.51	27.36	27.68	9578694	270367264.00
2016/08/26	27.54	27.97	27.19	27.58	8867593	247058160.00
2016/08/29	27.60	29.82	27.60	28.75	16636549	486611872.00
2016/08/30	30.17	31.66	30.17	31.66	13555352	429225568.00
2016/08/31	30.83	30.85	29.73	30.15	24368673	745910784.00
2016/09/01	29.99	30.57	29.75	30.15	13476227	411876512.00
2016/09/02	29.76	30.17	29.00	29.00	9028723	268958336.00
2016/09/05	29.26	30.32	29.02	29.80	9290032	279814208.00
2016/09/06	29.48	32.70	29.46	32.46	14687105	459852192.00
2016/09/07	32.01	33.53	31.47	31.66	15139782	497466560.00
2016/09/08	31.35	32.05	30.77	31.49	8145840	258126016.00
2016/09/09	31.42	32.00	30.61	30.97	7327490	230681200.00
2016/09/12	30.11	31.43	29.72	30.47	7204248	224636656.00
2016/09/13	31.47	31.47	29.59	30.27	8366453	258943072.00
2016/09/14	29.96	31.25	29.78	31.05	5884840	183718624.00
2016/09/19	31.36	31.95	30.83	31.58	5479856	174463728.00
2016/09/20	31.36	32.96	31.36	32.35	9248540	303257504.00
2016/09/21	32.37	32.87	31.70	31.83	4076094	132476432.00
2016/09/22	32.17	32.60	31.48	31.92	4727158	153378400.00
2016/09/23	32.24	32.65	31.54	32.37	6017592	195300224.00
2016/09/26	32.67	32.82	31.67	32.09	7627205	250575888.00
2016/09/27	31.69	32.09	31.08	31.76	7936383	252646176.00
2016/09/28	32.06	32.06	30.38	31.07	6701776	209391216.00
2016/09/29	31.97	32.83	31.47	32.67	8476902	277317696.00
2016/09/30	32.97	32.97	31.47	32.56	8050928	260636016.00
2016/10/10	33.17	33.17	31.99	32.76	7497260	246058336.00
2016/10/11	32.67	33.26	32.47	33.13	5352381	177903584.00
2016/10/12	32.97	32.97	31.87	31.94	5266277	171896656.00
2016/10/13	31.97	33.87	31.68	33.49	8835429	293365440.00
2016/10/14	33.38	33.40	32.54	32.97	5450763	181467520.00
2016/10/17	33.33	33.47	32.42	32.48	9924055	329272480.00
2016/10/18	32.14	33.82	32.14	33.40	10485772	351327520.00
2016/10/19	33.50	35.25	33.43	34.28	10473670	363501984.00
2016/10/20	34.23	34.57	33.51	34.28	7708233	265141440.00
2016/10/21	34.47	35.36	33.67	33.91	9237001	320935968.00
2016/10/24	34.42	34.42	33.46	33.77	6330342	215577568.00
2016/10/25	33.66	33.84	32.79	33.31	7927818	266399440.00
2016/10/26	33.34	33.35	32.52	32.65	7548503	250081360.00
2016/10/27	32.76	32.77	31.52	31.88	9010647	290435040.00
2016/10/28	31.88	32.52	31.67	32.03	6919666	224685904.00
2016/10/31	31.79	32.31	31.46	31.84	3612559	116553016.00
2016/11/01	32.07	32.60	31.79	32.51	3727259	121642160.00
2016/11/02	32.33	32.63	30.84	30.95	7063703	226972064.00
2016/11/03	31.00	31.58	30.53	31.35	6061120	190636912.00
2016/11/04	31.12	31.89	30.85	30.85	6058596	192851968.00
2016/11/07	31.07	32.02	30.97	31.87	6249327	199893296.00
2016/11/08	32.04	32.30	31.78	31.89	3964221	128557096.00
2016/11/09	31.77	31.97	30.48	31.08	5133382	161760224.00
2016/11/10	31.42	31.95	31.39	31.86	4453760	142558320.00
2016/11/11	31.86	31.98	30.90	31.26	4684173	148041760.00
2016/11/14	31.03	31.49	30.52	30.78	5593198	175321040.00
2016/11/15	30.79	31.14	30.40	31.05	3589569	111797880.00
2016/11/16	31.09	31.76	30.82	31.32	5274872	167631680.00
2016/11/17	31.65	31.67	30.57	30.79	4807633	150307696.00
2016/11/18	30.85	30.96	30.20	30.35	5064782	156799888.00
2016/11/21	30.17	30.47	30.08	30.42	4201935	128545480.00
2016/11/22	30.52	30.85	30.28	30.82	3981504	123173928.00
2016/11/23	31.07	31.27	29.79	30.04	9459221	290077088.00
2016/11/24	29.95	29.96	28.97	29.32	11512644	342464768.00
2016/11/25	29.47	29.78	29.18	29.66	5762255	172168560.00
2016/11/28	29.67	30.32	29.49	30.07	7163113	216919120.00
2016/11/29	29.96	30.34	29.88	29.89	3996536	121607032.00
2016/11/30	29.95	30.55	29.87	30.39	4999382	153333312.00
2016/12/01	30.42	30.46	30.08	30.25	2392023	73062240.00
2016/12/02	30.25	30.31	29.38	29.69	5189729	155413216.00
2016/12/05	29.56	30.26	29.53	30.14	4196111	127256688.00
2016/12/06	30.12	30.66	29.98	30.33	4934681	151377264.00
2016/12/07	30.38	30.82	30.20	30.72	3641300	112441120.00
2016/12/08	30.67	30.89	30.03	30.18	4134294	127610256.00
2016/12/09	30.13	30.25	29.62	29.71	2969823	89695168.00
2016/12/12	29.79	29.93	28.57	28.66	6306120	185695920.00
2016/12/13	29.00	29.00	28.47	28.70	4788872	139073488.00
2016/12/14	28.76	28.86	28.33	28.35	3419032	98800960.00
2016/12/15	28.34	28.84	28.03	28.35	5710971	163894400.00
2016/12/16	28.45	28.75	28.09	28.59	5553670	159658864.00
2016/12/19	28.67	28.74	28.21	28.44	3107655	89543448.00
2016/12/20	28.57	28.70	28.37	28.68	2594749	75030536.00
2016/12/21	28.77	29.42	28.77	29.29	5213604	153816352.00
2016/12/22	29.29	29.52	28.90	29.27	3150131	93108768.00
2016/12/23	29.27	29.40	28.71	28.72	2629902	77203880.00
2016/12/26	28.85	30.06	28.47	30.00	7640676	226538304.00
2016/12/27	30.01	30.56	29.78	30.02	8553998	261409936.00
2016/12/28	30.17	30.24	29.51	29.62	5617109	169060704.00
2016/12/29	29.67	29.89	29.47	29.63	2865574	86018064.00
2016/12/30	29.66	30.29	29.47	30.22	5246083	158612560.00
2017/01/03	30.54	30.54	29.98	30.15	4138680	126514920.00
2017/01/04	30.24	30.25	29.52	30.21	6058024	183149424.00
2017/01/05	30.10	30.28	29.52	29.60	5999779	180169152.00
2017/01/06	29.73	29.73	28.49	28.68	9746707	284951040.00
2017/01/09	28.59	28.81	28.25	28.46	8069649	232275104.00
2017/01/10	28.55	28.78	28.46	28.67	4114972	119126168.00
2017/01/11	28.58	28.77	28.22	28.55	4264947	122797488.00
2017/01/12	28.55	28.85	28.42	28.50	2909671	84243960.00
2017/01/13	28.49	29.13	28.43	28.76	4999347	145858816.00
2017/01/16	28.64	29.04	26.68	28.70	6640902	192137008.00
2017/01/17	28.92	28.97	28.14	28.86	4042653	117369728.00
2017/01/18	28.97	29.27	28.52	29.03	2927519	85658384.00
2017/01/19	28.97	29.11	28.47	29.07	2842386	82691440.00
2017/01/20	29.16	29.95	28.99	29.79	5539267	166523520.00
2017/01/23	29.75	30.27	29.57	29.82	4611795	139260976.00
2017/01/24	29.72	29.84	29.07	29.17	4310109	127995576.00
2017/01/25	29.23	29.27	28.80	28.83	3225700	94758312.00
2017/01/26	29.05	30.55	29.05	29.95	7734619	233627504.00
2017/02/03	29.87	30.29	29.70	29.84	4023883	122146104.00
2017/02/06	29.83	30.47	29.47	30.35	8316990	252836672.00
2017/02/07	30.47	31.26	30.22	30.59	7799381	242724400.00
2017/02/08	30.59	31.26	30.38	31.06	5410736	168972576.00
2017/02/09	31.37	31.62	30.83	30.97	5940533	186891616.00
2017/02/10	30.97	31.05	30.31	30.42	7259565	224304464.00
2017/02/13	30.47	30.91	30.13	30.89	7564314	233556016.00
2017/02/14	30.82	30.88	30.41	30.51	5035096	155963344.00
2017/02/15	30.54	30.96	30.33	30.37	4290168	132865160.00
2017/02/16	30.33	30.67	30.21	30.30	3457170	106320192.00
2017/02/17	30.37	30.42	29.15	29.20	8590033	257418672.00
2017/02/20	29.27	29.54	29.03	29.26	5853463	173095504.00
2017/02/21	29.17	29.75	29.13	29.47	5170443	154251456.00
2017/02/22	29.48	29.58	29.07	29.55	5158968	152823056.00
2017/02/23	29.66	29.69	29.14	29.57	3644233	108300560.00
2017/02/24	29.55	30.07	29.31	30.02	6069838	182619120.00
2017/02/27	29.99	30.85	29.88	30.55	8665491	266908896.00
2017/02/28	30.56	30.67	29.78	30.00	7583502	230485344.00
2017/03/01	30.06	30.28	29.77	30.00	4416873	133879568.00
2017/03/02	30.01	30.42	29.65	29.65	6105658	185112416.00
2017/03/03	29.65	29.67	29.04	29.67	5996079	177781024.00
2017/03/06	29.87	31.65	29.87	31.32	16359676	509000736.00
2017/03/07	31.27	31.27	30.67	31.07	8660056	271096672.00
2017/03/08	30.98	31.38	30.78	31.08	7342924	230446560.00
2017/03/09	31.14	31.14	30.37	30.57	5861352	181170992.00
2017/03/10	30.42	30.64	30.18	30.35	5438971	166808640.00
2017/03/13	30.23	30.90	30.15	30.75	6894153	212932000.00
2017/03/14	30.77	30.90	30.24	30.26	5497580	169413664.00
2017/03/15	30.26	30.35	29.79	30.27	6282465	190406768.00
2017/03/16	30.46	30.83	30.40	30.68	7187008	222776720.00
2017/03/17	30.67	31.06	29.82	29.95	9007016	277621984.00
2017/03/20	29.94	30.12	29.55	29.74	7238755	218317904.00
2017/03/21	29.77	30.02	29.65	29.86	4901274	147747504.00
2017/03/22	29.81	30.22	29.28	30.12	8971073	269833312.00
2017/03/23	30.18	30.32	29.48	29.76	5777037	174641920.00
2017/03/24	29.72	29.92	29.44	29.67	7153105	214663888.00
2017/03/27	29.67	29.87	29.47	29.67	4234455	126949888.00
2017/03/28	29.67	30.12	29.53	29.97	5050565	153037120.00
2017/03/29	29.81	30.04	29.57	29.57	3985880	119870576.00
2017/03/30	29.55	29.65	28.92	29.05	7765417	228947264.00
2017/03/31	29.06	29.36	28.97	29.28	2948200	86848024.00
2017/04/05	29.27	30.05	29.27	30.03	6218312	187082528.00
2017/04/06	30.03	30.12	29.80	29.82	3967239	119980088.00
2017/04/07	29.94	31.61	29.62	30.98	15982472	498347168.00
2017/04/10	30.91	32.32	30.68	31.82	21512214	691319808.00
2017/04/11	31.62	31.83	30.92	31.60	10910400	346075200.00
2017/04/12	31.67	31.67	30.39	30.58	7313232	228142448.00
2017/04/13	30.49	32.25	30.48	31.17	11581495	369649088.00
2017/04/14	31.30	31.33	30.53	30.58	6261747	194615728.00
2017/04/17	29.67	30.31	29.67	30.07	8647968	262041296.00
2017/04/18	30.06	30.51	29.57	29.67	4385283	133274064.00
2017/04/19	29.32	30.30	29.17	30.26	6714796	201271088.00
2017/04/20	30.10	30.25	29.42	29.68	4492540	135397760.00
2017/04/21	29.67	30.47	29.62	29.67	3699237	112630968.00
2017/04/24	29.72	29.85	28.99	29.47	4608301	137287888.00
2017/04/25	29.37	30.07	29.27	29.72	3644374	109619560.00
2017/04/26	29.67	29.96	28.60	28.96	9890129	290722688.00
2017/04/27	28.92	29.75	28.75	29.56	5445015	161377696.00
2017/04/28	29.51	30.27	29.15	29.27	3233370	96275584.00
2017/05/02	29.13	29.60	29.12	29.57	2196627	65374940.00
2017/05/03	29.32	29.56	29.07	29.21	2613573	77242848.00
2017/05/04	29.20	29.64	28.84	29.17	3445297	102080104.00
2017/05/05	29.19	29.30	28.91	28.94	2241881	65862880.00
2017/05/08	28.82	28.93	27.14	27.25	8963268	253709424.00
2017/05/09	26.87	28.17	26.85	27.92	5783658	160965264.00
2017/05/10	27.81	27.93	27.12	27.12	4129633	114955400.00
2017/05/11	26.89	27.45	26.32	27.33	8109870	219866592.00
2017/05/12	27.18	27.63	26.82	27.57	3891532	107457984.00
2017/05/15	27.43	27.57	27.20	27.35	2664977	73824392.00
2017/05/16	27.43	28.65	26.92	28.24	5040364	140915840.00
2017/05/17	27.87	28.72	27.75	28.61	5866389	168340080.00
2017/05/18	28.25	28.45	27.87	28.00	5662063	160971328.00
2017/05/19	28.13	28.17	27.77	27.97	2731441	77310864.00
2017/05/22	27.97	28.11	27.17	27.87	4479008	125176680.00
2017/05/23	27.85	27.98	27.33	27.82	3598019	100813760.00
2017/05/24	27.61	27.87	27.19	27.56	2497229	69588808.00
2017/05/25	27.58	27.76	27.07	27.54	2630040	73169320.00
2017/05/26	27.52	28.08	27.50	27.77	2159165	60655256.00
2017/05/31	27.97	28.18	27.19	27.77	4295481	120032048.00
2017/06/01	27.51	27.62	27.15	27.22	3030841	83841080.00
2017/06/02	27.14	27.61	27.10	27.45	2573519	71033856.00
2017/06/05	27.47	27.57	27.16	27.42	2593383	71767336.00
2017/06/06	27.39	27.52	27.24	27.37	1150953	31863016.00
2017/06/07	27.37	28.18	27.37	28.02	3968165	112290840.00
2017/06/08	28.06	28.40	27.89	28.05	2931429	83266168.00
2017/06/09	28.08	28.15	27.77	27.99	2196752	62034664.00
2017/06/12	27.84	27.92	27.28	27.48	3186808	88721904.00
2017/06/13	27.36	27.67	27.27	27.57	1645387	45836572.00
2017/06/14	27.61	27.61	27.13	27.51	3050055	84399400.00
2017/06/15	27.85	27.99	27.44	27.73	2946030	82680600.00
2017/06/16	27.77	28.05	27.57	27.59	2867743	80786992.00
2017/06/19	27.58	27.77	27.52	27.63	2278261	63687624.00
2017/06/20	27.67	28.11	27.67	27.90	3019939	85377584.00
2017/06/21	27.90	28.02	27.66	28.00	3655214	102958128.00
2017/06/22	27.95	28.02	27.65	27.72	2820465	79297368.00
2017/06/23	27.68	28.10	27.55	28.10	4038409	113601600.00
2017/06/26	28.16	28.47	28.01	28.35	3417682	97728128.00
2017/06/27	28.35	28.43	27.89	28.02	3368232	95744840.00
2017/06/28	27.98	28.10	27.76	28.02	2190161	61800316.00
2017/06/29	28.23	28.23	27.63	27.70	4516140	126871144.00
2017/06/30	27.67	27.89	27.60	27.79	2557847	71730544.00
2017/07/03	27.79	27.92	27.68	27.88	2010682	56590844.00
2017/07/04	27.82	28.12	27.77	28.06	3116957	88184952.00
2017/07/05	28.03	28.07	27.64	27.80	4626567	130074600.00
2017/07/06	28.00	29.56	28.00	28.97	12287594	357614496.00
2017/07/07	28.97	29.47	28.81	29.33	7861461	231898176.00
2017/07/10	29.33	29.75	28.96	29.07	4230516	125245808.00
2017/07/11	29.07	29.27	28.92	28.94	3240865	95206872.00
2017/07/12	28.77	29.05	28.48	28.74	3237032	93943384.00
2017/07/13	28.77	28.87	28.56	28.72	2818350	81757024.00
2017/07/14	28.65	28.65	27.73	27.97	5978060	170179168.00
2017/07/17	27.67	27.89	25.66	25.93	10440906	285671712.00
2017/07/18	25.84	26.83	25.84	26.50	4929767	130939088.00
2017/07/19	26.31	26.61	26.25	26.41	3121411	83039680.00
2017/07/20	26.55	26.84	26.33	26.52	2780414	74605304.00
2017/07/21	26.47	26.82	26.39	26.45	1872363	50120120.00
2017/07/24	26.42	26.57	26.08	26.28	2528084	66946584.00
2017/07/25	26.30	26.47	26.21	26.31	1206394	31996484.00
2017/07/26	26.40	26.57	26.29	26.55	1825704	48644988.00
2017/07/27	26.64	27.51	26.47	27.22	3949411	107737312.00
2017/07/28	27.33	27.60	26.82	26.99	3021032	82673232.00
2017/07/31	27.07	27.09	26.72	27.02	1683771	45613832.00
2017/08/01	27.02	27.27	26.90	27.19	1797141	48980424.00
2017/08/02	27.25	27.29	26.80	26.82	2758582	75049016.00
2017/08/03	26.78	27.32	26.78	26.94	1561016	42403904.00
2017/08/04	26.84	27.19	26.80	26.96	1511929	41052012.00
2017/08/07	26.92	27.71	26.90	27.61	2899635	80032576.00
2017/08/08	27.48	28.41	27.48	28.10	4261242	120569248.00
2017/08/09	28.22	28.35	27.90	28.22	2578911	72992760.00
2017/08/10	28.27	28.66	27.81	28.01	2500791	71055376.00
2017/08/11	28.27	28.96	28.04	28.58	4465281	128364120.00
2017/08/14	28.49	29.34	28.49	28.95	4638445	135975872.00
2017/08/15	28.95	29.27	28.53	28.82	2812059	81362864.00
2017/08/16	28.82	29.31	28.62	28.88	3119290	91000752.00
2017/08/17	28.75	29.34	28.64	28.95	2196894	63941124.00
2017/08/18	28.85	29.17	28.69	28.72	1876204	54594212.00
2017/08/21	28.97	29.70	28.96	29.55	4721648	139898608.00
2017/08/22	30.05	30.77	29.72	30.39	8304835	253637648.00
2017/08/23	30.36	30.67	29.80	30.02	5265696	159885920.00
2017/08/24	30.27	31.85	30.27	31.60	13026997	408796192.00
2017/08/25	31.31	31.69	31.03	31.31	5352911	168420144.00
2017/08/28	31.49	31.91	31.15	31.47	7550748	238786288.00
2017/08/29	31.47	31.95	31.27	31.65	8018946	255190144.00
2017/08/30	31.61	32.42	31.61	32.10	8138740	263040656.00
2017/08/31	32.11	32.29	31.79	32.09	4141767	133441648.00
2017/09/01	31.97	32.32	31.62	31.72	4636901	148723072.00
2017/09/04	31.82	32.48	31.22	31.92	6594471	210603024.00
2017/09/05	31.72	32.32	31.07	31.28	6128030	193565456.00
2017/09/06	31.32	32.82	31.13	32.52	8127870	263128752.00
2017/09/07	32.82	32.95	32.07	32.12	6163315	201269328.00
2017/09/08	32.22	32.27	31.61	31.82	3879859	124521920.00
2017/09/11	31.70	32.27	31.32	31.52	5224358	166112912.00
2017/09/12	31.72	32.54	31.23	32.06	9126660	292587296.00
2017/09/13	31.90	32.62	31.62	31.92	5363748	173314864.00
2017/09/14	32.22	33.41	31.97	33.11	6639274	217951072.00
2017/09/15	33.21	34.08	32.62	33.77	8628678	291051424.00
2017/09/18	33.70	34.65	33.13	34.37	5943938	203414992.00
2017/09/19	34.36	34.71	33.45	33.81	5182067	177463200.00
2017/09/20	33.73	33.99	33.28	33.51	3434148	115918624.00
2017/09/21	33.48	34.48	33.37	33.37	3307165	112718432.00
2017/09/22	33.32	33.80	33.15	33.33	2798360	94066280.00
2017/09/25	33.62	33.77	32.81	32.82	4294858	143841040.00
2017/09/26	32.65	33.18	32.65	32.84	2407781	79797904.00
2017/09/27	33.00	33.70	33.00	33.25	3333662	111874840.00
2017/09/28	33.42	33.42	32.97	33.18	2518192	84009168.00
2017/09/29	32.97	33.31	32.85	33.10	2990393	99359208.00
2017/10/09	33.84	35.57	33.58	35.34	9360250	325746688.00
2017/10/10	35.42	36.37	35.11	35.88	5092106	182677488.00
2017/10/11	36.02	36.35	35.38	36.08	4090752	147600592.00
2017/10/12	35.82	36.12	34.72	34.87	4878290	172827184.00
2017/10/13	34.62	36.18	33.62	35.59	14891349	519549120.00
2017/10/16	35.52	36.92	34.82	34.82	12130914	439106912.00
2017/10/17	34.58	35.92	34.58	35.12	4824830	171155232.00
2017/10/18	34.89	36.12	34.77	34.77	4831476	173191952.00
2017/10/19	34.71	35.27	34.41	34.62	3280000	114986096.00
2017/10/20	34.63	35.86	34.63	35.79	4024654	142586720.00
2017/10/23	35.79	36.12	35.34	35.78	6337968	227953632.00
2017/10/24	35.82	35.82	34.31	34.62	7386328	258175632.00
2017/10/25	34.72	35.76	33.92	34.58	5893899	205134800.00
2017/10/26	34.42	34.62	33.70	34.46	5966525	204962128.00
2017/10/27	34.37	34.68	33.82	34.11	5911863	203450032.00
2017/10/30	34.11	34.22	33.03	33.14	6644098	222892432.00
2017/10/31	33.04	33.61	32.85	33.50	3326602	111377816.00
2017/11/01	33.62	34.29	33.30	34.10	5507691	186630256.00
2017/11/02	34.19	34.65	33.72	33.91	6094846	209580640.00
2017/11/03	33.91	34.20	33.04	33.42	4714700	158985920.00
2017/11/06	33.32	34.23	32.75	34.13	5094997	171166080.00
2017/11/07	34.09	34.50	33.76	34.30	3358359	115230752.00
2017/11/08	34.48	34.67	33.86	34.13	3822837	131936000.00
2017/11/09	34.34	34.34	33.51	33.82	5770350	196136288.00
2017/11/10	33.80	34.11	33.02	33.43	7246967	244160224.00
2017/11/13	33.52	33.76	33.08	33.32	5807702	194988256.00
2017/11/14	33.30	34.42	33.02	33.60	8174276	277919808.00
2017/11/15	33.29	33.40	32.32	32.66	7517062	247483552.00
2017/11/16	32.57	32.92	32.30	32.37	3868732	126572624.00
2017/11/17	32.61	32.61	30.13	30.37	10976853	345492768.00
2017/11/20	29.83	31.58	29.83	31.12	5853754	182089952.00
2017/11/21	31.28	31.82	30.62	30.96	6069628	190408720.00
2017/11/22	31.18	31.72	30.86	30.95	4330080	136330016.00
2017/11/23	31.00	31.66	30.67	30.77	3693500	115987496.00
2017/11/24	30.80	31.41	30.52	30.72	2635233	81883152.00
2017/11/27	30.67	30.97	30.32	30.47	2452703	75442376.00
2017/11/28	30.52	31.52	30.46	31.32	3600110	112328208.00
2017/11/29	31.52	32.28	31.12	31.82	5477187	175617632.00
2017/11/30	31.92	32.13	31.36	31.92	3447705	110184784.00
2017/12/01	31.92	32.69	31.68	32.34	3239163	105373408.00
2017/12/04	32.35	32.52	31.93	31.94	2989384	96886648.00
2017/12/05	32.18	32.18	31.22	31.67	3158600	100398600.00
2017/12/06	31.66	31.86	30.98	31.63	4552324	144460144.00
2017/12/07	31.73	32.48	31.70	32.21	2808844	90870560.00
2017/12/08	32.28	33.02	32.28	32.90	4046066	133413432.00
2017/12/11	32.92	33.24	32.62	32.89	4664173	154025168.00
2017/12/12	33.02	33.02	32.22	32.32	2791842	91475024.00
2017/12/13	32.40	32.89	32.25	32.62	2529003	82713736.00
2017/12/14	32.62	32.68	31.82	32.60	2873474	93154352.00
2017/12/15	32.57	32.62	32.07	32.34	1824349	59467816.00
2017/12/18	32.36	33.02	32.34	32.59	2646681	86926176.00
2017/12/19	32.62	34.62	32.62	34.45	10995463	372445312.00
2017/12/20	34.22	34.62	34.12	34.22	4500879	155411888.00
2017/12/21	34.28	35.67	34.28	35.26	7562967	267089392.00
2017/12/22	35.10	35.49	34.83	35.22	3451609	121980664.00
2017/12/25	35.17	35.27	34.39	34.89	4329509	151336160.00
2017/12/26	34.77	35.39	34.23	35.22	4763647	166700352.00
2017/12/27	35.08	36.71	35.07	35.82	10105516	365934176.00
2017/12/28	35.92	36.12	35.37	35.39	4503916	161811360.00
2017/12/29	35.40	36.08	35.06	35.37	4337355	154690624.00
2018/01/02	35.62	37.08	35.62	37.04	7403027	272941312.00
2018/01/03	36.83	37.89	36.58	37.70	6926587	259087760.00
2018/01/04	37.70	37.82	37.20	37.68	4406323	166153136.00
2018/01/05	37.47	37.56	35.92	35.92	9693381	356549568.00
2018/01/08	35.83	36.12	35.01	35.67	6718926	240502416.00
2018/01/09	35.93	36.07	35.37	35.47	4926152	176401840.00
2018/01/10	35.47	35.71	35.00	35.24	4741991	168281904.00
2018/01/11	35.42	36.43	35.31	36.42	6810375	245453600.00
2018/01/12	35.27	35.63	32.76	32.76	19444912	649616448.00
2018/01/15	32.82	32.83	30.75	31.24	16931806	539126464.00
2018/01/16	31.13	31.72	30.62	30.91	7658405	240648032.00
2018/01/17	30.89	31.81	30.44	31.53	6795407	212854576.00
2018/01/18	31.36	32.30	31.33	32.07	4166662	133964584.00
2018/01/19	32.30	32.30	31.35	31.69	3696002	118155760.00
2018/01/22	31.72	32.71	31.50	32.67	4482890	145697200.00
2018/01/23	32.57	33.02	29.39	29.39	15728311	486916160.00
2018/01/24	29.22	29.22	26.46	27.23	35773158	982196928.00
2018/01/25	26.91	27.94	26.91	27.53	16176583	447352384.00
2018/01/26	27.37	27.68	26.77	27.04	12614053	343520512.00
2018/01/29	27.04	27.22	26.47	26.70	6572448	177296320.00
2018/01/30	26.55	27.12	26.54	26.88	5543033	150078784.00
2018/01/31	26.82	26.83	24.68	24.83	17727920	450666560.00
2018/02/01	24.91	25.16	24.23	24.48	10901353	270226272.00
2018/02/02	24.43	24.70	23.37	23.91	7691613	187168960.00
2018/02/05	23.68	25.22	23.60	24.99	9764925	243446640.00
2018/02/06	24.31	25.34	23.68	23.81	7671821	188711472.00
2018/02/07	24.27	24.61	23.14	24.27	7971322	193348832.00
2018/02/08	24.27	25.31	24.05	24.82	6835921	171005344.00
2018/02/09	24.08	24.68	23.42	23.62	7879843	190963760.00
2018/02/12	23.67	24.62	23.67	24.32	8064480	197303168.00
2018/02/13	24.47	24.57	22.83	23.42	18343386	430586816.00
2018/02/14	23.42	23.56	23.05	23.39	7940111	186584400.00
2018/02/22	23.71	24.38	23.56	24.33	8000372	194289216.00
2018/02/23	24.70	25.30	24.37	25.06	10882144	273655712.00
2018/02/26	25.27	26.50	24.82	25.99	11310980	294172672.00
2018/02/27	26.29	26.79	25.97	26.06	8543430	226500928.00
2018/02/28	26.03	26.81	25.52	26.78	8506845	225931808.00
2018/03/01	26.41	27.08	26.22	26.90	6638360	179013920.00
2018/03/02	26.61	27.62	26.45	27.23	8745002	239298720.00
2018/03/05	27.18	27.42	26.43	27.06	6004799	161725952.00
2018/03/06	27.08	27.23	26.61	26.75	5649586	152162528.00
2018/03/07	26.63	26.92	26.22	26.22	5609400	149506432.00
2018/03/08	26.21	26.67	26.12	26.48	4207578	111710360.00
2018/03/09	26.60	27.20	26.34	27.15	6662750	180314928.00
2018/03/12	27.32	28.05	27.26	27.83	8305304	232125136.00
2018/03/13	27.81	28.28	27.47	27.58	6333311	177227280.00
2018/03/14	27.66	27.93	26.98	27.02	4688382	129190400.00
2018/03/15	27.00	27.02	26.47	26.83	4137360	111098496.00
2018/03/16	26.82	26.92	26.63	26.64	4067293	109653848.00
2018/03/19	26.75	27.19	26.42	26.81	3186043	86239064.00
2018/03/20	26.50	26.72	25.73	26.48	3830685	101282864.00
2018/03/21	26.57	27.37	26.45	26.92	6543343	178491232.00
2018/03/22	26.82	27.27	26.32	26.47	3799719	102581872.00
2018/03/23	25.82	26.26	24.60	25.37	7419613	190646544.00
2018/03/26	25.02	25.90	24.92	25.75	5475586	140398112.00
2018/03/27	25.90	28.20	25.90	27.71	9038000	246913040.00
2018/03/28	27.97	29.20	27.64	28.76	14197314	404039808.00
2018/03/29	28.82	29.09	27.75	28.45	8530654	243517408.00
2018/03/30	28.12	29.13	28.12	28.75	7675645	222380144.00
2018/04/02	28.75	29.52	28.75	28.93	5752818	168597440.00
2018/04/03	28.52	29.61	28.28	29.52	6720118	196327808.00
2018/04/04	29.54	29.70	28.32	28.65	5552611	160842832.00
2018/04/09	28.32	28.62	27.92	28.12	4272270	121432400.00
2018/04/10	28.32	28.35	27.50	28.06	4575125	128056904.00
2018/04/11	28.18	29.01	28.00	28.69	5057569	145908368.00
2018/04/12	28.71	28.89	27.95	27.95	2820010	80705984.00
2018/04/13	28.31	28.69	28.02	28.27	3148144	89602968.00
2018/04/16	28.19	28.49	27.94	28.24	3071015	87138704.00
2018/04/17	28.41	28.41	27.09	27.31	3364193	93824440.00
2018/04/18	27.60	28.14	27.12	27.79	3796001	105879856.00
2018/04/19	27.77	28.41	27.12	27.33	5158064	143869984.00
2018/04/20	27.27	27.62	26.04	26.21	5963211	160558704.00
2018/04/23	25.97	27.00	25.58	26.44	5486500	145227584.00
2018/04/24	26.52	26.86	26.07	26.69	5375000	144027648.00
2018/04/25	26.63	26.92	26.30	26.80	4315912	115739336.00
2018/04/26	26.73	26.80	25.88	26.14	5738285	151716384.00
2018/04/27	26.42	28.02	26.18	27.67	10219304	281442208.00
2018/05/02	28.17	28.72	27.92	28.08	7724786	219139696.00
2018/05/03	28.09	28.36	27.23	28.06	5681008	158820704.00
2018/05/04	27.92	28.88	27.76	28.47	6509331	187141184.00
2018/05/07	28.52	29.10	28.29	28.54	8898089	255585728.00
2018/05/08	28.52	29.01	28.39	28.54	5725581	165174064.00
2018/05/09	28.68	28.91	28.41	28.52	3740589	107588688.00
2018/05/10	28.61	28.82	28.14	28.42	3876811	111147200.00
2018/05/11	28.43	29.02	28.33	28.48	5030188	145337056.00
2018/05/14	28.49	28.86	28.42	28.68	4711471	135815200.00
2018/05/15	28.63	28.97	28.02	28.86	5106722	147032976.00
2018/05/16	28.69	28.87	28.26	28.47	4159519	119651192.00
2018/05/17	28.41	28.64	27.02	27.21	7270562	201438336.00
2018/05/18	27.15	27.58	27.05	27.41	2424851	66710476.00
2018/05/21	27.91	28.10	27.12	27.30	7557664	209597936.00
2018/05/22	27.30	27.30	25.95	26.08	13110666	346637024.00
2018/05/23	26.16	26.18	25.61	25.83	6624748	172748048.00
2018/05/24	25.82	25.91	25.02	25.45	7278886	186512640.00
2018/05/25	25.45	25.59	24.70	25.03	8208312	206643232.00
2018/05/28	24.98	25.42	24.88	25.01	4527314	114662568.00
2018/05/29	25.15	25.25	24.72	24.83	3745962	94300896.00
2018/05/30	24.81	25.05	24.27	24.32	5295006	131732712.00
2018/05/31	24.53	24.90	24.53	24.68	3287765	81827000.00
2018/06/01	24.62	24.87	24.33	24.70	3034200	75310312.00
2018/06/04	24.73	25.01	24.33	24.43	3077440	76108424.00
2018/06/05	24.62	24.92	24.43	24.92	2548863	63590524.00
2018/06/06	24.92	25.50	24.87	25.17	4225551	107239904.00
2018/06/07	25.28	25.55	25.01	25.09	2525370	64196696.00
2018/06/08	25.03	25.04	24.38	24.77	4542486	112874248.00
2018/06/11	24.72	24.72	23.77	23.82	6022164	146721744.00
2018/06/12	23.89	24.23	23.82	24.14	3195836	77406712.00
2018/06/13	24.17	24.17	23.87	23.88	2182891	52700320.00
2018/06/14	23.84	24.09	23.81	23.87	1888390	45556468.00
2018/06/15	23.92	23.98	23.53	23.70	4426539	106088568.00
2018/06/19	23.32	24.06	23.17	23.27	7962732	188347856.00
2018/06/20	23.28	23.97	23.18	23.73	3851112	91261208.00
2018/06/21	23.73	23.81	23.25	23.32	3784412	89391104.00
2018/06/22	23.32	24.33	23.32	24.26	5877640	141305472.00
2018/06/25	25.31	25.42	24.69	24.76	9480509	238617952.00
2018/06/26	24.73	25.50	24.52	25.28	6522560	165199120.00
2018/06/27	25.22	25.73	24.70	24.98	4656094	118115624.00
2018/06/28	25.19	25.32	24.93	25.06	2896157	73384080.00
2018/06/29	24.73	25.67	24.73	25.42	4258953	108552992.00
2018/07/02	25.40	25.66	24.92	25.05	3151819	80396616.00
2018/07/03	25.22	25.79	24.95	25.79	5921293	152106112.00
2018/07/04	25.82	25.95	25.46	25.57	2986890	77079984.00
2018/07/05	25.65	25.82	25.43	25.46	2742332	70689656.00
2018/07/06	25.34	25.71	23.74	24.62	6581300	163774400.00
2018/07/09	24.37	25.37	24.37	25.29	2391896	60198792.00
2018/07/10	25.40	25.49	25.03	25.36	2677295	68134536.00
2018/07/11	25.06	25.32	24.74	25.07	1976059	49683988.00
2018/07/12	25.02	25.79	24.92	25.52	7392174	189439232.00
2018/07/13	25.43	25.74	25.32	25.49	3877712	99528296.00
2018/07/16	25.45	25.48	25.02	25.33	2698072	68469000.00
2018/07/17	25.37	25.90	25.22	25.67	6523708	168606400.00
2018/07/18	26.00	26.87	25.81	26.53	9458614	250658480.00
2018/07/19	26.53	26.90	26.31	26.52	5690214	151643872.00
2018/07/20	26.68	26.79	26.05	26.71	4475026	118550288.00
2018/07/23	26.71	27.95	26.55	27.52	6513374	179064768.00
2018/07/24	27.78	28.18	27.37	27.95	4886184	136424544.00
2018/07/25	28.02	28.15	27.65	27.99	4285325	119522392.00
2018/07/26	28.18	28.19	27.70	27.71	4569690	127466776.00
2018/07/27	27.87	28.10	27.47	27.47	5742066	159198992.00
2018/07/30	27.89	28.20	27.50	27.75	5053699	140843952.00
2018/07/31	27.71	27.88	25.85	26.60	9791436	260295456.00
2018/08/01	26.60	27.99	26.60	27.15	9395513	259107920.00
2018/08/02	27.20	27.67	26.41	26.63	5697627	153268368.00
2018/08/03	26.63	27.39	26.40	27.00	4577437	123460328.00
2018/08/06	26.76	27.20	25.73	26.23	4523100	120471960.00
2018/08/07	26.40	27.19	25.82	26.89	3715016	99220232.00
2018/08/08	27.08	27.08	26.12	26.83	2683344	71200544.00
2018/08/09	26.69	27.65	26.32	27.25	3378726	91917744.00
2018/08/10	27.40	27.67	26.63	27.11	3220972	87405144.00
2018/08/13	26.80	27.59	26.65	27.57	2275211	61762820.00
2018/08/14	27.58	27.75	27.25	27.65	1729099	47493368.00
2018/08/15	27.61	27.61	26.45	26.62	2763710	74412160.00
2018/08/16	26.19	26.82	25.82	26.43	2629469	69408504.00
2018/08/17	26.50	26.80	25.70	25.74	2005300	52567516.00
2018/08/20	25.89	26.30	25.05	25.73	2138104	54558076.00
2018/08/21	25.67	25.88	25.10	25.78	2525300	64623576.00
2018/08/22	25.61	25.93	25.43	25.76	1307400	33628752.00
2018/08/23	25.76	26.21	25.65	25.93	1602750	41564024.00
2018/08/24	25.90	25.97	25.58	25.72	954804	24615258.00
2018/08/27	25.90	26.40	25.41	26.29	2109900	54659784.00
2018/08/28	26.29	26.88	26.16	26.88	2376742	63326372.00
2018/08/29	26.86	26.99	26.62	26.68	1357763	36290576.00
2018/08/30	26.69	26.85	25.96	26.15	2183812	57525168.00
2018/08/31	26.10	26.29	25.25	25.38	1805794	46663432.00
2018/09/03	25.37	26.17	25.08	26.14	2695051	69038648.00
2018/09/04	25.99	26.08	25.50	26.01	2762246	71229704.00
2018/09/05	25.96	25.96	24.87	24.96	3433095	86823024.00
2018/09/06	24.88	25.19	24.04	24.09	4846299	118472056.00
2018/09/07	24.09	24.64	23.94	24.35	3245549	78852560.00
2018/09/10	24.51	24.57	23.75	23.78	3244347	77989792.00
2018/09/11	23.92	24.08	23.76	23.99	2158194	51615732.00
2018/09/12	23.99	24.18	23.76	23.79	2192732	52385760.00
2018/09/13	24.02	24.50	23.98	24.32	1732410	41922620.00
2018/09/14	24.40	24.61	24.11	24.39	1923900	47016820.00
2018/09/17	24.36	24.36	23.80	24.02	1751674	42099904.00
2018/09/18	24.02	24.32	23.76	24.26	1165300	28122996.00
2018/09/19	24.14	24.75	24.09	24.75	2380541	58268752.00
2018/09/20	24.73	24.73	24.18	24.18	1285390	31369950.00
2018/09/21	24.31	24.71	24.00	24.55	1567421	38311468.00
2018/09/25	24.55	25.03	24.42	24.63	1229116	30395082.00
2018/09/26	24.77	25.01	24.50	24.93	1653303	41094260.00
2018/09/27	24.87	24.97	24.13	24.39	2789901	68369760.00
2018/09/28	24.40	24.85	24.40	24.82	1676755	41366808.00
2018/10/08	24.38	24.70	23.83	23.87	2157940	52126528.00
2018/10/09	23.93	24.48	23.87	24.12	1451225	34922680.00
2018/10/10	24.18	24.42	23.98	24.13	1287000	31107404.00
2018/10/11	23.81	23.81	21.72	21.72	3902829	88570208.00
2018/10/12	21.50	21.69	19.76	20.91	5774365	119668872.00
2018/10/15	20.91	22.00	20.91	21.14	3770735	80864800.00
2018/10/16	21.44	21.52	20.22	20.61	3685644	76788856.00
2018/10/17	21.18	21.18	19.80	20.18	4109720	83258648.00
2018/10/18	20.05	20.17	19.35	19.39	5021111	99220064.00
2018/10/19	19.20	19.81	18.80	19.73	6490020	125945136.00
2018/10/22	19.87	21.70	19.61	21.70	7920798	165288864.00
2018/10/23	21.70	22.22	20.66	21.00	5511180	117859944.00
2018/10/24	21.03	21.55	20.85	21.09	3886003	82641992.00
2018/10/25	20.50	22.06	20.08	21.61	3730903	79032872.00
2018/10/26	21.70	21.98	21.21	21.42	2684186	57841592.00
2018/10/29	21.98	22.37	21.61	22.00	4703408	103456560.00
2018/10/30	22.02	23.32	21.79	22.90	4163222	93960528.00
2018/10/31	22.98	23.13	22.66	23.06	3640354	83572896.00
2018/11/01	23.10	24.17	22.96	23.47	6085232	142946592.00
2018/11/02	24.08	24.99	24.04	24.75	7612071	187105520.00
2018/11/05	24.48	25.15	23.75	23.99	5647718	136728512.00
2018/11/06	23.97	24.24	23.70	24.15	2423283	58084760.00
2018/11/07	24.07	24.85	23.87	24.16	4522429	110140232.00
2018/11/08	24.25	24.51	23.81	24.02	2793759	67244616.00
2018/11/09	23.72	24.33	23.61	23.68	3211521	76932752.00
2018/11/12	23.89	25.38	23.74	25.28	6253443	155489264.00
2018/11/13	24.93	25.66	24.81	25.15	5522439	139609600.00
2018/11/14	25.27	25.34	24.50	25.27	2747181	68909360.00
2018/11/15	25.27	25.77	24.63	25.61	3428780	86487448.00
2018/11/16	25.61	25.80	25.06	25.09	4719509	119376088.00
2018/11/19	25.07	25.55	24.71	25.20	4536030	113820976.00
2018/11/20	25.05	25.46	24.42	24.60	3180209	79023952.00
2018/11/21	24.40	24.88	24.21	24.80	2056095	50654276.00
2018/11/22	24.75	25.35	24.75	25.20	2368628	59572960.00
2018/11/23	25.18	25.29	23.89	24.50	5115194	125141712.00
2018/11/26	24.51	24.69	23.83	23.98	3075006	74508664.00
2018/11/27	24.00	24.97	23.99	24.62	3586613	88124064.00
2018/11/28	24.88	25.09	24.22	24.75	2966609	73376384.00
2018/11/29	24.98	25.66	24.50	24.50	4413600	111318784.00
2018/11/30	24.50	25.25	24.34	24.41	4027770	99475904.00
2018/12/03	25.10	26.14	24.92	25.98	5588009	143383760.00
2018/12/04	25.90	25.90	25.38	25.60	4354583	111505560.00
2018/12/05	25.37	26.10	25.23	26.02	4358786	112122400.00
2018/12/06	25.80	25.93	25.30	25.60	4010796	102690648.00
2018/12/07	25.68	25.71	25.09	25.59	2043597	51818556.00
2018/12/10	25.38	25.64	24.92	25.24	2383392	60228596.00
2018/12/11	25.30	25.85	25.22	25.70	2490974	63648220.00
2018/12/12	25.82	26.18	25.72	26.05	2329523	60503560.00
2018/12/13	26.15	26.47	25.62	26.27	3070201	80282344.00
2018/12/14	26.20	26.50	25.79	25.83	3052756	79798720.00
2018/12/17	26.00	26.00	24.51	24.96	4752988	119472040.00
2018/12/18	24.90	25.93	24.84	25.80	4648555	118868448.00
2018/12/19	25.90	25.91	25.15	25.20	2500997	63793252.00
2018/12/20	25.20	25.89	25.13	25.75	2008478	51461016.00
2018/12/21	25.88	25.98	25.38	25.78	2486492	63810836.00
2018/12/24	25.68	25.90	25.05	25.23	2394891	60536244.00
2018/12/25	25.00	25.47	24.32	25.30	2414121	60296068.00
2018/12/26	25.03	25.40	24.87	25.19	1503642	37782392.00
2018/12/27	25.39	25.54	25.08	25.15	2104444	53324344.00
2018/12/28	25.15	25.83	25.05	25.65	3355066	85725056.00
2019/01/02	25.97	25.99	25.58	25.65	1923600	49543300.00
2019/01/03	25.80	25.80	23.20	23.28	6314624	151112720.00
数据来源:通达信
