300589 江龙船艇 日线 前复权
      日期	    开盘	    最高	    最低	    收盘	    成交量	    成交额
2017/01/13	3.55	3.87	3.55	3.87	8068	73280.84
2017/01/16	4.26	4.26	4.26	4.26	3936	39517.44
2017/01/17	4.69	4.69	4.69	4.69	4561	50353.44
2017/01/18	5.16	5.16	5.16	5.16	3650	44311.00
2017/01/19	5.68	5.68	5.68	5.68	10551	140855.84
2017/01/20	6.25	6.25	6.25	6.25	12586	184888.34
2017/01/23	6.88	6.88	6.88	6.88	11500	185840.00
2017/01/24	7.57	7.57	7.57	7.57	10036	178440.08
2017/01/25	8.33	8.33	8.33	8.33	18866	369018.97
2017/01/26	9.17	9.17	9.17	9.17	47536	1022974.75
2017/02/03	10.09	10.09	10.09	10.09	98523	2332039.50
2017/02/06	11.10	11.10	11.10	11.10	55566	1446938.63
2017/02/07	12.21	12.21	12.21	12.21	45323	1298050.75
2017/02/08	13.43	13.43	13.43	13.43	31474	991431.00
2017/02/09	14.78	14.78	14.78	14.78	39147	1356443.50
2017/02/10	16.26	16.26	16.26	16.26	256829	9790321.00
2017/02/13	17.89	17.89	17.89	17.89	1618261	67853680.00
2017/02/14	19.46	19.68	19.21	19.68	8825573	404368800.00
2017/02/15	20.91	21.65	20.53	21.65	14271694	713823296.00
2017/02/16	20.48	21.32	19.63	20.08	10654754	512501152.00
2017/02/17	20.48	21.89	19.57	20.40	11202871	547028352.00
2017/02/20	19.54	19.63	18.36	18.65	8940277	391391584.00
2017/02/21	18.65	19.09	18.22	18.74	6113783	269000096.00
2017/02/22	18.65	18.87	17.73	18.45	6235295	267658624.00
2017/02/23	18.28	18.94	18.13	18.85	6379466	279467456.00
2017/02/24	18.72	20.27	18.55	20.03	7859670	354940064.00
2017/02/27	20.61	21.14	19.98	20.03	8901339	427879520.00
2017/02/28	18.80	19.41	18.77	19.17	6438763	287446528.00
2017/03/01	19.21	19.49	18.99	19.00	4034178	181527712.00
2017/03/02	18.89	19.48	18.72	19.10	4461216	200196960.00
2017/03/03	18.86	19.88	18.82	19.64	4871477	222317984.00
2017/03/06	19.62	20.60	19.56	20.07	5329270	250345024.00
2017/03/07	19.65	20.60	19.65	20.57	5379922	255023520.00
2017/03/08	20.56	21.97	20.22	20.29	9143689	451065632.00
2017/03/09	20.04	21.47	19.91	21.13	7761262	376655232.00
2017/03/10	20.57	20.86	20.18	20.49	5607551	269559808.00
2017/03/13	20.40	20.51	19.65	20.39	3948180	186450528.00
2017/03/14	20.50	21.29	20.40	20.67	5637796	275335232.00
2017/03/15	20.42	21.03	20.31	20.87	4637947	224934512.00
2017/03/16	20.83	21.93	20.80	21.50	6729760	337283008.00
2017/03/17	21.63	21.87	20.41	20.50	6602397	327785824.00
2017/03/20	20.44	21.05	20.12	21.04	3553934	171814016.00
2017/03/21	20.91	21.96	20.85	21.85	5992626	300341184.00
2017/03/22	21.55	22.19	21.19	21.73	6498762	329025184.00
2017/03/23	21.68	21.96	20.45	21.21	5587256	278340480.00
2017/03/24	21.06	21.42	21.00	21.41	3553956	177087696.00
2017/03/27	21.41	22.47	21.04	22.04	6990851	357095200.00
2017/03/28	22.01	22.06	21.30	21.39	4635383	235107408.00
2017/03/29	21.16	21.34	19.63	19.63	5552172	264974688.00
2017/03/30	19.42	19.42	18.77	18.77	3728384	166429568.00
2017/03/31	19.18	19.84	18.56	18.94	3488720	157685712.00
2017/04/05	18.37	19.48	18.37	19.45	2641747	117931480.00
2017/04/06	19.48	19.96	19.29	19.37	2590836	119367960.00
2017/04/07	19.50	20.03	19.20	19.24	2661730	122578128.00
2017/04/10	19.25	19.89	18.39	18.59	3938179	176100944.00
2017/04/11	18.16	19.31	18.16	19.31	3356194	148386960.00
2017/04/12	19.41	19.76	18.77	18.86	2843564	128579752.00
2017/04/13	19.12	19.41	18.81	19.04	1634349	73068200.00
2017/04/14	19.00	19.20	18.86	18.95	1281176	57146072.00
2017/04/17	17.58	17.68	17.06	17.06	2241700	90509976.00
2017/04/18	16.34	17.06	15.36	15.36	3335152	126009952.00
2017/04/19	15.41	15.85	15.18	15.77	1890318	69033688.00
2017/04/20	15.76	15.91	14.80	15.22	1848518	66591628.00
2017/04/21	15.30	15.45	14.97	15.11	1143743	40894548.00
2017/04/24	15.11	15.33	14.52	14.65	1330552	46184304.00
2017/04/25	14.88	15.86	14.67	15.83	2421133	86394200.00
2017/04/26	15.78	15.83	15.28	15.29	2500373	90790624.00
2017/04/27	15.15	15.86	14.74	15.70	2675021	96279832.00
2017/04/28	15.73	15.99	15.55	15.79	1837115	68181720.00
2017/05/02	15.65	15.83	15.43	15.56	1352348	49549936.00
2017/05/03	15.49	15.76	15.38	15.71	1287150	47019976.00
2017/05/04	15.77	15.78	15.40	15.40	1268079	46331052.00
2017/05/05	15.35	15.61	15.11	15.11	1010357	36453392.00
2017/05/08	14.62	15.10	14.29	14.29	1194029	41192008.00
2017/05/09	14.41	15.00	14.26	14.92	1352983	46558372.00
2017/05/10	14.91	15.30	14.62	14.65	1564236	55220948.00
2017/05/11	14.50	15.14	14.38	15.09	1554819	53729548.00
2017/05/12	15.12	15.50	14.97	15.31	1735836	61992432.00
2017/05/15	15.34	15.45	15.13	15.22	1026194	36728416.00
2017/05/16	15.12	15.86	14.87	15.86	1643929	59391864.00
2017/05/17	15.88	16.21	15.79	15.89	1853037	69409768.00
2017/05/18	15.62	16.12	15.55	16.06	1502335	56047916.00
2017/05/19	16.04	16.19	15.65	15.75	1063800	39745900.00
2017/05/22	15.65	15.85	14.64	14.95	1243731	44715588.00
2017/05/23	14.81	14.97	13.45	13.45	2053202	67704352.00
2017/05/24	13.43	13.84	13.17	13.72	1129220	35772840.00
2017/05/25	13.82	13.82	13.03	13.48	1321402	41578588.00
2017/05/26	13.48	13.77	13.33	13.62	991400	31584812.00
2017/05/31	13.99	14.28	13.55	13.55	1420864	46568116.00
2017/06/01	13.34	13.59	12.35	12.38	1379711	41857548.00
2017/06/02	12.36	12.97	11.94	12.74	1396704	40676264.00
2017/06/05	12.83	13.04	12.74	12.81	954228	28886810.00
2017/06/06	12.81	12.97	12.62	12.90	775500	23347782.00
2017/06/07	12.96	13.43	12.81	13.39	1189236	36878976.00
2017/06/08	13.39	13.85	13.35	13.39	1589087	50628588.00
2017/06/09	13.22	13.70	13.22	13.63	1024500	32439640.00
2017/06/12	13.45	13.51	12.62	12.71	1331315	40907396.00
2017/06/13	12.74	13.40	12.66	13.30	1265897	38995304.00
2017/06/14	13.32	13.52	13.17	13.31	916215	28672488.00
2017/06/15	13.59	14.25	13.43	13.78	2513118	62595656.00
2017/06/16	14.03	14.21	13.76	13.84	2369293	59600484.00
2017/06/19	14.04	14.09	13.76	13.93	1634435	41003988.00
2017/06/20	14.09	14.12	13.52	13.57	2058247	51283904.00
2017/06/21	13.61	14.86	13.61	14.11	3660205	93861408.00
2017/06/22	13.87	14.07	13.54	13.54	2749096	68325152.00
2017/06/23	13.69	13.69	13.05	13.54	1830293	44269404.00
2017/06/26	13.58	13.84	13.51	13.76	1401354	34606272.00
2017/06/27	13.71	13.96	13.59	13.73	1432998	35581276.00
2017/06/28	13.52	13.73	13.12	13.26	1964693	47130344.00
2017/06/29	13.33	13.48	13.21	13.36	1285432	30882098.00
2017/06/30	13.49	13.74	13.36	13.63	2166155	52971516.00
2017/07/03	13.63	14.02	13.59	13.77	2004599	49848496.00
2017/07/04	13.81	13.97	13.53	13.60	1588949	39203880.00
2017/07/05	13.60	13.83	13.60	13.78	1672434	41457124.00
2017/07/06	14.99	15.16	14.76	15.16	3964975	108002664.00
2017/07/07	16.67	16.67	16.07	16.67	4185350	125376680.00
2017/07/10	16.09	16.49	15.64	15.64	9540106	277378592.00
2017/07/11	15.48	15.53	14.61	14.99	6743210	182915120.00
2017/07/12	14.98	15.45	14.71	15.43	6492918	177289744.00
2017/07/13	15.28	16.97	14.81	16.21	9576634	274034144.00
2017/07/14	15.93	15.97	15.26	15.43	5475696	154044976.00
2017/07/17	15.10	15.20	13.89	13.89	4574556	117163376.00
2017/07/18	13.50	14.04	12.63	13.62	4630484	111981464.00
2017/07/19	13.67	13.71	13.09	13.49	2926700	70738024.00
2017/07/20	13.70	13.97	13.32	13.36	3221486	79380744.00
2017/07/21	13.02	13.36	12.88	13.01	2536919	59880628.00
2017/07/24	12.90	14.17	12.49	13.82	4676701	113462136.00
2017/07/25	13.82	13.93	13.46	13.58	3103487	76660512.00
2017/07/26	13.54	14.31	13.54	14.17	4910261	123722648.00
2017/07/27	13.94	14.99	13.82	14.97	5484435	143407936.00
2017/07/28	14.72	15.04	14.47	14.61	3621820	95848432.00
2017/07/31	14.56	14.72	14.03	14.26	3119972	80669280.00
2017/08/01	14.35	14.54	14.10	14.37	2595503	66922004.00
2017/08/02	14.34	14.34	13.19	13.33	4119554	101817312.00
2017/08/03	13.42	13.77	13.15	13.52	2433921	59246588.00
2017/08/04	13.59	14.36	13.42	14.04	4493154	113013504.00
2017/08/07	14.04	14.12	13.46	13.59	2953928	73066320.00
2017/08/08	13.57	13.84	13.32	13.67	2350964	57453140.00
2017/08/09	13.65	13.94	13.52	13.58	2129990	52649136.00
2017/08/10	13.58	13.84	13.26	13.30	2241313	54619800.00
2017/08/11	13.16	13.79	13.16	13.40	2564277	62650036.00
2017/08/14	13.36	13.79	13.32	13.72	1996893	48923516.00
2017/08/15	13.56	14.14	13.56	13.86	2707401	67389872.00
2017/08/16	13.76	14.13	13.67	14.07	3026505	76319624.00
2017/08/17	13.94	14.76	13.94	14.23	4422419	114607328.00
2017/08/18	14.04	14.14	13.78	13.83	2521052	63303448.00
2017/08/21	13.76	14.08	13.72	14.01	1749671	43905236.00
2017/08/22	13.98	14.32	13.92	14.10	2193963	55858948.00
2017/08/23	14.04	14.43	14.03	14.43	3347076	86156656.00
2017/08/24	14.14	14.98	14.12	14.12	4114738	107614672.00
2017/08/25	13.92	14.26	13.76	14.14	3090766	78183288.00
2017/08/28	13.98	14.68	13.82	14.58	4968578	128746976.00
2017/08/29	14.58	14.97	14.43	14.70	4947093	131069552.00
2017/08/30	14.54	14.78	14.42	14.48	3038356	79782432.00
2017/08/31	14.62	14.96	14.48	14.91	4168134	111018976.00
2017/09/01	15.04	15.76	14.76	15.68	5696782	156222080.00
2017/09/04	15.70	15.82	15.32	15.41	4265802	119492624.00
2017/09/05	15.38	15.59	15.15	15.16	2411629	66661476.00
2017/09/06	15.08	15.68	14.72	15.68	4185886	115507040.00
2017/09/07	15.62	15.78	15.43	15.58	3227450	90746024.00
2017/09/08	15.38	15.56	15.23	15.53	1743830	48438360.00
2017/09/11	15.53	15.63	15.36	15.53	1614598	45124580.00
2017/09/12	15.55	15.62	14.37	14.43	4466540	119777232.00
2017/09/13	14.49	14.73	14.48	14.71	1921428	50682368.00
2017/09/14	14.71	14.87	14.44	14.47	1848245	48650696.00
2017/09/15	14.58	14.77	14.44	14.59	1595617	42121520.00
2017/09/18	14.48	14.64	14.38	14.55	1293143	33758524.00
2017/09/19	14.55	14.78	14.51	14.59	1330146	35078612.00
2017/09/20	14.54	15.13	14.49	15.00	2555252	68384544.00
2017/09/21	14.97	15.04	14.60	14.61	1863470	49697112.00
2017/09/22	14.61	14.71	14.26	14.56	1487506	38856012.00
2017/09/25	14.59	15.03	14.43	14.58	2903031	77455392.00
2017/09/26	14.43	16.04	14.43	16.04	6203307	174002592.00
2017/09/27	17.09	17.09	15.63	15.76	10214173	298614720.00
2017/09/28	15.54	17.33	15.48	17.33	6236469	186590528.00
2017/09/29	17.33	18.65	16.79	17.86	13601130	435996416.00
2017/10/09	17.62	18.59	16.96	17.97	9564249	303997568.00
2017/10/10	17.38	17.64	16.98	17.02	7248052	225459808.00
2017/10/11	17.01	17.47	16.54	16.62	5344738	163169760.00
2017/10/12	16.65	17.74	16.44	17.32	7649188	237396784.00
2017/10/13	17.21	17.21	16.76	16.92	4438007	134980320.00
2017/10/16	16.67	16.84	15.77	16.07	3884200	113486552.00
2017/10/17	16.07	17.00	16.05	16.38	4583848	137141104.00
2017/10/18	16.36	17.18	16.14	16.82	5679997	172307760.00
2017/10/19	16.56	16.71	15.54	15.68	4675250	134259360.00
2017/10/20	15.82	15.92	15.48	15.82	2219051	62811840.00
2017/10/23	15.98	16.13	15.79	15.85	2052280	58841932.00
2017/10/24	15.79	15.85	15.07	15.42	2679537	74068280.00
2017/10/25	15.46	15.62	15.26	15.60	1990330	55557080.00
2017/10/26	15.49	16.07	15.27	15.93	3834477	108818208.00
2017/10/27	15.93	16.04	15.59	15.65	1927758	54812160.00
2017/10/30	15.26	15.46	14.10	14.12	3219591	84656496.00
2017/10/31	14.20	14.46	14.09	14.32	1504141	38741600.00
2017/11/01	14.42	14.68	14.19	14.48	1696770	44357576.00
2017/11/02	14.33	14.57	14.12	14.22	1329023	34206108.00
2017/11/03	14.21	14.42	14.15	14.30	1549519	39881792.00
2017/11/06	14.48	14.74	14.32	14.56	1867930	49164620.00
2017/11/07	14.48	15.26	14.26	15.13	3030453	80238560.00
2017/11/08	14.96	15.20	14.87	14.94	2438410	65997648.00
2017/11/09	14.92	15.15	14.79	15.03	1529845	41283304.00
2017/11/10	14.98	15.20	14.91	14.99	1470356	39853720.00
2017/11/13	15.14	15.18	14.73	14.79	1346544	36145328.00
2017/11/14	14.80	15.25	14.72	15.16	2737403	74312016.00
2017/11/15	15.14	15.16	14.52	14.54	2011934	53465768.00
2017/11/16	14.43	14.59	14.12	14.12	1533190	39456152.00
2017/11/17	14.13	14.26	12.83	12.97	1914962	46226520.00
2017/11/20	12.93	13.12	12.21	13.07	1036649	23900484.00
2017/11/21	13.14	13.29	12.69	12.87	904795	21097748.00
2017/11/22	12.93	13.62	12.83	13.35	1893954	45200384.00
2017/11/23	13.35	13.35	12.57	12.87	1193675	28207382.00
2017/11/24	12.83	13.25	12.76	12.89	635060	14919479.00
2017/11/27	12.92	13.12	12.21	12.86	728300	16974318.00
2017/11/28	12.72	13.19	12.72	13.15	704384	16608628.00
2017/11/29	13.06	13.25	13.04	13.23	902143	21403860.00
2017/11/30	13.29	13.56	13.15	13.39	1453113	35149144.00
2017/12/01	13.40	13.59	13.08	13.55	1268910	30641912.00
2017/12/04	13.47	13.48	12.93	13.01	969500	23028992.00
2017/12/05	12.99	14.32	12.99	13.54	3690657	92208856.00
2017/12/06	13.36	13.69	12.96	13.69	2396125	57167376.00
2017/12/07	13.43	14.25	13.40	13.68	2391870	59801344.00
2017/12/08	13.69	13.97	13.49	13.73	1576267	39113272.00
2017/12/11	13.63	13.89	13.63	13.76	1154706	28610538.00
2017/12/12	13.65	13.81	13.15	13.22	1415197	34206624.00
2017/12/13	13.22	13.44	13.02	13.32	870083	20843426.00
2017/12/14	13.21	13.32	13.03	13.18	988920	23411506.00
2017/12/15	13.27	13.68	13.19	13.46	1490537	36201900.00
2017/12/18	13.61	14.16	13.61	13.75	2178805	54285412.00
2017/12/19	13.55	13.97	13.55	13.84	1478207	36745528.00
2017/12/20	13.84	13.87	13.58	13.80	1249629	30800054.00
2017/12/21	13.71	13.86	13.41	13.83	1209149	29876562.00
2017/12/22	13.77	13.82	13.58	13.59	885910	21785738.00
2017/12/25	13.59	13.65	12.87	13.02	1229040	29230758.00
2017/12/26	12.77	13.34	12.77	13.22	856680	20320488.00
2017/12/27	13.18	13.53	13.07	13.37	1464890	35420996.00
2017/12/28	13.24	13.74	13.24	13.47	1248770	30465874.00
2017/12/29	13.57	14.16	13.54	13.71	2102550	52548660.00
2018/01/02	14.09	14.09	13.40	13.57	1414040	34707096.00
2018/01/03	13.44	13.79	13.37	13.71	1828507	44626272.00
2018/01/04	13.75	13.76	13.41	13.44	1354227	33043210.00
2018/01/05	13.44	13.44	13.15	13.21	1393780	33290160.00
2018/01/08	13.20	13.21	12.88	13.06	1187670	27817224.00
2018/01/09	13.06	13.32	13.01	13.13	1203189	28558734.00
2018/01/10	13.09	13.09	12.71	12.92	1282856	29776582.00
2018/01/11	12.78	13.03	12.72	12.92	1185379	27560432.00
2018/01/12	12.91	12.98	12.73	12.75	1042927	24089210.00
2018/01/15	12.48	12.87	12.37	12.43	1015790	23095378.00
2018/01/16	12.42	12.61	12.29	12.40	866597	19447982.00
2018/01/17	12.37	12.68	12.27	12.64	965678	21747468.00
2018/01/18	12.55	12.75	12.54	12.61	655661	14934604.00
2018/01/19	12.62	13.48	12.62	12.83	2250743	52968816.00
2018/01/22	12.19	12.47	11.55	12.06	2797265	60161376.00
2018/01/23	11.98	12.21	11.82	12.12	1410265	30804760.00
2018/01/24	11.99	12.32	11.93	12.23	1378988	30176346.00
2018/01/25	12.11	13.23	12.11	12.47	2887570	66015356.00
2018/01/26	12.44	12.48	12.12	12.15	1500190	33176520.00
2018/01/29	12.14	12.24	11.67	11.75	1188370	25546022.00
2018/01/30	11.81	11.98	11.73	11.86	587845	12557185.00
2018/01/31	11.78	11.97	11.04	11.07	1662906	34175652.00
2018/02/01	11.11	11.26	10.04	10.04	1505237	28895148.00
2018/02/02	10.01	10.16	9.04	9.81	837407	14912465.00
2018/02/05	9.43	9.80	9.34	9.37	677560	11682995.00
2018/02/06	9.40	9.40	8.43	8.46	1464825	23153880.00
2018/02/07	8.74	8.84	8.25	8.67	985730	15315717.00
2018/02/08	8.73	8.98	8.54	8.72	1223150	19359678.00
2018/02/09	8.37	8.59	8.13	8.21	1183150	17768752.00
2018/02/12	8.32	8.64	8.32	8.62	1000267	15410558.00
2018/02/13	8.62	8.90	8.57	8.66	1065912	16865530.00
2018/02/14	8.64	8.84	8.53	8.53	1095350	17145320.00
2018/02/22	8.74	8.94	8.65	8.86	916849	14605535.00
2018/02/23	8.83	9.32	8.78	8.99	1296305	21117718.00
2018/02/26	8.99	9.25	8.99	9.23	1419445	23488204.00
2018/02/27	9.23	9.82	9.16	9.55	2631080	45089624.00
2018/02/28	9.33	10.47	9.21	9.87	3441787	60623536.00
2018/03/01	9.60	9.97	9.58	9.88	2136571	37798312.00
2018/03/02	9.79	10.13	9.78	10.04	2225339	39913864.00
2018/03/05	10.31	10.87	10.15	10.42	3429352	64975892.00
2018/03/06	10.18	10.53	10.18	10.37	1828705	34141184.00
2018/03/07	10.29	10.37	9.94	10.06	2020409	36710212.00
2018/03/08	10.07	10.24	9.94	10.20	1667353	30456844.00
2018/03/09	10.30	10.59	10.10	10.57	2256907	42428232.00
2018/03/12	10.47	10.96	10.47	10.86	2205996	42591236.00
2018/03/13	10.92	10.92	10.46	10.46	1843929	35319160.00
2018/03/14	10.31	10.58	10.15	10.19	1359740	25414108.00
2018/03/15	10.15	10.43	9.69	10.06	1909195	34498624.00
2018/03/16	10.01	10.20	9.86	9.90	1332390	24092920.00
2018/03/19	9.98	10.29	9.87	10.14	1098020	20049398.00
2018/03/20	9.98	10.09	9.71	10.02	1761567	31428768.00
2018/03/21	9.98	11.02	9.96	10.96	6058330	117344032.00
2018/03/22	10.78	10.78	10.48	10.53	3710176	71061800.00
2018/03/23	10.16	11.18	9.99	10.35	4741737	89973800.00
2018/03/26	10.32	11.17	10.04	10.98	5749387	112140720.00
2018/03/27	10.86	11.79	10.78	11.61	6880582	141151808.00
2018/03/28	11.26	11.79	11.11	11.32	5539012	114008032.00
2018/03/29	11.21	11.57	11.12	11.42	3467373	71091048.00
2018/03/30	11.32	11.98	11.32	11.58	4432054	92823472.00
2018/04/02	11.41	11.66	11.21	11.22	3709850	76313712.00
2018/04/03	11.09	11.48	10.89	11.22	2808177	56820208.00
2018/04/04	11.25	12.34	11.25	12.34	5086144	110735528.00
2018/04/09	13.09	13.58	12.51	13.58	11296539	268703488.00
2018/04/10	14.94	14.94	13.87	14.09	14904424	391401632.00
2018/04/11	13.86	15.51	13.25	15.51	15173760	400358880.00
2018/04/12	15.50	17.06	14.74	17.06	18251044	540460288.00
2018/04/13	16.43	17.04	15.35	15.35	12900136	370663392.00
2018/04/16	14.91	16.36	14.31	16.04	12545666	343362528.00
2018/04/17	15.54	15.79	14.43	14.43	9321063	254038304.00
2018/04/18	14.15	14.72	13.44	14.32	7378121	187263136.00
2018/04/19	14.29	14.71	13.82	13.84	8675911	223899600.00
2018/04/20	13.87	14.31	12.77	13.07	7800426	188887472.00
2018/04/23	12.92	13.65	12.91	13.17	5701390	135753424.00
2018/04/24	13.23	13.87	13.04	13.78	7307208	178646912.00
2018/04/25	13.68	14.02	13.37	13.86	7549710	186094384.00
2018/04/26	13.59	13.76	12.88	12.91	5381569	129130680.00
2018/04/27	13.00	13.31	12.78	13.23	3892410	91529872.00
2018/05/02	13.23	13.33	12.65	12.78	3043651	71056880.00
2018/05/03	12.92	13.51	12.52	13.42	5097699	120110096.00
2018/05/04	13.31	14.77	13.18	14.77	10761091	273572160.00
2018/05/07	14.43	15.24	14.15	14.94	11230415	297220032.00
2018/05/08	14.48	15.31	14.48	14.82	8957335	240700624.00
2018/05/09	14.59	15.34	14.49	15.31	8354876	224692576.00
2018/05/10	14.90	16.09	14.90	15.54	9852095	276175424.00
2018/05/11	15.59	15.78	14.86	14.99	6471771	177289136.00
2018/05/14	15.04	15.40	14.04	14.22	6491290	172077424.00
2018/05/15	14.50	15.64	14.43	15.64	12103552	331164000.00
2018/05/16	15.48	17.21	15.15	16.57	16162325	475425248.00
2018/05/17	16.10	17.88	15.65	16.70	27262713	460039168.00
2018/05/18	16.64	17.67	16.62	16.89	23947993	410942176.00
2018/05/21	15.75	17.35	15.20	16.91	22894730	370063328.00
2018/05/22	16.51	18.60	16.51	18.60	26769623	474574368.00
2018/05/23	18.70	20.46	18.30	19.00	34685409	679504000.00
2018/05/24	18.96	19.36	17.70	18.00	23110486	423443936.00
2018/05/25	17.95	18.59	17.48	17.58	18412952	331804032.00
2018/05/28	17.06	17.27	15.87	16.24	14288867	235195920.00
2018/05/29	16.09	17.20	16.07	16.62	12679809	210672800.00
2018/05/30	16.00	16.96	15.30	15.68	12240198	199277680.00
2018/05/31	15.90	16.40	15.51	16.40	11071518	177866800.00
2018/06/01	16.28	16.98	15.88	16.20	10520344	171848544.00
2018/06/04	16.02	16.28	15.50	15.58	7406785	117320688.00
2018/06/05	15.64	16.23	15.64	16.21	7193596	115019976.00
2018/06/06	16.12	16.65	15.96	16.51	9552682	155920928.00
2018/06/07	16.40	16.56	16.00	16.01	6349103	102790608.00
2018/06/08	16.18	16.39	15.98	16.10	5424297	87358320.00
2018/06/11	16.00	16.05	14.78	15.05	7956490	122109744.00
2018/06/12	15.16	15.39	14.35	15.29	6160841	92149128.00
2018/06/13	15.27	15.28	14.46	14.55	5558533	82543168.00
2018/06/14	14.29	14.60	14.03	14.15	5007783	71591272.00
2018/06/15	14.32	14.45	12.91	13.11	6035184	81739224.00
2018/06/19	13.10	13.68	11.80	12.29	7850062	100318344.00
2018/06/20	12.11	12.79	12.08	12.60	7109365	89112560.00
2018/06/21	12.58	13.86	12.28	13.27	13462449	179054432.00
2018/06/22	13.00	13.94	12.31	13.66	12076974	159202832.00
2018/06/25	13.53	13.79	13.15	13.29	7947848	107180488.00
2018/06/26	12.89	13.67	12.70	13.51	6246616	83322080.00
2018/06/27	13.69	14.03	13.53	13.61	8963530	123513328.00
2018/06/28	13.70	13.77	12.90	13.01	5996722	80404968.00
2018/06/29	13.04	13.66	13.00	13.51	5934433	79221616.00
2018/07/02	13.73	13.77	13.11	13.29	5540375	74953152.00
2018/07/03	13.44	14.62	13.35	14.62	16356196	233229904.00
2018/07/04	14.75	16.00	14.46	15.42	20796984	313799360.00
2018/07/05	14.96	14.96	14.05	14.15	12195355	176870368.00
2018/07/06	14.22	14.84	13.80	14.54	10447410	151312080.00
2018/07/09	14.59	14.79	14.11	14.73	8825155	128597880.00
2018/07/10	14.64	15.32	14.32	15.12	11411327	170545392.00
2018/07/11	14.60	14.89	14.01	14.52	7430788	107686416.00
2018/07/12	14.14	14.88	14.14	14.70	7823214	114596224.00
2018/07/13	14.41	14.74	14.30	14.43	5535472	80058992.00
2018/07/16	14.45	14.84	14.28	14.58	5860054	85564048.00
2018/07/17	14.64	14.64	14.12	14.45	4350604	62247540.00
2018/07/18	14.56	14.58	13.68	13.79	5215006	74116640.00
2018/07/19	13.80	13.94	12.80	13.00	6581575	87457344.00
2018/07/20	12.86	13.31	12.83	13.17	3926300	51577420.00
2018/07/23	13.18	14.45	13.17	13.71	7535144	104586488.00
2018/07/24	13.75	14.17	13.50	13.86	6426724	88884160.00
2018/07/25	13.98	14.06	13.62	13.70	4863678	67186344.00
2018/07/26	13.95	13.95	13.27	13.37	4239598	57237484.00
2018/07/27	13.38	13.64	13.37	13.39	3076738	41552664.00
2018/07/30	13.25	13.81	13.05	13.62	5181198	69917824.00
2018/07/31	13.63	13.63	13.27	13.35	2965858	39749940.00
2018/08/01	13.63	13.70	12.75	12.95	3179446	42266852.00
2018/08/02	12.57	13.00	11.66	12.19	4940498	60066688.00
2018/08/03	12.15	12.27	11.70	11.72	2796728	33405886.00
2018/08/06	11.72	11.89	10.87	11.04	3071450	34539160.00
2018/08/07	11.10	11.52	11.03	11.39	2741868	30920692.00
2018/08/08	11.43	11.54	11.08	11.11	2670350	30356978.00
2018/08/09	11.08	11.54	11.06	11.38	2826786	32267430.00
2018/08/10	11.38	11.99	11.26	11.70	4092694	47862152.00
2018/08/13	11.37	12.15	11.34	11.90	4116374	48482552.00
2018/08/14	11.79	12.60	11.61	12.18	5644272	68214400.00
2018/08/15	12.14	12.86	12.03	12.50	8134822	102296232.00
2018/08/16	12.01	12.41	11.76	11.87	4275435	51575980.00
2018/08/17	12.09	12.30	11.11	11.44	4256268	49995696.00
2018/08/20	11.35	11.65	10.96	11.38	3213189	36151692.00
2018/08/21	11.38	11.80	11.22	11.56	3280940	37764012.00
2018/08/22	11.42	11.79	11.41	11.55	3101048	35952716.00
2018/08/23	11.56	11.66	11.43	11.58	2550098	29477488.00
2018/08/24	11.51	11.63	11.24	11.29	2362520	26845036.00
2018/08/27	11.30	11.83	11.30	11.72	4165917	48711028.00
2018/08/28	11.61	11.76	11.51	11.66	2648956	30828228.00
2018/08/29	11.66	12.15	11.57	12.08	6152172	73469432.00
2018/08/30	12.02	12.02	11.50	11.61	4064949	47683788.00
2018/08/31	11.64	11.64	11.20	11.24	2341620	26640320.00
2018/09/03	11.24	11.94	11.24	11.81	4237808	49172656.00
2018/09/04	11.68	12.36	11.56	12.12	7489634	90382800.00
2018/09/05	11.93	12.10	11.74	11.75	4834520	57625436.00
2018/09/06	11.70	12.27	11.70	12.00	5148538	61665892.00
2018/09/07	12.01	12.10	11.72	11.90	3782840	45059508.00
2018/09/10	11.96	12.06	11.36	11.40	3340762	39093176.00
2018/09/11	11.36	11.65	11.32	11.54	2100878	24116770.00
2018/09/12	11.41	12.30	11.41	11.99	6785026	81077464.00
2018/09/13	12.09	12.75	11.81	12.54	10870031	133089160.00
2018/09/14	12.43	12.46	11.98	12.04	7213554	88269576.00
2018/09/17	12.18	12.50	11.99	12.42	6824776	84250328.00
2018/09/18	12.21	12.40	12.03	12.38	5056068	61856336.00
2018/09/19	12.29	12.68	12.09	12.50	6609297	82084656.00
2018/09/20	12.36	12.43	12.21	12.23	3656370	44917560.00
2018/09/21	12.42	12.57	12.13	12.35	3347834	41222864.00
2018/09/25	12.29	12.43	12.12	12.35	2412002	29705506.00
2018/09/26	12.24	12.40	12.10	12.14	3516928	42904044.00
2018/09/27	12.10	12.16	11.38	11.48	4196094	49533776.00
2018/09/28	11.53	11.70	11.43	11.53	2284582	26415280.00
2018/10/08	11.37	11.37	10.68	10.86	2602901	28854652.00
2018/10/09	10.88	11.06	10.70	10.90	1735071	18869156.00
2018/10/10	10.90	11.09	10.86	11.01	1660206	18229868.00
2018/10/11	10.70	12.11	10.50	12.11	16130326	192661296.00
2018/10/12	12.06	13.32	11.78	13.32	20357107	254548096.00
2018/10/15	13.50	13.50	12.44	12.52	19137977	247251040.00
2018/10/16	12.86	13.35	12.51	12.62	16094777	208428544.00
2018/10/17	12.16	13.18	11.97	13.08	16281845	205596272.00
2018/10/18	12.49	12.49	11.77	11.77	10004870	119410344.00
2018/10/19	10.82	11.75	10.65	11.28	8521513	95171584.00
2018/10/22	11.50	11.87	11.31	11.71	8007661	93073664.00
2018/10/23	11.73	12.56	11.54	11.86	9498537	113925224.00
2018/10/24	11.79	11.95	11.40	11.52	5974761	69175168.00
2018/10/25	10.90	11.38	10.83	11.35	4133948	46241452.00
2018/10/26	11.54	11.85	11.11	11.26	4508949	51859904.00
2018/10/29	11.25	11.28	10.95	11.10	2764110	30684576.00
2018/10/30	11.10	11.42	10.90	11.41	4114063	46179272.00
2018/10/31	11.47	11.79	11.26	11.56	5701288	65715280.00
2018/11/01	11.46	11.89	11.45	11.47	6547025	76258304.00
2018/11/02	11.55	11.81	11.54	11.75	6343850	74159440.00
2018/11/05	11.85	12.07	11.68	12.03	6693654	79419560.00
2018/11/06	11.84	11.94	11.56	11.69	4371090	51215552.00
2018/11/07	11.77	12.37	11.66	11.83	7285103	87012656.00
2018/11/08	11.83	11.93	11.51	11.54	4586376	53787300.00
2018/11/09	11.41	11.63	11.30	11.53	2890236	33075594.00
2018/11/12	11.46	11.75	11.38	11.75	3630488	42251600.00
2018/11/13	11.55	12.08	11.52	11.88	5587536	66209784.00
2018/11/14	11.79	12.07	11.75	11.89	4626220	55195944.00
2018/11/15	11.80	12.28	11.80	12.16	7044785	84998120.00
2018/11/16	12.14	12.19	11.95	12.08	4894952	59061080.00
2018/11/19	11.99	12.14	11.85	12.11	4278692	51327604.00
2018/11/20	12.01	12.50	11.91	12.23	8928598	109758992.00
2018/11/21	11.95	12.19	11.90	12.18	4107816	49549352.00
2018/11/22	12.18	12.46	12.01	12.07	5192396	63682376.00
2018/11/23	11.96	12.23	11.01	11.06	5740498	65976704.00
2018/11/26	11.08	11.37	11.08	11.26	2927821	32816628.00
2018/11/27	11.28	11.68	11.25	11.50	3524526	40354472.00
2018/11/28	11.49	11.55	11.08	11.44	2984160	33866156.00
2018/11/29	11.46	11.63	11.14	11.18	2845321	32446592.00
2018/11/30	11.11	11.33	11.01	11.25	2283554	25554726.00
2018/12/03	11.40	11.63	11.33	11.48	3023558	34787020.00
2018/12/04	11.55	11.58	11.41	11.51	2360190	27135966.00
2018/12/05	11.40	11.42	11.21	11.29	2260236	25564978.00
2018/12/06	11.32	11.85	11.22	11.48	5383960	62371180.00
2018/12/07	11.40	11.42	11.18	11.24	3052798	34395076.00
2018/12/10	11.23	11.23	11.01	11.05	1745602	19347854.00
2018/12/11	11.08	11.24	11.08	11.20	1389080	15500126.00
2018/12/12	11.25	11.28	11.14	11.15	1392280	15580180.00
2018/12/13	11.18	11.29	11.15	11.22	1950738	21923842.00
2018/12/14	11.29	11.29	10.86	10.90	2176636	24030672.00
2018/12/17	10.77	10.99	10.77	10.94	1130512	12312755.00
2018/12/18	10.97	12.03	10.78	12.03	6899673	81521752.00
2018/12/19	12.02	12.22	11.50	11.55	10689572	126525904.00
2018/12/20	11.42	11.66	11.31	11.47	5520504	63206476.00
2018/12/21	11.40	11.45	11.05	11.19	4355907	48867380.00
2018/12/24	11.19	11.86	11.15	11.56	6503380	75168144.00
2018/12/25	11.08	11.39	10.86	11.31	5065942	56524084.00
2018/12/26	11.39	11.42	11.17	11.18	3173248	35783240.00
2018/12/27	11.41	11.41	10.98	10.98	3507660	39253820.00
2018/12/28	11.03	11.23	10.97	11.00	2289932	25376428.00
2019/01/02	11.13	11.65	11.12	11.47	7181348	82231880.00
2019/01/03	11.69	12.62	11.55	11.92	15255872	185131936.00
数据来源:通达信
