300422 博世科 日线 前复权
      日期	    开盘	    最高	    最低	    收盘	    成交量	    成交额
2015/02/17	2.30	2.78	2.30	2.78	9900	141932.00
2015/02/25	3.06	3.06	3.06	3.06	3630	57499.20
2015/02/26	3.38	3.38	3.38	3.38	2000	34840.00
2015/02/27	3.73	3.73	3.73	3.73	3700	70892.00
2015/03/02	4.11	4.11	4.11	4.11	3600	75888.00
2015/03/03	4.53	4.53	4.53	4.53	20680	479569.19
2015/03/04	5.00	5.00	5.00	5.00	50001	1275525.50
2015/03/05	5.51	5.51	5.51	5.51	40900	1147654.00
2015/03/06	6.07	6.07	6.07	6.07	73820	2278823.50
2015/03/09	6.69	6.69	6.69	6.69	373649	12689120.00
2015/03/10	7.37	7.37	7.37	7.37	258800	9668768.00
2015/03/11	8.11	8.11	8.11	8.11	313831	12898454.00
2015/03/12	8.94	8.94	8.94	8.94	200752	9075998.00
2015/03/13	9.84	9.84	9.84	9.84	213550	10619842.00
2015/03/16	10.83	10.83	10.83	10.83	129621	7090268.50
2015/03/17	11.93	11.93	11.14	11.93	10691582	635518464.00
2015/03/18	10.89	11.87	10.72	11.53	6875534	392809088.00
2015/03/19	11.49	12.61	11.25	11.99	6142295	370314528.00
2015/03/20	11.62	11.88	11.49	11.73	3689472	217017328.00
2015/03/23	11.64	11.73	11.40	11.63	3560451	207493344.00
2015/03/24	11.63	12.81	11.57	12.81	6591147	402690560.00
2015/03/25	12.54	12.75	12.25	12.36	4370184	274540864.00
2015/03/26	12.08	12.08	11.12	11.25	4061995	235935328.00
2015/03/27	11.26	11.39	11.09	11.33	1432223	81503392.00
2015/03/30	11.26	11.38	10.81	11.01	2084794	116497224.00
2015/03/31	11.10	11.41	11.09	11.20	1813089	103363344.00
2015/04/01	11.25	11.49	11.15	11.41	1596211	91758632.00
2015/04/02	11.37	12.02	11.37	11.76	2804463	165662960.00
2015/04/03	11.55	11.95	11.39	11.92	2504500	148351808.00
2015/04/07	11.80	12.56	11.80	12.42	3162755	193299424.00
2015/04/08	12.39	12.39	11.53	11.86	3030006	182524592.00
2015/04/09	11.69	11.87	11.13	11.85	2327629	135125408.00
2015/04/10	11.65	12.29	11.61	12.00	2467486	150110400.00
2015/04/13	11.83	13.21	11.83	13.21	3477934	223141616.00
2015/04/14	14.55	14.55	14.55	14.55	411479	30153182.00
2015/04/15	14.69	16.01	13.31	15.11	6345939	459088416.00
2015/04/16	13.89	15.85	13.64	14.61	5060602	377180288.00
2015/04/17	14.62	14.94	13.49	13.61	3460144	243347776.00
2015/04/20	13.65	14.09	12.99	13.00	2594572	177533856.00
2015/04/21	13.05	14.00	13.05	13.91	2236274	153225392.00
2015/04/22	13.89	14.89	13.49	14.69	2929782	211118720.00
2015/04/23	14.67	14.98	14.35	14.52	2327903	172024576.00
2015/04/24	14.29	14.46	13.77	14.22	1831911	130347112.00
2015/04/27	14.30	15.51	14.29	14.66	1634473	122055632.00
2015/04/28	15.49	16.13	15.39	16.13	4585296	368301344.00
2015/04/29	16.71	17.76	16.58	17.76	3222075	279969280.00
2015/04/30	18.54	18.80	16.97	16.98	3117089	280315072.00
2015/05/04	16.69	17.67	16.39	16.74	1894653	162846480.00
2015/05/05	16.59	17.48	16.10	16.95	2129785	179615344.00
2015/05/06	17.49	17.89	17.05	17.64	1524990	134085112.00
2015/05/07	17.64	19.41	17.64	19.22	2791785	266237696.00
2015/05/08	19.39	21.16	19.06	21.16	1355230	137545984.00
2015/05/11	21.89	23.09	21.20	22.06	1994741	222578752.00
2015/05/12	21.69	23.22	20.77	21.48	2965899	323204832.00
2015/05/13	20.49	21.66	19.69	20.71	2164554	225104592.00
2015/05/14	20.65	22.79	20.35	22.79	2390723	263875888.00
2015/05/15	22.29	23.80	20.50	22.21	2518811	278002976.00
2015/05/18	22.12	24.30	21.59	24.30	1723763	204080368.00
2015/05/19	24.88	25.24	23.22	23.95	1581539	189714880.00
2015/05/20	23.44	25.88	23.39	23.45	2005540	248322896.00
2015/05/21	23.29	23.98	22.69	23.34	1492829	174510368.00
2015/05/22	23.43	24.20	22.29	22.83	1592111	183720192.00
2015/05/25	21.88	24.88	21.39	24.08	1952992	230223488.00
2015/05/26	24.03	26.50	23.58	26.50	1586590	203521760.00
2015/05/27	27.06	28.88	25.44	28.28	1693246	231978864.00
2015/05/28	28.04	30.88	25.44	25.44	2189550	315580064.00
2015/05/29	24.20	26.68	23.29	24.30	2014907	249538128.00
2015/06/01	24.48	25.06	23.39	23.93	1636567	196285840.00
2015/06/02	23.93	25.12	23.22	24.48	1419831	172810496.00
2015/06/03	24.38	24.87	23.49	24.09	1086213	131502224.00
2015/06/04	24.15	24.24	21.67	21.67	1698054	190806224.00
2015/06/05	22.39	22.97	20.80	21.83	1537872	169999040.00
2015/06/08	22.09	22.68	21.49	22.27	1252628	139155552.00
2015/06/09	22.25	23.87	22.23	23.77	1539895	180138992.00
2015/06/10	23.68	24.90	23.27	24.36	1269236	155330896.00
2015/06/11	24.87	24.88	23.45	23.60	1558284	188042896.00
2015/06/12	23.32	23.60	21.89	22.49	1460807	166164320.00
2015/06/15	22.49	22.49	20.23	20.23	1739577	181036464.00
2015/06/16	19.25	20.59	18.79	20.29	1336101	132201944.00
2015/06/17	20.19	21.25	20.09	20.95	907012	94714616.00
2015/06/18	21.09	21.24	19.29	19.69	836909	85613504.00
2015/06/19	19.09	20.33	18.69	18.80	805410	79418080.00
2015/06/23	19.27	20.47	18.61	20.47	1183281	116679912.00
2015/06/24	21.29	22.47	21.28	22.45	1621673	177941920.00
2015/06/25	22.28	22.28	20.26	20.49	909409	98151288.00
2015/06/26	19.86	21.37	18.50	19.51	1435524	142735232.00
2015/06/29	20.49	21.29	17.55	20.01	1887875	187122176.00
2015/06/30	19.53	21.30	18.00	21.27	1892424	186717488.00
2015/07/01	21.05	22.56	20.29	20.39	1620330	176565312.00
2015/07/02	19.87	21.29	18.85	19.23	1280706	128404360.00
2015/07/03	18.69	20.01	17.30	17.30	1481354	134214760.00
2015/07/06	18.89	18.89	15.56	15.56	1688101	143433456.00
2015/07/15	17.13	17.13	15.56	16.13	1705590	143922080.00
2015/07/16	14.50	16.69	14.50	14.52	1877734	144383392.00
2015/07/17	14.49	15.98	14.49	15.89	1426686	110903192.00
2015/07/20	15.99	16.95	15.57	16.00	1539262	125370536.00
2015/07/21	15.79	17.60	15.36	17.60	1954421	167040256.00
2015/07/22	17.50	18.22	16.80	17.53	1998435	174526512.00
2015/07/23	17.52	19.10	17.33	18.66	1788990	164918432.00
2015/07/24	18.97	19.50	18.50	18.87	1823926	174147376.00
2015/07/27	18.40	19.00	16.97	16.97	1627218	146960080.00
2015/07/28	15.60	16.88	15.27	15.27	1892617	147593216.00
2015/07/29	15.70	15.87	13.78	15.66	2044372	152110304.00
2015/07/30	15.50	15.80	14.52	14.63	1362067	104474984.00
2015/07/31	14.11	14.70	13.89	14.04	910371	65368700.00
2015/08/03	14.00	14.40	12.64	12.81	1131942	76637816.00
2015/08/04	12.90	14.09	12.90	14.09	1124670	77060216.00
2015/08/05	13.90	14.62	13.72	14.05	1161237	83326640.00
2015/08/06	13.66	15.10	13.66	14.63	1128985	82642168.00
2015/08/07	14.64	15.49	14.51	15.28	1064654	80834240.00
2015/08/10	15.31	16.62	15.30	16.18	1171525	93747744.00
2015/08/11	16.18	16.76	16.02	16.30	1133590	93811024.00
2015/08/12	16.20	16.60	15.30	15.30	1137784	91364904.00
2015/08/13	15.16	15.70	14.80	15.54	1016577	78176320.00
2015/08/14	15.60	15.94	15.42	15.56	1052948	82877064.00
2015/08/17	15.50	15.74	14.84	15.04	1078060	82505192.00
2015/08/18	15.09	15.20	13.53	13.60	1355071	97246376.00
2015/08/19	13.28	13.96	12.50	13.90	1084321	72430184.00
2015/08/20	13.70	14.00	13.38	13.46	668800	45963552.00
2015/08/21	13.10	13.62	12.90	12.95	810712	54511596.00
2015/08/24	12.55	12.55	11.65	11.65	808482	48095092.00
2015/08/25	10.49	10.98	10.48	10.48	1166698	62472456.00
2015/08/26	10.60	11.33	9.96	10.52	2122213	114420376.00
2015/08/27	11.02	11.40	10.66	11.39	1453356	80817848.00
2015/08/28	11.67	12.30	11.36	12.09	1028310	60661960.00
2015/08/31	11.90	11.98	11.30	11.33	860463	50727504.00
2015/09/01	11.21	11.23	10.18	10.18	1068120	56511372.00
2015/09/02	9.34	10.62	9.31	9.63	1245441	61739996.00
2015/09/07	10.06	10.61	9.92	10.30	1007510	52020952.00
2015/09/08	10.14	11.26	10.14	11.22	900075	48308552.00
2015/09/09	11.48	11.90	11.26	11.85	1329089	78168872.00
2015/09/10	11.51	12.29	11.51	11.87	1204178	72293928.00
2015/09/11	11.86	12.07	11.58	11.80	833961	49827736.00
2015/09/14	11.96	12.18	10.61	10.70	1442685	82613888.00
2015/09/15	10.46	10.80	9.81	10.30	823027	43172292.00
2015/09/16	10.55	11.34	10.41	11.34	733009	39972084.00
2015/09/17	11.28	12.24	11.04	11.70	1288141	76681560.00
2015/09/18	11.86	12.48	11.77	12.16	1139130	69368584.00
2015/09/21	11.92	13.38	11.90	13.38	1694791	109975128.00
2015/09/22	13.50	14.05	13.16	13.50	1684574	115363320.00
2015/09/23	13.08	14.42	13.02	14.23	2293170	160955664.00
2015/09/24	14.74	15.46	13.53	13.59	4968400	177344672.00
2015/09/25	13.26	13.69	12.48	13.06	3405090	112853376.00
2015/09/28	13.14	13.70	12.70	13.57	2450309	82231512.00
2015/09/29	13.10	13.97	12.78	13.34	2434976	82493952.00
2015/09/30	13.43	13.58	12.87	13.17	1572730	52246888.00
2015/10/08	13.73	13.98	13.52	13.80	2230141	77720672.00
2015/10/09	13.76	14.20	13.70	14.00	1947262	68565224.00
2015/10/12	14.17	15.30	14.17	15.27	3203236	118443656.00
2015/10/13	15.06	15.54	14.87	15.29	2641624	101492200.00
2015/10/14	15.11	16.27	15.11	15.73	3543873	140524768.00
2015/10/15	16.31	17.32	16.13	17.32	5581160	239228256.00
2015/10/16	17.32	17.85	16.70	17.69	5446028	237373712.00
2015/10/19	17.86	17.88	16.70	17.12	4228992	184855760.00
2015/10/20	16.81	17.38	16.71	17.31	3426647	147431680.00
2015/10/21	17.20	17.30	15.57	15.57	4281153	177211408.00
2015/10/22	15.51	16.69	15.50	16.47	2952184	119117592.00
2015/10/23	16.44	17.81	16.44	17.60	3905727	167871632.00
2015/10/26	18.06	18.52	17.42	17.98	4641438	211600656.00
2015/10/27	17.14	18.14	16.50	17.74	3457253	150208592.00
2015/10/28	17.50	18.14	16.86	16.86	2683496	118662984.00
2015/10/29	17.09	17.30	16.59	17.00	1935088	82649384.00
2015/10/30	16.80	17.17	16.42	16.54	2309827	97427688.00
2015/11/02	15.89	17.65	15.70	16.67	3238703	137423584.00
2015/11/03	16.82	17.86	16.74	17.80	3579619	156933776.00
2015/11/04	17.91	18.84	17.91	18.49	4258409	197047872.00
2015/11/05	18.68	19.10	17.98	18.26	3912495	182271280.00
2015/11/06	18.20	19.02	18.18	18.70	3295176	154110880.00
2015/11/09	18.34	19.87	17.58	19.78	4782196	226224480.00
2015/11/10	19.49	20.49	19.30	19.67	3929600	196613312.00
2015/11/11	19.86	21.18	19.46	21.18	4325836	222761136.00
2015/11/12	21.68	23.31	21.10	22.78	5638020	311131424.00
2015/11/13	22.30	22.52	20.49	20.49	5794654	307745888.00
2015/11/16	19.18	20.92	19.12	20.57	3100928	157468352.00
2015/11/17	20.97	21.89	20.56	20.86	4218863	225125664.00
2015/11/18	20.70	20.85	19.16	19.38	2764171	139532768.00
2015/11/19	19.62	20.54	19.50	20.41	2110195	105855392.00
2015/11/20	20.42	21.29	20.34	20.60	2434816	127361424.00
2015/11/23	20.50	20.50	19.59	19.66	2775611	139407184.00
2015/11/24	19.89	20.62	19.66	20.62	2665535	134898368.00
2015/11/25	20.54	21.34	19.90	21.20	3640013	189916832.00
2015/11/26	21.50	21.54	20.21	20.36	2862048	149960320.00
2015/11/27	20.26	20.66	18.34	18.58	2794850	138412160.00
2015/11/30	18.58	19.86	17.70	19.70	2817605	134252176.00
2015/12/01	19.80	21.10	19.70	20.26	3961906	203145328.00
2015/12/02	19.90	19.90	18.26	19.02	2738317	130400392.00
2015/12/03	18.86	19.69	18.70	19.47	1763554	85641872.00
2015/12/04	19.11	19.58	18.72	19.00	1872081	90306288.00
2015/12/07	19.02	19.40	18.70	19.22	1570798	75349976.00
2015/12/08	19.16	19.28	18.64	18.64	1432309	68021352.00
2015/12/09	18.39	18.74	17.86	18.05	1720682	78510504.00
2015/12/10	18.06	18.40	18.04	18.14	1071095	48958028.00
2015/12/11	18.18	18.30	17.91	17.95	701506	31727718.00
2015/12/14	17.95	18.50	17.90	18.47	1206750	55121520.00
2015/12/15	18.61	18.90	18.51	18.65	1129201	53179840.00
2015/12/16	18.58	19.28	18.58	19.16	1550632	74217176.00
2015/12/17	19.38	20.16	19.38	19.96	2787357	139165936.00
2015/12/18	19.74	20.14	19.30	19.42	1779103	87506272.00
2015/12/21	19.46	19.49	18.91	19.40	1342175	64850748.00
2015/12/22	19.40	19.77	19.40	19.66	1288870	63412812.00
2015/12/23	19.69	19.80	19.10	19.15	1246274	60714364.00
2015/12/24	19.18	19.25	18.58	19.18	864967	41085472.00
2015/12/25	19.18	19.41	18.82	19.05	927349	44642344.00
2015/12/28	19.18	19.22	17.92	18.03	1572983	74040344.00
2015/12/29	18.08	18.14	17.50	18.12	1213865	54429092.00
2015/12/30	18.18	19.10	17.99	18.64	1633556	76135768.00
2015/12/31	18.66	18.78	17.90	17.92	1163056	53564592.00
2016/01/04	18.15	18.42	16.20	16.45	1262885	56481616.00
2016/01/05	14.91	16.66	14.91	15.86	1870530	74146792.00
2016/01/06	16.14	16.28	15.50	16.15	1237194	49780076.00
2016/01/07	15.90	15.90	14.53	14.53	322000	12158659.00
2016/01/08	15.10	15.30	13.34	14.34	1379129	50378700.00
2016/01/11	13.90	14.22	12.90	12.90	1502820	51107924.00
2016/01/12	12.70	13.34	12.70	13.10	1246219	40956140.00
2016/01/13	13.90	14.42	12.86	12.90	1586859	53872084.00
2016/01/14	11.91	13.70	11.71	13.54	1573155	51383876.00
2016/01/15	13.25	13.89	12.70	13.10	1333034	44854884.00
2016/01/18	13.10	13.76	12.65	13.60	1373233	46137984.00
2016/01/19	13.54	14.22	13.54	14.12	1758823	61872540.00
2016/01/20	14.02	14.17	13.74	13.81	1224352	42932512.00
2016/01/21	13.42	14.13	13.31	13.54	1053586	36556236.00
2016/01/22	13.74	13.86	13.02	13.59	1420851	47929232.00
2016/01/25	13.90	13.96	13.50	13.71	1145800	39593816.00
2016/01/26	13.71	13.71	12.33	12.33	1249700	40643256.00
2016/01/27	12.34	12.62	11.86	12.59	1166794	36272908.00
2016/01/28	12.42	12.80	12.10	12.22	883699	27820506.00
2016/01/29	11.92	12.95	11.90	12.70	1629385	51222792.00
2016/02/01	12.70	12.86	11.86	12.08	1176068	36502796.00
2016/02/02	11.96	12.69	11.96	12.58	1267172	39761824.00
2016/02/03	12.38	12.54	11.97	12.38	1270726	39292560.00
2016/02/04	12.44	12.92	12.44	12.90	1675013	53669184.00
2016/02/05	12.85	12.97	12.50	12.50	1264810	40318772.00
2016/02/15	11.86	12.42	11.86	12.32	775186	23731986.00
2016/02/16	12.26	13.10	12.26	13.06	1694565	54645416.00
2016/02/17	12.99	13.48	12.88	13.47	1876192	61928988.00
2016/02/18	13.47	13.57	13.20	13.26	1686750	57054484.00
2016/02/19	13.23	13.89	13.12	13.71	1966251	67262024.00
2016/02/22	14.22	14.22	13.75	13.93	1558541	54688328.00
2016/02/23	13.94	14.37	13.70	13.89	1315675	46383184.00
2016/02/24	13.75	13.97	13.26	13.73	1284736	43868708.00
2016/02/25	13.48	13.48	12.35	12.35	1596750	52301328.00
2016/02/26	12.35	12.54	11.30	11.64	3006689	89463408.00
2016/02/29	11.58	11.58	10.47	10.47	1708300	46011328.00
2016/03/01	10.45	10.76	9.80	10.47	2290197	59218596.00
2016/03/02	10.30	10.94	10.18	10.92	2066410	55276472.00
2016/03/03	10.92	11.43	10.90	10.97	2029407	57118652.00
2016/03/04	10.90	10.90	9.90	10.18	1818448	47815016.00
2016/03/07	10.31	10.86	10.30	10.52	1386529	37121916.00
2016/03/08	10.50	10.74	9.80	10.62	1546673	40255488.00
2016/03/09	10.33	10.94	10.21	10.70	1528090	40858280.00
2016/03/10	10.70	10.84	10.22	10.28	1794590	47308644.00
2016/03/11	10.11	10.42	9.98	10.28	894666	23039572.00
2016/03/14	10.38	11.02	10.38	10.88	2123290	57964564.00
2016/03/15	10.79	10.96	10.66	10.70	1604407	43736292.00
2016/03/16	10.84	10.97	10.33	10.48	1910540	51167076.00
2016/03/17	10.51	11.24	10.41	11.10	3212309	88209152.00
2016/03/18	11.22	12.08	11.18	11.94	3594258	105920240.00
2016/03/21	12.10	12.74	12.10	12.45	3707203	116284560.00
2016/03/22	12.30	12.42	12.14	12.22	1867050	57802492.00
2016/03/23	12.22	12.76	12.10	12.75	2687301	84236176.00
2016/03/24	12.65	12.82	12.24	12.26	3169079	100003104.00
2016/03/25	12.15	12.41	11.93	12.22	1619704	49707744.00
2016/03/28	12.30	12.48	10.98	11.83	2151456	65857192.00
2016/03/29	11.78	11.94	11.28	11.46	1654160	48137640.00
2016/03/30	11.62	12.22	11.52	12.21	1850952	55561276.00
2016/03/31	12.34	12.48	12.14	12.20	2201274	68337592.00
2016/04/01	12.02	12.20	11.70	12.20	1844733	55633964.00
2016/04/05	12.18	12.78	12.14	12.76	2409765	76105808.00
2016/04/06	12.76	13.09	12.59	12.90	2302902	74835024.00
2016/04/07	13.06	13.10	12.22	12.42	3891382	123228704.00
2016/04/08	12.26	12.57	12.10	12.52	1680133	52062648.00
2016/04/11	12.70	13.01	12.70	12.76	2225733	72136288.00
2016/04/12	12.92	12.98	12.32	12.61	1509329	48114332.00
2016/04/13	12.61	13.88	12.61	13.62	5533508	187799376.00
2016/04/14	13.46	13.77	13.26	13.68	4208298	142662112.00
2016/04/15	13.54	13.54	13.14	13.34	4906618	164693056.00
2016/04/18	13.54	13.73	12.95	13.09	3263459	108925784.00
2016/04/19	13.29	14.37	13.26	14.10	7033413	244783856.00
2016/04/20	14.42	14.54	12.88	13.39	5951354	204947312.00
2016/04/21	13.70	13.74	13.16	13.22	3268181	111106896.00
2016/04/22	13.11	13.38	12.66	12.92	2176766	70932712.00
2016/04/25	12.92	13.04	12.50	12.79	2161411	68917696.00
2016/04/26	12.72	13.45	12.72	13.44	2344174	78030200.00
2016/04/27	13.35	14.14	13.34	13.95	4430727	155114320.00
2016/04/28	13.90	13.96	13.11	13.91	4635517	158601072.00
2016/04/29	13.78	14.13	13.55	13.92	2601807	90914776.00
2016/05/03	13.84	14.64	13.72	14.57	3363981	121311112.00
2016/05/04	14.54	14.93	14.26	14.27	3493852	128239024.00
2016/05/05	14.30	14.46	13.93	14.30	2791213	99780640.00
2016/05/06	14.30	14.31	13.41	13.41	3550124	123326720.00
2016/05/09	13.10	13.32	12.31	12.38	2937423	94405456.00
2016/05/10	12.50	12.60	12.15	12.32	1848950	57437216.00
2016/05/11	12.36	12.50	12.18	12.18	1497906	46573304.00
2016/05/12	12.18	12.56	12.13	12.43	2018391	62770848.00
2016/05/13	12.25	12.54	12.18	12.27	1251609	38881504.00
2016/05/16	12.27	12.50	12.18	12.46	1441948	44946636.00
2016/05/17	12.70	12.70	12.30	12.32	1763779	55458708.00
2016/05/18	12.25	12.25	11.08	11.10	3852310	110606384.00
2016/05/19	11.10	11.40	11.01	11.16	1918424	54338644.00
2016/05/20	11.05	11.42	10.87	11.42	1933889	54553164.00
2016/05/23	11.42	12.12	11.42	12.08	2940710	87275360.00
2016/05/24	12.06	12.06	11.64	11.82	1505574	44702784.00
2016/05/25	11.90	12.10	11.66	11.84	1348208	40347688.00
2016/05/26	11.77	12.01	11.37	12.01	1438388	42545596.00
2016/05/27	12.23	12.24	12.00	12.00	1303370	39622896.00
2016/05/30	11.90	12.24	11.71	12.07	1224719	36902688.00
2016/05/31	12.07	12.71	12.00	12.67	2472303	77459520.00
2016/06/01	13.12	13.81	12.76	12.82	6038244	198678736.00
2016/06/02	12.71	12.81	12.58	12.66	3791838	120838064.00
2016/06/03	12.74	12.93	12.60	12.79	3660477	117420960.00
2016/06/06	12.82	13.05	12.73	12.93	3130648	101479088.00
2016/06/07	12.97	12.98	12.70	12.95	2150927	69387144.00
2016/06/08	12.93	12.98	12.73	12.84	2029535	65568564.00
2016/06/13	12.65	12.65	11.57	11.57	2733680	83717448.00
2016/06/14	11.53	11.73	11.45	11.63	1580588	45987852.00
2016/06/15	11.61	12.26	11.45	12.09	1583630	47640948.00
2016/06/16	12.11	12.13	11.83	11.90	1422662	42810792.00
2016/06/17	11.98	12.42	11.93	12.21	2329297	71683752.00
2016/06/20	12.25	12.41	11.98	12.41	1434187	43984024.00
2016/06/21	12.45	12.53	12.08	12.12	1491408	46121432.00
2016/06/22	12.01	12.46	11.96	12.45	1668130	51564620.00
2016/06/23	12.32	12.75	12.32	12.47	1805367	56866480.00
2016/06/24	12.37	12.51	11.73	12.22	1797810	55450020.00
2016/06/27	12.13	12.73	12.02	12.69	2199296	69347736.00
2016/06/28	12.68	12.96	12.39	12.89	2302227	73837432.00
2016/06/29	13.00	13.07	12.76	12.80	2050929	66352048.00
2016/06/30	12.81	13.24	12.77	13.18	2595232	85031512.00
2016/07/01	13.12	13.27	12.90	13.23	2715990	89266944.00
2016/07/04	13.24	13.76	13.09	13.75	6320391	213020384.00
2016/07/05	13.55	13.71	13.39	13.54	4149570	141224144.00
2016/07/06	13.45	13.53	13.21	13.40	2404855	80791056.00
2016/07/07	13.39	13.51	13.14	13.40	2691626	90158872.00
2016/07/08	13.35	13.41	13.22	13.28	1830209	61295796.00
2016/07/11	13.27	13.38	12.82	12.83	2533919	83730016.00
2016/07/12	12.84	13.12	12.65	13.10	2324030	75331704.00
2016/07/13	12.81	13.56	12.81	13.55	3226927	108282872.00
2016/07/14	13.45	13.47	13.29	13.39	1693336	56870528.00
2016/07/15	13.45	13.45	13.17	13.17	1537496	51292824.00
2016/07/18	13.19	13.71	13.17	13.53	3453313	117253632.00
2016/07/19	13.52	13.87	13.37	13.83	3383922	115923112.00
2016/07/20	13.79	14.00	13.62	13.62	2287350	79065200.00
2016/07/21	13.62	13.70	13.48	13.53	1586203	54128592.00
2016/07/22	13.49	13.59	13.29	13.29	1482389	49992812.00
2016/07/25	13.33	13.47	13.19	13.27	933891	31278694.00
2016/07/26	13.29	13.61	13.29	13.59	1273337	43172824.00
2016/07/27	13.64	13.68	12.22	12.54	2606388	84964400.00
2016/07/28	12.54	12.80	11.93	12.26	2206043	68532352.00
2016/07/29	12.29	12.35	12.09	12.21	1110064	34118436.00
2016/08/01	12.13	12.43	11.93	12.35	1104628	33617020.00
2016/08/02	12.37	12.53	12.27	12.42	672332	20953856.00
2016/08/03	12.41	12.50	12.33	12.37	645901	20140586.00
2016/08/04	12.39	12.52	12.29	12.47	609801	19053452.00
2016/08/05	12.49	12.60	12.20	12.23	881876	27497762.00
2016/08/08	12.29	12.36	11.96	12.34	619029	18975678.00
2016/08/09	12.42	12.68	12.25	12.59	1035979	32645554.00
2016/08/10	12.70	12.90	12.57	12.57	996457	31842992.00
2016/08/11	12.45	12.58	12.33	12.33	747763	23345252.00
2016/08/12	12.34	12.52	12.26	12.48	911668	28461752.00
2016/08/15	12.49	12.93	12.41	12.83	1587460	50809340.00
2016/08/16	13.05	13.90	13.04	13.40	3817646	129790328.00
2016/08/17	13.37	13.56	13.17	13.44	2204799	74076984.00
2016/08/18	13.39	13.56	13.05	13.19	1928390	64178124.00
2016/08/19	13.25	13.49	12.97	13.41	1946069	65034980.00
2016/08/22	13.39	13.80	13.25	13.27	2915516	99747528.00
2016/08/23	13.37	13.60	13.27	13.45	1611508	54544368.00
2016/08/24	13.53	14.80	13.53	14.49	8091178	293283680.00
2016/08/25	14.17	15.94	14.17	15.94	12130709	470539520.00
2016/08/26	16.33	17.03	15.43	16.33	12547014	507436224.00
2016/08/29	16.23	17.53	15.83	16.41	11113909	462715776.00
2016/08/30	16.19	16.23	15.50	15.52	7956233	316182560.00
2016/08/31	15.57	15.96	15.32	15.49	5292105	207441760.00
2016/09/01	15.37	15.77	15.32	15.32	4094412	159475280.00
2016/09/02	15.30	15.53	15.07	15.34	4099057	157504544.00
2016/09/05	15.37	16.00	15.18	15.83	6391979	252475952.00
2016/09/06	15.86	16.56	15.23	16.46	7623807	307225920.00
2016/09/07	16.37	17.92	16.13	17.12	9772328	422817664.00
2016/09/08	16.84	17.11	16.28	16.63	6096984	254369088.00
2016/09/09	16.53	16.69	15.65	15.67	5710200	230769088.00
2016/09/12	15.21	15.83	15.13	15.60	4733234	184690880.00
2016/09/13	15.68	15.75	14.97	15.19	5184489	199539664.00
2016/09/23	15.62	16.31	15.46	15.89	6207372	248564848.00
2016/09/26	15.73	16.56	15.73	15.95	5589816	227421344.00
2016/09/27	15.43	15.59	14.43	15.05	5696538	213610752.00
2016/09/28	14.75	15.20	14.59	14.95	2592334	96667056.00
2016/09/29	14.85	15.12	14.77	14.80	2047628	76714152.00
2016/09/30	15.00	15.46	14.93	15.26	2670135	102127944.00
2016/10/10	15.43	16.79	15.41	16.69	7018433	287645536.00
2016/10/11	16.66	16.71	16.23	16.45	4082417	168406144.00
2016/10/12	16.11	16.33	15.96	16.18	3978457	160928432.00
2016/10/13	16.29	17.27	16.29	16.81	7345601	311581280.00
2016/10/14	17.19	17.59	16.65	16.69	5757490	246136128.00
2016/10/17	16.41	16.61	16.15	16.30	3107801	127795760.00
2016/10/18	16.23	17.94	16.23	17.94	8210446	356261472.00
2016/10/19	18.12	18.20	17.48	17.56	7971345	354951296.00
2016/10/20	17.70	18.26	17.37	17.50	6518131	290673600.00
2016/10/21	17.40	17.92	17.13	17.77	5169727	226786960.00
2016/10/24	17.60	17.60	17.18	17.27	5659204	246484608.00
2016/10/25	17.24	17.24	16.90	17.18	4227447	181197184.00
2016/10/26	17.08	17.46	16.74	17.04	3587768	154301552.00
2016/10/27	16.94	17.34	16.91	17.20	3657595	157542560.00
2016/10/28	17.17	17.17	16.73	16.73	2851049	120953688.00
2016/10/31	16.66	16.88	16.59	16.84	2008765	84503800.00
2016/11/01	16.81	17.64	16.81	17.45	4285220	186699632.00
2016/11/02	17.30	17.51	16.95	16.99	3193917	137357936.00
2016/11/03	16.91	16.91	16.33	16.73	4527988	189305712.00
2016/11/04	16.61	16.88	16.35	16.53	3180913	132456192.00
2016/11/07	16.62	16.76	16.44	16.54	2166085	90520504.00
2016/11/08	16.65	16.71	16.41	16.49	1911356	79245016.00
2016/11/09	16.55	16.58	15.69	16.11	3417205	138475264.00
2016/11/10	16.28	16.60	16.15	16.50	2334153	96025008.00
2016/11/11	16.56	16.56	16.05	16.29	2363718	96507560.00
2016/11/14	16.15	16.48	16.15	16.27	1829097	74998968.00
2016/11/15	16.22	16.55	15.93	16.54	2957448	120572336.00
2016/11/16	16.45	16.82	16.45	16.51	3010809	125912528.00
2016/11/17	16.35	16.36	16.05	16.11	1814913	73703728.00
2016/11/18	16.11	16.50	16.11	16.30	1594759	65498788.00
2016/11/21	16.31	16.90	16.26	16.84	3745655	156849232.00
2016/11/22	17.04	17.76	16.99	17.24	6501345	284018432.00
2016/11/23	17.03	17.20	16.66	16.73	3558022	151249024.00
2016/11/24	16.72	16.84	16.25	16.33	2524100	104758000.00
2016/11/25	16.33	16.71	16.21	16.69	2143837	88606584.00
2016/11/28	16.70	16.80	16.33	16.33	1853638	76569040.00
2016/11/29	16.29	16.33	15.56	15.65	2910493	116763704.00
2016/11/30	15.63	15.91	15.55	15.80	1715587	67959240.00
2016/12/01	15.84	15.91	15.61	15.75	1742724	68875200.00
2016/12/02	15.65	15.84	14.73	14.77	3766170	142860832.00
2016/12/05	14.71	15.25	14.64	15.05	2106098	79692040.00
2016/12/06	15.23	15.24	14.95	15.05	1212976	45845956.00
2016/12/07	14.98	15.32	14.98	15.28	1136176	43289304.00
2016/12/08	15.33	15.43	14.83	14.88	1649500	62338408.00
2016/12/09	14.87	15.07	14.77	14.86	1335274	50055592.00
2016/12/12	14.92	14.93	13.87	13.89	2492800	89456280.00
2016/12/13	13.89	14.29	13.87	14.04	1602286	56792660.00
2016/12/14	13.89	14.10	13.41	13.43	3220949	110471320.00
2016/12/15	13.45	13.87	13.41	13.67	1551758	53402976.00
2016/12/16	13.67	14.00	13.63	13.91	1740634	60669640.00
2016/12/19	14.07	14.22	13.93	14.01	1325980	46855464.00
2016/12/20	14.09	14.22	14.05	14.07	1273091	45262688.00
2016/12/21	14.05	14.67	14.05	14.49	2246050	81217288.00
2016/12/22	14.51	14.81	14.33	14.50	1762635	64200388.00
2016/12/23	14.52	14.52	14.25	14.27	1390070	50193948.00
2016/12/26	14.21	14.79	14.07	14.77	1477788	53983268.00
2016/12/27	14.97	15.77	14.97	15.37	3805560	147213664.00
2016/12/28	15.27	15.65	15.27	15.49	2629806	102513832.00
2016/12/29	15.53	15.85	15.29	15.73	2412301	94701760.00
2016/12/30	15.61	16.28	15.49	16.22	3663509	147590928.00
2017/01/03	15.97	16.25	15.48	15.56	2415476	95643176.00
2017/01/04	15.56	15.72	15.42	15.54	1490061	58078364.00
2017/01/05	15.52	15.63	15.29	15.42	1364972	52842792.00
2017/01/06	15.34	15.62	15.21	15.22	1710317	66115420.00
2017/01/09	15.20	15.92	15.16	15.81	2565790	100908864.00
2017/01/10	15.79	16.16	15.69	16.05	3288134	131735936.00
2017/01/11	15.96	16.40	15.87	16.04	2785027	112924432.00
2017/01/12	15.99	16.09	15.65	15.75	1963216	77742584.00
2017/01/13	15.61	15.77	15.24	15.71	1580678	61224812.00
2017/01/16	15.71	15.71	14.13	14.57	3304422	123375864.00
2017/01/17	14.38	14.73	13.93	14.61	1538372	55525776.00
2017/01/18	14.48	14.73	14.41	14.55	742552	27109786.00
2017/01/19	14.69	14.69	14.17	14.35	948300	34164320.00
2017/01/20	14.15	14.69	14.15	14.63	765251	27978622.00
2017/01/23	14.72	14.91	14.55	14.62	667900	24641496.00
2017/01/24	14.62	15.91	14.62	15.10	2628112	100896680.00
2017/01/25	14.57	15.67	14.57	15.53	1868410	72062512.00
2017/01/26	15.53	15.78	15.49	15.66	1345546	52732772.00
2017/02/03	15.66	15.70	15.33	15.41	928188	36032528.00
2017/02/06	15.36	16.29	15.35	16.01	2334794	93239832.00
2017/02/07	15.89	16.09	15.66	15.79	1550182	61759992.00
2017/02/08	15.68	15.93	15.46	15.87	1712595	67498376.00
2017/02/09	15.93	16.32	15.93	15.99	2443862	99079168.00
2017/02/10	15.92	16.02	15.59	15.61	1731633	68509216.00
2017/02/13	15.53	15.97	15.45	15.82	2066703	81771592.00
2017/02/14	15.77	16.17	15.77	15.95	1789810	71680728.00
2017/02/15	15.89	16.28	15.80	15.85	2672810	108022120.00
2017/02/16	15.65	15.90	15.56	15.72	1776499	70160496.00
2017/02/17	15.78	15.85	15.10	15.16	1820472	70553496.00
2017/02/20	15.16	15.49	15.00	15.48	1432161	54678684.00
2017/02/21	15.41	15.72	15.33	15.61	1596675	62462788.00
2017/02/22	15.65	15.80	15.43	15.43	1666700	64999100.00
2017/02/23	15.41	16.13	15.41	16.01	3452846	137487072.00
2017/02/24	15.93	16.21	15.79	15.89	2805378	112269256.00
2017/02/27	16.07	16.08	15.53	15.64	2991671	119079600.00
2017/02/28	15.53	15.75	15.31	15.56	2772669	107723544.00
2017/03/01	15.56	16.17	15.41	16.16	4842392	192132576.00
2017/03/02	16.13	16.13	15.83	15.93	3190816	127952456.00
2017/03/03	16.00	17.53	15.95	17.53	8831724	375092608.00
2017/03/06	18.12	18.44	17.76	18.12	15391461	698173376.00
2017/03/07	17.93	18.60	17.88	17.96	9768274	445148160.00
2017/03/08	17.89	18.70	17.79	18.20	11357837	520555488.00
2017/03/09	18.30	18.84	18.20	18.48	10212950	473495712.00
2017/03/10	18.70	20.00	18.50	19.12	16631180	800015168.00
2017/03/13	19.12	20.04	18.69	19.85	12724703	622398144.00
2017/03/14	19.66	19.98	19.52	19.66	8000399	395630496.00
2017/03/15	19.66	20.44	19.54	20.06	9323671	468532544.00
2017/03/16	20.16	20.28	19.73	20.06	7662252	384604640.00
2017/03/17	19.78	19.82	19.28	19.28	11941017	586568384.00
2017/03/20	19.24	19.35	18.61	18.96	8445249	399984160.00
2017/03/21	19.07	19.52	18.68	19.40	8601770	413216384.00
2017/03/22	19.20	19.39	18.94	19.18	5778692	277900192.00
2017/03/23	19.16	19.32	18.23	18.42	8392145	394021824.00
2017/03/24	18.54	18.80	18.37	18.67	4962895	231674624.00
2017/03/27	18.59	18.80	18.28	18.49	4502974	209407360.00
2017/03/28	18.35	18.67	17.88	18.17	4598000	211529424.00
2017/03/29	18.20	18.72	18.20	18.32	4993757	231709760.00
2017/03/30	18.56	18.92	17.40	17.60	6919205	315464320.00
2017/03/31	17.58	17.80	17.20	17.66	5213910	229197664.00
2017/04/05	17.57	18.12	17.56	18.08	3866136	174202064.00
2017/04/06	17.92	18.07	17.75	17.90	3426400	154003664.00
2017/04/07	18.16	18.80	17.91	18.48	7720342	356429696.00
2017/04/10	18.26	18.27	16.63	16.75	10016310	432680256.00
2017/04/11	16.75	17.52	16.53	17.09	4651700	199228336.00
2017/04/12	16.93	17.32	16.69	16.73	3415956	145508512.00
2017/04/13	16.67	17.52	16.67	17.08	4501008	194658304.00
2017/04/14	17.16	17.44	16.65	16.67	3584436	152923184.00
2017/04/17	16.45	16.45	15.29	15.47	5873925	231294032.00
2017/04/18	15.45	15.69	15.05	15.29	3233010	124557952.00
2017/04/19	15.15	15.75	15.11	15.75	3081854	119861328.00
2017/04/20	15.75	16.07	15.33	15.48	3546204	140398016.00
2017/04/21	15.52	15.72	15.19	15.27	2351519	91095896.00
2017/04/24	15.39	15.66	14.43	15.52	3066400	116901320.00
2017/04/25	15.40	15.93	15.40	15.68	3417559	134499360.00
2017/04/26	15.68	16.61	15.57	16.58	5034549	205003856.00
2017/04/27	16.38	16.89	16.01	16.60	5230964	216170928.00
2017/04/28	16.53	17.24	16.39	17.11	4060581	171746304.00
2017/05/02	17.06	17.07	16.65	16.74	2475178	104518872.00
2017/05/03	16.74	16.88	16.23	16.44	3418843	142318192.00
2017/05/04	16.31	16.98	16.27	16.46	3018248	126067208.00
2017/05/05	16.44	17.06	16.33	16.88	4269466	180387712.00
2017/05/08	16.73	16.84	15.41	15.47	4354815	177614592.00
2017/05/09	15.29	15.65	15.26	15.52	3298890	128611600.00
2017/05/10	15.49	16.01	15.41	15.53	3362906	132847400.00
2017/05/11	15.49	15.97	15.29	15.97	3941937	154771552.00
2017/05/12	15.96	16.31	15.81	16.09	2423403	97741216.00
2017/05/15	16.10	16.23	15.84	16.19	2277412	91918016.00
2017/05/16	16.17	16.92	16.01	16.88	3638195	151319504.00
2017/05/17	16.84	17.34	16.65	16.96	8119183	345358080.00
2017/05/18	16.72	18.32	16.67	17.53	10328988	452949984.00
2017/05/19	17.36	17.50	16.71	16.82	6088352	261365728.00
2017/05/22	16.71	16.96	16.23	16.29	4460142	185563760.00
2017/05/23	16.16	16.39	15.57	16.05	4602109	185097728.00
2017/05/24	16.06	16.49	15.73	16.48	3530342	143089680.00
2017/05/25	16.45	16.72	16.23	16.63	4234957	175420208.00
2017/05/26	16.64	17.14	15.97	16.85	11642564	193300240.00
2017/05/31	17.25	17.26	16.07	16.07	13016002	216272144.00
2017/06/01	15.84	15.84	14.99	15.50	14150982	218428816.00
2017/06/02	15.38	15.85	15.09	15.85	6112312	94996936.00
2017/06/05	16.16	16.16	15.67	15.74	5669839	90542232.00
2017/06/06	15.63	15.98	15.47	15.71	3788810	59830220.00
2017/06/07	15.65	16.76	15.65	16.51	11266163	183381936.00
2017/06/08	16.47	16.66	16.16	16.29	8615818	141099072.00
2017/06/09	16.16	16.31	15.74	16.29	6666735	107168200.00
2017/06/12	16.29	16.29	15.68	15.74	6673027	107464888.00
2017/06/13	15.67	16.54	15.66	16.54	11638699	189525184.00
2017/06/14	16.30	16.41	16.15	16.25	7491741	122251648.00
2017/06/15	16.13	16.81	16.13	16.52	10388803	172024064.00
2017/06/16	16.46	16.75	16.32	16.38	6516613	107802672.00
2017/06/19	16.41	16.56	16.31	16.52	4682788	77249160.00
2017/06/20	16.66	17.14	16.52	17.05	11967818	202924928.00
2017/06/21	16.97	17.34	16.79	17.13	8441723	144356624.00
2017/06/22	17.20	17.45	16.32	16.50	9666372	164736736.00
2017/06/23	16.36	16.56	15.88	16.28	7890683	127981648.00
2017/06/26	16.39	16.59	16.17	16.52	4737058	77945432.00
2017/06/27	16.56	16.71	16.33	16.37	4151369	68582936.00
2017/06/28	16.27	16.31	15.83	15.91	7592566	121795200.00
2017/06/29	15.91	16.21	15.86	15.94	4362976	70136408.00
2017/06/30	15.93	16.14	15.67	16.06	4179992	66790920.00
2017/07/03	16.22	16.61	16.08	16.56	6986419	115164488.00
2017/07/04	16.70	16.81	16.46	16.65	5728517	95299512.00
2017/07/05	16.58	16.69	16.42	16.65	5832630	96846920.00
2017/07/06	16.76	17.09	16.66	17.08	10548717	178923168.00
2017/07/07	16.96	17.33	16.91	17.26	8582535	147674464.00
2017/07/10	17.56	17.74	16.83	16.83	11410247	195857440.00
2017/07/11	16.86	17.06	16.65	16.66	6990651	117923368.00
2017/07/12	16.68	17.30	16.66	17.30	9459487	161567968.00
2017/07/13	17.34	17.51	17.07	17.31	6680594	115431584.00
2017/07/14	17.44	17.65	16.91	17.06	8330118	144390448.00
2017/07/17	16.83	16.91	15.57	15.63	13060766	211514544.00
2017/07/18	15.48	15.89	15.24	15.79	7388582	115443808.00
2017/07/19	15.89	15.91	15.51	15.87	6187503	97853976.00
2017/07/20	16.06	16.42	15.88	15.92	7315307	118316944.00
2017/07/21	15.83	16.15	15.83	16.06	4522680	72601896.00
2017/07/24	15.96	16.25	15.86	16.21	4202652	67795072.00
2017/07/25	16.14	16.24	15.93	15.97	4454626	71575312.00
2017/07/26	15.96	16.13	15.76	15.93	3752935	59808544.00
2017/07/27	15.93	16.66	15.78	16.60	8587027	140939616.00
2017/07/28	16.48	16.76	16.25	16.28	4767829	78466368.00
2017/07/31	16.19	16.40	16.01	16.22	3864567	62765816.00
2017/08/01	16.23	16.62	16.14	16.38	5198689	85328496.00
2017/08/02	16.41	16.43	16.02	16.06	3910434	63437492.00
2017/08/03	16.07	16.61	16.07	16.20	5354309	88046272.00
2017/08/04	16.13	16.24	15.98	15.99	4624652	74624528.00
2017/08/07	15.99	16.17	15.69	15.75	4963723	79348024.00
2017/08/08	15.73	15.98	15.71	15.90	3266881	51967784.00
2017/08/09	15.88	16.21	15.79	15.96	3897856	62694992.00
2017/08/10	15.98	16.02	15.56	15.63	4579720	72231384.00
2017/08/11	15.54	15.74	15.47	15.58	2666391	41722636.00
2017/08/14	15.56	16.00	15.56	15.92	3394833	54013472.00
2017/08/15	15.88	15.95	15.76	15.83	3085477	49004388.00
2017/08/16	15.88	16.19	15.77	16.07	5132687	82606408.00
2017/08/17	16.06	16.33	15.93	16.26	5229818	84812800.00
2017/08/18	16.20	16.45	16.07	16.12	4698601	76445712.00
2017/08/21	16.18	16.40	16.13	16.27	3732203	60875328.00
2017/08/22	15.96	16.21	15.86	16.08	5459885	87571264.00
2017/08/23	16.27	17.69	16.27	17.69	31878170	554959680.00
2017/08/24	18.11	19.40	17.97	19.37	46650576	874460864.00
2017/08/25	18.96	19.35	18.65	19.16	31788639	603578944.00
2017/08/28	18.86	19.64	18.67	19.20	32416181	618855616.00
2017/08/29	18.83	19.15	18.37	18.66	22143850	415482240.00
2017/08/30	18.55	18.93	18.41	18.59	16177270	302927072.00
2017/08/31	18.71	18.90	18.41	18.79	14571801	272742880.00
2017/09/01	18.84	19.58	18.62	19.14	24167049	465120576.00
2017/09/04	19.16	19.80	18.71	19.38	19368772	373752352.00
2017/09/05	19.18	19.33	18.77	18.86	12369575	235212544.00
2017/09/06	18.78	18.93	18.39	18.66	13363970	248954512.00
2017/09/07	18.57	19.36	18.57	18.97	17468603	332505472.00
2017/09/08	18.81	19.26	18.54	18.86	13932029	264661728.00
2017/09/11	18.75	19.74	18.75	19.74	19396947	375595168.00
2017/09/12	19.87	20.34	18.96	18.96	23415715	461206080.00
2017/09/13	18.81	19.35	18.49	19.19	12638270	239166384.00
2017/09/14	19.10	19.41	18.84	19.38	11082752	212479888.00
2017/09/15	19.35	19.55	18.99	19.40	8764409	168941248.00
2017/09/18	19.54	19.91	19.26	19.38	11680789	228697104.00
2017/09/19	19.17	19.36	18.83	18.87	9279850	177095680.00
2017/09/20	18.78	19.01	18.66	18.96	6222858	117397512.00
2017/09/21	18.84	18.92	18.12	18.16	9101959	169635680.00
2017/09/22	18.07	18.61	18.01	18.30	6022430	110668440.00
2017/09/25	18.30	18.64	18.19	18.39	4805458	88905352.00
2017/09/26	18.45	18.66	18.29	18.59	4905273	91036584.00
2017/09/27	18.51	18.91	18.41	18.83	6026026	112879784.00
2017/09/28	18.73	18.73	18.34	18.36	5178403	95983168.00
2017/09/29	18.52	18.83	18.42	18.77	5097358	95108072.00
2017/10/09	18.95	19.03	18.62	18.72	5610687	105613736.00
2017/10/10	18.76	19.16	18.54	19.13	7941906	151103792.00
2017/10/11	19.13	19.41	18.99	19.08	7860205	151276736.00
2017/10/12	19.14	19.14	18.59	18.74	5846228	110307736.00
2017/10/13	18.46	20.62	18.22	20.62	29589629	586119808.00
2017/10/16	21.23	21.23	19.67	19.87	33641185	687744000.00
2017/10/17	19.81	19.85	19.20	19.27	14959088	291157024.00
2017/10/18	19.35	19.96	18.98	19.04	15807214	309989152.00
2017/10/19	18.96	19.25	18.35	19.10	11671828	219780576.00
2017/10/20	18.97	19.32	18.67	19.06	5905345	112160312.00
2017/10/23	19.21	19.94	19.21	19.57	13571124	267160560.00
2017/10/24	19.45	19.59	19.16	19.58	7564353	146891968.00
2017/10/25	19.55	20.34	19.55	20.04	16701073	335987520.00
2017/10/26	20.04	20.21	19.72	20.15	10256015	205011728.00
2017/10/27	20.06	20.10	19.38	19.49	11017883	217191488.00
2017/10/30	19.36	19.36	18.47	18.55	12560129	235915392.00
2017/10/31	18.38	18.84	18.37	18.69	6451475	120562120.00
2017/11/01	18.51	18.51	17.96	18.08	9894819	180257728.00
2017/11/02	18.06	18.32	17.81	17.87	5760315	104423712.00
2017/11/03	17.91	18.31	17.64	17.74	6645685	119547760.00
2017/11/06	17.60	18.07	17.54	17.92	4766398	85550680.00
2017/11/07	17.97	18.00	17.52	17.84	6116838	108473584.00
2017/11/08	17.81	18.22	17.72	17.99	5747821	104017856.00
2017/11/09	18.01	18.30	18.01	18.18	3848877	70026488.00
2017/11/10	18.06	18.16	17.55	17.57	9696196	172451344.00
2017/11/13	17.57	17.63	16.97	17.36	8346318	144204928.00
2017/11/14	17.36	17.74	17.28	17.44	5741960	100713216.00
2017/11/15	17.26	17.43	17.11	17.29	4673153	80885496.00
2017/11/16	17.24	17.55	17.24	17.43	4170453	72873624.00
2017/11/17	17.43	17.47	16.21	16.27	8560053	143434848.00
2017/11/20	16.23	16.54	15.66	16.46	4419720	71784384.00
2017/11/21	16.45	16.57	16.01	16.22	4453450	72641312.00
2017/11/22	16.11	16.46	16.04	16.26	3364159	54819308.00
2017/11/23	16.44	16.82	16.39	16.42	7695791	128139816.00
2017/11/24	16.46	16.92	16.17	16.82	5403125	90166192.00
2017/11/27	16.81	16.92	16.55	16.68	2363088	39631620.00
2017/11/28	16.67	17.01	16.59	16.98	3322882	56190752.00
2017/11/29	17.11	17.44	16.92	17.04	4432058	76203320.00
2017/11/30	16.96	17.43	16.79	17.15	4888704	84414808.00
2017/12/01	17.31	17.35	17.04	17.14	3046968	52457812.00
2017/12/04	17.17	17.17	16.47	16.79	4887615	82312472.00
2017/12/05	16.71	16.87	16.35	16.43	3449116	57382220.00
2017/12/06	16.43	16.64	16.31	16.52	2843943	46908752.00
2017/12/07	16.53	16.59	16.05	16.15	2770494	45333460.00
2017/12/08	16.17	16.62	16.01	16.43	3552549	58039848.00
2017/12/11	16.46	16.92	16.36	16.88	3451851	57759664.00
2017/12/12	16.77	16.89	16.55	16.55	2730815	45525076.00
2017/12/13	16.51	16.99	16.46	16.97	4220160	71228056.00
2017/12/14	16.87	17.06	16.77	17.05	2810654	47611648.00
2017/12/15	17.00	17.00	16.49	16.82	3353005	56392256.00
2017/12/18	16.81	16.86	16.26	16.31	4709620	77669616.00
2017/12/19	16.36	16.69	16.26	16.61	2958785	49098668.00
2017/12/20	16.63	16.84	16.56	16.68	3697300	62052960.00
2017/12/21	16.82	17.31	16.76	17.23	7589288	130257912.00
2017/12/22	17.07	17.21	16.96	17.09	4015574	68726240.00
2017/12/25	16.97	17.12	16.41	16.44	4957567	82543128.00
2017/12/26	16.38	16.86	16.38	16.79	3393318	56481756.00
2017/12/27	16.73	17.03	16.56	16.75	2979404	50142908.00
2017/12/28	16.71	16.91	16.58	16.67	2594449	43548188.00
2017/12/29	16.66	17.05	16.66	17.03	3314097	56073456.00
2018/01/02	17.03	17.15	16.88	17.08	3448103	58774356.00
2018/01/03	17.11	17.48	17.00	17.34	6948607	120653552.00
2018/01/04	17.36	17.59	17.18	17.43	5278074	91806320.00
2018/01/05	17.40	17.40	17.03	17.12	5291503	90834552.00
2018/01/08	17.12	17.13	16.76	17.00	4016853	68099168.00
2018/01/09	17.09	17.09	16.85	17.03	4241256	72153216.00
2018/01/10	17.19	17.21	16.82	16.96	3548283	60487080.00
2018/01/11	16.89	17.10	16.89	16.98	2740066	46662136.00
2018/01/12	16.96	16.96	16.28	16.40	6377709	105935968.00
2018/01/15	16.30	16.45	15.30	15.34	8587819	135601648.00
2018/01/16	15.39	15.56	15.01	15.25	5734623	87820168.00
2018/01/17	15.59	15.81	15.36	15.56	4346155	67858008.00
2018/01/18	15.58	15.58	15.18	15.35	3433628	52819800.00
2018/01/19	15.36	15.37	15.14	15.29	2568858	39354064.00
2018/01/22	15.29	15.84	15.29	15.79	5206414	81690344.00
2018/01/23	15.87	15.87	15.61	15.64	2975309	46858656.00
2018/01/24	15.64	15.89	15.36	15.76	4345864	68094928.00
2018/01/25	15.69	15.96	15.56	15.74	3914009	62128856.00
2018/01/26	15.74	15.86	15.62	15.66	2321091	36562892.00
2018/01/29	15.66	15.91	15.33	15.36	3149217	49273496.00
2018/01/30	15.36	15.56	15.21	15.39	2615046	40232552.00
2018/01/31	15.38	15.38	14.63	14.74	4436159	66312364.00
2018/02/01	14.79	15.00	14.57	14.66	4467520	66226552.00
2018/02/02	14.60	14.68	13.53	13.93	7870113	110585168.00
2018/02/05	13.62	13.88	13.31	13.74	4324389	59089560.00
2018/02/06	13.62	13.66	12.97	13.04	4168686	55972372.00
2018/02/07	13.40	13.45	12.84	13.21	3046162	40308440.00
2018/02/08	13.24	13.51	13.11	13.32	2654712	35627492.00
2018/02/09	13.09	13.29	12.49	12.74	3481061	45040776.00
2018/02/12	12.90	13.14	12.86	13.06	1913188	25001722.00
2018/02/13	13.11	13.54	13.04	13.35	3042434	40531928.00
2018/02/14	13.24	13.29	12.76	13.17	3445176	44981184.00
2018/02/22	13.30	13.42	12.99	13.37	3923358	51878864.00
2018/02/23	13.33	13.76	13.23	13.74	5625330	77012496.00
2018/02/26	13.86	14.11	13.68	13.96	5463239	76294880.00
2018/02/27	14.10	14.32	13.86	14.12	4726284	66889568.00
2018/02/28	14.21	15.42	14.08	14.96	9109948	135961488.00
2018/03/01	14.80	15.19	14.80	15.05	5549140	83436280.00
2018/03/02	14.86	15.25	14.86	14.99	4169249	62855340.00
2018/03/05	15.06	15.23	14.97	15.16	3801002	57671192.00
2018/03/06	15.16	15.37	15.07	15.14	4445376	67754320.00
2018/03/07	15.14	15.23	14.86	14.93	4066490	61306060.00
2018/03/08	15.01	15.20	14.89	15.14	4235304	64138116.00
2018/03/09	15.13	15.63	15.06	15.59	6026007	92724992.00
2018/03/12	15.86	15.95	15.33	15.54	6141779	96134784.00
2018/03/13	15.47	15.48	15.11	15.19	4243304	65062056.00
2018/03/14	15.22	15.58	15.18	15.25	3780347	58219820.00
2018/03/15	15.23	15.38	14.98	15.18	3505493	53424176.00
2018/03/16	15.17	15.26	14.95	14.96	3421562	51938848.00
2018/03/19	14.97	15.51	14.97	15.18	3613752	55423808.00
2018/03/20	14.96	15.19	14.91	15.06	2992451	45084324.00
2018/03/21	15.05	15.23	14.87	14.87	3972020	60064660.00
2018/03/22	14.86	15.01	14.67	14.70	3803411	56503356.00
2018/03/23	14.31	14.42	13.26	13.38	6137440	85203536.00
2018/03/26	13.27	14.06	13.02	13.96	3443835	46962800.00
2018/03/27	13.97	14.56	13.97	14.51	5827192	83774552.00
2018/03/28	14.34	15.00	14.18	14.59	5538101	81748728.00
2018/03/29	14.76	15.29	14.73	14.87	5578457	83582104.00
2018/03/30	14.96	15.45	14.96	15.44	7502935	115306912.00
2018/04/02	15.46	15.76	15.22	15.62	6787470	106023192.00
2018/04/03	15.43	15.74	15.14	15.39	6083721	94206264.00
2018/04/04	15.52	15.71	15.36	15.51	5937207	92770288.00
2018/04/09	16.86	16.86	15.86	16.26	13484044	221646352.00
2018/04/10	16.11	16.61	15.85	16.09	8567473	139271712.00
2018/04/11	16.12	16.46	16.12	16.22	4306675	70477904.00
2018/04/12	16.32	16.45	16.11	16.36	4120869	67613704.00
2018/04/13	16.46	16.50	15.87	16.01	5146345	83075848.00
2018/04/16	15.96	16.17	15.70	15.81	4305173	68651960.00
2018/04/17	15.84	16.16	15.46	15.50	4901589	77775248.00
2018/04/18	15.72	15.84	15.46	15.82	4664008	73319544.00
2018/04/19	15.86	16.34	15.68	16.25	6902503	111506544.00
2018/04/20	16.17	16.33	15.49	15.49	5221963	83091616.00
2018/04/23	15.63	15.80	14.92	15.26	4289263	65849452.00
2018/04/24	15.33	16.31	15.17	16.11	6889686	109837816.00
2018/04/25	16.06	17.24	16.00	16.76	14937671	250765216.00
2018/04/26	16.84	17.07	16.64	16.76	8141606	137851120.00
2018/04/27	16.82	18.01	16.71	17.84	15691243	276714304.00
2018/05/02	18.16	19.29	17.98	18.36	19991113	371895552.00
2018/05/03	18.34	19.07	18.09	18.69	12605980	235129424.00
2018/05/04	18.51	19.27	18.35	18.46	9030185	170524176.00
2018/05/07	18.19	18.76	18.10	18.44	16025249	294755648.00
2018/05/08	18.69	19.23	18.04	18.19	15315622	285464800.00
2018/05/09	18.37	18.74	18.20	18.38	10007971	184751632.00
2018/05/10	18.43	18.93	18.18	18.59	11421496	212431552.00
2018/05/11	18.65	18.75	17.46	17.46	15858910	282987104.00
2018/05/14	17.55	17.93	17.29	17.75	8695897	153444864.00
2018/05/15	17.67	18.01	17.25	17.74	7711462	135575616.00
2018/05/16	17.58	18.23	17.34	18.05	10069736	180701360.00
2018/05/17	18.06	18.06	17.49	17.71	6565455	116492560.00
2018/05/18	17.60	17.76	17.24	17.74	7090964	124677720.00
2018/05/21	18.21	18.41	17.26	17.29	19763904	354129280.00
2018/05/22	17.27	17.27	16.71	17.06	14822798	252540240.00
2018/05/23	17.01	17.01	16.41	16.41	10053903	167575248.00
2018/05/24	16.49	16.59	16.19	16.24	10522242	171981104.00
2018/05/25	16.27	16.45	15.76	16.13	9952179	161109424.00
2018/05/28	16.05	16.12	15.65	15.71	7872618	124813528.00
2018/05/29	15.66	15.86	15.22	15.58	7913795	123220208.00
2018/05/30	15.30	15.36	14.72	14.82	8110402	122191208.00
2018/05/31	15.00	15.36	14.89	15.20	5387401	81426824.00
2018/06/01	15.10	15.55	14.91	15.12	5222559	79577560.00
2018/06/04	15.31	15.36	15.07	15.17	4087731	62145860.00
2018/06/05	15.22	15.48	15.12	15.45	4011739	61325108.00
2018/06/06	15.40	15.40	15.00	15.06	5048164	76634488.00
2018/06/07	15.08	15.12	14.71	14.73	4729039	70118904.00
2018/06/08	14.61	14.68	14.40	14.55	3462064	50225820.00
2018/06/11	14.51	14.89	14.40	14.71	3387442	49757032.00
2018/06/12	14.70	14.98	14.64	14.92	3919309	58180556.00
2018/06/13	14.90	14.90	14.28	14.28	4378959	63736440.00
2018/06/14	14.31	14.59	14.20	14.35	3023082	43519220.00
2018/06/15	14.30	14.41	13.78	13.93	4369137	61215960.00
2018/06/19	13.50	13.99	12.81	13.15	6253437	83659232.00
2018/06/20	13.18	13.90	13.15	13.71	4348891	58922868.00
2018/06/21	13.68	13.87	13.48	13.48	3016002	41240176.00
2018/06/22	13.22	13.96	13.22	13.91	2903361	40054756.00
2018/06/25	14.01	14.30	13.88	13.88	3461796	48845900.00
2018/06/26	13.70	14.35	13.62	14.30	5390245	76170160.00
2018/06/27	14.13	14.26	13.93	13.96	3568107	50282348.00
2018/06/28	14.01	14.17	13.87	13.87	2527150	35450056.00
2018/06/29	13.85	14.31	13.83	14.25	3530383	49876912.00
2018/07/02	14.25	14.25	13.35	13.59	6622155	91392040.00
2018/07/03	13.56	14.30	13.56	14.20	6164781	85927008.00
2018/07/04	14.25	14.78	13.61	13.88	10212997	145546960.00
2018/07/05	13.65	13.92	13.36	13.38	5291959	72235440.00
2018/07/06	13.52	13.65	13.00	13.15	5930949	79148968.00
2018/07/09	13.22	13.63	13.16	13.60	3998653	53852688.00
2018/07/10	13.61	13.76	13.38	13.62	4181135	56680068.00
2018/07/11	13.37	13.52	12.95	13.12	5489932	72174944.00
2018/07/12	13.16	13.75	13.16	13.68	5191754	70277032.00
2018/07/13	13.64	13.87	13.59	13.80	4260864	58507360.00
2018/07/16	13.79	13.80	13.48	13.58	3553903	48335632.00
2018/07/17	13.67	13.71	13.25	13.47	3472177	46787760.00
2018/07/18	13.51	14.65	13.43	14.26	12994020	184360704.00
2018/07/19	14.24	15.15	14.24	14.89	15980738	235492864.00
2018/07/20	14.56	15.09	14.43	14.97	8415033	124410272.00
2018/07/23	14.79	15.10	14.68	14.86	5920746	88024496.00
2018/07/24	15.04	15.60	14.91	14.94	12988105	197964576.00
2018/07/25	14.94	14.94	14.52	14.67	6633192	97343920.00
2018/07/26	14.81	14.84	14.55	14.73	3833997	56351944.00
2018/07/27	14.78	14.88	14.62	14.72	3811451	56236100.00
2018/07/30	14.77	15.28	14.72	14.94	5645120	84834224.00
2018/07/31	14.88	15.10	14.36	14.38	5475686	79962872.00
2018/08/01	14.49	15.03	14.48	14.70	7511696	111320400.00
2018/08/02	14.53	14.65	13.31	14.10	10087850	140481520.00
2018/08/03	13.96	14.10	13.70	13.75	3420995	47430124.00
2018/08/06	13.66	14.05	13.58	13.58	3295193	45430420.00
2018/08/07	13.58	13.94	13.53	13.91	3326549	45879840.00
2018/08/08	13.90	13.95	13.40	13.45	3771669	51443664.00
2018/08/09	13.45	13.91	13.20	13.70	3730266	51123580.00
2018/08/10	13.71	14.00	13.70	13.90	2728840	37872708.00
2018/08/13	13.70	13.91	13.62	13.91	2589227	35710268.00
2018/08/14	13.91	13.97	13.60	13.70	2727676	37371564.00
2018/08/15	13.68	13.78	13.25	13.27	3018462	40567996.00
2018/08/16	13.11	13.45	13.04	13.12	2505351	33181876.00
2018/08/17	13.29	13.38	12.90	12.99	2367398	31076918.00
2018/08/20	13.03	13.08	12.21	12.58	5860086	73775080.00
2018/08/21	12.61	12.85	12.41	12.69	3767345	47651476.00
2018/08/22	12.73	12.78	12.35	12.54	2976132	37531532.00
2018/08/23	12.55	12.65	12.22	12.47	3568464	44401348.00
2018/08/24	12.32	12.55	12.32	12.41	2359403	29409720.00
2018/08/27	12.52	12.73	12.39	12.71	4367219	54913776.00
2018/08/28	12.68	12.70	12.54	12.57	3012400	37928816.00
2018/08/29	12.60	12.60	12.35	12.38	2786334	34655272.00
2018/08/30	12.45	12.65	12.42	12.45	4048112	50768916.00
2018/08/31	12.65	12.85	12.46	12.55	5284019	66954716.00
2018/09/03	12.46	12.48	11.48	11.98	6549134	77870456.00
2018/09/04	11.89	11.99	11.66	11.90	4361901	51592576.00
2018/09/05	11.90	11.90	11.48	11.51	4162994	48620960.00
2018/09/06	11.43	11.69	11.33	11.34	2868831	32916592.00
2018/09/07	11.40	11.60	11.33	11.43	2704483	31021774.00
2018/09/10	11.43	11.48	11.20	11.20	2193916	24920500.00
2018/09/11	11.22	11.32	11.01	11.19	2377606	26521408.00
2018/09/12	11.23	11.45	11.20	11.33	2736864	31044722.00
2018/09/13	11.48	11.48	11.26	11.39	2166043	24635856.00
2018/09/14	11.39	11.48	11.26	11.27	1880354	21378910.00
2018/09/17	11.00	11.08	10.62	10.68	3249926	35128388.00
2018/09/18	10.67	11.06	10.51	11.06	3255196	35237356.00
2018/09/19	11.15	11.56	11.14	11.47	4643084	52885016.00
2018/09/20	11.42	11.46	11.29	11.38	2202419	25035268.00
2018/09/21	11.44	11.54	11.27	11.50	2564016	29297530.00
2018/09/25	11.53	11.53	11.33	11.36	2297547	26170754.00
2018/09/26	11.55	11.59	11.36	11.41	3257317	37246320.00
2018/09/27	11.42	11.49	11.15	11.16	2303996	26078038.00
2018/09/28	11.11	11.40	11.11	11.40	2417495	27273956.00
2018/10/08	11.12	11.32	10.88	10.90	2228703	24760656.00
2018/10/09	11.05	11.14	10.91	10.99	1314700	14475445.00
2018/10/10	11.31	11.93	11.23	11.80	8213137	95805536.00
2018/10/11	11.41	11.66	10.80	11.08	7148038	80757400.00
2018/10/12	10.99	11.09	9.97	10.54	8342035	87521832.00
2018/10/15	10.57	10.69	10.11	10.21	3706549	38547772.00
2018/10/16	10.22	10.38	9.96	10.02	3035243	30820956.00
2018/10/17	10.13	10.38	9.98	10.30	3643303	37276528.00
2018/10/18	10.29	10.29	9.96	10.02	3304703	33245692.00
2018/10/19	9.88	10.35	9.75	10.32	3842012	38926020.00
2018/10/22	10.35	11.27	10.35	10.98	6114124	66235164.00
2018/10/23	11.20	11.63	10.96	11.05	8006426	90561696.00
2018/10/24	11.00	11.28	10.96	11.11	4852067	54000320.00
2018/10/25	10.85	11.33	10.66	11.30	3977006	43713572.00
2018/10/26	11.33	11.42	11.03	11.12	4221013	47293416.00
2018/10/29	11.12	11.19	10.87	11.07	2544600	28070620.00
2018/10/30	10.94	11.24	10.77	11.07	3027053	33380202.00
2018/10/31	11.07	11.37	11.03	11.30	3876770	43570012.00
2018/11/01	11.44	11.56	11.20	11.20	5580959	63739380.00
2018/11/02	11.58	11.73	11.41	11.66	8670395	100573944.00
2018/11/05	11.63	12.10	11.58	11.74	8186121	96957504.00
2018/11/06	11.75	11.82	11.46	11.70	4296619	49904300.00
2018/11/07	11.71	11.81	11.38	11.40	4440740	51370256.00
2018/11/08	11.52	11.57	11.33	11.35	3088682	35362376.00
2018/11/09	11.30	11.54	11.14	11.43	3047854	34879492.00
2018/11/12	11.45	12.36	11.42	12.29	9502262	114020288.00
2018/11/13	12.06	12.71	12.03	12.48	10927809	135817968.00
2018/11/14	12.41	12.56	12.26	12.38	5483834	68073832.00
2018/11/15	12.39	12.54	12.23	12.49	4626467	57432840.00
2018/11/16	12.48	12.50	12.32	12.38	3728481	46269024.00
2018/11/19	12.28	12.28	11.97	12.17	6435242	77785712.00
2018/11/20	12.08	12.28	11.74	11.76	5092491	61205696.00
2018/11/21	11.57	11.94	11.50	11.86	3240059	38183072.00
2018/11/22	11.91	11.99	11.83	11.87	2286888	27199700.00
2018/11/23	11.86	11.88	10.80	10.90	8254065	92552424.00
2018/11/26	10.96	11.23	10.90	11.05	3360333	37234912.00
2018/11/27	11.10	11.34	11.00	11.14	2661375	29751728.00
2018/11/28	11.15	11.24	10.96	11.23	2502859	27838208.00
2018/11/29	11.32	11.40	10.80	10.83	3131980	34810360.00
2018/11/30	10.89	11.00	10.65	10.95	3696344	40007408.00
2018/12/03	11.28	11.39	11.15	11.31	5533829	62502036.00
2018/12/04	11.31	11.60	11.22	11.55	5058111	57629204.00
2018/12/05	11.33	11.52	11.19	11.45	5036683	57160348.00
2018/12/06	11.38	11.38	10.99	11.05	3852391	42984532.00
2018/12/07	11.07	11.48	11.00	11.40	4642534	52138680.00
2018/12/10	11.28	11.29	11.02	11.18	4029763	44948284.00
2018/12/11	11.18	11.31	11.08	11.27	3312879	37181244.00
2018/12/12	11.30	11.35	11.18	11.26	1833621	20659894.00
2018/12/13	11.23	11.47	11.13	11.32	3751862	42507320.00
2018/12/14	11.38	11.85	11.17	11.20	7822550	90308248.00
2018/12/17	11.15	11.37	10.87	11.35	6588526	73256992.00
2018/12/18	11.22	11.32	10.86	11.17	5806418	64321520.00
2018/12/19	11.28	11.31	10.53	10.66	5206127	56662556.00
2018/12/20	10.62	10.72	10.27	10.43	7254459	75999928.00
2018/12/21	10.43	10.55	10.20	10.38	4584071	47476212.00
2018/12/24	10.30	10.49	10.25	10.45	2353147	24499852.00
2018/12/25	10.33	10.33	9.95	10.19	4893300	49552692.00
2018/12/26	10.25	10.33	10.14	10.19	2649554	27106810.00
2018/12/27	10.34	10.37	9.83	9.86	5583002	56161100.00
2018/12/28	9.96	9.98	9.82	9.91	4181700	41394196.00
2019/01/02	10.10	10.18	9.95	9.97	4286200	43023528.00
2019/01/03	9.97	10.14	9.90	9.97	3744456	37450480.00
数据来源:通达信
