300345 红宇新材 日线 前复权
      日期	    开盘	    最高	    最低	    收盘	    成交量	    成交额
2012/08/01	3.67	3.83	3.48	3.82	7935433	125413104.00
2012/08/02	3.67	3.79	3.63	3.65	4839996	77963760.00
2012/08/03	3.66	4.03	3.65	4.03	7329783	125811672.00
2012/08/06	4.15	4.45	4.01	4.45	14923319	271751328.00
2012/08/07	4.30	4.47	4.27	4.32	10038521	188965360.00
2012/08/08	4.30	4.33	4.10	4.29	8275919	151321888.00
2012/08/09	4.22	4.36	4.11	4.27	7668252	140730816.00
2012/08/10	4.23	4.38	3.98	3.99	8686419	158269120.00
2012/08/13	3.88	3.96	3.83	3.88	5480960	92746856.00
2012/08/14	3.85	3.93	3.72	3.91	4617129	77061544.00
2012/08/15	3.85	3.98	3.80	3.82	3314297	55812868.00
2012/08/16	3.80	3.82	3.67	3.67	3005331	48935140.00
2012/08/17	3.64	3.73	3.63	3.72	2193430	35155332.00
2012/08/20	3.67	3.76	3.61	3.73	2202353	35373680.00
2012/08/21	3.72	3.83	3.70	3.76	3123548	51276840.00
2012/08/22	3.78	3.90	3.77	3.87	4991803	83506816.00
2012/08/23	3.86	3.91	3.81	3.89	2770315	46487532.00
2012/08/24	3.89	3.95	3.74	3.77	2633005	44142168.00
2012/08/27	3.72	3.73	3.62	3.63	1823876	29075768.00
2012/08/28	3.63	3.74	3.58	3.70	1495726	23960780.00
2012/08/29	3.69	3.91	3.66	3.85	3669479	61345816.00
2012/08/30	3.83	4.20	3.83	4.01	5707493	98988464.00
2012/08/31	3.92	4.03	3.89	3.95	2692637	46161968.00
2012/09/03	3.93	4.11	3.93	4.05	3184933	55866340.00
2012/09/04	4.03	4.25	4.02	4.07	4348004	77947344.00
2012/09/05	4.01	4.21	3.91	4.14	3466325	61320260.00
2012/09/06	4.15	4.35	4.14	4.27	4978096	91654648.00
2012/09/07	4.31	4.43	4.21	4.29	5291318	98760688.00
2012/09/10	4.32	4.53	4.27	4.40	4485247	85531296.00
2012/09/11	4.38	4.39	4.29	4.32	2469727	46281924.00
2012/09/12	4.34	4.35	4.21	4.29	2049811	37911660.00
2012/09/13	4.28	4.32	4.10	4.10	1957691	35858880.00
2012/09/14	4.13	4.19	4.01	4.14	1928813	34384352.00
2012/09/17	4.12	4.22	4.06	4.16	1628962	29221820.00
2012/09/18	4.16	4.52	4.10	4.52	5157495	98094256.00
2012/09/19	4.46	4.46	4.31	4.43	3197676	60776300.00
2012/09/20	4.40	4.50	4.15	4.26	2818350	52673044.00
2012/09/21	4.20	4.25	3.92	4.04	2122003	37922492.00
2012/09/24	3.96	4.15	3.91	4.10	1062554	18752498.00
2012/09/25	4.08	4.31	4.06	4.17	1409561	25728996.00
2012/09/26	4.17	4.20	3.94	3.95	1412780	24647232.00
2012/09/27	3.95	4.12	3.91	4.09	1297618	22704194.00
2012/09/28	4.05	4.20	4.02	4.17	1197656	21448658.00
2012/10/08	4.13	4.29	4.13	4.22	1042846	18942114.00
2012/10/09	4.22	4.36	4.22	4.35	2885373	53943964.00
2012/10/10	4.32	4.39	4.24	4.38	1776297	33057376.00
2012/10/11	4.33	4.34	4.15	4.16	1276063	23443400.00
2012/10/12	4.16	4.24	4.07	4.19	1081297	19508512.00
2012/10/15	4.09	4.19	3.86	4.00	2028007	35031436.00
2012/10/16	3.95	4.04	3.95	4.03	890955	15458663.00
2012/10/17	4.03	4.03	3.91	3.99	720073	12422193.00
2012/10/18	3.98	4.04	3.94	4.03	1267161	22036120.00
2012/10/19	4.03	4.03	3.95	3.98	673135	11650592.00
2012/10/22	3.96	4.00	3.93	3.98	531111	9149067.00
2012/10/23	3.97	4.04	3.97	3.97	636363	11060398.00
2012/10/24	3.94	4.00	3.91	3.92	528311	9049559.00
2012/10/25	3.93	4.01	3.91	3.91	693477	11921446.00
2012/10/26	3.89	3.92	3.67	3.67	1452206	23593532.00
2012/10/29	3.67	3.71	3.64	3.66	520610	8326178.50
2012/10/30	3.67	3.74	3.66	3.71	947609	15322705.00
2012/10/31	3.73	3.73	3.59	3.62	901833	14317552.00
2012/11/01	3.65	3.76	3.63	3.73	2628767	42090596.00
2012/11/02	3.71	3.74	3.70	3.72	1315153	21325632.00
2012/11/05	3.71	3.76	3.68	3.70	959286	15557346.00
2012/11/06	3.70	3.72	3.51	3.60	1602701	24951580.00
2012/11/07	3.59	3.61	3.55	3.60	546695	8549897.00
2012/11/08	3.58	3.58	3.47	3.47	847430	13028401.00
2012/11/09	3.44	3.52	3.43	3.47	842808	12798679.00
2012/11/12	3.45	3.56	3.45	3.55	1152338	17664434.00
2012/11/13	3.54	3.54	3.47	3.48	690198	10534635.00
2012/11/14	3.48	3.67	3.47	3.63	1979349	31151194.00
2012/11/15	3.59	3.63	3.55	3.55	964124	15090640.00
2012/11/16	3.54	3.59	3.52	3.56	1062599	16490991.00
2012/11/19	3.54	3.59	3.47	3.59	1077691	16556046.00
2012/11/20	3.59	3.64	3.56	3.57	927096	14572498.00
2012/11/21	3.59	3.62	3.50	3.59	595793	9252951.00
2012/11/22	3.59	3.59	3.47	3.49	699624	10752803.00
2012/11/23	3.49	3.52	3.46	3.50	611165	9337760.00
2012/11/26	3.51	3.57	3.48	3.48	834920	12879228.00
2012/11/27	3.48	3.48	3.20	3.21	1579243	22602304.00
2012/11/28	3.18	3.22	3.12	3.15	470088	6519995.50
2012/11/29	3.16	3.20	3.02	3.04	533094	7320231.00
2012/11/30	3.02	3.10	3.01	3.06	485413	6522033.50
2012/12/03	3.04	3.07	2.80	2.80	897182	11588888.00
2012/12/04	2.84	2.88	2.72	2.85	734316	9098293.00
2012/12/05	2.85	3.04	2.84	2.98	1528102	19990996.00
2012/12/06	2.98	3.00	2.82	2.90	2179373	27832624.00
2012/12/07	2.88	3.04	2.85	3.03	2584938	33904924.00
2012/12/10	3.02	3.22	3.02	3.17	2629541	36281880.00
2012/12/11	3.13	3.22	3.11	3.16	1868019	26021586.00
2012/12/12	3.15	3.30	3.10	3.27	1833854	25809940.00
2012/12/13	3.26	3.26	3.13	3.13	1569105	21868718.00
2012/12/14	3.12	3.28	3.12	3.28	2391000	33860612.00
2012/12/17	3.28	3.28	3.19	3.23	1739973	24626556.00
2012/12/18	3.22	3.27	3.17	3.18	1487116	20972618.00
2012/12/19	3.19	3.23	3.15	3.21	1209820	16995502.00
2012/12/20	3.21	3.42	3.16	3.32	3010778	43918664.00
2012/12/21	3.32	3.53	3.28	3.48	3851167	57736600.00
2012/12/24	3.47	3.66	3.45	3.64	3694532	57919500.00
2012/12/25	3.63	3.75	3.58	3.67	3477404	55454376.00
2012/12/26	3.66	4.00	3.63	3.90	3471215	57764512.00
2012/12/27	3.90	3.95	3.67	3.67	3184517	52494484.00
2012/12/28	3.65	3.87	3.58	3.79	2728004	44429012.00
2012/12/31	3.77	3.84	3.68	3.75	2083309	34031796.00
2013/01/04	3.77	3.93	3.77	3.88	2459178	41269020.00
2013/01/07	3.86	4.10	3.79	4.08	2961758	51482392.00
2013/01/08	4.04	4.13	3.94	4.05	2916272	51041284.00
2013/01/09	3.96	4.04	3.82	3.88	2695667	45978748.00
2013/01/10	3.87	3.94	3.79	3.86	1557054	26221462.00
2013/01/11	3.91	4.04	3.89	3.92	2921271	50329468.00
2013/01/14	3.92	4.15	3.88	4.12	2798384	49146220.00
2013/01/15	4.16	4.22	4.06	4.14	2647499	47420224.00
2013/01/16	4.12	4.12	3.91	3.93	3081482	53590080.00
2013/01/17	4.04	4.34	4.04	4.09	5624173	102498760.00
2013/01/18	4.01	4.10	3.91	4.02	3073862	53310644.00
2013/01/21	3.95	4.01	3.93	3.97	2661953	45726252.00
2013/01/22	3.98	3.98	3.68	3.75	2751136	45811556.00
2013/01/23	3.74	3.80	3.68	3.80	1406571	22942204.00
2013/01/24	3.80	3.82	3.57	3.59	2128036	34239052.00
2013/01/25	3.61	3.65	3.58	3.61	805380	12693968.00
2013/01/28	3.57	3.68	3.45	3.67	2914762	45209348.00
2013/01/29	3.65	3.75	3.62	3.67	1966770	31642178.00
2013/01/30	3.65	3.67	3.54	3.60	1846302	28857836.00
2013/01/31	3.57	3.61	3.47	3.48	1486475	22725410.00
2013/02/01	3.47	3.53	3.45	3.50	1046545	16016465.00
2013/02/04	3.45	3.53	3.45	3.47	991257	15088671.00
2013/02/05	3.46	3.61	3.46	3.59	1642151	25533076.00
2013/02/06	3.60	3.62	3.56	3.59	975907	15314384.00
2013/02/07	3.59	3.67	3.56	3.66	1028302	16294112.00
2013/02/08	3.66	3.70	3.63	3.66	1212974	19436742.00
2013/02/18	3.69	3.70	3.64	3.69	1170267	18724528.00
2013/02/19	3.68	3.73	3.59	3.60	1304103	20833580.00
2013/02/20	3.60	3.68	3.55	3.67	1092514	17311042.00
2013/02/21	3.64	3.77	3.63	3.66	1928787	31124436.00
2013/02/22	3.65	3.73	3.62	3.70	1378300	22228294.00
2013/02/25	3.72	3.74	3.67	3.72	1065805	17224766.00
2013/02/26	3.71	3.71	3.56	3.58	1711591	27270514.00
2013/02/27	3.58	3.63	3.47	3.50	1231306	18980772.00
2013/02/28	3.50	3.59	3.48	3.58	949241	14675999.00
2013/03/01	3.56	3.65	3.56	3.63	1140786	17979558.00
2013/03/04	3.62	3.62	3.39	3.42	1426046	21780440.00
2013/03/05	3.45	3.52	3.41	3.52	902444	13672428.00
2013/03/06	3.53	3.61	3.50	3.60	1281702	20013908.00
2013/03/07	3.59	3.66	3.54	3.57	1773253	27901366.00
2013/03/08	3.57	3.60	3.51	3.51	931782	14445341.00
2013/03/11	3.49	3.54	3.48	3.50	441492	6766303.50
2013/03/12	3.53	3.53	3.33	3.35	1085191	16141126.00
2013/03/13	3.35	3.36	3.30	3.33	581673	8467897.00
2013/03/14	3.33	3.36	3.30	3.31	338144	4917654.00
2013/03/15	3.31	3.37	3.27	3.35	799768	11675486.00
2013/03/18	3.34	3.37	3.31	3.32	569541	8342161.00
2013/03/19	3.28	3.34	3.22	3.31	341433	4920900.00
2013/03/20	3.32	3.43	3.32	3.42	557684	8262637.50
2013/03/21	3.43	3.47	3.41	3.45	870310	13101638.00
2013/03/22	3.42	3.50	3.42	3.48	593433	9022152.00
2013/03/25	3.48	3.51	3.46	3.47	380421	5786030.50
2013/03/26	3.48	3.48	3.38	3.40	553680	8236000.00
2013/03/27	3.40	3.44	3.37	3.40	376150	5613290.50
2013/03/28	3.37	3.37	3.24	3.25	694036	9998231.00
2013/03/29	3.25	3.31	3.25	3.26	255090	3665867.25
2013/04/01	3.28	3.30	3.23	3.27	280357	4012028.50
2013/04/02	3.26	3.31	3.24	3.24	513176	7377329.50
2013/04/03	3.29	3.29	3.22	3.24	345725	4928025.00
2013/04/08	3.24	3.29	3.12	3.28	294932	4152897.25
2013/04/09	3.30	3.33	3.28	3.31	430611	6246843.50
2013/04/10	3.31	3.33	3.27	3.33	325949	4732118.50
2013/04/11	3.33	3.36	3.29	3.30	227229	3292507.25
2013/04/12	3.22	3.26	3.14	3.14	753979	10515500.00
2013/04/15	3.13	3.18	3.12	3.13	318560	4414911.50
2013/04/16	3.11	3.20	3.11	3.20	580345	8074683.00
2013/04/17	3.19	3.22	3.14	3.22	438979	6133825.50
2013/04/18	3.19	3.23	3.16	3.22	491537	6921903.00
2013/04/19	3.21	3.30	3.21	3.29	748743	10716507.00
2013/04/22	3.22	3.28	3.22	3.26	550351	7848817.00
2013/04/23	3.25	3.26	3.13	3.14	637023	8869712.00
2013/04/24	3.14	3.21	3.13	3.19	565220	7884267.50
2013/04/25	3.19	3.26	3.15	3.20	708005	9968584.00
2013/04/26	3.20	3.20	3.12	3.13	472129	6507224.00
2013/05/02	3.13	3.15	3.06	3.14	285637	3896619.00
2013/05/03	3.14	3.23	3.14	3.21	502636	7065383.00
2013/05/06	3.21	3.30	3.20	3.29	794946	11347399.00
2013/05/07	3.27	3.29	3.24	3.27	620218	8872723.00
2013/05/08	3.29	3.33	3.24	3.32	889876	12842534.00
2013/05/09	3.42	3.59	3.41	3.54	3247017	49784492.00
2013/05/10	3.50	3.59	3.47	3.56	2000786	30820170.00
2013/05/13	3.55	3.56	3.50	3.53	1053299	16214952.00
2013/05/14	3.52	3.53	3.35	3.38	1245792	18596528.00
2013/05/15	3.38	3.50	3.36	3.48	1118694	16843652.00
2013/05/16	3.48	3.56	3.41	3.42	1371434	20885606.00
2013/05/17	3.43	3.53	3.41	3.49	1254283	19066214.00
2013/05/20	3.49	3.66	3.49	3.64	2095244	32942778.00
2013/05/21	3.60	3.66	3.59	3.64	1230717	19461024.00
2013/05/22	3.62	3.63	3.50	3.53	1308720	20318908.00
2013/05/23	3.52	3.61	3.47	3.49	1214314	18763204.00
2013/05/24	3.46	3.62	3.46	3.61	1337937	20757824.00
2013/05/27	3.63	3.69	3.59	3.64	1628989	25814492.00
2013/05/28	3.63	3.66	3.43	3.51	1456746	22379566.00
2013/05/29	3.50	3.56	3.47	3.56	929533	14313188.00
2013/05/30	3.56	3.57	3.47	3.52	687145	10562776.00
2013/05/31	3.50	3.66	3.50	3.60	1986734	31243832.00
2013/06/03	3.60	3.68	3.52	3.55	1645209	25914786.00
2013/06/04	3.52	3.54	3.37	3.41	1800061	27031418.00
2013/06/05	3.37	3.44	3.37	3.42	493969	7363275.50
2013/06/06	3.44	3.44	3.34	3.36	534074	7912254.00
2013/06/07	3.36	3.39	3.30	3.30	548741	8003611.50
2013/06/13	3.27	3.27	3.10	3.19	560746	7779762.50
2013/06/14	3.17	3.29	3.17	3.28	759819	10859118.00
2013/06/17	3.28	3.37	3.20	3.31	887886	12908393.00
2013/06/18	3.33	3.36	3.22	3.34	788756	11357676.00
2013/06/19	3.35	3.35	3.27	3.30	517886	7339046.50
2013/06/20	3.28	3.29	3.19	3.19	490970	6836739.50
2013/06/21	3.16	3.21	3.03	3.13	452501	6057606.50
2013/06/24	3.40	3.40	2.97	3.05	884464	12072311.00
2013/06/25	2.97	3.11	2.81	3.07	746092	9574302.00
2013/06/26	3.06	3.16	3.00	3.16	817549	10857774.00
2013/06/27	3.16	3.18	3.00	3.01	842847	11250812.00
2013/06/28	2.99	3.06	2.92	2.95	463934	5939675.00
2013/07/01	2.95	3.03	2.93	3.02	437484	5620253.50
2013/07/02	3.03	3.13	2.99	3.11	796700	10545268.00
2013/07/03	3.09	3.13	3.01	3.12	805916	10644967.00
2013/07/04	3.07	3.23	3.06	3.19	1152134	15722607.00
2013/07/05	3.18	3.20	3.09	3.09	647390	8761723.00
2013/07/08	3.05	3.05	2.90	2.90	596434	7583030.00
2013/07/09	2.88	2.92	2.87	2.91	298357	3727541.25
2013/07/10	2.92	3.01	2.91	3.01	471354	6001551.00
2013/07/11	3.01	3.12	2.95	3.09	634574	8341813.00
2013/07/12	3.06	3.14	3.04	3.10	811145	10830686.00
2013/07/15	3.05	3.12	3.05	3.11	1026017	13633906.00
2013/07/16	3.11	3.15	3.08	3.14	1166597	15633965.00
2013/07/17	3.15	3.18	3.06	3.08	857221	11533096.00
2013/07/18	3.06	3.12	3.00	3.11	851032	11182591.00
2013/07/19	3.09	3.14	2.96	2.97	759178	10057569.00
2013/07/22	2.98	3.06	2.95	3.04	665753	8582932.00
2013/07/23	3.06	3.18	3.03	3.17	1407250	18822852.00
2013/07/24	3.16	3.23	3.10	3.21	1378965	18794136.00
2013/07/25	3.19	3.21	3.08	3.08	917745	12420023.00
2013/07/26	3.07	3.26	3.05	3.26	1376967	18811390.00
2013/07/29	3.24	3.25	3.12	3.16	1169942	16043938.00
2013/07/30	3.15	3.19	2.99	3.07	828297	10958428.00
2013/07/31	3.07	3.11	3.05	3.07	633687	8402865.00
2013/08/01	3.07	3.23	2.99	3.19	1511688	20281826.00
2013/08/02	3.17	3.26	3.15	3.17	2608054	35885004.00
2013/08/05	3.16	3.29	3.13	3.28	2924332	40258044.00
2013/08/06	3.25	3.28	3.22	3.24	1906545	26598072.00
2013/08/07	3.22	3.26	3.14	3.22	1526654	20978320.00
2013/08/08	3.21	3.27	3.17	3.26	1724512	23900762.00
2013/08/09	3.26	3.35	3.21	3.27	2043484	28877102.00
2013/08/12	3.28	3.32	3.22	3.28	1837491	25764836.00
2013/08/13	3.28	3.35	3.25	3.33	1785924	25389698.00
2013/08/14	3.32	3.42	3.31	3.39	2906404	42027796.00
2013/08/15	3.38	3.41	3.33	3.34	1417139	20382348.00
2013/08/16	3.32	3.34	3.21	3.21	2169120	30434446.00
2013/08/19	3.19	3.28	3.16	3.27	1043227	14554172.00
2013/08/20	3.26	3.29	3.20	3.25	1165081	16266696.00
2013/08/21	3.23	3.27	3.20	3.26	724602	10081050.00
2013/08/22	3.25	3.29	3.21	3.28	1089874	15300444.00
2013/08/23	3.26	3.34	3.19	3.25	1507550	21113712.00
2013/08/26	3.23	3.30	3.21	3.30	1097414	15400676.00
2013/08/27	3.29	3.31	3.24	3.28	1013683	14213844.00
2013/08/28	3.26	3.26	3.19	3.19	1316413	18246884.00
2013/08/29	3.20	3.28	3.20	3.22	955827	13304766.00
2013/08/30	3.22	3.24	3.07	3.08	1290524	17486852.00
2013/09/02	3.08	3.18	3.05	3.17	805504	10819331.00
2013/09/03	3.16	3.19	3.13	3.19	430176	5861302.00
2013/09/04	3.19	3.22	3.18	3.19	608311	8351297.00
2013/09/05	3.17	3.26	3.17	3.22	959858	13348923.00
2013/09/06	3.24	3.24	3.18	3.24	717726	9879656.00
2013/09/09	3.23	3.28	3.21	3.25	841030	11718436.00
2013/09/10	3.24	3.27	3.21	3.22	753785	10459372.00
2013/09/11	3.24	3.24	3.17	3.17	844268	11576859.00
2013/09/12	3.18	3.20	3.16	3.17	478893	6541126.00
2013/09/13	3.19	3.20	3.14	3.19	488015	6659829.00
2013/09/16	3.18	3.23	3.18	3.21	641733	8864572.00
2013/09/17	3.23	3.24	3.14	3.15	452398	6190230.00
2013/09/18	3.15	3.16	3.09	3.15	407725	5477380.00
2013/09/23	3.15	3.30	3.15	3.29	1774640	24775864.00
2013/09/24	3.28	3.28	3.22	3.25	1511989	21057556.00
2013/09/25	3.24	3.31	3.24	3.25	1140283	16031320.00
2013/09/26	3.25	3.36	3.24	3.31	2035752	29005014.00
2013/09/27	3.31	3.34	3.19	3.22	2070720	28876400.00
2013/09/30	3.23	3.24	3.19	3.22	1192219	16450729.00
2013/10/08	3.22	3.30	3.20	3.30	1574885	22047836.00
2013/10/09	3.28	3.34	3.27	3.34	1418183	20140384.00
2013/10/10	3.35	3.35	3.26	3.27	1082077	15347040.00
2013/10/11	3.28	3.35	3.28	3.31	887962	12621018.00
2013/10/14	3.31	3.40	3.30	3.39	1461690	21034524.00
2013/10/15	3.35	3.38	3.28	3.33	2124197	30196632.00
2013/10/16	3.33	3.33	3.23	3.27	1360507	19113386.00
2013/10/17	3.28	3.41	3.25	3.34	2105124	30207646.00
2013/10/18	3.35	3.36	3.30	3.34	1210695	17308398.00
2013/10/21	3.34	3.63	3.34	3.54	4067690	60896836.00
2013/10/22	3.50	3.66	3.47	3.59	4974859	75739080.00
2013/10/23	3.55	3.55	3.34	3.46	2923150	43225296.00
2013/10/24	3.39	3.46	3.36	3.36	1815501	26454064.00
2013/10/25	3.37	3.40	3.32	3.37	1303594	18797210.00
2013/10/28	3.37	3.40	3.27	3.30	1244539	17768008.00
2013/10/29	3.31	3.35	3.11	3.16	1894155	26069666.00
2013/10/30	3.14	3.25	3.12	3.24	1125882	15416989.00
2013/10/31	3.22	3.34	3.19	3.26	1289300	18132292.00
2013/11/01	3.22	3.24	3.14	3.21	745933	10202671.00
2013/11/04	3.21	3.27	3.18	3.25	720538	10038671.00
2013/11/05	3.26	3.27	3.22	3.27	679408	9489940.00
2013/11/06	3.26	3.36	3.26	3.27	1361404	19364318.00
2013/11/07	3.26	3.26	3.19	3.19	1003120	13874691.00
2013/11/08	3.19	3.21	3.14	3.16	596026	8134188.50
2013/11/11	3.18	3.49	3.14	3.49	3427486	50317100.00
2013/11/12	3.56	3.71	3.50	3.50	7663979	117690504.00
2013/11/13	3.44	3.63	3.42	3.55	5424466	81686792.00
2013/11/14	3.52	3.81	3.46	3.70	7109969	111419600.00
2013/11/15	3.67	4.03	3.65	3.84	8750535	141534752.00
2013/11/18	3.79	3.89	3.75	3.79	5993647	97376568.00
2013/11/19	3.76	3.91	3.69	3.73	4498658	72896472.00
2013/11/20	3.72	3.78	3.68	3.75	3225961	51349248.00
2013/11/21	3.73	3.75	3.63	3.66	3102886	48985456.00
2013/11/22	3.68	3.75	3.65	3.68	2528980	40069808.00
2013/11/25	3.67	3.82	3.66	3.78	3707130	59573596.00
2013/11/26	3.77	3.97	3.75	3.81	5491636	90434672.00
2013/11/27	3.78	3.90	3.76	3.81	4288396	70173104.00
2013/11/28	3.84	4.06	3.80	4.00	6135145	102895920.00
2013/11/29	3.97	4.19	3.96	4.06	5978723	104131264.00
2013/12/02	3.65	3.80	3.65	3.65	4994275	78833208.00
2013/12/03	3.50	3.59	3.33	3.53	3383065	50529828.00
2013/12/04	3.50	3.65	3.48	3.50	2917708	44745024.00
2013/12/05	3.47	3.56	3.46	3.50	1590243	23900712.00
2013/12/06	3.50	3.54	3.48	3.52	1190875	17913578.00
2013/12/09	3.53	3.63	3.51	3.61	1902757	29252062.00
2013/12/10	3.63	3.63	3.51	3.56	1516648	23121252.00
2013/12/11	3.55	3.64	3.53	3.57	1861826	28626700.00
2013/12/12	3.56	3.66	3.56	3.61	1530490	23685754.00
2013/12/13	3.59	3.69	3.58	3.67	2003628	31261216.00
2013/12/16	3.67	3.69	3.56	3.56	1632869	25262934.00
2013/12/17	3.55	3.59	3.48	3.53	1258985	18970034.00
2013/12/18	3.52	3.55	3.48	3.53	1134111	17105488.00
2013/12/19	3.54	3.57	3.51	3.52	888020	13455297.00
2013/12/20	3.52	3.56	3.49	3.50	1407839	21190550.00
2013/12/23	3.48	3.51	3.32	3.50	1405734	20675140.00
2013/12/24	3.48	3.62	3.43	3.60	1716341	26238010.00
2013/12/25	3.64	3.83	3.62	3.79	3639681	58253216.00
2013/12/26	3.79	3.81	3.70	3.71	2556181	41025532.00
2013/12/27	3.69	3.88	3.68	3.87	2975786	48627192.00
2013/12/30	3.91	3.91	3.77	3.86	2556631	41968972.00
2013/12/31	3.81	3.84	3.66	3.70	3023759	47980108.00
2014/01/02	3.70	3.77	3.68	3.76	2020268	32362176.00
2014/01/03	3.76	3.83	3.70	3.80	2312938	37437588.00
2014/01/06	3.79	3.80	3.51	3.53	2638046	40974076.00
2014/01/07	3.52	3.62	3.49	3.59	1512488	23077098.00
2014/01/08	3.60	3.73	3.59	3.72	2418165	38033040.00
2014/01/09	3.67	3.72	3.51	3.52	2108170	32537980.00
2014/01/10	3.51	3.59	3.45	3.49	1507380	22673562.00
2014/01/13	3.50	3.56	3.47	3.53	1073815	16201083.00
2014/01/14	3.54	3.62	3.52	3.61	1228982	18847592.00
2014/01/15	3.61	3.67	3.59	3.66	1536929	23936952.00
2014/01/16	3.67	3.69	3.59	3.60	1645486	25584770.00
2014/01/17	3.60	3.71	3.58	3.65	1503518	23472080.00
2014/01/20	3.64	3.67	3.50	3.52	1553291	23773546.00
2014/01/21	3.41	3.42	3.26	3.36	4297913	61799556.00
2014/01/22	3.36	3.43	3.33	3.41	2051480	29842960.00
2014/01/23	3.37	3.48	3.37	3.47	2444851	36018736.00
2014/01/24	3.46	3.53	3.43	3.51	2318912	34735316.00
2014/01/27	3.47	3.54	3.45	3.47	1845203	27561478.00
2014/01/28	3.48	3.51	3.39	3.44	1100317	16201425.00
2014/01/29	3.41	3.55	3.41	3.53	1436986	21448608.00
2014/01/30	3.49	3.54	3.44	3.51	1060276	15932076.00
2014/02/07	3.51	3.59	3.48	3.55	1324671	20038192.00
2014/02/10	3.55	3.65	3.55	3.64	2479273	38261372.00
2014/02/11	3.61	3.68	3.50	3.65	2600304	40198788.00
2014/02/12	3.64	3.76	3.62	3.76	3651180	57857608.00
2014/02/13	3.73	3.86	3.65	3.66	2206279	34911888.00
2014/02/14	3.65	3.72	3.61	3.71	1741167	27339964.00
2014/02/17	3.71	3.83	3.70	3.79	2950912	47561744.00
2014/02/18	3.79	3.81	3.70	3.73	3200842	51160012.00
2014/02/19	3.73	3.75	3.67	3.72	1864350	29614620.00
2014/02/20	3.73	3.75	3.62	3.66	1776775	27940192.00
2014/02/21	3.65	3.69	3.60	3.66	1171843	18295298.00
2014/02/24	3.67	3.74	3.65	3.73	1840151	29130650.00
2014/02/25	3.75	3.78	3.38	3.45	3159982	49020488.00
2014/02/26	3.38	3.45	3.31	3.44	1655130	24057754.00
2014/02/27	3.45	3.72	3.39	3.39	2206802	33189946.00
2014/02/28	3.39	3.47	3.35	3.46	1189910	17342956.00
2014/03/03	3.45	3.50	3.42	3.48	2555649	37914568.00
2014/03/04	3.46	3.46	3.39	3.43	1766440	25955344.00
2014/03/05	3.43	3.43	3.38	3.41	1769283	25833878.00
2014/03/06	3.39	3.41	3.32	3.39	1425047	20521828.00
2014/03/07	3.39	3.45	3.38	3.40	1178519	17232846.00
2014/03/10	3.39	3.39	3.26	3.28	1245506	17803624.00
2014/03/11	3.26	3.31	3.23	3.26	756754	10614396.00
2014/03/12	3.22	3.29	3.19	3.25	810796	11303234.00
2014/03/13	3.25	3.30	3.25	3.27	757091	10662330.00
2014/03/14	3.28	3.34	3.28	3.34	1178511	16800150.00
2014/03/17	3.33	3.40	3.27	3.39	868538	12534458.00
2014/03/18	3.40	3.42	3.37	3.41	807083	11781282.00
2014/03/19	3.41	3.46	3.37	3.43	764235	11200178.00
2014/03/20	3.42	3.50	3.33	3.33	2550621	37681192.00
2014/03/21	3.33	3.41	3.27	3.39	1951258	28090682.00
2014/03/24	3.41	3.43	3.35	3.41	878191	12826348.00
2014/03/25	3.39	3.46	3.39	3.41	1015240	14889350.00
2014/03/26	3.41	3.46	3.38	3.43	1262507	18458246.00
2014/03/27	3.43	3.43	3.32	3.32	1008764	14525710.00
2014/03/28	3.30	3.33	3.14	3.18	1766331	24585764.00
2014/03/31	3.16	3.23	3.15	3.18	640991	8790624.00
2014/04/01	3.22	3.31	3.19	3.30	698585	9750929.00
2014/04/02	3.28	3.32	3.26	3.28	554724	7828914.00
2014/04/03	3.28	3.32	3.24	3.29	546338	7696689.50
2014/04/04	3.30	3.34	3.28	3.33	427695	6083903.50
2014/04/08	3.33	3.46	3.33	3.42	1654765	24189724.00
2014/04/09	3.31	3.45	3.30	3.44	2114163	30772312.00
2014/04/10	3.42	3.52	3.41	3.48	2128013	31783968.00
2014/04/11	3.46	3.62	3.46	3.58	2641288	40255184.00
2014/04/14	3.58	3.79	3.55	3.74	6149339	96916520.00
2014/04/15	3.70	3.78	3.69	3.72	2869766	45667544.00
2014/04/16	3.69	3.73	3.65	3.70	1709025	26943332.00
2014/04/17	3.71	3.76	3.63	3.74	1970386	31216202.00
2014/04/18	3.72	3.78	3.65	3.69	1334475	21205612.00
2014/04/21	3.67	3.82	3.64	3.76	1820957	29284396.00
2014/04/22	3.73	3.79	3.65	3.74	1387105	22008998.00
2014/04/23	3.73	3.75	3.67	3.73	954291	15188331.00
2014/04/24	3.70	3.75	3.63	3.69	1705264	26883206.00
2014/04/25	3.65	3.72	3.56	3.58	856822	13349953.00
2014/04/28	3.55	3.64	3.50	3.50	1702931	25942472.00
2014/04/29	3.53	3.69	3.50	3.69	1740489	26659908.00
2014/04/30	3.70	3.76	3.67	3.75	1542151	24569886.00
2014/05/05	3.75	3.81	3.72	3.79	1603415	25834396.00
2014/05/06	3.77	3.92	3.75	3.83	2064710	33900640.00
2014/05/07	3.84	3.87	3.68	3.75	1635762	26356460.00
2014/05/08	3.76	3.83	3.72	3.76	1430371	23050186.00
2014/05/09	3.76	3.77	3.64	3.72	1247134	19681314.00
2014/05/12	3.71	3.87	3.71	3.84	1650736	26869960.00
2014/05/13	3.84	3.88	3.78	3.81	799642	13071443.00
2014/05/14	3.78	3.83	3.78	3.79	1028796	16702814.00
2014/05/15	3.76	3.79	3.66	3.68	1337694	21209176.00
2014/05/16	3.63	3.71	3.62	3.71	484811	7628015.00
2014/05/19	3.72	3.74	3.69	3.72	257397	4094151.75
2014/05/20	3.70	3.81	3.70	3.76	806554	13010713.00
2014/05/21	3.76	3.79	3.72	3.79	545204	8767980.00
2014/05/22	3.81	3.83	3.77	3.79	1183917	19268988.00
2014/05/23	3.79	3.87	3.74	3.86	1560347	25390684.00
2014/05/26	3.87	4.01	3.86	3.99	2545300	42705604.00
2014/05/27	3.99	4.01	3.93	3.98	1082759	18366492.00
2014/05/28	4.01	4.08	3.92	4.07	1753145	30051652.00
2014/05/29	4.05	4.13	4.03	4.09	1706160	29784034.00
2014/05/30	4.06	4.14	4.05	4.10	1414094	24744656.00
2014/06/03	4.10	4.10	3.96	3.99	1402221	24001710.00
2014/06/04	3.99	4.17	3.96	4.05	1651229	28775022.00
2014/06/05	4.01	4.10	3.97	4.09	867073	14966268.00
2014/06/06	4.09	4.10	4.03	4.08	1092142	18950638.00
2014/06/09	4.03	4.08	3.97	4.04	726219	12505716.00
2014/06/10	4.04	4.11	4.04	4.09	1020198	17788540.00
2014/06/11	4.07	4.15	4.05	4.09	811366	14204587.00
2014/06/12	4.09	4.10	3.97	4.00	1042270	17922098.00
2014/06/13	3.98	4.11	3.98	4.03	1644700	28311708.00
2014/06/16	4.03	4.11	4.03	4.03	895848	15551739.00
2014/06/17	4.03	4.10	4.01	4.09	945708	16430868.00
2014/06/18	4.10	4.18	3.98	3.99	1753713	30599180.00
2014/06/19	3.92	3.96	3.73	3.85	2191558	35834968.00
2014/06/20	3.82	3.93	3.78	3.92	585760	9707778.00
2014/06/23	3.93	4.01	3.89	3.91	886229	14911273.00
2014/06/24	3.90	3.97	3.88	3.96	747571	12522770.00
2014/06/25	3.92	3.97	3.89	3.95	330394	5532473.50
2014/06/26	3.95	4.01	3.92	3.99	739521	12573573.00
2014/06/27	3.99	4.03	3.97	4.01	573050	9793820.00
2014/06/30	4.00	4.12	3.99	4.06	1243592	21641916.00
2014/07/01	4.03	4.27	4.03	4.27	1705462	30447786.00
2014/07/02	4.29	4.36	4.19	4.27	2097070	38059832.00
2014/07/03	4.25	4.34	4.15	4.15	3648899	65548484.00
2014/07/04	4.19	4.31	4.13	4.25	1599758	28822472.00
2014/07/07	4.22	4.31	4.22	4.25	1163750	21007566.00
2014/07/08	4.25	4.27	4.16	4.22	1214236	21635268.00
2014/07/09	4.21	4.27	4.15	4.17	1282113	22858042.00
2014/07/10	4.17	4.21	4.14	4.17	683974	12092048.00
2014/07/11	4.16	4.24	4.13	4.21	793590	14104510.00
2014/07/14	4.19	4.32	4.00	4.29	2562815	45092636.00
2014/07/15	4.30	4.34	4.25	4.27	1124324	20423658.00
2014/07/16	4.29	4.32	4.18	4.22	697288	12550863.00
2014/07/17	4.24	4.25	4.17	4.22	404583	7213434.00
2014/07/18	4.22	4.27	4.20	4.21	741998	13330595.00
2014/07/21	4.19	4.28	4.13	4.28	818587	14584957.00
2014/07/22	4.28	4.31	4.25	4.29	680799	12359997.00
2014/07/23	4.26	4.29	4.20	4.20	571150	10269342.00
2014/07/24	4.17	4.22	4.14	4.19	597540	10574562.00
2014/07/25	4.12	4.24	4.12	4.22	358200	6365222.00
2014/07/28	4.21	4.44	4.21	4.39	1356222	24874990.00
2014/07/29	4.37	4.59	4.37	4.56	2098800	40243128.00
2014/07/30	4.54	4.61	4.50	4.57	1302502	25189244.00
2014/07/31	4.52	4.60	4.52	4.58	775560	14997493.00
2014/08/01	4.58	4.65	4.53	4.56	1065859	20700934.00
2014/08/04	4.61	4.61	4.17	4.53	934649	17728482.00
2014/08/05	4.49	4.59	4.49	4.53	435190	8369282.00
2014/08/06	4.50	4.58	4.46	4.51	677603	12917880.00
2014/08/07	4.52	4.52	4.46	4.49	1055234	19997320.00
2014/08/08	4.49	4.50	4.43	4.47	443904	8397201.00
2014/08/11	4.47	4.48	4.40	4.46	1326370	24865890.00
2014/08/12	4.44	4.54	4.43	4.53	1885136	35802476.00
2014/11/07	4.99	4.99	4.83	4.99	11781086	247627744.00
2014/11/10	4.89	5.34	4.83	5.11	10714341	230471792.00
2014/11/11	5.10	5.14	4.90	4.97	4988380	105567736.00
2014/11/12	4.93	5.01	4.78	4.94	2972267	61660224.00
2014/11/13	4.89	5.44	4.83	5.35	7442563	162856048.00
2014/11/14	5.17	5.21	4.98	5.05	4964743	106814448.00
2014/11/17	5.10	5.13	4.78	4.85	5369930	111604816.00
2014/11/18	4.81	4.92	4.78	4.84	2985626	61250908.00
2014/11/19	4.81	4.99	4.81	4.98	3759767	78376408.00
2014/11/20	4.92	5.08	4.86	4.88	2454468	51159236.00
2014/11/21	4.88	4.97	4.87	4.90	2045021	42592260.00
2014/11/24	4.94	4.99	4.85	4.96	2217268	46115136.00
2014/11/25	4.95	5.22	4.88	5.20	4449185	95350952.00
2014/11/26	5.15	5.47	5.15	5.42	4778378	108589728.00
2014/11/27	5.40	5.57	5.28	5.34	3289563	74781464.00
2014/11/28	5.34	5.48	5.30	5.43	2473309	56607296.00
2014/12/01	5.41	5.45	5.16	5.28	2687727	59761140.00
2014/12/02	5.26	5.45	5.15	5.45	3351692	75702440.00
2014/12/03	5.40	5.81	5.35	5.59	3665870	86866992.00
2014/12/04	5.59	5.73	5.50	5.60	2865185	67941416.00
2014/12/05	5.56	5.57	5.18	5.45	3346019	75377712.00
2014/12/08	5.35	5.73	5.25	5.29	4286795	98774992.00
2014/12/09	5.21	5.28	4.76	4.97	4519781	94970104.00
2014/12/10	4.84	5.20	4.82	5.05	1419394	30403734.00
2014/12/11	5.08	5.15	4.99	5.14	699509	14942799.00
2014/12/12	5.07	5.23	5.02	5.14	1240931	26937076.00
2014/12/15	5.06	5.37	5.06	5.36	1663511	36739176.00
2014/12/16	5.38	5.50	5.22	5.28	1763098	40072636.00
2014/12/17	5.24	5.35	5.04	5.33	1646842	36249800.00
2014/12/18	5.37	5.37	5.14	5.15	956770	21169558.00
2014/12/19	5.09	5.21	4.89	5.20	1520386	32527978.00
2014/12/22	5.02	5.13	4.67	4.67	1883290	38048212.00
2014/12/23	4.66	4.73	4.44	4.64	1298469	25049126.00
2014/12/24	4.62	4.70	4.44	4.68	1054367	20503166.00
2014/12/25	4.64	4.72	4.56	4.68	720100	14133017.00
2014/12/26	4.68	4.78	4.61	4.76	1041044	20699330.00
2014/12/29	4.74	4.74	4.61	4.69	766348	15121906.00
2014/12/30	4.69	4.69	4.37	4.65	2361720	45425928.00
2014/12/31	4.58	4.74	4.49	4.71	1115756	21745784.00
2015/01/05	4.71	4.71	4.50	4.66	2049154	39795744.00
2015/01/06	4.53	4.78	4.49	4.66	1557970	30404162.00
2015/01/07	4.65	4.78	4.55	4.70	2366792	46650524.00
2015/01/08	4.70	4.76	4.64	4.70	1035618	20544862.00
2015/01/09	4.70	4.70	4.57	4.66	843583	16503153.00
2015/01/12	4.57	4.65	4.52	4.60	978123	18986052.00
2015/01/13	4.78	5.07	4.78	4.92	3408819	72085096.00
2015/01/14	4.73	4.79	4.63	4.75	2159861	43063116.00
2015/01/15	4.76	4.89	4.73	4.82	1381906	28133114.00
2015/01/16	4.80	5.03	4.80	4.95	1429811	29839614.00
2015/01/19	4.93	5.02	4.78	4.82	1187810	24690396.00
2015/01/20	4.86	5.06	4.85	5.05	1668135	34724952.00
2015/01/21	5.06	5.09	4.98	5.03	1835448	39024572.00
2015/01/22	5.04	5.16	4.97	5.09	1130179	24176854.00
2015/01/23	5.11	5.13	4.88	4.92	1464299	30779054.00
2015/01/26	4.92	5.00	4.87	4.97	705575	14792565.00
2015/01/27	4.97	5.03	4.88	4.94	673382	14069273.00
2015/01/28	4.92	5.08	4.89	5.06	1774793	37539532.00
2015/01/29	5.01	5.17	5.01	5.06	1326587	28560896.00
2015/01/30	5.05	5.10	4.92	4.99	756985	16011361.00
2015/02/02	4.92	5.07	4.92	4.99	714902	15141005.00
2015/02/03	4.99	5.33	4.95	5.27	2976448	65411100.00
2015/02/04	5.27	5.35	5.13	5.25	1298914	28753098.00
2015/02/05	5.28	5.44	5.21	5.25	1183064	26659434.00
2015/02/06	5.23	5.31	5.14	5.20	779706	17239594.00
2015/02/09	5.16	5.31	5.09	5.18	1258328	27602704.00
2015/02/10	5.20	5.26	5.13	5.18	502283	11038801.00
2015/02/11	5.18	5.28	5.15	5.22	316600	6980560.00
2015/02/12	5.22	5.39	5.22	5.31	1027754	23085852.00
2015/02/13	5.26	5.49	5.26	5.41	1091694	25022436.00
2015/02/16	5.45	5.54	5.33	5.34	1146655	26126628.00
2015/02/17	5.34	5.40	5.08	5.21	987288	21823940.00
2015/02/25	5.21	5.54	5.19	5.54	1625278	36550356.00
2015/02/26	5.48	5.54	5.39	5.43	1083793	24889274.00
2015/02/27	5.41	5.47	5.33	5.42	658280	15045536.00
2015/03/02	5.40	5.56	5.38	5.53	1308109	30306072.00
2015/03/03	5.50	5.68	5.47	5.50	1725666	40426040.00
2015/03/04	5.45	5.54	5.42	5.52	1070225	24907018.00
2015/03/05	5.52	5.59	5.50	5.57	1036250	24225502.00
2015/03/06	5.57	5.60	5.36	5.46	1017114	23421008.00
2015/03/09	5.45	5.52	5.40	5.49	1126337	25943056.00
2015/03/10	5.45	5.56	5.41	5.52	815840	19029954.00
2015/03/11	5.58	6.06	5.58	5.78	3208857	78973392.00
2015/03/12	5.78	5.84	5.57	5.70	1500338	35993684.00
2015/03/13	5.74	5.89	5.66	5.86	1298020	31767384.00
2015/03/16	5.87	6.38	5.87	6.13	2497523	64619316.00
2015/03/17	6.09	6.36	6.03	6.16	2737711	70972040.00
2015/03/18	6.17	6.78	6.17	6.78	6435258	175128608.00
2015/03/19	6.67	6.70	6.45	6.56	3716677	102649936.00
2015/03/20	6.49	6.60	6.43	6.53	2147289	58748484.00
2015/03/23	6.53	6.70	6.45	6.55	3434370	94781288.00
2015/03/24	6.49	6.58	6.17	6.41	3201613	86080984.00
2015/03/25	6.41	6.65	6.32	6.59	2275638	61915924.00
2015/03/26	6.78	6.78	6.29	6.30	2529948	69278120.00
2015/03/27	6.41	6.41	6.00	6.36	2884622	75597672.00
2015/03/30	6.27	6.36	6.15	6.25	1602396	41965532.00
2015/03/31	6.23	6.48	6.17	6.36	1797532	47881540.00
2015/04/01	6.39	6.57	6.37	6.53	1695037	46499976.00
2015/04/02	6.59	6.62	6.46	6.60	2333171	64315616.00
2015/04/03	6.90	7.27	6.90	7.27	4191316	127286272.00
2015/04/07	7.66	7.92	7.39	7.42	6139468	197195152.00
2015/04/08	7.59	7.97	7.13	7.94	7212584	230175296.00
2015/04/09	7.77	8.04	7.37	7.89	5419862	177157296.00
2015/04/10	7.94	8.62	7.94	8.38	4093398	142593488.00
2015/04/13	8.22	9.10	8.17	8.77	4959485	184148544.00
2015/04/14	8.78	9.17	8.33	8.54	3435840	125397952.00
2015/04/15	8.42	8.42	7.71	7.73	3437106	115528520.00
2015/04/16	7.58	8.50	7.37	8.01	2783295	93117448.00
2015/04/17	8.04	8.30	7.92	8.11	1840936	62693204.00
2015/04/20	7.99	8.03	7.49	7.55	3357506	83615328.00
2015/04/21	7.55	7.96	7.55	7.93	2242009	56444508.00
2015/04/22	8.00	8.65	8.00	8.54	3593390	97195760.00
2015/04/23	8.54	8.88	8.31	8.68	2772314	77468848.00
2015/04/24	8.68	8.68	8.12	8.41	2457408	66824112.00
2015/04/27	8.32	8.50	8.10	8.15	2070258	54965952.00
2015/04/28	8.15	8.27	7.55	7.84	4516468	113510768.00
2015/04/29	7.76	8.03	7.65	7.86	2929081	74558432.00
2015/04/30	7.87	8.22	7.87	8.11	4212902	109668416.00
2015/05/04	8.11	8.48	7.93	8.21	2476764	65417028.00
2015/05/05	8.21	8.21	8.01	8.16	2010917	52526476.00
2015/05/06	8.16	8.53	8.16	8.41	3806553	103371640.00
2015/05/07	8.35	8.84	8.35	8.53	3913594	108977128.00
2015/05/08	8.84	9.39	8.45	9.39	5893628	171149392.00
2015/05/11	9.49	10.34	9.49	10.20	8613298	280537312.00
2015/05/12	10.20	10.87	10.01	10.15	7792471	261089488.00
2015/05/13	9.93	11.17	9.56	11.17	8706480	290072064.00
2015/05/14	11.14	11.87	10.88	11.40	4196161	154059184.00
2015/05/15	11.11	11.43	10.25	10.92	5643880	196109008.00
2015/05/18	10.81	11.65	10.59	11.03	3637525	129903328.00
2015/05/19	11.26	11.29	10.52	11.18	3192373	111369408.00
2015/05/20	10.98	11.64	10.98	11.48	4204062	153553664.00
2015/05/21	11.79	12.64	11.17	12.58	4909389	184209728.00
2015/05/22	12.56	13.32	12.15	12.50	4559090	185026464.00
2015/05/25	12.12	13.17	11.51	12.84	3666724	145393600.00
2015/05/26	13.28	13.43	12.53	13.27	5033371	209968256.00
2015/05/27	13.37	13.87	12.59	13.68	4186133	178926656.00
2015/05/28	13.58	14.58	12.74	12.75	4236270	186749488.00
2015/05/29	12.74	13.72	11.81	13.70	4726678	199144032.00
2015/06/01	13.70	15.08	13.70	15.07	3901415	184101808.00
2015/06/02	15.40	16.59	15.09	16.59	4200700	211523984.00
2015/06/09	15.03	18.05	15.03	16.67	5619112	297291296.00
2015/06/10	16.67	18.06	16.67	17.51	3964451	222277664.00
2015/06/11	17.53	19.27	17.53	19.27	2461009	148903824.00
2015/06/12	19.97	21.20	19.27	20.46	4398333	292813664.00
2015/06/15	21.21	21.21	18.41	18.41	5234582	317996672.00
2015/06/16	17.43	19.27	16.73	17.43	6083003	347597376.00
2015/06/17	17.74	18.12	16.59	17.74	3674558	205573280.00
2015/06/18	18.06	18.11	16.62	17.42	2372300	132632288.00
2015/06/19	16.52	17.90	16.34	17.01	2454960	134474976.00
2015/06/23	16.81	17.43	15.30	17.30	3617990	189926000.00
2015/06/24	17.74	17.93	16.41	17.13	2520451	139997200.00
2015/06/25	17.16	17.34	16.18	16.49	2435239	131785736.00
2015/06/26	15.56	15.81	14.83	14.83	2508320	122175784.00
2015/06/29	15.53	15.53	13.34	13.34	2551874	112783232.00
2015/06/30	12.12	14.03	12.00	13.22	4817659	196838784.00
2015/07/01	13.99	14.46	13.18	13.41	5159317	231271376.00
2015/07/02	13.43	13.46	12.06	12.06	4985512	201007232.00
2015/07/03	10.87	12.70	10.85	10.85	4272446	156473968.00
2015/07/06	11.94	11.94	9.76	9.76	4614542	159479776.00
2015/07/15	10.74	10.74	10.74	10.74	1661389	57484060.00
2015/07/16	10.24	10.87	9.66	10.71	7788359	260881392.00
2015/07/17	11.03	11.77	10.65	11.59	8221383	295079200.00
2015/07/20	11.62	12.59	11.12	11.49	6837247	260047776.00
2015/07/21	11.47	12.65	11.18	12.65	7407119	279913152.00
2015/07/22	12.53	13.23	12.06	12.56	5387508	219090240.00
2015/07/23	12.43	13.04	12.21	12.82	3896555	159487520.00
2015/07/24	12.82	13.15	12.08	12.12	4278284	174370992.00
2015/07/27	11.65	12.07	10.90	10.90	3998330	147833232.00
2015/07/28	9.80	10.84	9.80	9.80	6083283	195700208.00
2015/07/29	10.02	10.30	8.81	10.30	7378731	225525488.00
2015/07/30	10.14	10.97	9.31	10.12	5172788	173586256.00
2015/07/31	9.93	11.03	9.65	10.76	5447691	184820496.00
2015/08/03	10.49	11.24	10.24	10.45	3649936	126752952.00
2015/08/04	10.42	11.50	10.42	11.50	8483509	300572032.00
2015/08/05	12.66	12.66	12.66	12.66	544961	22190812.00
2015/08/06	13.93	13.93	12.74	13.28	33899870	1477621632.00
2015/08/07	13.21	14.61	13.02	14.61	18978033	855030848.00
2015/08/10	15.56	16.03	15.15	15.37	25742354	1288984960.00
2015/08/11	15.18	16.92	15.12	16.45	24315330	1273005568.00
2015/08/12	15.93	16.33	15.21	15.52	19098461	974118912.00
2015/08/13	15.71	16.81	15.56	16.60	19486355	1008792128.00
2015/08/14	17.08	17.91	16.22	16.80	20632797	1124422784.00
2015/08/17	16.49	17.59	16.34	16.80	16161661	877432896.00
2015/08/18	16.84	17.26	15.11	15.11	17132292	906250432.00
2015/08/19	14.65	15.26	13.59	14.74	22904099	1046156160.00
2015/08/20	14.31	15.56	13.70	14.33	17236773	813659584.00
2015/08/21	13.90	14.87	13.37	13.45	16887408	769340288.00
2015/08/24	12.39	12.68	12.10	12.10	7740499	303164352.00
2015/08/25	10.88	11.16	10.88	10.88	8154007	286474144.00
2015/08/26	10.40	11.56	9.85	9.95	16607201	568410048.00
2015/08/27	10.40	10.95	9.82	10.95	16977076	578513920.00
2015/08/28	11.28	11.93	10.81	11.85	22662746	818630912.00
2015/08/31	11.46	11.61	10.66	10.66	12712440	454800736.00
2015/09/01	10.12	10.14	9.59	9.59	10159038	317105376.00
2015/09/02	8.62	9.86	8.62	8.62	13376065	381984064.00
2015/09/07	8.99	9.49	8.70	8.96	13890847	406236416.00
2015/09/08	8.72	9.78	8.71	9.73	11930907	353122080.00
2015/09/09	9.63	10.59	9.56	10.35	15948938	518777088.00
2015/09/10	9.93	10.30	9.83	9.99	10470670	340081760.00
2015/09/11	9.98	10.23	9.94	10.15	8155528	264748432.00
2015/09/14	10.08	10.15	9.13	9.13	7457378	232540752.00
2015/09/15	8.25	8.65	8.21	8.21	10892682	291574240.00
2015/09/16	8.37	9.04	8.18	9.00	12032865	333839360.00
2015/09/17	8.90	9.46	8.62	8.63	13459794	395724128.00
2015/09/18	8.81	9.29	8.63	9.22	9583009	276969568.00
2015/09/21	8.99	10.15	8.87	10.15	9546183	295324032.00
2015/09/22	10.40	10.95	10.26	10.41	14957882	507684512.00
2015/09/23	10.06	11.23	9.99	10.87	14165040	484410048.00
2015/09/24	10.99	11.42	10.82	11.21	12263853	439890240.00
2015/09/25	11.18	11.74	10.11	10.70	15195671	534865408.00
2015/09/28	10.94	11.76	10.59	11.59	13354453	482829856.00
2015/09/29	11.84	12.32	11.31	11.66	19904101	760071744.00
2015/09/30	11.51	11.81	10.87	11.35	11558825	420285408.00
2015/10/08	12.02	12.49	11.75	12.49	14053070	551700096.00
2015/10/09	12.37	13.02	12.06	12.45	15942808	639505280.00
2015/10/12	12.74	13.24	12.02	12.98	66778575	852304768.00
2015/10/13	13.09	14.28	12.98	14.28	40126974	551933184.00
2015/10/14	14.69	15.24	13.54	13.54	74485190	1064586496.00
2015/10/15	13.09	13.91	13.00	13.75	50784812	687513216.00
2015/10/16	13.77	13.89	13.24	13.54	39736296	539569344.00
2015/10/19	13.59	13.59	12.74	12.96	35489504	468248320.00
2015/10/20	12.77	13.74	12.76	13.62	38391575	518405984.00
2015/10/21	13.51	13.91	12.25	12.25	44291020	584610560.00
2015/10/22	12.06	12.79	11.95	12.66	28733465	359014912.00
2015/10/23	12.65	13.24	12.65	13.11	29014153	379672448.00
2015/10/26	13.34	13.92	12.95	13.74	35648121	484626752.00
2015/10/27	13.75	13.75	12.74	13.44	30203333	401468256.00
2015/10/28	13.45	13.46	12.75	12.81	23875131	313279680.00
2015/10/29	12.93	13.18	12.55	12.81	16658991	215404768.00
2015/10/30	12.85	12.91	12.45	12.62	16242117	206648240.00
2015/11/02	12.21	13.43	12.21	12.83	23549724	306091904.00
2015/11/03	12.84	12.98	12.32	12.43	16346233	206337904.00
2015/11/04	12.28	12.93	12.28	12.89	20759069	265804832.00
2015/11/05	12.94	13.68	12.88	13.27	36298769	485307072.00
2015/11/06	13.34	13.67	13.19	13.46	37554528	506901760.00
2015/11/09	13.38	14.14	12.94	13.82	45046205	611931840.00
2015/11/10	13.79	14.36	13.55	13.89	37989517	531707392.00
2015/11/11	14.01	14.32	13.75	14.24	39113682	551866880.00
2015/11/12	14.49	14.50	13.89	14.34	37532622	535318720.00
2015/11/13	14.04	15.78	13.96	14.60	49811756	751834560.00
2015/11/16	14.14	15.37	13.94	15.26	36856935	547630720.00
2015/11/17	15.38	15.59	14.82	14.88	39323602	597462208.00
2015/11/18	14.91	16.27	14.87	15.47	51024471	794942080.00
2015/11/19	15.54	17.02	15.44	17.02	57953241	958479040.00
2015/11/20	18.24	18.73	17.94	18.73	54422664	1014551488.00
2015/11/23	20.19	20.19	17.05	17.23	92321732	1741877248.00
2015/11/24	16.62	17.65	16.47	17.53	45183080	775920192.00
2015/11/25	17.04	17.54	16.94	17.42	37775406	652078336.00
2015/11/26	17.39	17.53	16.74	16.77	33457192	571933504.00
2015/11/27	16.32	16.32	15.09	15.10	42666245	675237120.00
2015/11/30	14.97	16.24	14.46	15.93	36643832	563995456.00
2015/12/01	15.66	16.34	15.18	15.52	26198349	415583392.00
2015/12/02	15.54	15.73	14.04	14.78	18332820	273942176.00
2015/12/03	14.98	15.44	14.95	15.44	17184455	263247184.00
2015/12/04	15.34	16.06	15.22	15.70	23303166	366408544.00
2015/12/07	15.54	15.84	15.25	15.49	16853528	262390272.00
2015/12/08	15.39	15.44	14.74	14.76	17683416	266204640.00
2015/12/09	14.61	14.74	13.94	14.20	20680629	296827200.00
2015/12/10	14.34	14.44	14.06	14.14	12343286	176954080.00
2015/12/11	14.05	14.12	13.57	13.71	13054186	181262992.00
2015/12/14	13.54	14.77	13.29	14.58	20919420	295646368.00
2015/12/15	14.39	14.73	14.34	14.36	15293391	222126336.00
2015/12/16	14.37	14.93	14.37	14.55	17229768	254097216.00
2015/12/17	14.72	15.03	14.64	14.97	17848847	266536480.00
2015/12/18	15.00	15.23	14.65	14.73	16444572	246339136.00
2015/12/21	14.74	14.79	14.45	14.69	11294631	165775760.00
2015/12/22	14.94	16.17	14.94	16.17	12580924	200902640.00
2015/12/23	16.71	16.85	15.47	15.76	46625418	765594496.00
2015/12/24	15.74	16.15	14.81	16.03	26739631	416787104.00
2015/12/25	15.74	16.10	15.52	15.55	15667998	247817936.00
2015/12/28	15.89	16.14	15.30	15.35	18162851	286593312.00
2015/12/29	15.24	15.43	14.94	15.27	11272629	171083280.00
2015/12/30	15.27	15.72	15.11	15.62	13866457	213132064.00
2015/12/31	15.67	15.70	14.95	14.99	13672874	209494576.00
2016/01/04	14.98	15.04	13.49	13.49	11591908	164487536.00
2016/01/05	12.17	13.47	12.16	12.74	16593859	212754432.00
2016/01/06	12.90	13.94	12.75	13.62	15874330	212638704.00
2016/01/07	13.26	13.26	12.25	12.25	3486880	44502076.00
2016/01/08	12.51	12.93	11.32	12.28	13641679	169217312.00
2016/01/11	11.92	12.04	11.05	11.05	13579406	156247264.00
2016/01/12	11.26	11.53	10.84	11.36	14485973	163644272.00
2016/01/13	11.53	12.16	11.34	11.35	17876234	210892224.00
2016/01/14	10.94	12.01	10.85	11.94	14512079	169394160.00
2016/01/15	12.03	12.04	11.24	11.39	13037603	153105136.00
2016/01/18	11.10	11.88	10.99	11.65	10973674	127582032.00
2016/01/19	11.63	12.13	11.33	12.05	16951880	200240832.00
2016/01/20	11.89	12.42	11.82	12.15	16653171	203197376.00
2016/01/21	11.83	12.39	11.24	11.27	15638488	187852544.00
2016/01/22	11.54	11.64	10.91	11.46	9862278	112639488.00
2016/01/25	11.55	11.75	11.43	11.58	7516891	87681920.00
2016/01/26	11.54	11.54	10.42	10.44	11805049	130438576.00
2016/01/27	10.45	10.73	9.43	10.22	10101743	102082928.00
2016/01/28	9.94	10.18	9.30	9.41	7031199	69444200.00
2016/01/29	9.92	10.20	9.54	10.07	8923124	89009136.00
2016/02/01	9.94	10.18	9.86	10.00	7872937	79472880.00
2016/02/02	10.19	10.49	10.09	10.40	7698580	80314360.00
2016/02/03	10.24	10.46	10.04	10.38	6559621	67486144.00
2016/02/04	10.34	10.74	10.34	10.58	8350876	89023504.00
2016/02/05	10.65	11.13	10.65	10.76	9058001	99381168.00
2016/02/15	10.34	10.82	10.04	10.64	6941961	72941576.00
2016/02/16	10.67	11.28	10.67	11.18	9255355	103083920.00
2016/02/17	11.14	11.28	10.92	11.19	9963835	111208864.00
2016/02/18	11.41	11.41	11.04	11.09	9852731	111150736.00
2016/02/19	10.97	11.22	10.95	11.13	7215951	80610584.00
2016/02/22	11.42	11.44	11.15	11.34	8736222	99208992.00
2016/02/23	11.36	11.42	10.85	11.06	9736972	108489632.00
2016/02/24	11.06	11.19	10.54	10.96	10645911	116252240.00
2016/02/25	11.01	11.02	9.86	9.86	12079519	125399800.00
2016/02/26	10.09	10.19	9.62	9.94	8872577	89054288.00
2016/02/29	9.96	10.09	9.04	9.35	9319750	88133616.00
2016/03/01	9.46	9.86	9.26	9.77	9199550	88463304.00
2016/03/02	9.84	10.24	9.69	10.19	10136079	101716672.00
2016/03/03	10.14	10.39	10.03	10.08	10032703	102848048.00
2016/03/04	9.99	10.14	9.35	9.54	8824135	86535384.00
2016/03/07	9.64	10.07	9.62	9.79	7163718	70909168.00
2016/03/08	9.89	9.89	9.24	9.82	8562963	82444096.00
2016/03/09	9.54	9.74	9.45	9.53	5459058	52681248.00
2016/03/10	9.57	9.69	9.34	9.49	5720441	54870740.00
2016/03/11	9.54	9.69	9.44	9.64	6888145	66632052.00
2016/03/14	9.86	10.22	9.76	10.03	11193354	112777368.00
2016/03/15	10.09	10.09	9.74	9.78	8708606	86467136.00
2016/03/16	10.02	10.09	9.58	9.66	5986134	58830280.00
2016/03/17	9.73	10.04	9.64	10.02	11434921	114193784.00
2016/03/18	10.10	10.50	10.04	10.46	16736667	173749632.00
2016/03/21	10.62	11.20	10.44	11.09	20695654	223068256.00
2016/03/22	10.82	11.20	10.74	10.93	16235112	178752640.00
2016/03/23	10.91	11.07	10.79	11.00	10287956	113224336.00
2016/03/24	10.91	10.91	10.57	10.59	12281506	132592744.00
2016/03/25	10.57	10.79	10.54	10.73	8332668	89664496.00
2016/03/28	10.86	11.13	10.74	10.78	11999022	132407160.00
2016/03/29	10.74	10.81	10.26	10.40	9589987	100802248.00
2016/03/30	10.54	10.80	10.47	10.80	8653970	92598328.00
2016/03/31	10.91	10.91	10.44	10.56	12335621	132713000.00
2016/04/01	10.53	10.65	10.33	10.50	8194939	86213576.00
2016/04/05	10.59	10.89	10.51	10.88	11197520	121078952.00
2016/04/06	10.95	11.97	10.95	11.97	35442213	415330144.00
2016/04/07	11.94	11.94	11.57	11.63	29061690	342633344.00
2016/04/08	11.36	12.09	11.34	11.84	24857009	294862240.00
2016/04/11	11.99	12.42	11.73	12.26	25104888	304691072.00
2016/04/12	12.32	12.32	11.74	11.85	16070819	193401472.00
2016/04/13	11.94	12.15	11.81	11.81	18185749	218884416.00
2016/04/14	11.94	11.99	11.74	11.97	11578472	138000576.00
2016/04/15	11.98	12.41	11.78	11.85	9659051	116042160.00
2016/04/18	11.78	11.78	11.35	11.44	9750522	112741088.00
2016/04/19	11.54	11.69	11.41	11.56	7928935	92046992.00
2016/04/20	11.56	11.67	10.40	10.53	18151019	197555104.00
2016/04/21	10.58	10.62	10.16	10.22	9593586	100548752.00
2016/04/22	10.24	10.59	10.24	10.52	8496484	89043320.00
2016/04/25	10.51	10.52	10.25	10.45	4884021	50945084.00
2016/04/26	10.36	10.47	10.23	10.47	8411244	87679152.00
2016/04/27	10.47	10.49	10.27	10.29	6143838	64116016.00
2016/04/28	10.29	10.38	9.85	10.18	8463955	85851048.00
2016/04/29	10.14	10.40	10.02	10.32	6433254	66485408.00
2016/05/03	10.32	10.78	10.21	10.69	9057998	96737072.00
2016/05/04	10.67	10.91	10.54	10.58	8912143	96124536.00
2016/05/05	10.59	10.83	10.46	10.76	8608097	92648456.00
2016/05/06	10.74	10.80	10.19	10.21	10719138	112819752.00
2016/05/09	10.09	10.09	9.74	9.83	6985038	69404712.00
2016/05/10	9.77	10.00	9.77	9.90	4165333	41557848.00
2016/05/11	9.94	10.05	9.77	9.80	4141044	41226288.00
2016/05/12	9.70	9.80	9.42	9.74	4314783	41720240.00
2016/05/13	9.70	9.90	9.49	9.57	5649948	54898520.00
2016/05/16	9.59	9.70	9.44	9.70	3865472	37337228.00
2016/05/17	9.71	9.91	9.61	9.76	4609236	45223876.00
2016/05/18	9.71	9.73	9.25	9.34	5469721	51958972.00
2016/05/19	9.36	9.56	9.34	9.39	4183148	39867780.00
2016/05/20	9.33	9.50	9.24	9.49	4537659	42951632.00
2016/05/23	9.49	9.63	9.49	9.63	4770968	46005936.00
2016/05/24	9.60	9.60	9.38	9.47	4302855	40952164.00
2016/05/25	9.57	9.65	9.47	9.51	5169399	49729412.00
2016/05/26	9.51	9.59	9.29	9.57	4652177	44110568.00
2016/05/27	9.55	10.24	9.47	9.97	9365771	93158528.00
2016/05/30	10.14	10.14	9.85	9.88	8675983	87417872.00
2016/05/31	9.84	10.39	9.84	10.34	10696933	109481000.00
2016/06/01	10.29	10.51	10.24	10.28	10215455	106499392.00
2016/06/02	10.24	10.37	10.14	10.31	8512701	87751504.00
2016/06/03	10.40	10.41	10.26	10.28	7936493	82346880.00
2016/06/06	10.29	10.36	10.04	10.15	7572781	77350656.00
2016/06/07	10.15	10.40	10.06	10.34	8727618	90076328.00
2016/06/08	10.25	10.33	10.10	10.21	6554932	67263104.00
2016/06/13	10.07	10.09	9.55	9.55	8015401	79677952.00
2016/06/14	9.55	9.65	9.45	9.63	5787979	55600600.00
2016/06/15	9.44	10.03	9.34	9.88	7352017	72670072.00
2016/06/16	9.83	9.97	9.70	9.75	6074204	60067044.00
2016/06/17	9.81	10.72	9.78	10.43	20240555	211476400.00
2016/06/20	10.44	10.52	10.16	10.40	11247785	116975680.00
2016/07/19	11.43	11.44	11.23	11.44	10696195	122535040.00
2016/07/20	11.77	12.27	11.25	11.82	51109602	597156736.00
2016/07/21	11.78	13.01	11.76	12.71	51360583	649057536.00
2016/07/22	12.33	12.79	12.26	12.48	33475455	417280192.00
2016/07/25	12.37	12.81	12.16	12.17	23939232	299975808.00
2016/07/26	12.08	12.72	12.08	12.48	16785551	209646576.00
2016/07/27	12.47	12.47	11.48	11.57	20731272	247805936.00
2016/07/28	11.65	11.87	11.41	11.81	13796881	161350608.00
2016/07/29	11.67	11.96	11.52	11.57	8188605	96102280.00
2016/08/01	11.39	11.97	11.18	11.85	12296362	142544448.00
2016/08/02	11.93	12.15	11.77	11.96	13144338	158188512.00
2016/08/03	12.31	12.56	12.00	12.28	18485879	228340160.00
2016/08/04	12.10	13.07	12.08	12.32	15616859	194909680.00
2016/08/05	12.35	12.45	11.77	11.79	10858022	131581616.00
2016/08/08	11.76	11.93	11.52	11.77	8321139	97856320.00
2016/08/09	11.86	12.05	11.77	11.97	10307843	123063400.00
2016/08/10	11.92	12.47	11.87	12.36	19275240	236742752.00
2016/08/11	12.35	12.37	11.69	11.96	13373359	162485728.00
2016/08/12	11.80	11.97	11.59	11.97	10891459	128504040.00
2016/08/15	12.12	12.13	11.77	11.99	11691657	140593664.00
2016/08/16	12.06	12.34	12.00	12.31	12384229	151131216.00
2016/08/17	12.41	12.47	12.11	12.20	10724377	131858648.00
2016/08/18	12.23	12.25	11.91	12.00	8968927	108528016.00
2016/08/19	11.90	12.01	11.75	11.80	8506385	100797824.00
2016/08/22	11.92	11.92	11.67	11.81	5903863	69619344.00
2016/08/23	11.82	11.96	11.72	11.77	4824060	57180088.00
2016/08/24	11.78	11.82	11.67	11.68	4541430	53354032.00
2016/08/25	11.68	11.70	11.22	11.48	7594981	86623096.00
2016/08/26	11.51	11.61	11.35	11.36	5981945	68947968.00
2016/08/29	11.39	11.60	11.33	11.51	3833066	44230144.00
2016/08/30	11.47	11.60	11.37	11.46	3474607	39975848.00
2016/08/31	11.57	11.57	11.26	11.37	5221797	59459440.00
2016/09/01	11.37	11.46	11.29	11.32	3897688	44452416.00
2016/09/02	11.57	11.94	11.36	11.67	11993162	140738112.00
2016/09/05	11.85	11.85	11.39	11.41	6877096	79817664.00
2016/09/06	11.49	11.56	11.21	11.50	5909849	67392888.00
2016/09/07	11.47	12.54	11.47	12.16	28102819	341155008.00
2016/09/08	12.09	12.31	12.01	12.25	12376526	150688736.00
2016/09/09	12.29	12.72	12.10	12.36	18186845	225861152.00
2016/09/12	11.98	12.35	11.92	12.04	10226542	124160024.00
2016/09/13	12.17	12.70	11.94	12.54	13201818	163272640.00
2016/09/14	12.55	12.80	12.17	12.17	16761126	210419040.00
2016/09/19	11.98	12.16	11.77	11.81	12539785	149244608.00
2016/09/20	11.88	11.93	11.58	11.80	7976891	94210048.00
2016/09/21	11.78	11.86	11.65	11.81	5273286	62091912.00
2016/09/22	11.87	11.90	11.73	11.73	4581768	54252024.00
2016/09/23	11.87	11.87	11.68	11.70	4378059	51565652.00
2016/09/26	11.77	11.77	11.33	11.41	5204388	60174932.00
2016/09/27	11.32	11.46	11.30	11.44	3186929	36369364.00
2016/09/28	11.52	11.53	11.36	11.36	2393292	27423750.00
2016/09/29	11.40	11.52	11.31	11.45	3612547	41382476.00
2016/09/30	11.47	11.51	11.41	11.51	1865775	21423578.00
2016/10/10	11.67	11.93	11.55	11.87	5031684	59425608.00
2016/10/11	11.92	12.34	11.91	12.11	9787459	119248720.00
2016/10/12	12.09	12.14	11.94	12.02	4401420	53114644.00
2016/10/13	12.12	12.14	11.98	12.09	3409140	41234528.00
2016/10/14	12.09	12.32	11.99	12.17	6489596	79255912.00
2016/10/17	12.42	12.42	11.69	11.71	8463639	101558528.00
2016/10/18	11.67	12.18	11.66	12.16	6534263	78387632.00
2016/10/19	12.19	12.26	11.92	11.96	3859800	46538788.00
2016/10/20	12.00	12.10	11.94	11.97	3381745	40673612.00
2016/10/21	11.97	12.24	11.88	12.16	8002811	97035624.00
2016/10/24	12.14	12.25	12.06	12.12	5572945	67817472.00
2016/10/25	12.16	12.23	12.09	12.10	4143529	50435332.00
2016/10/26	12.13	12.13	11.91	11.99	5743971	69121552.00
2016/10/27	12.00	12.05	11.87	11.91	4730469	56553644.00
2016/10/28	11.93	12.17	11.85	11.89	5219507	62783020.00
2016/10/31	11.89	12.02	11.69	12.02	4079040	48525308.00
2016/11/01	12.02	12.17	11.85	12.13	7511866	90566272.00
2016/11/02	12.10	12.32	11.98	12.32	11809454	144350352.00
2016/11/03	12.17	12.34	12.08	12.10	9672320	118176464.00
2016/11/04	12.18	12.86	12.03	12.72	22730629	286836064.00
2016/11/07	12.65	13.02	12.19	12.72	27972285	354007328.00
2016/11/08	12.57	12.65	12.27	12.47	16563261	206962512.00
2016/11/09	12.37	12.42	11.84	12.00	17207497	209034832.00
2016/11/10	12.09	13.20	12.09	13.20	27014836	350171328.00
2016/11/11	13.77	14.47	13.67	14.19	58357668	820523648.00
2016/11/14	13.98	14.90	13.80	13.99	37335633	529725088.00
2016/11/15	13.98	14.93	13.80	14.52	42505344	611027520.00
2016/11/16	14.17	14.34	13.87	13.90	31291883	441293152.00
2016/11/17	13.90	13.93	13.47	13.70	16625251	227631968.00
2016/11/18	13.66	14.18	13.60	13.72	15932007	222321088.00
2016/11/21	13.77	14.12	13.55	13.87	14608510	203704480.00
2016/11/22	13.87	14.15	13.76	13.92	15696023	219531296.00
2016/11/23	13.95	14.33	13.23	13.47	24181315	335733568.00
2016/11/24	13.37	13.58	13.17	13.27	11629836	155782064.00
2016/11/25	13.25	13.34	12.77	13.13	11544529	150395728.00
2016/11/28	13.20	13.34	13.06	13.26	7889245	104478824.00
2016/11/29	13.13	13.16	12.67	12.72	11126974	144135024.00
2016/11/30	12.73	12.97	12.53	12.78	7674008	98618040.00
2016/12/01	12.86	12.87	12.67	12.76	5570470	71218096.00
2016/12/02	12.72	12.81	12.40	12.46	6643812	83655440.00
2016/12/05	12.27	12.62	12.14	12.47	5106679	63873892.00
2016/12/06	12.55	12.79	12.32	12.37	5599600	70417816.00
2016/12/07	12.39	12.47	12.10	12.45	9679173	118880976.00
2016/12/08	12.40	12.42	12.17	12.22	6301745	77335424.00
2016/12/09	12.21	12.35	12.17	12.27	5459373	67034336.00
2016/12/12	12.22	12.28	11.04	11.04	15760615	182837088.00
2016/12/13	11.02	11.08	10.62	11.06	8285994	90689544.00
2016/12/14	11.02	11.09	10.71	10.80	5801267	63279120.00
2016/12/15	10.76	11.12	10.76	10.95	6463064	71094128.00
2016/12/16	10.96	11.21	10.83	11.14	5455363	60677116.00
2016/12/19	11.23	11.29	11.05	11.15	3399600	38005612.00
2016/12/20	11.15	11.22	10.92	11.01	5151911	57157120.00
2016/12/21	11.09	11.22	11.01	11.17	4676053	52199688.00
2016/12/22	11.20	11.44	11.12	11.38	6257511	71133104.00
2016/12/23	11.37	11.37	11.00	11.03	5902613	66176712.00
2016/12/26	11.03	11.07	10.58	10.98	5133459	55616668.00
2016/12/27	10.88	11.05	10.84	11.01	2797360	30789232.00
2016/12/28	11.05	11.05	10.91	10.95	2423712	26672906.00
2016/12/29	10.88	11.12	10.86	10.94	2612561	28816544.00
2016/12/30	10.93	11.07	10.83	10.94	3111263	34154660.00
2017/01/03	10.94	11.24	10.92	11.20	5073132	56553944.00
2017/01/04	11.20	11.49	11.15	11.42	5846330	66653732.00
2017/01/05	11.42	11.47	11.29	11.37	4252305	48525244.00
2017/01/06	11.37	11.45	11.23	11.30	3360979	38083516.00
2017/01/09	11.32	11.50	11.15	11.29	5743334	65234316.00
2017/01/10	11.29	11.30	11.17	11.20	3017513	33940464.00
2017/01/11	11.14	11.19	10.75	10.85	6028605	66066100.00
2017/01/12	10.83	11.01	10.77	10.81	3559055	38822048.00
2017/01/13	10.82	10.86	10.72	10.74	2543685	27517414.00
2017/01/16	10.74	10.75	9.67	10.01	5779275	59252912.00
2017/01/17	10.07	10.22	9.81	10.15	2974137	29926088.00
2017/01/18	10.19	10.19	9.98	10.02	1948245	19612208.00
2017/01/19	9.97	9.97	9.77	9.80	3187002	31511954.00
2017/01/20	9.82	10.09	9.81	10.06	2925806	29377510.00
2017/01/23	11.07	11.07	11.07	11.07	3474829	38570600.00
2017/01/24	12.18	12.18	12.18	12.18	3558154	43445060.00
2017/01/25	12.67	12.67	11.22	11.32	33018797	389584064.00
2017/01/26	11.23	12.46	11.23	11.86	37110303	440873888.00
2017/02/03	11.62	11.80	11.00	11.39	24741140	281014816.00
2017/02/06	11.30	12.53	11.18	12.53	41776253	506249472.00
2017/02/07	12.35	12.73	12.15	12.52	45072051	561178496.00
2017/02/08	12.42	12.59	12.21	12.49	27547747	342721184.00
2017/02/09	12.37	12.46	12.10	12.26	22948869	282151264.00
2017/02/10	12.27	12.33	11.78	11.86	20478689	247114928.00
2017/02/13	11.85	12.10	11.62	12.03	15343807	182589328.00
2017/02/14	11.96	12.05	11.62	11.77	15437071	182643664.00
2017/02/15	11.77	12.46	11.68	12.05	30678129	371972640.00
2017/02/16	11.95	12.97	11.76	12.55	41698325	519192992.00
2017/02/17	12.42	13.17	12.42	12.58	45577802	584806848.00
2017/02/20	12.57	12.57	12.11	12.50	23743540	293321856.00
2017/02/21	12.37	13.37	12.37	13.14	41536878	536533920.00
2017/02/22	12.94	12.98	12.72	12.94	24359755	313662208.00
2017/02/23	12.86	12.94	12.52	12.66	17575704	223289440.00
2017/02/24	12.57	12.96	12.50	12.64	15494310	198120944.00
2017/02/27	12.55	12.77	12.32	12.37	12593094	158143680.00
2017/02/28	12.38	12.42	11.96	12.11	15389129	186925536.00
2017/03/01	12.09	12.25	12.03	12.24	11311987	137803424.00
2017/03/02	12.22	12.24	11.92	11.97	9301734	112402352.00
2017/03/03	11.89	12.17	11.83	12.12	10026679	120949712.00
2017/03/06	12.32	12.37	12.16	12.22	8839223	108593688.00
2017/03/07	12.22	12.52	12.19	12.45	11260337	140073008.00
2017/03/08	12.47	12.53	12.09	12.20	9948243	123124640.00
2017/03/09	12.20	12.22	11.81	11.82	10529820	126084640.00
2017/03/10	11.77	11.97	11.71	11.76	5465200	64929296.00
2017/03/13	11.92	12.02	11.83	11.97	6387989	76439744.00
2017/03/14	12.02	12.22	11.92	12.04	6726749	81324208.00
2017/03/15	12.02	12.20	11.97	12.01	7134080	86397552.00
2017/03/16	12.02	12.21	11.98	12.13	9664280	117114928.00
2017/03/17	12.16	12.17	11.74	11.76	12711776	152142752.00
2017/03/20	11.76	11.85	11.63	11.81	5456000	64269272.00
2017/03/21	11.83	11.83	11.65	11.71	4953595	58170952.00
2017/03/22	11.60	11.69	11.42	11.42	7462161	86176712.00
2017/03/23	11.39	11.54	11.16	11.37	6592208	75205960.00
2017/03/24	11.27	11.45	11.13	11.44	8481004	95648752.00
2017/03/27	11.44	11.90	11.36	11.77	13259256	155242016.00
2017/03/28	11.72	11.85	11.57	11.59	6580921	77065152.00
2017/03/29	11.60	11.82	11.57	11.68	11310228	132412768.00
2017/03/30	11.59	11.71	11.06	11.08	10152327	114895440.00
2017/03/31	11.08	11.25	10.99	11.14	6881831	76701232.00
2017/04/05	11.18	11.34	11.09	11.32	9163947	102929960.00
2017/04/06	11.50	11.51	11.32	11.35	6467346	73858648.00
2017/04/07	11.25	11.40	11.17	11.18	6490347	73207800.00
2017/04/10	11.16	11.16	10.62	10.67	10889176	117891936.00
2017/04/11	10.56	10.92	10.53	10.89	7141515	77223344.00
2017/04/12	10.85	10.85	10.63	10.65	5364141	57798656.00
2017/04/13	10.61	10.74	10.53	10.55	4910136	52341144.00
2017/04/14	10.49	10.58	10.20	10.20	6454018	66637132.00
2017/04/17	10.16	10.30	10.03	10.11	4901071	49965724.00
2017/04/18	10.11	10.18	10.05	10.07	3618619	36689344.00
2017/04/19	10.07	10.07	9.84	10.00	5667766	56357736.00
2017/04/20	10.00	10.13	9.94	10.13	4113401	41450724.00
2017/04/21	10.13	10.16	10.02	10.05	2943950	29762606.00
2017/04/24	10.05	10.05	9.47	9.49	5364574	51826552.00
2017/04/25	9.49	9.75	9.49	9.66	4232701	40872552.00
2017/04/26	9.66	9.69	9.51	9.58	3178579	30552402.00
2017/04/27	9.51	9.53	9.16	9.52	5986627	56153716.00
2017/04/28	9.50	9.55	9.40	9.51	3320684	31554796.00
2017/05/02	9.51	9.65	9.41	9.60	3229333	30955436.00
2017/05/03	9.58	9.63	9.40	9.47	3369329	32030230.00
2017/05/04	9.42	9.59	9.29	9.49	4755975	45001048.00
2017/05/05	9.50	9.62	9.38	9.38	4670908	44457000.00
2017/05/08	9.27	9.37	8.98	8.98	4442293	40862696.00
2017/05/09	8.99	9.04	8.66	8.93	4918535	43633268.00
2017/05/10	8.87	9.01	8.66	8.77	3379284	29963922.00
2017/05/11	8.67	8.75	8.08	8.58	4623162	39354664.00
2017/05/12	8.55	8.59	8.27	8.43	3742637	31751926.00
2017/05/15	8.62	8.62	8.40	8.44	2744841	23345420.00
2017/06/21	9.29	9.29	9.29	9.29	475168	4428566.00
2017/06/22	10.22	10.22	9.66	10.13	39054350	389889344.00
2017/06/23	9.76	9.94	9.34	9.72	24876341	241231888.00
2017/06/26	9.57	9.72	9.43	9.57	14316288	137204400.00
2017/06/27	9.57	9.81	9.37	9.39	15442226	148187536.00
2017/06/28	9.22	9.29	8.95	9.02	13441278	122007928.00
2017/06/29	9.01	9.11	8.92	9.11	8162630	73579888.00
2017/06/30	9.06	9.06	8.86	8.88	6734319	60121272.00
2017/07/03	8.81	8.93	8.76	8.90	5520069	48853448.00
2017/07/04	8.95	8.96	8.82	8.93	5005701	44537160.00
2017/07/05	8.93	8.93	8.77	8.92	6420681	56825864.00
2017/07/06	8.88	8.96	8.75	8.78	7822216	69130528.00
2017/07/07	8.72	8.88	8.71	8.82	5243269	46176252.00
2017/07/10	8.90	9.17	8.80	9.08	12735153	114915688.00
2017/07/11	9.10	9.10	8.73	8.73	8371942	74278696.00
2017/07/12	8.59	8.66	8.17	8.31	11803649	98309952.00
2017/07/13	8.25	8.31	8.15	8.26	6596265	54137476.00
2017/07/14	8.19	8.25	8.12	8.12	4619320	37754312.00
2017/07/17	8.06	8.06	7.31	7.31	10340740	77515296.00
2017/07/18	7.11	7.25	6.92	7.13	8772886	62324900.00
2017/07/19	7.14	7.17	7.04	7.12	6651302	47216576.00
2017/07/20	7.16	7.25	7.11	7.18	7811963	56086660.00
2017/07/21	7.19	7.20	7.00	7.05	5123617	36372440.00
2017/07/24	7.03	7.52	6.92	7.28	9957701	71736248.00
2017/07/25	7.22	7.32	7.15	7.20	4923059	35556864.00
2017/07/26	7.21	7.34	7.21	7.28	4169300	30293598.00
2017/07/27	7.26	7.77	7.14	7.52	10881646	81458968.00
2017/07/28	7.59	7.60	7.36	7.44	7169999	53523784.00
2017/07/31	7.38	7.43	7.30	7.35	5645485	41546060.00
2017/08/01	7.43	7.65	7.31	7.49	8598702	64398324.00
2017/08/02	7.41	7.42	7.21	7.22	7113880	51975948.00
2017/08/03	7.19	7.36	7.18	7.25	4665020	33913576.00
2017/08/04	7.25	7.55	7.24	7.35	10293867	76404152.00
2017/08/07	7.25	7.42	7.24	7.33	4871804	35825320.00
2017/08/08	7.34	7.38	7.21	7.35	5211053	38032712.00
2017/08/09	7.35	7.36	7.26	7.29	4241785	30958604.00
2017/08/10	7.29	7.43	7.23	7.37	6731055	49406868.00
2017/08/11	7.30	7.37	7.23	7.23	4919560	35911036.00
2017/08/14	7.20	7.43	7.16	7.42	6544018	48108872.00
2017/08/15	7.45	7.45	7.30	7.39	4788880	35303792.00
2017/08/16	7.40	7.53	7.34	7.50	8733377	64988168.00
2017/08/17	7.40	7.66	7.40	7.61	10386786	78325128.00
2017/08/18	7.54	7.57	7.42	7.44	7043530	52764596.00
2017/08/21	7.42	7.56	7.42	7.53	5490462	41213536.00
2017/08/22	7.51	7.51	7.42	7.43	4723067	35186452.00
2017/08/23	7.45	7.50	7.40	7.43	3401577	25342430.00
2017/08/24	7.46	7.46	7.26	7.26	4908161	36077096.00
2017/08/25	7.27	7.39	7.26	7.38	4566660	33502784.00
2017/08/28	7.33	7.53	7.33	7.52	6691436	49986060.00
2017/08/29	7.50	7.61	7.45	7.49	6339000	47670444.00
2017/08/30	7.45	7.59	7.45	7.52	5155243	38782784.00
2017/08/31	7.52	7.55	7.46	7.49	3986787	29883796.00
2017/09/01	7.50	7.59	7.46	7.56	7424132	55901888.00
2017/09/04	7.55	7.65	7.53	7.58	7032157	53322324.00
2017/09/05	7.69	7.89	7.69	7.74	13004635	101148368.00
2017/09/06	7.66	7.71	7.59	7.69	7067828	54066852.00
2017/09/07	7.80	7.93	7.63	7.67	9471817	73935264.00
2017/09/08	7.67	7.73	7.59	7.60	5670596	43304368.00
2017/09/11	7.64	7.64	7.55	7.61	5997969	45498088.00
2017/09/12	7.58	7.62	7.47	7.53	7137519	53843868.00
2017/09/13	7.51	7.65	7.49	7.65	6786542	51482552.00
2017/09/14	7.67	7.68	7.53	7.56	4877016	37002616.00
2017/09/15	7.57	7.59	7.51	7.55	3735995	28217122.00
2017/09/18	7.57	7.57	7.50	7.56	3898687	29349728.00
2017/09/19	7.55	7.64	7.51	7.52	5525834	41857740.00
2017/09/20	7.54	7.57	7.45	7.57	5017489	37667764.00
2017/09/21	7.53	7.60	7.48	7.48	4813860	36275828.00
2017/09/22	7.48	7.48	7.33	7.37	4407600	32526048.00
2017/09/25	7.40	7.40	7.16	7.18	5313020	38622852.00
2017/09/26	7.18	7.27	7.14	7.21	3875203	27903270.00
2017/09/27	7.21	7.28	7.17	7.23	2621167	18965564.00
2017/09/28	7.24	7.25	7.15	7.19	3101880	22332974.00
2017/09/29	7.23	7.31	7.20	7.30	3223078	23380108.00
2017/10/09	7.36	7.42	7.32	7.35	3724000	27387648.00
2017/10/10	7.38	7.54	7.33	7.51	6165864	45983832.00
2017/10/11	7.57	7.57	7.43	7.48	5187600	38844408.00
2017/10/12	7.51	7.58	7.42	7.48	5352201	40129024.00
2017/10/13	7.45	7.49	7.35	7.45	5288533	39168060.00
2017/10/16	7.42	7.45	7.18	7.22	5851100	42663788.00
2017/10/17	7.22	7.27	7.18	7.24	2760320	19942932.00
2017/10/18	7.25	7.27	7.03	7.03	4316820	30960204.00
2017/10/19	7.05	7.07	6.85	6.87	5191174	36074848.00
2017/10/20	6.88	6.97	6.84	6.95	2774315	19196380.00
2017/10/23	6.92	7.00	6.92	6.99	2426260	16915836.00
2017/10/24	7.01	7.01	6.94	7.00	3054621	21311966.00
2017/10/25	6.98	7.10	6.98	7.08	2780826	19633432.00
2017/10/26	7.10	7.10	7.02	7.09	3162690	22324034.00
2017/10/27	7.08	7.13	6.91	6.93	3417723	23921640.00
2017/10/30	6.89	6.95	6.52	6.58	5130300	34235760.00
2017/10/31	6.56	6.61	6.53	6.57	4063013	26688762.00
2017/11/01	6.59	6.78	6.53	6.77	6044189	40161596.00
2017/11/02	6.67	6.67	6.46	6.51	5607699	36946756.00
2017/11/03	6.50	6.63	6.48	6.52	3744494	24495372.00
2017/11/06	6.51	6.57	6.49	6.55	1786192	11682338.00
2017/11/07	6.55	6.58	6.42	6.56	4298228	27859210.00
2017/11/08	6.53	6.64	6.51	6.60	3967495	26145346.00
2017/11/09	6.60	6.65	6.55	6.63	2642500	17446354.00
2017/11/10	6.63	6.66	6.53	6.56	3182155	20961498.00
2017/11/13	6.52	6.59	6.50	6.55	2812900	18363804.00
2017/11/14	6.86	7.21	6.86	7.21	26579156	189194464.00
2017/11/15	7.19	7.19	6.86	6.94	25628672	179724320.00
2017/11/16	6.78	7.58	6.75	7.33	33951753	247854048.00
2017/11/17	7.20	7.31	6.97	7.13	18611031	132597264.00
2017/11/20	7.05	7.06	6.66	7.00	11099531	76324808.00
2017/11/21	6.90	7.04	6.76	6.94	11289252	77679184.00
2017/11/22	6.87	7.63	6.76	7.52	36873193	271713408.00
2017/11/23	7.32	7.45	7.06	7.06	23969591	174568944.00
2017/11/24	7.10	7.50	7.05	7.26	19852315	145195392.00
2017/11/27	7.26	7.85	7.20	7.58	30170303	228607360.00
2017/11/28	7.62	7.75	7.41	7.75	25570745	194281600.00
2017/11/29	7.62	7.74	7.47	7.69	18464232	140305600.00
2017/11/30	7.67	7.67	7.39	7.46	13695810	102677064.00
2017/12/01	7.40	7.56	7.36	7.46	9982500	74587736.00
2017/12/04	7.48	7.85	7.47	7.63	22339611	171471984.00
2017/12/05	7.79	8.10	7.28	7.46	26492662	204470656.00
2017/12/06	7.25	7.54	7.10	7.51	17397481	126134760.00
2017/12/07	7.41	7.72	7.33	7.63	19756496	149271344.00
2017/12/08	7.63	7.71	7.52	7.62	14702627	111516576.00
2017/12/11	7.61	7.61	7.42	7.54	10976792	82461072.00
2017/12/12	7.54	7.55	7.15	7.20	13862420	101544800.00
2017/12/13	7.18	7.27	7.12	7.27	7762124	55929988.00
2017/12/14	7.29	7.29	6.93	7.00	12801520	90425192.00
2017/12/15	7.05	7.05	6.82	6.92	7565720	52300724.00
2017/12/18	6.92	6.93	6.70	6.74	6643220	45010408.00
2017/12/19	6.76	6.90	6.75	6.82	5723460	39125928.00
2017/12/20	6.78	6.80	6.63	6.64	6070223	40611556.00
2017/12/21	6.62	6.70	6.51	6.64	6306688	41731216.00
2017/12/22	6.67	6.69	6.62	6.66	3081100	20486116.00
2017/12/25	6.60	6.69	6.54	6.68	4451867	29416662.00
2017/12/26	6.69	6.77	6.64	6.77	5567603	37405744.00
2017/12/27	6.73	6.76	6.60	6.61	5041469	33574040.00
2017/12/28	6.59	6.66	6.51	6.58	5694220	37502036.00
2017/12/29	6.55	6.69	6.53	6.64	3538467	23445630.00
2018/01/02	6.67	6.73	6.61	6.72	4238531	28302542.00
2018/01/03	6.74	6.74	6.65	6.72	5304747	35544632.00
2018/01/04	6.72	6.88	6.68	6.74	7502119	50931160.00
2018/01/05	6.69	6.83	6.69	6.72	5513200	37276764.00
2018/01/08	6.72	6.74	6.60	6.62	5212708	34574732.00
2018/01/09	6.61	6.61	6.55	6.61	4222971	27796804.00
2018/01/10	6.62	6.64	6.37	6.40	7890408	51002604.00
2018/01/11	6.43	6.50	6.34	6.47	4887140	31377774.00
2018/01/12	6.48	6.50	6.39	6.44	3965900	25489990.00
2018/01/15	6.44	6.44	6.10	6.13	7358258	45857840.00
2018/01/16	6.05	6.17	6.02	6.09	3195900	19536066.00
2018/01/17	6.08	6.24	6.03	6.19	5832487	35781768.00
2018/01/18	6.15	6.21	6.14	6.17	2962359	18275458.00
2018/01/19	6.20	6.36	6.16	6.30	5710123	35928992.00
2018/01/22	6.30	6.37	6.18	6.31	3654200	22939320.00
2018/01/23	6.29	6.35	6.26	6.29	1986760	12494776.00
2018/01/24	6.26	6.31	6.13	6.27	3794940	23639028.00
2018/01/25	6.31	6.31	6.20	6.20	5105107	31946762.00
2018/01/26	6.18	6.21	6.13	6.15	2933663	18091616.00
2018/01/29	6.11	6.16	5.97	6.01	4577160	27670992.00
2018/01/30	6.00	6.05	5.96	6.03	2520400	15140860.00
2018/01/31	5.70	5.70	5.43	5.43	9044883	49482832.00
2018/02/01	5.20	5.29	4.89	4.89	11017508	55008512.00
2018/02/02	4.81	4.85	4.58	4.75	7958022	37639896.00
2018/02/05	4.68	4.83	4.60	4.77	3594200	17046620.00
2018/02/06	4.70	4.76	4.53	4.68	5954311	27685988.00
2018/02/07	4.72	4.79	4.55	4.71	3535219	16583790.00
2018/02/08	4.71	5.18	4.64	4.98	10501710	52857836.00
2018/02/09	4.64	4.82	4.60	4.74	7853250	36908940.00
2018/02/12	4.71	4.94	4.71	4.81	5410621	26152016.00
2018/02/13	4.99	4.99	4.69	4.75	4234200	20321088.00
2018/02/14	4.75	4.79	4.68	4.79	2812100	13322743.00
2018/02/22	4.80	4.99	4.75	4.83	3537221	17031444.00
2018/02/23	4.82	4.90	4.81	4.85	3012021	14578290.00
2018/02/26	4.85	4.96	4.85	4.95	5673860	27885550.00
2018/02/27	4.96	5.15	4.91	5.03	7748020	38888920.00
2018/02/28	4.98	4.98	4.86	4.94	6472981	31977106.00
2018/03/01	4.90	5.14	4.88	5.10	7299533	36750328.00
2018/03/02	5.28	5.37	5.10	5.11	11140413	58042704.00
2018/03/05	5.03	5.10	4.98	5.08	5269340	26528108.00
2018/03/06	5.09	5.09	5.00	5.06	4830580	24361610.00
2018/03/07	5.07	5.15	5.03	5.05	4532820	23014960.00
2018/03/08	5.03	5.19	5.00	5.17	8333913	42618232.00
2018/03/09	5.15	5.26	5.07	5.23	10336320	53716828.00
2018/03/12	5.25	5.46	5.22	5.40	10746024	57360580.00
2018/03/13	5.38	5.43	5.30	5.33	7879521	42280340.00
2018/03/14	5.31	5.33	5.14	5.14	7621580	39765872.00
2018/03/15	5.12	5.15	5.03	5.12	5811544	29538116.00
2018/03/16	5.10	5.16	5.06	5.07	5313440	27193036.00
2018/03/19	5.07	5.17	5.05	5.15	4320720	22115586.00
2018/03/20	5.10	5.17	5.07	5.14	4290780	21951838.00
2018/03/21	5.14	5.30	5.13	5.14	7562231	39456448.00
2018/03/22	5.11	5.17	5.04	5.16	4814520	24647212.00
2018/03/23	5.03	5.03	4.64	4.75	10815520	52048896.00
2018/03/26	4.65	4.77	4.52	4.77	4231500	19743334.00
2018/03/27	4.75	5.25	4.75	5.25	29830594	155143488.00
2018/03/28	5.18	5.27	5.10	5.15	17102539	88448104.00
2018/03/29	5.14	5.18	5.03	5.06	13794666	70138816.00
2018/03/30	5.07	5.33	5.06	5.22	16268917	84084232.00
2018/04/02	5.17	5.23	5.11	5.13	9111500	47007860.00
2018/04/03	5.07	5.07	4.89	4.95	9225260	45792480.00
2018/04/04	4.97	5.03	4.87	4.88	5157000	25590388.00
2018/04/09	4.82	4.94	4.77	4.89	4877155	23691814.00
2018/04/10	4.91	4.91	4.76	4.82	5041118	24354546.00
2018/04/11	4.90	5.01	4.88	4.95	6467217	31941038.00
2018/04/12	4.98	4.98	4.89	4.91	3896740	19188486.00
2018/04/13	4.93	4.99	4.87	4.88	4540400	22388132.00
2018/04/16	4.84	4.96	4.82	4.88	4584600	22424480.00
2018/04/17	4.90	4.91	4.67	4.76	6560430	31293234.00
2018/04/18	4.76	4.82	4.60	4.82	5524903	26154764.00
2018/04/19	4.80	4.85	4.76	4.79	4211223	20202210.00
2018/04/20	4.77	4.80	4.65	4.75	4888336	23086546.00
2018/04/23	4.73	4.77	4.61	4.73	4213856	19789046.00
2018/04/24	4.68	4.82	4.68	4.79	4367090	20790628.00
2018/04/25	4.74	4.80	4.73	4.76	2893047	13768815.00
2018/04/26	4.76	4.77	4.67	4.75	3725923	17571548.00
2018/04/27	4.74	4.83	4.70	4.78	3294100	15730009.00
2018/05/02	4.75	4.79	4.61	4.64	3230776	15187998.00
2018/05/03	4.66	4.66	4.40	4.58	5643860	25433840.00
2018/05/04	4.57	4.61	4.51	4.57	2473803	11302678.00
2018/05/07	4.59	4.68	4.57	4.66	2981003	13847494.00
2018/05/08	4.64	4.76	4.64	4.75	4615600	21791194.00
2018/05/09	4.75	4.75	4.69	4.71	3310083	15607213.00
2018/05/10	4.71	4.82	4.71	4.82	5350803	25551550.00
2018/05/11	4.82	4.82	4.68	4.68	4233400	20020020.00
2018/05/14	4.68	4.70	4.59	4.61	3027348	14051509.00
2018/05/15	4.60	4.74	4.56	4.74	3887060	18180650.00
2018/05/16	4.72	4.97	4.68	4.80	10799012	52215324.00
2018/05/17	4.74	4.85	4.70	4.80	5283362	25176682.00
2018/05/18	4.80	4.83	4.75	4.81	3835131	18370774.00
2018/05/21	4.84	4.86	4.78	4.83	4604296	22192416.00
2018/05/22	4.81	4.86	4.81	4.83	3519200	16992820.00
2018/05/23	4.80	4.83	4.68	4.68	4500300	21396168.00
2018/05/24	4.68	4.77	4.68	4.69	2996020	14114422.00
2018/05/25	4.68	4.71	4.61	4.62	3236700	15058501.00
2018/05/28	4.63	4.65	4.52	4.58	2223000	10224307.00
2018/05/29	4.55	4.63	4.54	4.58	3820380	17503240.00
2018/06/13	5.04	5.04	5.04	5.04	1720050	8669052.00
2018/06/14	5.54	5.54	5.54	5.54	2268585	12567961.00
2018/06/15	6.09	6.09	6.09	6.09	3356544	20441352.00
2018/06/19	6.70	6.70	6.70	6.70	28230201	189142352.00
2018/06/20	6.49	7.37	6.41	7.37	65938690	457493664.00
2018/06/21	8.05	8.06	6.63	6.63	92050083	681046464.00
2018/06/22	5.97	7.29	5.97	7.29	78719247	503938880.00
2018/06/25	7.55	8.02	7.45	8.02	80738917	636706496.00
2018/06/26	7.45	8.18	7.22	7.22	93811447	704796480.00
2018/06/27	7.03	7.94	6.80	7.94	103373487	783275584.00
2018/06/28	8.08	8.73	7.81	8.73	84544791	712464832.00
2018/06/29	8.51	9.53	8.24	8.31	124374560	1094555136.00
2018/07/02	7.99	8.74	7.99	8.20	86103251	712479424.00
2018/07/03	8.27	8.27	7.38	7.54	84846085	650102784.00
2018/07/04	7.23	7.46	6.93	7.21	57701625	417001760.00
2018/07/05	7.16	7.25	6.64	6.78	48690498	336374976.00
2018/07/06	6.80	6.93	6.59	6.69	47395478	320463680.00
2018/07/09	6.77	6.78	6.42	6.68	45219293	297821888.00
2018/07/10	6.62	6.72	6.52	6.66	38147291	252843344.00
2018/07/11	6.33	6.42	6.11	6.40	41714219	262785856.00
2018/07/12	6.49	6.70	6.37	6.55	41641038	271865376.00
2018/07/13	6.44	6.45	6.18	6.36	39885751	251396816.00
2018/07/16	6.35	6.49	6.21	6.38	29305692	185613696.00
2018/07/17	6.31	6.37	6.20	6.31	20072843	126019072.00
2018/07/18	6.30	6.37	6.04	6.07	32894256	203658416.00
2018/07/19	6.00	6.20	5.92	6.00	24208984	146143504.00
2018/07/20	5.91	6.09	5.85	6.04	23691856	141701184.00
2018/07/23	5.99	6.29	5.93	6.17	32609407	199665776.00
2018/07/24	6.11	6.28	6.10	6.15	29393117	181908288.00
2018/07/25	6.00	6.08	5.91	6.02	24791786	148718224.00
2018/07/26	6.02	6.62	5.97	6.49	87530003	567077760.00
2018/07/27	6.26	6.27	5.84	5.84	54525130	325609824.00
2018/07/30	5.60	5.63	5.26	5.26	41135500	220387248.00
2018/07/31	5.24	5.35	5.18	5.24	19235094	101037632.00
2018/08/01	5.20	5.55	5.11	5.26	26135394	138351680.00
2018/08/02	5.18	5.21	4.81	5.04	22788079	114940800.00
2018/08/03	5.07	5.40	4.92	5.06	24536897	125774592.00
2018/08/06	5.06	5.13	4.93	4.99	13935976	70217984.00
2018/08/07	4.97	5.11	4.85	5.10	16083396	80832392.00
2018/08/08	5.09	5.09	4.81	4.81	20371020	100846064.00
2018/08/09	4.76	4.97	4.76	4.92	16939321	82927688.00
2018/08/10	5.01	5.07	4.91	4.98	12824788	63798720.00
2018/08/13	4.97	5.06	4.86	5.03	16408607	81659160.00
2018/08/14	5.08	5.25	5.06	5.13	22576069	116019160.00
2018/08/15	5.14	5.17	4.92	4.93	16758300	84088696.00
2018/08/16	4.80	4.91	4.76	4.81	12895503	62379416.00
2018/08/17	4.86	4.88	4.66	4.67	11288797	53694816.00
2018/08/20	4.67	4.74	4.60	4.71	9049521	42305792.00
2018/08/21	4.72	4.81	4.69	4.80	11565889	54983124.00
2018/08/22	4.81	4.83	4.62	4.63	11617100	54607572.00
2018/08/23	4.63	4.70	4.60	4.67	9229631	43063656.00
2018/08/24	4.71	4.79	4.62	4.66	9319259	43714232.00
2018/08/27	4.68	4.81	4.64	4.75	13838805	65417712.00
2018/08/28	4.77	4.83	4.72	4.78	12301300	58587008.00
2018/08/29	4.77	4.77	4.66	4.69	9036000	42473768.00
2018/08/30	4.75	4.81	4.65	4.65	11046940	52197004.00
2018/08/31	4.62	4.62	4.43	4.43	12168314	54734076.00
2018/09/03	4.45	4.46	4.24	4.36	9405107	40810808.00
2018/09/04	4.33	4.72	4.32	4.50	16581514	74912784.00
2018/09/05	4.45	4.67	4.44	4.53	15034701	68686720.00
2018/09/06	4.52	4.55	4.40	4.44	10194361	45477384.00
2018/09/07	4.50	4.63	4.45	4.57	15187160	68986272.00
2018/09/10	4.62	4.64	4.42	4.43	10987554	49396948.00
2018/09/11	4.42	4.54	4.40	4.45	7033999	31428204.00
2018/09/12	4.41	4.55	4.41	4.47	7892299	35437284.00
2018/09/13	4.49	4.67	4.47	4.64	19977580	91243816.00
2018/09/14	4.60	4.62	4.34	4.38	20319705	91134704.00
2018/09/17	4.39	4.39	4.26	4.35	8841212	38249164.00
2018/09/18	4.79	4.79	4.79	4.79	9547291	45731524.00
2018/09/19	5.00	5.27	4.91	5.27	32225626	165625872.00
2018/09/20	5.49	5.68	5.22	5.27	81708642	445327616.00
2018/09/21	5.26	5.37	4.96	5.02	46647770	237080032.00
2018/09/25	4.85	5.01	4.81	4.90	28683954	140630704.00
2018/09/26	4.94	5.39	4.91	5.39	22388319	116792432.00
2018/09/27	4.92	5.28	4.92	5.06	62201939	315457760.00
2018/09/28	5.00	5.03	4.74	4.84	33421889	162673440.00
2018/10/08	4.73	4.73	4.51	4.51	21188300	97772456.00
2018/10/09	4.57	4.61	4.46	4.53	14908296	67311224.00
2018/10/10	4.51	4.56	4.41	4.56	14414566	64456516.00
2018/10/11	4.35	4.47	4.10	4.10	19977480	84611592.00
2018/10/12	4.00	4.06	3.72	3.92	19027600	74685408.00
2018/10/15	3.96	4.03	3.84	3.85	9863600	38708728.00
2018/10/16	3.97	4.01	3.84	3.87	9450945	36989404.00
2018/10/17	3.91	3.98	3.79	3.97	11631336	45544676.00
2018/10/18	3.93	3.95	3.57	3.59	11828400	44611012.00
2018/10/19	3.50	3.72	3.23	3.63	12289443	43274464.00
2018/10/22	3.75	3.95	3.73	3.85	16803500	64429808.00
2018/10/23	3.79	4.24	3.79	3.97	38978804	158613392.00
2018/10/24	3.86	3.96	3.80	3.87	21276443	82342352.00
2018/10/25	3.66	3.77	3.62	3.74	18018999	66487408.00
2018/10/26	3.81	4.11	3.81	3.98	36798213	148096832.00
2018/10/29	3.80	3.88	3.70	3.70	21506044	81765904.00
2018/10/30	3.77	4.07	3.77	4.07	49147189	198753984.00
2018/10/31	4.16	4.45	4.11	4.23	67322254	286978848.00
2018/11/01	4.15	4.32	4.11	4.19	44381564	186029584.00
2018/11/02	4.19	4.30	4.16	4.26	37099696	156755072.00
2018/11/05	4.21	4.47	4.18	4.42	40843086	177408544.00
2018/11/06	4.32	4.34	4.16	4.27	23054964	97707104.00
2018/11/07	4.22	4.32	4.20	4.20	17204844	73129488.00
2018/11/08	4.25	4.41	4.21	4.27	23199764	99388472.00
2018/11/09	4.25	4.34	4.19	4.19	13727280	58311524.00
2018/11/12	4.13	4.38	4.13	4.34	23467030	100794472.00
2018/11/13	4.26	4.75	4.26	4.52	44104647	198512240.00
2018/11/14	4.49	4.57	4.41	4.48	28817649	128724904.00
2018/11/15	4.52	4.53	4.44	4.53	21672692	97276576.00
2018/11/16	4.52	4.80	4.42	4.69	37233585	171804640.00
2018/11/19	4.64	4.69	4.50	4.57	20697973	94795240.00
2018/11/20	4.58	4.59	4.41	4.43	16010480	71942824.00
2018/11/21	4.32	4.49	4.30	4.49	13362065	58979324.00
2018/11/22	4.51	4.52	4.43	4.46	10063364	44983648.00
2018/11/23	4.45	4.66	4.15	4.23	18856858	83022208.00
2018/11/26	4.20	4.29	4.00	4.17	10941480	45447724.00
2018/11/27	4.22	4.27	4.09	4.13	8777120	36630504.00
2018/11/28	4.24	4.24	4.05	4.18	8720226	36118232.00
2018/11/29	4.23	4.26	4.00	4.01	9977480	41151640.00
2018/11/30	4.01	4.04	3.83	4.02	9244150	36615724.00
2018/12/03	4.12	4.18	4.10	4.14	8471866	35099500.00
2018/12/04	4.14	4.21	4.11	4.19	8742947	36452004.00
2018/12/05	4.10	4.18	4.07	4.13	8395747	34657132.00
2018/12/06	4.09	4.20	4.09	4.17	11611645	48236548.00
2018/12/07	4.16	4.22	4.07	4.11	6257800	25852508.00
2018/12/10	4.08	4.10	3.99	4.01	6082900	24529816.00
2018/12/11	4.00	4.06	4.00	4.06	4222500	17060744.00
2018/12/12	4.06	4.15	4.05	4.14	7153160	29485164.00
2018/12/13	4.12	4.17	4.06	4.13	7187820	29679630.00
2018/12/14	4.14	4.18	4.01	4.02	8121000	33334210.00
2018/12/17	4.00	4.02	3.92	4.01	5413500	21496488.00
2018/12/18	3.97	4.05	3.92	4.01	5637320	22395098.00
2018/12/19	3.99	4.01	3.87	3.89	5498640	21599846.00
2018/12/20	3.82	3.92	3.82	3.89	4140600	16049411.00
2018/12/21	3.88	3.90	3.82	3.85	3575000	13778884.00
2018/12/24	3.86	4.05	3.83	3.93	9984600	39268568.00
2018/12/25	3.85	3.87	3.67	3.77	7961676	29929818.00
2018/12/26	3.75	3.80	3.71	3.71	4923376	18470540.00
2018/12/27	3.76	3.79	3.56	3.58	5341961	19735910.00
2018/12/28	3.61	3.67	3.48	3.48	5043700	17936346.00
2019/01/02	3.51	3.54	3.47	3.53	3277600	11509113.00
2019/01/03	3.53	3.83	3.51	3.63	7462800	27311326.00
数据来源:通达信
