300158 振东制药 日线 前复权
      日期	    开盘	    最高	    最低	    收盘	    成交量	    成交额
2011/01/07	9.65	9.90	9.15	9.16	14676304	582798912.00
2011/01/10	8.95	9.05	8.64	8.70	5112043	192820272.00
2011/01/11	8.65	8.70	8.53	8.58	2141623	78641424.00
2011/01/12	8.57	8.68	8.52	8.65	1141138	42021328.00
2011/01/13	8.65	8.77	8.59	8.59	1232734	45795780.00
2011/01/14	8.53	8.63	8.40	8.59	1453506	52790796.00
2011/01/17	8.50	8.59	8.29	8.48	1686853	61024260.00
2011/01/18	8.40	8.51	8.37	8.44	518556	18753530.00
2011/01/19	8.44	8.51	8.43	8.51	502172	18229222.00
2011/01/20	8.48	8.50	8.16	8.25	980408	35063472.00
2011/01/21	8.22	8.27	8.15	8.16	806289	28346856.00
2011/01/24	8.14	8.19	7.74	7.74	936254	31828666.00
2011/01/25	7.75	7.85	7.70	7.77	359607	12001212.00
2011/01/26	7.78	7.93	7.78	7.85	396810	13408395.00
2011/01/27	7.80	8.15	7.74	8.11	925674	31887124.00
2011/01/28	8.11	8.14	8.04	8.07	502015	17456602.00
2011/02/01	8.15	8.19	8.00	8.07	323686	11200391.00
2011/02/09	7.92	8.05	7.82	7.87	413098	14038281.00
2011/02/10	7.87	8.18	7.83	8.15	573885	19855480.00
2011/02/11	8.15	8.23	8.12	8.19	545330	19118252.00
2011/02/14	8.19	8.30	8.15	8.28	712943	25188840.00
2011/02/15	8.27	8.34	8.19	8.22	701789	24930908.00
2011/02/16	8.22	8.29	8.19	8.29	613463	21707034.00
2011/02/17	8.30	8.32	8.21	8.25	489695	17364406.00
2011/02/18	8.26	8.27	8.17	8.20	487399	17166642.00
2011/02/21	8.20	8.26	8.11	8.26	611684	21524594.00
2011/02/22	8.27	8.29	8.02	8.03	706141	24761500.00
2011/02/23	8.05	8.20	8.00	8.15	451633	15723907.00
2011/02/24	8.15	8.30	8.05	8.25	1511688	53379048.00
2011/02/25	8.23	8.28	8.10	8.19	1396215	48844484.00
2011/02/28	8.20	8.22	8.12	8.20	481840	16913380.00
2011/03/01	8.21	8.33	8.20	8.30	876447	31149208.00
2011/03/02	8.32	8.42	8.24	8.39	1526548	54667884.00
2011/03/03	8.41	8.53	8.29	8.29	1226669	44206784.00
2011/03/04	8.30	8.33	8.15	8.24	578779	20438830.00
2011/03/07	8.24	8.34	8.24	8.28	624501	22192308.00
2011/03/08	8.27	8.33	8.24	8.30	506399	18016686.00
2011/03/09	8.32	8.42	8.28	8.38	805322	28897336.00
2011/03/10	8.43	8.50	8.37	8.39	915438	33088354.00
2011/03/11	8.39	8.41	8.27	8.30	1139275	40677180.00
2011/03/14	8.30	8.57	8.30	8.52	1835741	66656708.00
2011/03/15	8.67	8.78	8.55	8.72	3797929	141187600.00
2011/03/16	8.72	8.72	8.52	8.61	1692267	62186752.00
2011/03/17	8.57	8.57	8.42	8.43	1156244	42002040.00
2011/03/18	8.52	8.54	8.42	8.43	645864	23374870.00
2011/03/21	8.40	8.42	8.32	8.34	576296	20630688.00
2011/03/22	8.33	8.39	8.29	8.34	331734	11856926.00
2011/03/23	8.36	8.37	8.31	8.37	443577	15871826.00
2011/03/24	8.37	8.44	8.37	8.42	462285	16660035.00
2011/03/25	8.44	8.61	8.42	8.52	1037522	37946800.00
2011/03/28	8.52	8.52	8.33	8.39	1022462	36804872.00
2011/03/30	8.01	8.02	7.74	7.75	1415966	47582208.00
2011/03/31	7.69	7.89	7.69	7.79	593601	19880768.00
2011/04/01	7.79	7.85	7.77	7.82	303474	10215034.00
2011/04/06	7.81	7.86	7.70	7.71	464781	15549421.00
2011/04/07	7.62	7.65	7.50	7.53	1418205	46162000.00
2011/04/08	7.52	7.58	7.50	7.58	824224	26906494.00
2011/04/11	7.57	7.59	7.53	7.53	639308	20861660.00
2011/04/12	7.54	7.58	7.52	7.55	437468	14265137.00
2011/04/13	7.53	7.67	7.53	7.62	556012	18255476.00
2011/04/14	7.62	7.65	7.50	7.54	459162	15021000.00
2011/04/15	7.54	7.55	7.40	7.42	731447	23538680.00
2011/04/18	7.40	7.57	7.37	7.54	762016	24539244.00
2011/04/19	7.53	7.53	7.40	7.43	321947	10347672.00
2011/04/21	7.56	7.57	7.44	7.47	462918	14951818.00
2011/04/22	7.47	7.51	7.40	7.41	394905	12695209.00
2011/04/25	7.40	7.40	7.17	7.26	501417	15743264.00
2011/04/26	7.24	7.24	6.90	6.91	702817	21391666.00
2011/04/27	6.95	7.02	6.78	6.81	538533	16147346.00
2011/04/28	6.81	6.89	6.60	6.60	424493	12450549.00
2011/04/29	6.60	6.75	6.60	6.72	335858	9787036.00
2011/05/03	6.77	6.85	6.70	6.83	321507	9510759.00
2011/05/04	6.81	6.83	6.49	6.49	433658	12575297.00
2011/05/05	6.49	6.73	6.48	6.64	419077	12132505.00
2011/05/06	6.60	6.75	6.53	6.70	257861	7519403.00
2011/05/09	6.69	6.81	6.69	6.76	310379	9137075.00
2011/05/10	6.74	6.90	6.74	6.90	449199	13372082.00
2011/05/11	6.96	6.96	6.85	6.89	288868	8677325.00
2011/05/12	6.84	6.94	6.72	6.94	489407	14611729.00
2011/05/13	6.91	6.97	6.82	6.97	398670	11971244.00
2011/05/16	6.95	7.27	6.95	7.15	703013	21833456.00
2011/05/17	7.20	7.35	7.15	7.19	768925	24155778.00
2011/05/18	7.18	7.22	7.11	7.14	343475	10660834.00
2011/05/19	7.19	7.40	7.14	7.29	676940	21456466.00
2011/05/20	7.28	7.31	7.20	7.20	295593	9268477.00
2011/05/23	7.20	7.20	6.94	6.97	753489	22975514.00
2011/05/24	6.97	7.22	6.93	7.12	454762	13787308.00
2011/05/25	7.15	7.16	6.93	7.07	326771	9934331.00
2011/05/26	7.05	7.12	6.98	6.99	295390	8946957.00
2011/05/27	6.94	7.04	6.85	6.85	266827	7922006.00
2011/05/30	6.80	7.02	6.67	6.92	319146	9537365.00
2011/05/31	6.90	7.08	6.85	7.07	276011	8328981.50
2011/06/01	7.04	7.11	6.99	7.05	339687	10277276.00
2011/06/02	7.00	7.07	6.79	7.07	396559	11778715.00
2011/06/03	7.05	7.19	6.97	7.17	550250	16849288.00
2011/06/07	7.10	7.24	7.10	7.16	480407	14838779.00
2011/06/08	7.15	7.22	7.03	7.20	268860	8237838.50
2011/06/09	7.11	7.20	6.93	6.97	302011	9179199.00
2011/06/10	6.93	7.08	6.72	7.02	271958	8059098.00
2011/06/13	6.92	7.01	6.85	6.97	162044	4840850.00
2011/06/14	6.95	7.07	6.95	7.06	187982	5688335.00
2011/06/15	7.05	7.14	7.00	7.11	274076	8363684.50
2011/06/16	7.00	7.11	6.89	6.89	197530	5936589.50
2011/06/17	6.85	6.97	6.73	6.73	144968	4283650.50
2011/06/20	6.73	6.85	6.59	6.64	233560	6729131.50
2011/06/21	6.60	6.73	6.60	6.70	91701	2650131.25
2011/06/22	6.65	6.73	6.65	6.69	113300	3278973.00
2011/06/23	6.65	6.96	6.65	6.92	306639	9050843.00
2011/06/24	6.95	7.11	6.87	7.05	370939	11200841.00
2011/06/27	7.07	7.12	7.00	7.04	191964	5822347.00
2011/06/28	7.10	7.10	7.03	7.08	236678	7193402.50
2011/06/29	7.07	7.14	7.06	7.11	401096	12238461.00
2011/06/30	7.12	7.14	7.05	7.09	328309	9996515.00
2011/07/01	7.06	7.19	7.05	7.15	377804	11581196.00
2011/07/04	7.15	7.26	7.15	7.25	480609	14917646.00
2011/07/05	7.33	7.55	7.29	7.54	1874563	59652980.00
2011/07/06	7.51	7.59	7.45	7.59	1000331	32278504.00
2011/07/07	7.55	7.69	7.51	7.60	979419	31897810.00
2011/07/08	7.59	7.59	7.49	7.55	706701	22764594.00
2011/07/11	7.50	7.74	7.37	7.74	2018705	65335296.00
2011/07/12	7.62	7.74	7.49	7.54	832679	27038956.00
2011/07/13	7.54	7.81	7.53	7.78	1467751	48232624.00
2011/07/14	7.79	8.02	7.73	8.01	1393022	46955536.00
2011/07/15	7.93	8.09	7.78	7.98	2071585	70304672.00
2011/07/18	8.00	8.12	7.87	7.90	890439	30301068.00
2011/07/19	7.87	7.94	7.75	7.76	570395	19003736.00
2011/07/20	7.79	7.85	7.65	7.72	401850	13279549.00
2011/07/21	7.72	7.83	7.65	7.73	519924	17175238.00
2011/07/22	7.68	7.82	7.65	7.75	365511	12046599.00
2011/07/25	7.77	7.77	7.37	7.52	493948	15909120.00
2011/07/26	7.51	7.60	7.43	7.60	432298	13880533.00
2011/07/27	7.52	7.84	7.52	7.82	727476	24102240.00
2011/07/28	7.76	7.91	7.72	7.87	480785	16105960.00
2011/07/29	7.88	7.88	7.72	7.73	225395	7500967.50
2011/08/01	7.73	7.87	7.65	7.81	602085	20072306.00
2011/08/02	7.75	7.81	7.57	7.66	473342	15499495.00
2011/08/03	7.59	7.81	7.59	7.72	247504	8162503.00
2011/08/04	7.69	7.87	7.69	7.74	299393	9972976.00
2011/08/05	7.48	7.72	7.47	7.60	589353	19065392.00
2011/08/08	7.53	7.59	7.03	7.30	565095	17747868.00
2011/08/09	7.09	7.42	7.02	7.42	579125	18030990.00
2011/08/10	7.47	7.57	7.42	7.55	438482	14102011.00
2011/08/11	7.40	7.72	7.27	7.72	483287	15678745.00
2011/08/12	7.72	7.85	7.69	7.70	586376	19486650.00
2011/08/15	7.68	7.80	7.65	7.72	427326	14072401.00
2011/08/16	7.70	7.77	7.47	7.47	542320	17601358.00
2011/08/17	7.48	7.56	7.41	7.48	298184	9546659.00
2011/08/18	7.48	7.51	7.27	7.32	343602	10869115.00
2011/08/19	7.22	7.28	7.10	7.20	355579	10951062.00
2011/08/22	7.10	7.26	7.10	7.20	178399	5525408.50
2011/08/23	7.17	7.35	7.16	7.34	513746	15958813.00
2011/08/25	7.40	7.75	7.40	7.72	1335080	43421620.00
2011/08/26	7.60	7.62	7.44	7.56	1255375	40393688.00
2011/08/29	7.51	7.63	7.45	7.57	566673	18351462.00
2011/08/30	7.59	7.65	7.32	7.32	481586	15498698.00
2011/08/31	7.29	7.43	7.19	7.42	351133	10993344.00
2011/09/01	7.42	7.52	7.38	7.46	345506	11021284.00
2011/09/02	7.49	7.51	7.28	7.45	248240	7881899.50
2011/09/05	7.37	7.38	7.24	7.30	109170	3422472.50
2011/09/06	7.25	7.31	7.20	7.20	168382	5233766.50
2011/09/07	7.21	7.35	7.21	7.35	145089	4545120.50
2011/09/08	7.37	7.39	7.29	7.29	92253	2908576.75
2011/09/09	7.28	7.38	7.17	7.19	121840	3789621.75
2011/09/13	7.20	7.20	7.06	7.08	226280	6911273.00
2011/09/14	7.16	7.17	7.05	7.14	215630	6571555.50
2011/09/15	7.14	7.18	7.09	7.10	145722	4462984.50
2011/09/16	7.08	7.15	7.05	7.05	92900	2827446.00
2011/09/19	7.02	7.02	6.75	6.84	129451	3831365.00
2011/09/20	6.84	6.94	6.80	6.85	98283	2902892.25
2011/09/21	6.89	7.04	6.86	7.02	143352	4304078.00
2011/09/22	7.00	7.04	6.88	6.88	83400	2494014.00
2011/09/23	6.73	6.82	6.73	6.81	202260	5899939.00
2011/09/26	6.79	6.84	6.60	6.61	441891	12722409.00
2011/09/27	6.70	6.72	6.52	6.60	228853	6508029.00
2011/09/28	6.67	6.69	6.52	6.52	76200	2170853.75
2011/09/29	6.53	6.53	6.25	6.26	171097	4751069.00
2011/09/30	6.35	6.38	6.22	6.32	113500	3086061.00
2011/10/10	6.35	6.35	6.24	6.25	51125	1392638.50
2011/10/11	6.37	6.47	6.13	6.23	98557	2685992.25
2011/10/12	6.18	6.44	6.13	6.43	216062	5953261.00
2011/10/13	6.44	6.61	6.43	6.52	170642	4809889.50
2011/10/14	6.48	6.57	6.48	6.49	100599	2832098.75
2011/10/17	6.53	6.62	6.44	6.53	163539	4614723.00
2011/10/18	6.47	6.51	6.38	6.39	123173	3417186.75
2011/10/19	6.38	6.52	6.38	6.40	136900	3813490.25
2011/10/20	6.39	6.44	6.20	6.27	189345	5205372.50
2011/10/21	6.32	6.32	6.18	6.21	65229	1757872.00
2011/10/24	6.18	6.28	6.11	6.22	164756	4426622.00
2011/10/25	6.27	6.47	6.15	6.42	244706	6707951.00
2011/10/26	6.43	6.55	6.42	6.47	268095	7524817.50
2011/10/27	6.53	6.60	6.45	6.48	188199	5309277.00
2011/10/28	6.49	6.60	6.49	6.57	228129	6453281.50
2011/10/31	6.72	6.95	6.72	6.94	781412	23156586.00
2011/11/01	6.81	6.97	6.75	6.85	374285	11092858.00
2011/11/02	6.75	6.96	6.70	6.94	384424	11382257.00
2011/11/03	7.17	7.17	6.85	6.91	548818	16465291.00
2011/11/04	6.93	6.96	6.87	6.94	271287	8083979.00
2011/11/07	6.96	7.14	6.87	7.07	484213	14660811.00
2011/11/08	7.04	7.09	6.93	6.99	202421	6081564.00
2011/11/09	6.99	7.09	6.86	7.09	343702	10297898.00
2011/11/10	7.00	7.12	6.98	7.07	290647	8825588.00
2011/11/11	7.01	7.20	7.01	7.15	370091	11359926.00
2011/11/14	7.21	7.37	7.18	7.33	526866	16491841.00
2011/11/15	7.30	7.38	7.24	7.38	508158	15917535.00
2011/11/16	7.38	7.38	7.15	7.17	367805	11424370.00
2011/11/17	7.14	7.27	7.08	7.25	400244	12320511.00
2011/11/18	7.19	7.19	6.90	6.96	537838	16117992.00
2011/11/21	6.91	6.97	6.77	6.84	517807	15226337.00
2011/11/22	6.78	6.85	6.75	6.78	144015	4221670.00
2011/11/23	6.85	6.85	6.79	6.82	184416	5421775.50
2011/11/24	6.74	6.94	6.70	6.84	212080	6201615.50
2011/11/25	6.88	6.88	6.78	6.82	128568	3784674.75
2011/11/28	6.84	6.87	6.77	6.80	84600	2483465.00
2011/11/29	6.89	6.93	6.82	6.91	186947	5544654.00
2011/11/30	6.94	6.97	6.55	6.76	381268	11106874.00
2011/12/01	6.91	7.14	6.82	7.02	666461	20041092.00
2011/12/02	7.00	7.03	6.77	6.81	219948	6503147.00
2011/12/05	6.75	6.91	6.56	6.67	209381	6065429.00
2011/12/06	6.67	6.72	6.55	6.72	150466	4320965.00
2011/12/07	6.70	6.76	6.70	6.74	83200	2414863.00
2011/12/08	6.73	6.77	6.59	6.73	98189	2828680.25
2011/12/09	6.72	6.72	6.62	6.71	84018	2418997.50
2011/12/12	6.64	6.80	6.64	6.65	60600	1747870.00
2011/12/13	6.63	6.63	6.50	6.55	236260	6678283.00
2011/12/14	6.60	6.66	6.50	6.66	162869	4663132.50
2011/12/15	6.65	7.04	6.65	6.97	932739	27574248.00
2011/12/16	6.97	7.03	6.93	7.03	396505	11915301.00
2011/12/19	6.87	7.07	6.87	7.07	373996	11280919.00
2011/12/20	7.06	7.22	6.98	7.20	452529	13904566.00
2011/12/21	7.22	7.22	6.99	7.00	259377	7900124.50
2011/12/22	6.98	6.98	6.82	6.95	161400	4791881.00
2011/12/26	6.95	7.06	6.93	7.02	185885	5607860.00
2011/12/27	6.98	7.06	6.92	7.03	208007	6268334.00
2011/12/28	6.94	7.05	6.55	7.04	313334	9243889.00
2011/12/29	6.87	7.02	6.87	6.96	94857	2832609.50
2011/12/30	6.95	7.05	6.87	7.05	317500	9524312.00
2012/01/04	7.05	7.22	6.80	6.81	159892	4770735.00
2012/01/05	6.75	6.75	6.10	6.13	261977	7322161.50
2012/01/06	6.12	6.27	5.46	5.46	910979	22338462.00
2012/01/09	5.42	5.42	4.88	5.31	1718942	38788016.00
2012/01/10	5.31	5.61	5.31	5.57	1140449	27632446.00
2012/01/11	5.56	5.60	5.43	5.51	756590	18284300.00
2012/01/12	5.52	5.59	5.46	5.48	351291	8503917.00
2012/01/13	5.47	5.53	5.04	5.05	611106	14004318.00
2012/01/16	5.05	5.05	4.78	4.80	485169	10535326.00
2012/01/17	4.80	5.02	4.69	4.97	689720	14990779.00
2012/01/18	5.01	5.06	4.73	4.79	424491	9211553.00
2012/01/19	4.82	4.86	4.74	4.84	322052	6865134.00
2012/01/20	4.84	4.97	4.82	4.95	639556	13863369.00
2012/01/30	4.95	4.99	4.90	4.93	267626	5868544.50
2012/01/31	4.90	4.97	4.77	4.82	308009	6607617.50
2012/02/01	4.78	4.92	4.78	4.87	287035	6194385.00
2012/02/02	4.86	4.97	4.86	4.97	262917	5728908.50
2012/02/03	4.97	5.14	4.96	5.12	394890	8841559.00
2012/02/07	5.13	5.14	4.97	5.01	559158	12461020.00
2012/02/08	5.02	5.16	4.99	5.15	371249	8325308.00
2012/02/09	5.14	5.35	5.11	5.27	585090	13564763.00
2012/02/10	5.25	5.32	5.23	5.28	327773	7614045.00
2012/02/13	5.24	5.37	5.20	5.37	602752	14133134.00
2012/02/14	5.43	5.44	5.29	5.36	388981	9126852.00
2012/02/15	5.39	5.51	5.33	5.51	666098	15881722.00
2012/02/16	5.47	5.59	5.45	5.51	788664	19088876.00
2012/02/17	5.51	5.57	5.44	5.46	223244	5362878.00
2012/02/20	5.54	5.55	5.28	5.36	742804	17787338.00
2012/02/21	5.33	5.48	5.33	5.47	392507	9309731.00
2012/02/22	5.46	5.66	5.41	5.66	797078	19494420.00
2012/02/23	6.27	6.27	6.27	6.27	436770	11880144.00
2012/02/24	6.72	6.78	6.47	6.60	4504371	129001480.00
2012/02/27	6.55	6.70	6.53	6.60	2419231	69074640.00
2012/02/28	6.53	6.57	6.37	6.46	1050583	29416206.00
2012/02/29	6.38	6.45	6.30	6.32	695158	19200086.00
2012/03/01	6.27	6.41	6.26	6.36	552343	15182091.00
2012/03/02	6.41	6.41	6.36	6.41	553962	15316673.00
2012/03/05	6.41	6.57	6.36	6.47	1004905	28194086.00
2012/03/06	6.45	6.61	6.43	6.49	788124	22164822.00
2012/03/07	6.46	6.49	6.32	6.34	482272	13331258.00
2012/03/08	6.40	6.40	6.30	6.35	630677	17344532.00
2012/03/09	6.34	6.47	6.34	6.42	616569	17100872.00
2012/03/12	6.40	6.54	6.40	6.50	969569	27202118.00
2012/03/13	6.49	6.51	6.42	6.49	705378	19707660.00
2012/03/14	6.52	6.58	6.05	6.10	1403185	38936412.00
2012/03/15	6.08	6.19	6.01	6.13	724116	19217472.00
2012/03/16	6.14	6.36	6.13	6.34	689723	18727590.00
2012/03/19	6.47	6.49	6.39	6.43	499943	13938064.00
2012/03/20	6.43	6.43	6.17	6.19	452535	12279895.00
2012/03/21	6.19	6.26	6.11	6.20	238355	6394419.00
2012/03/22	6.22	6.25	6.12	6.20	230271	6172562.00
2012/03/23	6.20	6.20	6.02	6.06	329697	8704591.00
2012/03/26	6.07	6.09	6.02	6.03	102761	2702139.00
2012/03/27	6.10	6.10	5.97	6.02	205063	5383524.50
2012/03/28	6.02	6.02	5.68	5.70	349160	8898420.00
2012/03/29	5.68	5.74	5.52	5.55	327381	8061834.50
2012/03/30	5.58	5.64	5.39	5.45	322274	7746564.50
2012/04/05	5.45	5.62	5.44	5.62	707937	17175190.00
2012/04/06	5.62	5.68	5.55	5.62	421116	10343791.00
2012/04/09	5.62	5.71	5.58	5.58	288026	7097964.50
2012/04/10	5.54	5.60	5.40	5.56	388637	9312729.00
2012/04/11	5.50	5.63	5.45	5.60	284030	6916376.00
2012/04/12	5.60	5.78	5.60	5.77	632802	15840072.00
2012/04/13	5.77	5.85	5.70	5.77	413220	10413473.00
2012/04/16	5.75	5.77	5.69	5.72	164599	4115929.50
2012/04/17	5.73	5.76	5.65	5.67	196401	4884566.50
2012/04/18	5.72	5.77	5.68	5.75	509063	12736680.00
2012/04/19	5.77	5.84	5.73	5.77	555134	13963414.00
2012/04/20	5.77	5.82	5.73	5.82	793700	19993388.00
2012/04/23	5.79	5.81	5.49	5.54	840621	20563084.00
2012/04/24	5.47	5.54	5.27	5.37	475226	11219828.00
2012/04/25	5.37	5.46	5.37	5.43	252054	6003150.50
2012/04/26	5.47	5.55	5.40	5.54	338721	8174257.00
2012/04/27	5.42	5.42	5.01	5.20	1096615	25258496.00
2012/05/02	5.25	5.33	5.18	5.22	578451	13319201.00
2012/05/03	5.21	5.30	5.19	5.25	733897	16939374.00
2012/05/04	5.26	5.42	5.24	5.42	761658	17895868.00
2012/05/07	5.37	5.56	5.35	5.56	657209	15826422.00
2012/05/08	5.60	5.60	5.47	5.55	696599	16900820.00
2012/05/09	5.52	5.52	5.46	5.48	392817	9442589.00
2012/05/10	5.48	5.59	5.45	5.54	327306	7934282.50
2012/05/11	5.50	5.59	5.50	5.55	368349	8944661.00
2012/05/14	5.64	5.66	5.55	5.56	700674	17188136.00
2012/05/15	5.47	5.51	5.41	5.47	317505	7607569.00
2012/05/16	5.49	5.58	5.47	5.50	395230	9553168.00
2012/05/17	5.50	5.66	5.50	5.66	592227	14506421.00
2012/05/18	5.60	5.64	5.50	5.52	485775	11807279.00
2012/05/21	5.56	5.57	5.41	5.47	266931	6391089.50
2012/05/22	5.48	5.54	5.45	5.53	359101	8668893.00
2012/05/23	5.52	5.52	5.37	5.37	437616	10423268.00
2012/05/24	5.41	5.57	5.38	5.45	440724	10612591.00
2012/05/25	5.48	5.52	5.36	5.41	371026	8849713.00
2012/05/28	4.97	5.09	4.82	5.02	1485811	32689828.00
2012/05/29	4.99	5.07	4.99	5.07	790015	17600366.00
2012/05/30	5.07	5.17	5.07	5.14	417913	9453661.00
2012/05/31	5.10	5.24	5.10	5.14	366282	8353124.50
2012/06/01	5.14	5.20	5.13	5.16	278356	6330654.50
2012/06/04	5.04	5.18	5.02	5.08	330940	7469521.50
2012/06/05	5.12	5.21	5.10	5.15	287166	6530928.50
2012/06/06	5.21	5.21	5.13	5.14	251302	5717118.50
2012/06/07	5.19	5.20	5.13	5.13	308017	7015964.00
2012/06/08	5.19	5.30	5.13	5.24	683850	15721521.00
2012/06/11	5.26	5.47	5.24	5.41	1112491	26392790.00
2012/06/12	5.37	5.44	5.35	5.39	388971	9229657.00
2012/06/13	5.43	5.49	5.42	5.49	546318	13093973.00
2012/06/14	5.45	5.52	5.44	5.45	508072	12198424.00
2012/06/15	5.47	5.64	5.45	5.59	890060	21728016.00
2012/06/18	5.62	5.75	5.59	5.72	1058430	26378308.00
2012/06/19	5.69	6.33	5.69	5.95	3385450	88465312.00
2012/06/20	5.92	5.97	5.77	5.80	1679670	42707308.00
2012/06/21	5.80	5.92	5.70	5.74	832753	21069882.00
2012/06/25	5.70	5.77	5.63	5.64	703348	17558706.00
2012/06/26	5.65	5.66	5.53	5.66	504411	12307943.00
2012/06/27	5.64	5.82	5.63	5.72	1111757	27727566.00
2012/06/28	5.70	5.70	5.49	5.59	768608	18767752.00
2012/06/29	5.54	5.76	5.50	5.74	1076101	26764614.00
2012/07/02	5.84	6.04	5.80	5.92	1974208	51215616.00
2012/07/03	5.97	6.04	5.88	5.95	1370441	35565832.00
2012/07/04	5.95	6.02	5.87	5.96	1053223	27362866.00
2012/07/05	5.96	5.96	5.72	5.74	928728	23513958.00
2012/07/06	5.75	6.09	5.67	6.08	2074777	53490688.00
2012/07/09	6.05	6.27	5.92	5.92	2180726	57982720.00
2012/07/10	5.85	5.95	5.72	5.86	1097210	27896076.00
2012/07/11	5.78	6.03	5.76	6.03	787253	20291158.00
2012/07/12	6.03	6.19	5.94	6.09	1320262	34791292.00
2012/07/13	5.48	5.58	5.43	5.43	2221493	53226260.00
2012/07/16	5.21	5.27	4.91	4.94	2962471	66007036.00
2012/07/17	4.97	5.02	4.89	4.95	809334	17765788.00
2012/07/18	4.95	4.97	4.61	4.86	1458404	30912372.00
2012/07/19	4.85	4.96	4.72	4.92	1063503	22904532.00
2012/07/20	4.85	4.94	4.75	4.79	709106	15283348.00
2012/07/23	4.75	4.79	4.62	4.64	896799	9174916.00
2012/07/24	4.62	4.78	4.57	4.67	1076422	11034749.00
2012/07/25	4.66	4.71	4.56	4.56	942100	9575201.00
2012/07/26	4.54	4.61	4.45	4.45	1039114	10305127.00
2012/07/27	4.47	4.62	4.47	4.52	1000982	10001550.00
2012/07/30	4.47	4.55	4.14	4.17	1486740	14107569.00
2012/07/31	4.19	4.20	4.01	4.02	856882	7744431.50
2012/08/01	4.02	4.15	4.02	4.11	859909	7833319.00
2012/08/02	4.09	4.25	4.09	4.14	1291247	11947613.00
2012/08/03	4.14	4.24	4.12	4.20	1046053	9704638.00
2012/08/06	4.15	4.31	4.15	4.29	984704	9234721.00
2012/08/07	4.28	4.37	4.26	4.35	891616	8541672.00
2012/08/08	4.32	4.37	4.24	4.26	994913	9445179.00
2012/08/09	4.28	4.73	4.27	4.73	4477603	45235332.00
2012/08/10	4.64	5.22	4.62	5.10	7318748	79802400.00
2012/08/13	5.05	5.05	4.83	4.86	3484718	37463152.00
2012/08/14	4.80	4.94	4.69	4.89	2531710	26702270.00
2012/08/15	4.88	4.93	4.77	4.84	1568873	16646021.00
2012/08/16	4.80	4.84	4.63	4.67	1709386	17647774.00
2012/08/17	4.67	4.73	4.53	4.59	1167456	11828250.00
2012/08/20	4.59	4.73	4.55	4.72	922130	9419867.00
2012/08/21	4.63	4.83	4.63	4.81	1695062	17658530.00
2012/08/22	4.80	4.82	4.67	4.68	1137680	11816803.00
2012/08/23	4.68	4.78	4.63	4.75	1221542	12613274.00
2012/08/24	4.70	4.81	4.70	4.74	1116976	11647268.00
2012/08/27	4.74	4.74	4.34	4.39	1617928	15856347.00
2012/08/28	4.36	4.50	4.35	4.43	790477	7733931.50
2012/08/29	4.40	4.52	4.40	4.44	662929	6535259.00
2012/08/30	4.46	4.51	4.24	4.33	904258	8685574.00
2012/08/31	4.37	4.39	4.30	4.36	529926	5083697.50
2012/09/03	4.36	4.49	4.30	4.46	663253	6459863.50
2012/09/04	4.48	4.66	4.45	4.56	1650707	16618897.00
2012/09/05	4.56	4.69	4.52	4.69	1470510	14966502.00
2012/09/06	4.73	4.77	4.65	4.69	1317670	13597056.00
2012/09/07	4.69	4.91	4.68	4.81	2081193	21920290.00
2012/09/10	4.81	4.99	4.73	4.90	2399120	25399070.00
2012/09/11	4.81	4.92	4.80	4.82	1752222	18547338.00
2012/09/12	4.85	4.89	4.71	4.78	1393358	14571661.00
2012/09/13	4.77	4.92	4.75	4.82	2171403	23048506.00
2012/09/14	4.81	4.85	4.68	4.72	1655300	17215532.00
2012/09/17	4.74	4.74	4.44	4.44	1267232	12737005.00
2012/09/18	4.43	4.51	4.35	4.44	754182	7387537.00
2012/09/19	4.44	4.53	4.41	4.51	558815	5488087.00
2012/09/20	4.51	4.51	4.26	4.32	876121	8448559.00
2012/09/21	4.39	4.39	4.25	4.32	623563	5955932.50
2012/09/24	4.33	4.33	4.18	4.29	722449	6798748.00
2012/09/25	4.30	4.33	4.24	4.30	400259	3792045.00
2012/09/26	4.30	4.33	4.10	4.13	831717	7694038.50
2012/09/27	4.13	4.24	4.13	4.22	644693	5990298.00
2012/09/28	4.15	4.32	4.15	4.31	727026	6844235.00
2012/10/08	4.31	4.32	4.21	4.25	377740	3569325.50
2012/10/09	4.30	4.40	4.25	4.38	715153	6882361.00
2012/10/10	4.39	4.48	4.35	4.47	919352	8970642.00
2012/10/11	4.45	4.57	4.34	4.36	1100704	10833496.00
2012/10/12	4.36	4.44	4.27	4.32	582802	5594031.50
2012/10/15	4.32	4.32	4.20	4.26	869642	8159648.50
2012/10/16	4.18	4.34	4.18	4.29	701916	6651627.50
2012/10/17	4.29	4.31	4.23	4.26	513519	4847107.00
2012/10/18	4.29	4.34	4.25	4.33	912852	8696478.00
2012/10/19	4.34	4.36	4.28	4.33	705870	6743745.50
2012/10/22	4.31	4.36	4.26	4.35	469348	4484106.00
2012/10/23	4.36	4.41	4.30	4.30	926038	8923814.00
2012/10/24	4.28	4.41	4.25	4.36	744152	7169338.00
2012/10/25	4.32	4.39	4.30	4.31	591779	5670346.00
2012/10/26	4.26	4.34	4.16	4.16	522199	4876919.50
2012/10/29	4.14	4.19	4.12	4.16	320206	2951277.50
2012/10/30	4.16	4.20	4.13	4.17	316791	2919637.25
2012/10/31	4.16	4.18	4.13	4.17	329590	3036273.25
2012/11/01	4.15	4.25	4.15	4.23	625155	5823437.50
2012/11/02	4.22	4.31	4.20	4.29	728492	6863530.50
2012/11/05	4.26	4.37	4.26	4.30	621943	5928094.50
2012/11/06	4.31	4.31	4.20	4.25	492148	4619069.50
2012/11/07	4.29	4.29	4.20	4.22	577896	5405599.50
2012/11/08	4.20	4.20	4.12	4.12	498999	4592109.00
2012/11/09	4.15	4.15	4.08	4.08	485256	4432281.00
2012/11/12	4.06	4.13	4.06	4.11	340909	3098243.50
2012/11/13	4.12	4.14	4.03	4.05	324161	2931655.25
2012/11/14	4.05	4.08	4.01	4.04	251712	2261346.00
2012/11/15	4.01	4.08	4.01	4.02	321879	2888786.25
2012/11/16	4.00	4.02	3.80	3.85	677246	5886883.00
2012/11/19	3.82	3.89	3.80	3.87	425970	3661630.00
2012/11/20	3.89	3.89	3.80	3.84	179007	1540660.63
2012/11/21	3.85	3.90	3.80	3.90	460298	3960316.75
2012/11/22	3.87	3.89	3.83	3.83	250349	2154509.00
2012/11/23	3.85	3.88	3.83	3.85	316541	2726694.25
2012/11/26	3.87	3.87	3.77	3.78	297804	2536234.00
2012/11/27	3.76	3.77	3.59	3.61	512384	4211768.00
2012/11/28	3.56	3.61	3.54	3.55	428269	3437737.50
2012/11/29	3.61	3.74	3.55	3.61	490102	3997253.75
2012/11/30	3.57	3.63	3.55	3.59	338771	2738341.75
2012/12/03	3.58	3.60	3.48	3.48	293498	2342897.25
2012/12/04	3.49	3.50	3.40	3.50	398997	3111310.25
2012/12/05	3.51	3.64	3.47	3.61	946382	7656619.50
2012/12/06	3.63	3.66	3.57	3.62	598574	4860436.00
2012/12/07	3.58	3.75	3.56	3.69	876969	7223932.50
2012/12/10	3.70	3.77	3.65	3.76	799059	6660534.50
2012/12/11	3.72	3.74	3.70	3.70	474328	3961286.00
2012/12/12	3.69	3.74	3.65	3.68	400713	3308795.75
2012/12/13	3.66	3.70	3.61	3.61	448295	3682995.50
2012/12/14	3.62	3.78	3.62	3.75	1032476	8622238.00
2012/12/17	3.75	3.81	3.73	3.80	1109000	9353844.00
2012/12/18	3.79	3.99	3.76	3.92	1709058	14849357.00
2012/12/19	3.90	3.93	3.85	3.89	623606	5419426.00
2012/12/20	3.90	3.90	3.81	3.87	863958	7432265.00
2012/12/21	3.85	3.90	3.82	3.87	888259	7659439.00
2012/12/24	3.83	3.92	3.80	3.92	967630	8387520.50
2012/12/25	3.95	4.06	3.91	4.00	2316675	20697350.00
2012/12/26	4.00	4.11	3.95	4.10	1543722	13828670.00
2012/12/27	4.11	4.14	3.98	3.99	1511240	13552317.00
2012/12/28	3.99	4.02	3.95	4.01	1134075	10056889.00
2012/12/31	4.01	4.03	3.92	4.00	1560493	13785726.00
2013/01/04	4.05	4.08	3.90	3.93	1244557	11009308.00
2013/01/07	3.93	4.04	3.93	4.01	1070878	9532825.00
2013/01/08	4.02	4.15	3.98	4.14	2562916	23334926.00
2013/01/09	4.14	4.15	4.03	4.08	1760501	15970807.00
2013/01/10	4.09	4.16	4.07	4.11	1207246	11019158.00
2013/01/11	4.10	4.24	4.10	4.17	2638872	24440032.00
2013/01/14	4.16	4.38	4.11	4.37	3505606	33253776.00
2013/01/15	4.37	4.57	4.31	4.49	3792640	36888944.00
2013/01/16	4.50	4.53	4.32	4.41	2679430	26005544.00
2013/01/17	4.49	4.76	4.49	4.53	4316846	43482784.00
2013/01/18	4.54	4.75	4.50	4.75	3786277	38674908.00
2013/01/21	4.80	4.83	4.66	4.70	2300064	23774120.00
2013/01/22	4.70	4.76	4.43	4.45	3039312	30492386.00
2013/01/23	4.45	4.51	4.32	4.41	1849273	17951578.00
2013/01/24	4.40	4.47	4.27	4.37	1974365	19005920.00
2013/01/25	4.33	4.42	4.31	4.39	887436	8569528.00
2013/01/28	4.33	4.44	4.26	4.43	2149945	20590402.00
2013/01/29	4.42	4.44	4.36	4.37	1710995	16570994.00
2013/01/30	4.37	4.37	4.28	4.32	1555781	14864017.00
2013/01/31	4.31	4.32	4.17	4.23	1705442	15915552.00
2013/02/01	4.23	4.29	4.19	4.25	890375	8377950.50
2013/02/04	4.25	4.28	4.16	4.21	1446567	13447989.00
2013/02/05	4.18	4.28	4.16	4.28	818310	7661791.50
2013/02/06	4.28	4.34	4.26	4.33	1093961	10419949.00
2013/02/07	4.32	4.33	4.23	4.29	823679	7803107.50
2013/02/08	4.29	4.37	4.29	4.37	1687667	16170137.00
2013/02/18	4.38	4.46	4.34	4.44	1690323	16411295.00
2013/02/19	4.44	4.44	4.35	4.38	1295555	12535631.00
2013/02/20	4.38	4.87	4.36	4.87	6419998	65835236.00
2013/02/21	5.00	5.28	5.00	5.07	11286311	125461600.00
2013/02/22	5.00	5.11	4.89	4.91	4474958	48546948.00
2013/02/25	4.90	4.97	4.75	4.95	4161860	44219676.00
2013/02/26	4.89	5.37	4.80	5.17	7686696	86128208.00
2013/02/27	5.08	5.45	5.08	5.11	6710192	76815544.00
2013/02/28	5.06	5.27	5.01	5.21	3458736	38760504.00
2013/03/01	5.21	5.35	5.10	5.35	3904359	44524712.00
2013/03/04	5.35	5.49	5.14	5.18	4638527	53482848.00
2013/03/05	5.17	5.32	5.06	5.28	3077518	34844276.00
2013/03/06	5.29	5.64	5.29	5.61	5682314	68139768.00
2013/03/07	5.63	5.63	5.40	5.54	3581998	42667564.00
2013/03/08	5.48	5.52	5.23	5.25	3126534	36373904.00
2013/03/11	5.22	5.25	5.11	5.15	2012102	22609462.00
2013/03/12	5.15	5.21	4.81	4.90	2688870	29143022.00
2013/03/13	4.90	4.91	4.76	4.84	1517699	16042681.00
2013/03/14	4.82	4.94	4.80	4.91	1480840	15822730.00
2013/03/15	4.92	5.13	4.84	4.95	2123550	23141568.00
2013/03/18	4.96	5.16	4.93	5.04	2478546	27377140.00
2013/03/19	5.05	5.10	4.67	4.77	3089139	32470136.00
2013/03/20	4.71	4.96	4.71	4.94	2487087	26337990.00
2013/03/21	4.94	5.03	4.90	4.96	1928803	20906890.00
2013/03/22	4.93	5.03	4.91	5.00	1637400	17798336.00
2013/03/25	5.00	5.14	4.97	5.03	1729195	19036134.00
2013/03/26	4.98	5.07	4.85	4.93	1438674	15436474.00
2013/03/27	4.95	4.99	4.83	4.90	1555895	16730313.00
2013/03/28	4.88	4.88	4.72	4.72	1405707	14662382.00
2013/03/29	4.72	4.81	4.70	4.75	1054452	11000263.00
2013/04/01	4.75	4.91	4.75	4.79	1341867	14216041.00
2013/04/02	4.79	4.84	4.67	4.68	1259194	13075933.00
2013/04/03	4.70	4.96	4.65	4.91	1941830	20425436.00
2013/04/08	4.93	4.93	4.65	4.88	1909416	20180956.00
2013/04/09	4.86	4.98	4.86	4.87	1821248	19555790.00
2013/04/10	4.88	5.10	4.72	5.05	3741055	40580592.00
2013/04/11	5.00	5.07	4.90	4.95	1812547	19614614.00
2013/04/12	4.95	4.97	4.75	4.75	1355892	14343387.00
2013/04/15	4.70	4.75	4.55	4.57	1202889	12315058.00
2013/04/18	4.58	4.72	4.47	4.65	1092850	11057517.00
2013/04/19	4.60	4.84	4.60	4.75	1630278	16928064.00
2013/04/22	4.71	4.96	4.69	4.93	1856887	19796456.00
2013/04/23	4.94	5.04	4.78	4.81	2331987	25090508.00
2013/04/24	4.87	5.08	4.83	5.07	2861105	31124906.00
2013/04/25	5.05	5.13	4.92	4.92	2248633	24645452.00
2013/04/26	4.99	5.03	4.71	4.72	1383859	14643137.00
2013/05/02	4.70	4.76	4.59	4.69	898412	9206796.00
2013/05/03	4.70	4.89	4.70	4.88	1159358	12252041.00
2013/05/06	4.90	5.03	4.88	5.00	1452093	15752689.00
2013/05/07	4.97	5.03	4.89	4.92	2388741	25706402.00
2013/05/08	4.90	5.07	4.90	5.07	2607435	28496790.00
2013/05/09	5.06	5.34	5.02	5.33	5270581	59827564.00
2013/05/10	5.34	5.34	5.17	5.27	3117854	35616168.00
2013/05/13	5.25	5.34	5.21	5.34	2318027	26556540.00
2013/05/14	5.35	5.50	5.18	5.21	3313428	38167000.00
2013/05/15	5.25	5.29	5.12	5.27	2069485	23531456.00
2013/05/16	5.27	5.33	5.04	5.10	3875191	43801776.00
2013/05/17	5.11	5.21	5.02	5.20	2016054	22578282.00
2013/05/20	5.20	5.26	5.10	5.25	3031064	34158312.00
2013/05/21	5.22	5.43	5.19	5.42	3460088	40023620.00
2013/05/22	5.36	5.48	5.21	5.23	3167595	36751484.00
2013/05/23	5.22	5.30	5.13	5.18	2077451	23491200.00
2013/05/24	5.18	5.30	5.18	5.29	1761703	20098092.00
2013/05/27	5.27	5.38	5.23	5.38	2656100	30582516.00
2013/05/28	5.38	5.38	5.17	5.26	2235409	25450658.00
2013/05/29	5.24	5.30	5.18	5.30	1779922	20270834.00
2013/05/30	5.28	5.53	5.25	5.52	4709942	55459252.00
2013/05/31	5.52	5.62	5.38	5.40	4212392	50023004.00
2013/06/03	5.40	5.74	5.40	5.64	4848075	58563192.00
2013/06/04	5.60	5.68	5.34	5.44	3044898	36136112.00
2013/06/05	5.43	5.97	5.40	5.86	6378164	79528144.00
2013/06/06	5.83	5.99	5.71	5.90	6325508	79897680.00
2013/06/07	5.89	6.15	5.76	6.07	6925932	89475320.00
2013/06/13	5.98	5.98	5.48	5.82	4642698	57882900.00
2013/06/14	5.80	6.35	5.80	6.27	5989068	78634136.00
2013/06/17	6.28	6.48	6.19	6.20	6217152	84344264.00
2013/06/18	6.20	6.29	5.89	6.27	4888398	64081852.00
2013/06/19	6.33	6.33	6.02	6.17	3173676	41811160.00
2013/06/20	6.08	6.12	5.58	5.60	4862598	61169508.00
2013/06/21	5.40	5.54	5.19	5.38	3872618	45148496.00
2013/06/24	5.31	5.39	4.80	4.80	3976708	43644836.00
2013/06/25	4.76	4.87	4.30	4.75	3929881	39960032.00
2013/06/26	4.69	4.95	4.61	4.94	2975318	31286838.00
2013/06/27	4.94	5.17	4.77	4.79	3443804	37504012.00
2013/06/28	4.69	4.90	4.60	4.68	1933114	20023588.00
2013/07/01	4.69	4.87	4.64	4.84	1832506	19003168.00
2013/07/02	4.84	5.05	4.79	5.04	3000684	32310972.00
2013/07/03	5.05	5.21	5.01	5.16	3699597	41124400.00
2013/07/04	5.02	5.13	4.97	5.01	2785159	30567424.00
2013/07/05	4.98	5.05	4.82	4.85	2628261	28261312.00
2013/07/08	4.72	4.73	4.41	4.44	2057591	20506200.00
2013/07/09	4.42	4.53	4.39	4.51	974308	9581210.00
2013/07/10	4.47	4.66	4.46	4.66	1401246	14040128.00
2013/07/11	4.66	4.82	4.62	4.75	1864397	19206124.00
2013/07/12	4.73	4.87	4.69	4.77	1997354	20918098.00
2013/07/15	4.77	4.95	4.77	4.95	2202396	23388216.00
2013/07/16	4.93	4.98	4.85	4.95	1480168	15844199.00
2013/07/17	4.93	5.02	4.87	4.87	1851601	19900410.00
2013/07/18	4.84	4.93	4.77	4.85	1019762	10781804.00
2013/07/19	4.84	4.99	4.69	4.69	1516266	16128813.00
2013/07/22	4.61	4.81	4.60	4.80	1213077	12535819.00
2013/07/23	4.81	4.99	4.81	4.99	2151901	23140520.00
2013/07/24	4.99	5.17	4.94	5.15	3109826	34383860.00
2013/07/25	5.14	5.18	4.89	4.92	2201472	24003322.00
2013/07/26	4.90	4.96	4.75	4.87	1337303	14191929.00
2013/07/29	4.78	4.90	4.75	4.78	1047938	10983348.00
2013/07/30	4.71	4.81	4.59	4.74	1071632	11009646.00
2013/07/31	4.74	4.96	4.72	4.91	1711294	18178280.00
2013/08/01	4.99	5.45	4.98	5.45	6462370	74165824.00
2013/08/02	5.51	5.63	5.40	5.45	5681374	67582384.00
2013/08/05	5.50	5.69	5.37	5.64	3933032	47320948.00
2013/08/06	5.56	5.72	5.52	5.55	3239290	39121360.00
2013/08/07	5.53	5.65	5.31	5.35	2807570	33028210.00
2013/08/08	5.33	5.71	5.33	5.55	3544580	42591380.00
2013/08/09	5.57	5.88	5.56	5.66	4178103	51533280.00
2013/08/12	5.71	5.89	5.62	5.70	2910757	36024184.00
2013/08/13	5.65	5.70	5.57	5.62	1753516	21291022.00
2013/08/14	5.62	5.73	5.58	5.67	2149202	26218946.00
2013/08/15	5.65	5.68	5.43	5.45	2581187	30643864.00
2013/08/16	5.42	5.51	5.19	5.22	2035320	23600512.00
2013/08/19	5.21	5.44	5.17	5.43	1577578	18308278.00
2013/08/20	5.40	5.49	5.34	5.37	1399501	16347219.00
2013/08/21	5.42	5.63	5.42	5.54	2037343	24333190.00
2013/08/22	5.46	5.60	5.46	5.55	1355052	16208653.00
2013/08/23	5.52	5.70	5.41	5.54	2595205	31146184.00
2013/08/26	5.45	5.53	5.35	5.51	2457481	28966534.00
2013/08/27	5.48	5.75	5.47	5.71	3358061	40809844.00
2013/08/28	5.69	5.70	5.46	5.48	2528611	30494594.00
2013/08/29	5.52	5.76	5.48	5.64	3056055	37231544.00
2013/08/30	5.69	5.70	5.23	5.30	3817284	45166404.00
2013/09/02	5.24	5.36	5.20	5.34	1528239	17482656.00
2013/09/03	5.34	5.46	5.31	5.39	1207022	14082149.00
2013/09/04	5.39	5.39	5.22	5.30	1742590	19926674.00
2013/09/05	5.26	5.39	5.26	5.37	1594787	18398284.00
2013/09/06	5.32	5.40	5.21	5.29	1542170	17639806.00
2013/09/09	5.29	5.30	5.18	5.24	1923116	21771872.00
2013/09/10	5.24	5.24	5.11	5.17	1916492	21500708.00
2013/09/11	5.20	5.20	4.97	5.01	2471917	27062344.00
2013/09/12	4.97	5.09	4.97	5.00	1330135	14547922.00
2013/09/13	5.01	5.07	4.93	5.07	1642644	17824060.00
2013/09/16	5.06	5.14	5.06	5.06	1537831	17031252.00
2013/09/17	5.04	5.08	4.96	4.96	1156662	12623614.00
2013/09/18	5.02	5.18	4.97	5.16	1510797	16734640.00
2013/09/23	5.05	5.17	5.02	5.14	2720447	30143346.00
2013/09/24	5.17	5.21	5.11	5.18	2207315	24723042.00
2013/09/25	5.20	5.20	5.05	5.06	1771167	19721660.00
2013/09/26	5.08	5.18	5.02	5.06	1689325	18734196.00
2013/09/27	5.11	5.35	5.06	5.29	3210808	36492276.00
2013/09/30	5.35	5.40	5.20	5.26	2336110	26762904.00
2013/10/08	5.29	5.41	5.23	5.36	2007091	23206158.00
2013/10/09	5.36	5.50	5.32	5.46	2317281	27165168.00
2013/10/10	5.58	5.70	5.53	5.54	5045224	60807760.00
2013/10/11	5.53	5.65	5.50	5.62	3243833	38969260.00
2013/10/14	5.62	5.63	5.52	5.59	1736484	20883282.00
2013/10/15	5.61	5.71	5.55	5.64	2115681	25683794.00
2013/10/16	5.64	5.64	5.36	5.44	1682371	19835544.00
2013/10/17	5.44	5.65	5.44	5.47	1469134	17518572.00
2013/10/18	5.52	5.80	5.44	5.79	3862062	47189296.00
2013/10/21	6.31	6.41	6.05	6.15	7747065	103016584.00
2013/10/22	6.20	6.55	6.20	6.31	8088745	110720360.00
2013/10/23	6.21	6.29	5.92	5.96	4779867	62393516.00
2013/10/24	5.89	6.41	5.88	6.26	4132480	54905684.00
2013/10/25	6.27	6.40	5.95	6.19	4173626	55562508.00
2013/10/28	6.07	6.65	5.96	6.60	4405462	59427016.00
2013/10/29	6.50	6.58	5.89	6.19	4931153	64681984.00
2013/10/30	6.09	6.85	6.09	6.85	7147432	102114656.00
2013/10/31	6.76	7.00	6.51	6.51	4445313	63558156.00
2013/11/01	6.49	6.55	5.95	6.22	4909057	65087520.00
2013/11/04	6.16	6.32	6.05	6.26	2908249	38466812.00
2013/11/05	6.14	6.45	6.11	6.38	2555079	34596364.00
2013/11/06	6.30	6.34	6.12	6.14	2271982	30265142.00
2013/11/07	6.08	6.13	5.82	5.93	2393311	30608854.00
2013/11/08	5.95	5.96	5.79	5.86	1546312	19482410.00
2013/11/11	5.89	5.97	5.81	5.97	2310549	29363654.00
2013/11/12	5.95	6.13	5.93	5.97	2509981	32478248.00
2013/11/13	5.94	6.01	5.81	5.82	1152127	14609982.00
2013/11/14	5.81	6.04	5.80	6.03	3037443	38823108.00
2013/11/15	6.11	6.29	6.07	6.16	2393695	31774160.00
2013/11/18	6.17	6.32	6.12	6.25	2123142	28398796.00
2013/11/19	6.29	6.29	6.18	6.20	1792634	23880526.00
2013/11/20	6.22	6.40	6.21	6.40	2462353	33076876.00
2013/11/21	6.32	6.46	6.28	6.30	2374946	32336632.00
2013/11/22	6.31	6.42	6.12	6.17	2356116	31311368.00
2013/11/25	6.16	6.26	6.10	6.16	1482954	19702056.00
2013/11/26	6.16	6.24	6.13	6.20	1705915	22603800.00
2013/11/27	6.22	6.30	6.16	6.23	1905250	25365382.00
2013/11/28	6.23	6.43	6.20	6.37	2116080	28664488.00
2013/11/29	6.39	6.75	6.35	6.58	2977881	41764376.00
2013/12/02	6.19	6.37	5.88	5.88	5143534	66924400.00
2013/12/03	5.75	5.95	5.55	5.87	2293333	28396338.00
2013/12/04	5.85	5.97	5.80	5.81	2299334	29160678.00
2013/12/05	5.61	5.89	5.61	5.75	1230044	15319220.00
2013/12/06	5.74	5.87	5.74	5.78	1152166	14404438.00
2013/12/09	5.79	5.91	5.79	5.90	869533	10973110.00
2013/12/10	5.90	5.96	5.87	5.89	808079	10268847.00
2013/12/11	5.89	5.97	5.84	5.93	996847	12674846.00
2013/12/12	5.94	6.00	5.92	5.99	897113	11486938.00
2013/12/13	5.96	6.15	5.90	6.11	1479385	19311906.00
2013/12/16	6.07	6.16	5.83	5.92	1288743	16646219.00
2013/12/17	5.91	6.29	5.86	6.24	2241230	29518426.00
2013/12/18	6.21	6.31	6.16	6.21	1755003	23437122.00
2013/12/19	6.22	6.30	6.17	6.24	1389839	18559282.00
2013/12/20	6.21	6.31	5.96	6.01	1396637	18387094.00
2013/12/23	6.01	6.66	5.96	6.66	3386291	46998440.00
2013/12/24	6.75	6.80	6.36	6.50	4428685	62192976.00
2013/12/25	6.45	6.85	6.42	6.77	4334773	61458264.00
2013/12/26	6.80	7.13	6.61	6.61	5072095	74639104.00
2013/12/27	6.55	6.74	6.50	6.70	4370054	61641816.00
2013/12/30	6.70	6.78	6.46	6.53	3669468	51512008.00
2013/12/31	6.48	6.52	6.26	6.42	2919435	39901236.00
2014/01/02	6.40	7.08	6.39	6.84	6842707	99553008.00
2014/01/03	6.79	7.16	6.71	7.11	6368159	95110992.00
2014/01/06	7.05	7.10	6.82	6.88	3279368	48372636.00
2014/01/07	6.73	7.09	6.73	7.06	2808778	41620752.00
2014/01/08	7.14	7.51	7.01	7.06	5356637	82205368.00
2014/01/09	7.01	7.04	6.60	6.61	4396919	64072988.00
2014/01/10	6.56	6.78	6.44	6.50	2571117	36277132.00
2014/01/13	6.56	6.76	6.54	6.66	1515601	21514456.00
2014/01/14	6.64	7.00	6.62	6.96	2214391	32401706.00
2014/01/15	6.88	7.10	6.85	7.05	2459701	36425168.00
2014/01/16	7.01	7.39	7.01	7.11	3724653	57149724.00
2014/01/17	7.19	7.26	6.92	6.99	2703183	40767592.00
2014/01/20	6.93	7.04	6.89	7.01	2473649	36575144.00
2014/01/21	6.97	7.10	6.95	6.99	2172679	32372378.00
2014/01/22	7.05	7.09	6.86	7.01	2916554	43322100.00
2014/01/23	6.95	7.14	6.95	7.08	3545336	53053360.00
2014/01/24	7.06	7.25	7.03	7.16	3418581	52027156.00
2014/01/27	7.11	7.13	6.73	6.93	4513928	65946964.00
2014/01/28	6.86	6.95	6.50	6.65	4920185	69689456.00
2014/01/29	6.65	6.79	6.64	6.76	1675234	23992858.00
2014/01/30	6.76	6.93	6.54	6.58	3152971	45043780.00
2014/02/07	6.44	6.82	6.41	6.81	2652018	37748404.00
2014/02/10	6.85	7.12	6.74	7.06	4112244	60895920.00
2014/02/11	7.05	7.20	6.99	7.10	4141043	62251712.00
2014/02/12	7.16	7.32	7.01	7.28	3586796	54682568.00
2014/02/13	7.29	7.45	6.97	7.00	4247528	65464616.00
2014/02/14	7.06	7.56	6.92	7.56	5453314	84218168.00
2014/02/17	7.60	7.95	7.52	7.64	8924876	144752704.00
2014/02/18	7.65	7.88	7.49	7.79	4552658	74187104.00
2014/02/19	7.72	7.83	7.61	7.71	2601433	42312088.00
2014/02/20	7.70	7.71	7.28	7.37	5282981	83261384.00
2014/02/21	7.36	7.57	7.31	7.46	2198414	34699192.00
2014/02/24	7.48	8.05	7.38	8.04	5802060	95810320.00
2014/02/25	7.99	8.15	7.21	7.31	6550603	106797280.00
2014/02/26	7.26	7.66	6.97	7.58	4927485	77205352.00
2014/02/27	7.55	8.00	7.42	7.62	4445010	72749720.00
2014/02/28	7.54	7.65	7.03	7.34	4257319	65863004.00
2014/03/03	7.29	7.75	7.21	7.70	2551538	40374312.00
2014/03/04	7.64	7.81	7.57	7.71	1896288	30709712.00
2014/03/05	7.74	7.85	7.42	7.45	1834707	29511856.00
2014/03/06	7.37	8.17	7.37	8.00	5099494	84054896.00
2014/03/07	7.96	8.11	7.75	8.07	4530037	75753176.00
2014/03/10	7.96	7.96	7.39	7.57	4508691	73200848.00
2014/03/11	7.55	7.67	7.41	7.47	1806687	28772680.00
2014/03/12	7.51	7.74	7.32	7.70	2712895	43527128.00
2014/03/13	7.59	7.70	7.46	7.65	2083457	33383712.00
2014/03/14	7.57	7.68	7.36	7.44	2168427	34467288.00
2014/03/17	7.42	8.16	7.41	8.02	4167928	68717712.00
2014/03/18	7.95	8.04	7.77	7.79	4020709	66950972.00
2014/03/19	7.74	7.76	7.50	7.61	5396728	86717968.00
2014/03/20	7.55	7.59	7.31	7.31	4088812	64650428.00
2014/03/21	7.21	7.50	7.19	7.44	2966304	46050408.00
2014/03/24	7.45	7.45	7.21	7.30	1983432	30714288.00
2014/03/25	7.34	7.39	7.27	7.33	1305928	20302212.00
2014/03/26	7.38	7.51	7.24	7.39	2362778	36837196.00
2014/03/27	7.31	7.31	6.78	6.78	5001479	74234096.00
2014/03/28	6.74	6.82	6.26	6.34	4394700	61021956.00
2014/03/31	6.31	6.42	6.12	6.20	2486231	33411426.00
2014/04/01	6.22	6.63	6.11	6.48	2536286	34645624.00
2014/04/02	6.44	6.65	6.35	6.39	2493679	34386048.00
2014/04/03	6.35	6.44	6.32	6.35	1429778	19482806.00
2014/04/04	6.35	6.43	6.29	6.42	840838	11478374.00
2014/04/08	6.41	6.59	6.32	6.51	1453713	19960250.00
2014/04/09	6.63	6.74	6.51	6.64	1787211	25231804.00
2014/04/10	6.64	6.72	6.55	6.65	1607792	22750680.00
2014/04/11	6.60	6.75	6.59	6.67	1244305	17721476.00
2014/04/14	6.71	6.80	6.66	6.73	1062004	15222831.00
2014/04/15	6.73	6.73	6.59	6.60	888794	12621713.00
2014/04/16	6.62	6.65	6.52	6.59	937859	13174679.00
2014/04/17	6.59	6.65	6.54	6.55	751512	10581031.00
2014/04/18	6.56	6.58	6.44	6.55	1083075	15020965.00
2014/04/21	6.51	6.73	6.41	6.63	1544333	21848374.00
2014/04/22	6.61	6.67	6.49	6.55	865770	12108538.00
2014/04/23	6.61	6.61	6.47	6.49	664987	9265191.00
2014/04/24	6.55	6.55	5.91	5.91	3009579	39830460.00
2014/04/25	5.91	5.98	5.63	5.66	2142814	26699582.00
2014/04/28	5.66	5.84	5.59	5.72	1401299	17315422.00
2014/04/29	5.73	5.90	5.73	5.85	1149531	14372898.00
2014/04/30	5.86	5.89	5.80	5.88	916478	11527650.00
2014/05/05	5.87	6.00	5.86	5.95	677367	8625836.00
2014/05/06	5.95	6.19	5.89	6.13	1583314	20652842.00
2014/05/07	6.11	6.11	6.00	6.05	1010116	13092963.00
2014/05/08	5.99	6.23	5.99	6.06	1155426	15159129.00
2014/05/09	6.16	6.18	5.96	6.02	828224	10733897.00
2014/05/12	6.07	6.17	6.00	6.13	947681	12351565.00
2014/05/13	6.15	6.17	6.03	6.07	746550	9735723.00
2014/05/14	6.08	6.12	5.89	5.90	1362536	17461146.00
2014/05/15	5.93	5.97	5.74	5.75	1250355	15718478.00
2014/05/16	5.76	5.80	5.65	5.75	786341	9684941.00
2014/05/19	5.79	5.81	5.64	5.71	837548	10292219.00
2014/05/20	5.77	5.86	5.65	5.66	1407046	17385520.00
2014/05/21	5.66	5.76	5.59	5.74	1767336	21632466.00
2014/05/22	5.74	5.79	5.69	5.70	1596155	19725062.00
2014/05/23	5.69	5.79	5.69	5.78	1105799	13686721.00
2014/05/26	5.83	5.97	5.83	5.86	2130170	26878442.00
2014/05/27	5.87	5.87	5.78	5.79	1227334	15365717.00
2014/05/28	5.77	5.91	5.75	5.90	2026026	25454186.00
2014/05/29	5.92	5.94	5.82	5.84	1670541	21137144.00
2014/05/30	5.82	5.87	5.75	5.82	1122113	14012990.00
2014/06/03	5.82	5.92	5.82	5.85	1099511	13899045.00
2014/06/04	5.87	5.87	5.72	5.79	882879	10973486.00
2014/06/05	5.80	5.95	5.73	5.91	1560974	19628594.00
2014/06/06	5.91	5.96	5.82	5.88	1476910	18717368.00
2014/06/09	5.89	6.04	5.86	6.01	2058684	26454686.00
2014/06/10	6.09	6.24	6.04	6.20	3038167	40098884.00
2014/06/11	6.19	6.34	6.14	6.21	2935268	39223948.00
2014/06/12	6.17	6.29	6.12	6.29	1742060	23116832.00
2014/06/13	6.28	6.31	6.21	6.27	2501717	33525910.00
2014/06/16	6.27	6.36	6.25	6.31	1556701	20973906.00
2014/06/17	6.27	6.32	6.18	6.23	1303564	17400662.00
2014/06/18	6.26	6.26	6.11	6.12	1195098	15709546.00
2014/06/19	6.10	6.15	5.93	5.97	1554659	19992956.00
2014/06/20	5.97	6.04	5.90	6.04	1144748	14557752.00
2014/06/23	6.04	6.15	5.98	6.13	1711871	22147478.00
2014/06/24	6.12	6.38	6.10	6.36	2604808	34595444.00
2014/06/25	6.35	6.46	6.30	6.40	2387865	32340670.00
2014/06/26	6.38	6.54	6.36	6.53	2284352	31372760.00
2014/06/27	6.53	6.61	6.44	6.54	1452350	20100478.00
2014/06/30	6.55	6.57	6.44	6.51	1427580	19613930.00
2014/07/01	6.50	6.67	6.44	6.65	1675965	23292068.00
2014/07/02	6.73	6.82	6.54	6.57	3274532	46197700.00
2014/07/03	6.57	6.86	6.52	6.80	2336180	33386946.00
2014/07/04	6.75	6.89	6.70	6.88	1962125	28283790.00
2014/07/07	6.88	6.92	6.78	6.87	1782700	25727138.00
2014/07/08	6.89	7.00	6.78	6.96	1743543	25294564.00
2014/07/09	6.91	6.94	6.66	6.66	3103619	44540288.00
2014/07/10	6.65	7.03	6.64	6.91	3086301	44838788.00
2014/07/11	6.87	6.96	6.78	6.85	1646250	23929214.00
2014/07/14	6.84	6.90	6.79	6.85	1482576	21412736.00
2014/07/15	6.80	6.86	6.61	6.68	1762145	25016232.00
2014/07/16	6.66	6.77	6.61	6.67	1152411	16277291.00
2014/07/17	6.68	6.75	6.63	6.73	1056133	14955898.00
2014/07/18	6.73	6.94	6.73	6.80	2458554	35642020.00
2014/07/21	6.79	6.85	6.73	6.76	998907	14316635.00
2014/07/22	6.76	6.79	6.56	6.66	1832999	25834968.00
2014/07/23	6.75	6.75	6.38	6.43	2397271	33161682.00
2014/07/24	6.51	6.51	6.24	6.26	2830363	37880776.00
2014/07/25	6.31	6.34	6.18	6.31	2077561	27609168.00
2014/07/28	6.32	6.49	6.28	6.46	2027850	27451084.00
2014/07/29	6.46	6.53	6.43	6.48	1445058	19848860.00
2014/07/30	6.49	6.51	6.38	6.51	1696178	23165604.00
2014/07/31	6.55	6.59	6.48	6.56	1335238	18486980.00
2014/08/01	6.57	7.25	6.54	7.25	6399992	95552896.00
2014/08/04	8.02	8.02	7.45	7.77	24157617	394337856.00
2014/08/05	7.27	7.59	7.24	7.42	15453325	240127200.00
2014/08/06	7.30	7.39	7.17	7.21	7760780	118990312.00
2014/08/07	7.23	7.40	7.13	7.29	5981917	91838000.00
2014/08/08	7.23	7.29	7.12	7.21	4354726	66115152.00
2014/08/11	7.41	7.56	7.26	7.29	5228589	80810008.00
2014/08/12	7.56	7.81	7.51	7.54	9195618	146889968.00
2014/08/13	7.36	7.49	7.25	7.41	6425007	99632568.00
2014/08/14	7.34	7.36	7.21	7.22	3733887	57282696.00
2014/08/15	7.27	7.29	7.16	7.26	2376359	36262388.00
2014/08/18	7.36	7.50	7.34	7.42	4543194	70876608.00
2014/08/19	7.36	7.37	7.26	7.33	3238065	49877720.00
2014/08/20	7.34	7.39	7.21	7.22	3143379	48414648.00
2014/08/21	7.21	7.26	7.09	7.24	3024254	45767416.00
2014/08/22	7.24	7.33	7.19	7.32	2740551	41981656.00
2014/08/25	7.31	7.40	7.28	7.29	2370216	36613904.00
2014/08/26	7.22	7.25	6.82	6.86	4581134	67799176.00
2014/08/27	6.86	6.97	6.85	6.90	2100094	30655694.00
2014/08/28	6.90	6.96	6.87	6.90	1301688	19002830.00
2014/08/29	6.88	6.94	6.79	6.92	1596218	23205076.00
2014/09/01	6.91	7.06	6.89	7.05	1618930	23950098.00
2014/09/02	7.06	7.21	7.04	7.15	2806308	42222684.00
2014/09/03	7.17	7.22	7.11	7.20	3058574	46229556.00
2014/09/04	7.20	7.31	7.17	7.29	2534947	38742500.00
2014/09/05	7.33	7.33	7.19	7.29	2147453	32826726.00
2014/09/09	7.29	7.53	7.19	7.40	4107136	63438632.00
2014/09/10	7.36	7.46	7.24	7.40	3647848	56452240.00
2014/09/11	7.40	7.49	7.29	7.36	3934996	61251212.00
2014/09/12	7.36	7.39	7.29	7.39	2260940	35041204.00
2014/09/15	7.40	7.44	7.29	7.43	3219342	49957640.00
2014/09/16	7.42	7.46	7.07	7.11	3766830	58024192.00
2014/09/17	7.09	7.16	7.06	7.13	1815020	27249628.00
2014/09/18	7.16	7.45	7.16	7.38	4055360	62696948.00
2014/09/19	7.37	7.48	7.29	7.47	3753565	58641780.00
2014/09/22	7.50	7.72	7.43	7.53	6335865	101198800.00
2014/09/23	7.59	7.61	7.43	7.59	3606137	57116408.00
2014/09/24	7.62	7.72	7.55	7.59	4392673	70370912.00
2014/09/25	7.59	7.72	7.56	7.64	5009817	80547376.00
2014/09/26	7.63	7.80	7.56	7.73	3911107	63307692.00
2014/09/29	7.76	7.86	7.66	7.71	3098029	50291500.00
2014/09/30	7.72	7.74	7.61	7.69	2536483	40929044.00
2014/10/08	7.79	7.92	7.73	7.90	6153355	100970568.00
2014/10/09	7.92	8.10	7.77	8.01	7021105	116948256.00
2014/10/10	7.97	8.09	7.90	8.08	5132461	86229840.00
2014/10/13	8.17	8.56	8.16	8.48	9397428	165576608.00
2014/10/14	8.39	8.70	8.25	8.28	9266800	163041920.00
2014/10/15	8.30	8.70	8.14	8.44	12258737	217145632.00
2014/10/16	8.40	9.09	8.19	8.32	12635676	227731600.00
2014/10/17	8.37	8.46	7.86	7.95	8504680	143498560.00
2014/10/20	8.04	8.45	7.96	8.19	5611424	96100928.00
2014/10/21	8.16	8.16	7.76	7.80	5730539	94978656.00
2014/10/22	7.78	7.83	7.55	7.57	4337976	70173696.00
2014/10/23	7.54	7.71	7.40	7.61	3810307	60624512.00
2014/10/24	7.57	7.74	7.52	7.74	2623290	42030296.00
2014/10/27	7.62	7.74	7.55	7.70	2093574	33789696.00
2014/10/28	7.74	7.88	7.71	7.87	3432237	56389104.00
2014/10/29	7.84	7.95	7.77	7.92	4284094	70674848.00
2014/10/30	7.88	8.03	7.81	7.89	4171588	69358200.00
2014/10/31	7.89	7.91	7.61	7.78	4304254	69823672.00
2014/11/03	7.73	7.84	7.69	7.78	2313081	37785024.00
2014/11/04	7.80	7.80	7.59	7.62	3290755	53079620.00
2014/11/05	7.60	7.65	7.53	7.63	2216662	35358840.00
2014/11/06	7.63	7.70	7.57	7.69	1855729	29800510.00
2014/11/07	7.90	7.94	7.61	7.69	4075126	66730872.00
2014/11/10	7.69	7.79	7.68	7.74	2379957	38663780.00
2014/11/11	7.75	7.78	7.26	7.30	3620400	57020484.00
2014/11/12	7.26	7.34	7.13	7.30	2529928	38634456.00
2014/11/13	7.30	7.31	7.00	7.02	4053812	60745460.00
2014/11/14	7.03	7.09	6.96	7.06	1506564	22335292.00
2014/11/17	7.04	7.28	7.02	7.20	2480335	37583540.00
2014/11/18	7.16	7.24	7.15	7.19	1211214	18360882.00
2014/11/19	7.24	7.34	7.21	7.25	1970326	30147690.00
2014/11/20	7.29	7.32	7.17	7.20	1637671	24965960.00
2014/11/21	7.16	7.25	7.14	7.25	1347396	20504298.00
2014/11/24	7.28	7.33	7.23	7.27	2074094	31772868.00
2014/11/25	7.26	7.36	7.25	7.35	2310104	35538752.00
2014/11/26	7.36	7.42	7.29	7.41	2657694	41172768.00
2014/11/27	7.43	7.52	7.38	7.48	2960104	46458292.00
2014/11/28	7.46	7.49	7.32	7.43	2854373	44410952.00
2014/12/01	7.43	7.56	7.31	7.42	2937949	45797332.00
2014/12/02	7.42	7.51	7.38	7.41	2821660	44195720.00
2014/12/03	7.43	7.52	7.21	7.52	4727444	73254592.00
2014/12/04	8.19	8.19	7.54	7.63	6501925	105593608.00
2014/12/05	7.57	7.60	7.08	7.10	7760330	118768984.00
2014/12/08	7.12	7.21	6.91	6.98	5704626	84737016.00
2014/12/09	6.96	6.96	6.66	6.67	4174576	59833048.00
2014/12/10	6.68	6.90	6.68	6.84	2636195	37973000.00
2014/12/11	6.84	6.91	6.78	6.91	3106479	44973576.00
2014/12/12	6.94	7.03	6.94	7.01	2324706	34287180.00
2014/12/15	6.95	7.14	6.92	7.10	2966900	44195428.00
2014/12/16	7.06	7.14	6.98	7.09	2522627	37594372.00
2014/12/17	7.08	7.08	6.82	6.87	2793110	40766060.00
2014/12/18	6.87	6.90	6.83	6.84	1740384	25236404.00
2014/12/19	6.79	6.84	6.63	6.68	2043824	29009352.00
2014/12/22	6.65	6.73	6.18	6.23	3196125	43129304.00
2014/12/23	6.21	6.46	6.20	6.31	1977191	26739424.00
2014/12/24	6.39	6.45	6.36	6.43	1313758	17862686.00
2014/12/25	6.42	6.46	6.37	6.46	1282524	17495274.00
2014/12/26	6.44	6.49	6.41	6.46	1013303	13859111.00
2014/12/29	6.42	6.42	6.11	6.24	2419215	31983994.00
2014/12/30	6.25	6.35	6.06	6.10	2207513	28960194.00
2014/12/31	6.06	6.21	6.01	6.20	1835368	23922976.00
2015/01/05	6.19	6.24	6.12	6.21	1631148	21400252.00
2015/01/06	6.19	6.47	6.12	6.44	2703990	36430008.00
2015/01/07	6.44	6.46	6.32	6.36	1647643	22244610.00
2015/01/08	6.33	6.45	6.33	6.37	1713482	23269464.00
2015/01/09	6.37	6.41	6.26	6.26	1375508	18560550.00
2015/01/12	6.22	6.22	6.04	6.11	1697414	22066778.00
2015/01/13	6.11	6.27	6.07	6.25	2033673	26725202.00
2015/01/14	6.25	6.45	6.23	6.35	2839601	38356144.00
2015/01/15	6.35	6.35	6.10	6.15	3881766	51041568.00
2015/01/16	6.15	6.22	6.11	6.21	2817279	36974860.00
2015/01/19	6.11	6.35	6.01	6.09	4837890	63748092.00
2015/01/20	6.13	6.32	6.12	6.29	6269179	82839224.00
2015/01/21	6.34	6.49	6.29	6.46	6836590	92960088.00
2015/01/22	6.45	6.59	6.38	6.58	6384134	87654936.00
2015/01/23	6.57	6.57	6.45	6.49	5483787	75458200.00
2015/01/26	6.52	6.81	6.52	6.78	7831534	111016744.00
2015/01/27	6.75	6.75	6.59	6.71	5634804	79530064.00
2015/01/28	6.68	6.72	6.60	6.65	3245291	45728196.00
2015/01/29	6.60	6.81	6.52	6.69	4746598	67581744.00
2015/01/30	6.70	6.73	6.53	6.53	2284670	31965762.00
2015/02/02	6.48	6.66	6.42	6.58	1798931	25053720.00
2015/02/03	6.64	6.77	6.61	6.75	3294131	46864000.00
2015/02/04	6.75	6.76	6.57	6.61	3333311	46938228.00
2015/02/05	6.65	6.74	6.58	6.58	3772618	53142440.00
2015/02/06	6.55	6.60	6.34	6.36	2393423	32857944.00
2015/02/09	6.39	6.41	6.24	6.24	1462211	19623254.00
2015/02/10	6.26	6.34	6.19	6.34	1381703	18392928.00
2015/02/11	6.36	6.46	6.34	6.38	1560395	21176632.00
2015/02/12	6.38	6.49	6.35	6.46	1532372	20930282.00
2015/02/13	6.46	6.65	6.46	6.60	2733607	38149056.00
2015/02/16	6.60	6.73	6.57	6.71	2965047	41823452.00
2015/02/17	6.73	6.75	6.62	6.70	2503524	35384276.00
2015/02/25	6.69	6.73	6.61	6.65	2317934	32719670.00
2015/02/26	6.63	6.78	6.63	6.70	4118395	58459900.00
2015/02/27	6.73	6.84	6.73	6.78	3700283	53143068.00
2015/03/02	6.83	6.90	6.75	6.89	4904935	70707792.00
2015/03/03	6.84	6.89	6.73	6.76	4488222	64721944.00
2015/03/04	6.75	6.99	6.72	6.96	6543103	95318576.00
2015/03/05	6.96	7.10	6.93	7.00	5961396	88182864.00
2015/03/06	7.00	7.11	6.82	6.88	4609104	67636544.00
2015/03/09	6.88	6.96	6.74	6.96	4668618	67554280.00
2015/03/10	6.96	7.17	6.88	7.08	6444700	95932992.00
2015/03/11	7.05	7.11	6.96	6.99	5048020	74819616.00
2015/03/12	7.01	7.08	6.86	6.93	4320540	63544312.00
2015/03/13	6.95	7.08	6.94	7.04	4292246	63538004.00
2015/03/16	7.07	7.34	7.05	7.30	7382824	113006592.00
2015/03/17	7.30	7.62	7.27	7.42	10012409	157318864.00
2015/03/18	7.42	7.78	7.33	7.71	10615240	169547632.00
2015/03/19	7.69	8.04	7.59	7.98	11483920	186813952.00
2015/03/20	8.04	8.04	7.84	7.94	8942529	148668912.00
2015/03/23	7.95	8.08	7.85	7.96	8290527	137691856.00
2015/03/24	7.95	7.95	7.55	7.89	8930395	146224528.00
2015/03/25	7.84	8.19	7.73	8.04	8742911	145746848.00
2015/03/26	7.98	8.14	7.76	7.87	6944854	115608336.00
2015/03/27	7.91	8.11	7.86	8.11	8234831	138625120.00
2015/03/30	8.26	8.31	7.96	8.07	8338350	141897056.00
2015/03/31	8.07	8.28	7.97	8.20	8123616	138808640.00
2015/04/01	8.26	8.56	8.17	8.52	8392323	147394304.00
2015/04/02	8.55	8.64	8.37	8.64	7508967	133774752.00
2015/04/03	8.70	8.94	8.59	8.71	8572412	156413888.00
2015/04/07	8.77	8.90	8.62	8.90	7961729	145958848.00
2015/04/08	8.92	9.05	8.42	8.72	8591106	156121776.00
2015/04/09	8.72	8.84	8.21	8.62	7286091	129723912.00
2015/04/10	8.59	9.24	8.50	9.14	11190466	209054960.00
2015/04/13	9.13	9.58	9.09	9.25	10384850	201154752.00
2015/04/14	9.12	9.36	8.96	9.15	6246555	118838368.00
2015/04/15	9.16	9.34	8.55	8.59	7148354	131604672.00
2015/04/16	8.46	9.11	8.29	8.82	9316856	168210560.00
2015/04/17	8.80	8.85	8.56	8.56	7730533	139776496.00
2015/04/20	8.56	8.60	8.12	8.29	6574532	115374952.00
2015/04/21	8.28	8.60	8.19	8.54	6197832	109389256.00
2015/04/22	8.57	8.81	8.57	8.74	6395056	116373424.00
2015/04/23	8.83	8.99	8.63	8.90	9011722	165609280.00
2015/04/24	8.74	9.20	8.66	9.06	9643575	179084624.00
2015/11/04	9.31	9.56	8.35	8.99	34102144	628671808.00
2015/11/05	8.67	9.31	8.56	8.66	23709000	437379264.00
2015/11/06	8.51	8.80	8.49	8.64	17311454	311168256.00
2015/11/09	8.61	9.54	8.57	9.54	16852730	315846240.00
2015/11/10	9.77	10.01	9.42	9.58	20409433	409777600.00
2015/11/11	9.53	9.76	9.41	9.57	15191175	300155520.00
2015/11/12	9.59	10.11	9.51	9.62	16477712	333278944.00
2015/11/13	9.54	9.55	8.90	8.94	14624333	278663488.00
2015/11/16	8.73	9.18	8.66	9.11	8707008	161849360.00
2015/11/17	9.16	9.28	9.00	9.12	8835066	167454560.00
2015/11/18	9.09	9.30	9.00	9.18	5776652	109591784.00
2015/11/19	9.17	9.61	9.15	9.55	8748577	170914624.00
2015/11/20	9.57	9.76	9.31	9.56	7872064	155400224.00
2015/11/23	9.57	10.31	9.57	10.06	13548094	279656512.00
2015/11/24	10.06	10.08	9.66	9.91	8139478	165314016.00
2015/11/25	9.92	10.04	9.77	9.95	7469617	153490112.00
2015/11/26	9.97	10.03	9.60	9.78	8906642	180025808.00
2015/11/27	9.71	9.96	8.78	8.90	9499057	186164912.00
2015/11/30	8.96	9.05	8.44	8.82	8747670	159873776.00
2015/12/01	8.81	9.15	8.79	8.96	6054496	112034536.00
2015/12/02	8.93	9.16	8.46	8.86	5364046	98544904.00
2015/12/03	8.86	9.14	8.86	9.14	4620140	86102176.00
2015/12/04	9.07	9.41	8.97	9.09	4889917	92773936.00
2015/12/07	9.19	9.30	9.08	9.26	3912924	74597400.00
2015/12/08	9.17	9.26	8.83	8.84	4128659	76969960.00
2015/12/09	8.79	8.89	8.74	8.83	3498469	64066200.00
2015/12/10	8.79	8.93	8.79	8.85	2453585	45079968.00
2015/12/11	8.81	8.84	8.69	8.76	1897515	34508480.00
2015/12/14	8.66	8.93	8.54	8.93	3302435	59719184.00
2015/12/15	8.93	9.17	8.92	9.01	3571095	66982004.00
2015/12/16	9.03	9.26	9.03	9.13	3676209	69824688.00
2015/12/17	9.11	9.49	9.11	9.41	5692609	110416112.00
2015/12/18	9.38	9.47	9.26	9.43	4778876	92974392.00
2015/12/21	9.47	9.65	9.40	9.51	5026131	99298648.00
2015/12/22	9.51	9.56	9.40	9.51	3284484	64452244.00
2015/12/23	9.53	9.64	9.25	9.29	5422545	106096648.00
2015/12/24	9.29	9.36	8.91	9.23	4396108	83207064.00
2015/12/25	9.24	9.49	9.22	9.40	3158211	61313944.00
2015/12/28	9.42	9.78	9.16	9.24	7335458	145025888.00
2015/12/29	9.19	9.29	9.11	9.29	3368870	64302280.00
2015/12/30	9.31	9.91	9.26	9.66	8285064	164555456.00
2015/12/31	9.87	10.02	9.62	9.79	8072752	164079840.00
2016/01/04	9.81	9.88	8.78	8.78	7372707	139507616.00
2016/01/05	8.21	8.65	7.93	8.21	7951000	137312736.00
2016/01/06	8.22	8.51	8.17	8.37	4706626	81549264.00
2016/01/07	8.14	8.20	7.50	7.50	1624900	26363156.00
2016/01/08	7.76	7.81	7.02	7.54	5758609	90787648.00
2016/01/11	7.40	7.44	6.87	6.89	6480247	97927424.00
2016/01/12	6.91	7.27	6.87	7.19	5667919	83865080.00
2016/01/13	7.19	7.34	6.86	6.93	3274652	49065884.00
2016/01/14	6.70	7.36	6.66	7.28	4396831	64797476.00
2016/01/15	7.18	7.29	6.91	7.00	3300490	49282628.00
2016/01/18	6.96	7.29	6.89	7.08	4223436	62768128.00
2016/01/19	7.04	7.34	6.91	7.31	4951731	74245032.00
2016/01/20	7.23	7.36	7.07	7.15	4340700	65409228.00
2016/01/21	7.06	7.25	6.86	6.86	4775297	70923992.00
2016/01/22	6.99	7.05	6.76	7.01	4003088	58037124.00
2016/01/25	7.10	7.22	7.01	7.17	3332317	49716624.00
2016/01/26	7.06	7.13	6.51	6.66	4866053	69804432.00
2016/01/27	6.78	6.82	6.27	6.75	5233429	73002808.00
2016/01/28	6.66	6.75	6.42	6.46	2270100	31509980.00
2016/01/29	6.49	6.87	6.42	6.87	3397129	47864420.00
2016/02/01	6.81	6.87	6.57	6.67	2200022	31086574.00
2016/02/02	6.74	7.09	6.69	6.99	3266087	47629692.00
2016/02/03	6.94	7.41	6.94	7.23	6089548	91862576.00
2016/02/04	7.21	7.35	7.17	7.30	3654247	55489068.00
2016/02/05	7.61	7.94	7.23	7.36	4663136	73611840.00
2016/02/15	7.16	7.56	7.10	7.51	2941684	45554752.00
2016/02/16	7.47	7.70	7.47	7.69	4017408	63802800.00
2016/02/17	7.66	7.67	7.45	7.62	3467888	54961292.00
2016/02/18	7.65	7.69	7.53	7.61	2819372	44849560.00
2016/02/29	7.38	7.39	6.82	6.82	3404100	49140372.00
2016/03/01	6.71	6.76	6.34	6.65	3885003	53671500.00
2016/03/02	6.68	6.99	6.59	6.98	3024197	43218568.00
2016/03/03	6.95	7.13	6.91	6.94	2197703	32244428.00
2016/03/04	6.89	6.99	6.52	6.61	2249350	31833132.00
2016/03/07	6.66	6.89	6.66	6.81	1737524	24836948.00
2016/03/08	6.74	6.96	6.55	6.90	2257568	31939948.00
2016/03/09	6.78	6.97	6.69	6.87	2448441	35217724.00
2016/03/10	6.87	7.01	6.70	6.70	1697245	24418908.00
2016/03/11	6.70	6.80	6.60	6.78	1255612	17685440.00
2016/03/14	6.89	7.15	6.89	7.02	2769779	40891736.00
2016/03/15	7.05	7.09	6.97	7.02	1315783	19386740.00
2016/03/16	7.13	7.26	6.84	6.89	1995812	29243650.00
2016/03/17	6.89	7.20	6.87	7.15	3417020	50684816.00
2016/03/18	7.21	7.48	7.11	7.41	3533021	54344588.00
2016/03/21	7.48	7.61	7.45	7.57	3297754	51814532.00
2016/03/22	7.51	7.67	7.46	7.56	2094806	33159184.00
2016/03/23	7.58	7.72	7.51	7.63	1965267	31291438.00
2016/03/24	7.64	7.64	7.43	7.43	2501830	39429428.00
2016/03/25	7.42	7.54	7.37	7.51	2195007	34220800.00
2016/03/28	7.56	7.78	7.44	7.52	3245024	51795848.00
2016/03/29	7.49	7.66	7.43	7.56	2265305	35753780.00
2016/03/30	7.64	7.79	7.56	7.76	2685077	43016568.00
2016/03/31	7.78	7.80	7.66	7.67	2204846	35606564.00
2016/04/01	7.67	7.81	7.59	7.81	3236493	52113792.00
2016/04/05	7.80	8.05	7.73	8.00	3576833	59216584.00
2016/04/06	7.95	8.14	7.87	7.99	3243660	54201152.00
2016/04/07	8.02	8.14	7.82	7.96	3302822	54779296.00
2016/04/08	7.85	7.95	7.71	7.88	2740533	44673244.00
2016/04/11	7.90	8.06	7.77	8.03	4902495	81719680.00
2016/04/12	8.11	8.11	7.90	7.98	3097149	51610200.00
2016/04/13	7.99	8.12	7.98	7.99	3448443	57972340.00
2016/04/14	8.07	8.16	8.01	8.12	3023650	51045688.00
2016/04/15	8.07	8.40	8.07	8.30	4248529	72674824.00
2016/04/18	8.25	8.30	8.12	8.16	2636475	44948600.00
2016/04/19	8.16	8.28	7.99	8.14	2938472	49902972.00
2016/04/20	8.08	8.15	7.52	7.65	4118013	67465112.00
2016/04/21	7.62	7.76	7.52	7.58	1751995	28067756.00
2016/04/22	7.58	7.71	7.56	7.66	1701605	27123710.00
2016/04/25	7.81	7.81	7.51	7.68	1835760	29278314.00
2016/04/26	7.62	7.71	7.57	7.69	1626843	25989088.00
2016/04/27	7.71	7.74	7.63	7.68	2067620	33119160.00
2016/04/28	7.70	7.70	7.53	7.70	1523677	24288862.00
2016/04/29	7.68	7.81	7.64	7.75	1381702	22311596.00
2016/05/03	7.74	7.95	7.69	7.91	2259314	37117744.00
2016/05/04	7.86	7.97	7.82	7.91	2310454	38081884.00
2016/05/05	7.91	8.02	7.83	7.98	1920523	31857788.00
2016/05/06	8.00	8.05	7.57	7.65	3240922	52889840.00
2016/05/09	7.55	7.64	7.31	7.46	2179463	34048792.00
2016/05/10	7.46	7.53	7.35	7.38	1014814	15740114.00
2016/05/11	7.46	7.54	7.31	7.39	1734386	27024832.00
2016/05/12	7.34	7.44	7.19	7.37	1959436	30067380.00
2016/05/13	7.37	7.45	7.32	7.37	1119912	17271290.00
2016/05/16	7.35	7.47	7.30	7.42	1619681	25051344.00
2016/05/17	7.42	7.49	7.33	7.42	1518927	23549670.00
2016/05/18	7.42	7.59	7.24	7.50	3273550	50768692.00
2016/05/19	7.45	7.63	7.42	7.55	2391886	37721496.00
2016/05/20	7.59	7.77	7.47	7.76	3367834	54120512.00
2016/05/23	7.81	7.84	7.67	7.74	3914776	63316028.00
2016/05/24	7.66	7.75	7.56	7.73	2156613	34426168.00
2016/05/25	7.85	7.88	7.67	7.73	2821773	45801352.00
2016/05/26	7.69	7.74	7.52	7.73	1727247	27563650.00
2016/05/27	7.74	7.95	7.67	7.84	3220817	52428216.00
2016/05/30	7.89	7.99	7.78	7.85	2423001	39629832.00
2016/05/31	7.90	8.11	7.86	8.08	5081253	84834184.00
2016/06/01	8.08	8.21	7.98	8.00	4028685	67805776.00
2016/06/02	8.01	8.15	7.99	8.05	2952999	49571008.00
2016/06/03	8.04	8.13	7.99	8.11	4654014	78210448.00
2016/06/06	8.10	8.16	7.99	8.06	3297624	53553876.00
2016/06/07	8.08	8.10	7.96	8.06	2698967	43637452.00
2016/06/08	8.07	8.10	7.99	8.02	2428781	39188012.00
2016/06/13	7.95	7.95	7.49	7.49	2411824	37761688.00
2016/06/14	7.53	7.58	7.43	7.49	2318393	35032356.00
2016/06/15	7.49	7.98	7.49	7.97	6069254	95634464.00
2016/06/16	7.86	7.87	7.77	7.77	3218710	50480160.00
2016/06/17	7.81	7.90	7.77	7.79	2319204	36545096.00
2016/06/20	7.80	7.81	7.63	7.78	1708802	26573830.00
2016/06/21	7.81	7.87	7.51	7.62	1972000	30743088.00
2016/06/22	7.61	7.83	7.58	7.80	1854931	28872126.00
2016/06/23	7.87	7.94	7.73	7.83	2105097	33203420.00
2016/06/24	7.80	7.87	7.46	7.66	2467191	38225532.00
2016/06/27	7.60	7.86	7.60	7.84	1981700	31115470.00
2016/06/28	7.82	8.05	7.81	8.01	3305871	52852744.00
2016/06/29	8.04	8.13	7.97	8.02	2797225	45210016.00
2016/06/30	8.02	8.06	7.88	8.03	2798867	44842536.00
2016/07/01	8.05	8.38	8.00	8.17	5813925	96418952.00
2016/07/04	8.11	8.53	8.11	8.31	5458075	91691152.00
2016/07/05	8.28	8.43	8.27	8.36	3499885	58590280.00
2016/07/06	8.32	8.45	8.27	8.40	2658681	44754512.00
2016/07/07	8.38	8.68	8.38	8.51	7257756	125045432.00
2016/07/08	8.54	8.55	8.40	8.43	2973416	50514716.00
2016/07/11	8.43	8.49	8.38	8.38	2944939	49905616.00
2016/07/12	8.40	8.58	8.32	8.57	3518783	59949068.00
2016/07/13	8.65	8.85	8.53	8.81	5596634	98082200.00
2016/07/14	8.74	8.89	8.67	8.86	4790405	84494432.00
2016/07/15	8.97	9.23	8.89	9.02	7779260	141923504.00
2016/07/18	9.19	9.19	8.70	8.82	4828273	86104304.00
2016/07/19	8.82	9.06	8.66	9.05	4187290	74173024.00
2016/07/20	8.97	9.18	8.88	9.05	5108561	92485400.00
2016/07/21	9.18	9.30	8.76	8.90	6690145	120652136.00
2016/07/22	8.83	8.96	8.69	8.90	3979501	70584384.00
2016/07/25	8.83	8.98	8.78	8.96	2451900	43837416.00
2016/07/26	8.94	9.20	8.89	9.14	6651778	121322496.00
2016/07/27	9.29	9.29	8.62	8.75	6920065	123327112.00
2016/07/28	8.74	8.85	8.66	8.80	4005924	70727168.00
2016/07/29	8.75	8.90	8.54	8.83	5951028	104842296.00
2016/08/01	8.76	8.82	8.30	8.64	4032017	69678784.00
2016/08/02	8.55	8.73	8.52	8.72	2809359	48916256.00
2016/08/03	8.81	8.90	8.64	8.84	3023833	53304864.00
2016/08/04	8.84	8.95	8.78	8.93	3179967	56664092.00
2016/08/05	8.95	8.95	8.70	8.83	2649850	46967492.00
2016/08/08	8.81	9.05	8.72	9.00	3380489	60501804.00
2016/08/09	9.08	9.16	8.94	9.14	6451750	117629384.00
2016/08/10	9.10	9.14	9.02	9.02	1639436	29846468.00
2016/08/11	9.02	9.18	8.92	9.11	3297008	60211416.00
2016/08/12	9.07	9.16	8.87	8.97	2847951	51405836.00
2016/08/15	8.96	9.24	8.96	9.20	5957839	109255712.00
2016/08/16	9.29	9.40	9.13	9.34	5137042	95827512.00
2016/08/17	9.40	9.55	9.09	9.19	6200350	115186104.00
2016/08/18	9.16	9.25	8.98	9.05	3995600	72898464.00
2016/08/19	9.05	9.19	9.00	9.04	3197453	58481224.00
2016/08/22	9.06	9.11	8.98	9.05	1506838	27375958.00
2016/08/23	9.01	9.11	8.83	8.90	2291368	41434872.00
2016/08/24	8.90	9.08	8.86	9.04	1828507	33135604.00
2016/08/25	9.04	9.04	8.84	9.00	1606875	28893842.00
2016/08/26	8.96	9.15	8.92	9.12	3207063	58516024.00
2016/08/29	9.09	9.40	9.02	9.36	5851652	108677520.00
2016/08/30	9.41	9.43	9.18	9.34	6246744	116947200.00
2016/08/31	9.29	9.35	9.10	9.19	3234144	59708860.00
2016/09/01	9.18	9.24	9.10	9.10	1768190	32535564.00
2016/09/02	9.15	9.15	9.02	9.06	1679488	30600896.00
2016/09/05	9.14	9.18	9.06	9.18	1340193	24626226.00
2016/09/06	9.18	9.26	9.06	9.23	2176598	40186136.00
2016/09/07	9.22	9.26	9.11	9.15	1495500	27652232.00
2016/09/08	9.11	9.19	9.07	9.15	1349400	24749284.00
2016/09/09	9.15	9.21	9.09	9.15	2170500	39969244.00
2016/09/12	8.96	9.30	8.92	9.23	4741526	87311720.00
2016/09/13	9.24	9.49	9.18	9.41	4426036	83477136.00
2016/09/14	9.35	9.50	9.30	9.38	2811266	53157084.00
2016/09/19	9.41	9.52	9.36	9.47	2924400	55486820.00
2016/09/20	9.48	9.50	9.24	9.31	2206628	41444540.00
2016/09/21	9.31	9.34	9.22	9.27	1160100	21677940.00
2016/09/22	9.31	9.41	9.28	9.38	1378723	25918904.00
2016/09/23	9.39	9.68	9.39	9.55	4918315	94494976.00
2016/09/26	9.47	9.56	9.26	9.27	2792702	52973772.00
2016/09/27	9.22	9.30	8.82	9.07	4873421	88353136.00
2016/09/28	9.06	9.10	8.90	9.00	2131062	38509408.00
2016/09/29	9.01	9.07	8.90	9.04	1991013	36027780.00
2016/09/30	9.13	9.13	8.93	9.01	1418028	25711436.00
2016/10/10	9.06	9.40	8.97	9.31	3848668	71520888.00
2016/10/11	9.29	9.35	9.23	9.32	2806245	52398504.00
2016/10/12	9.27	9.36	9.23	9.36	3074322	57489028.00
2016/10/13	9.36	9.38	9.29	9.34	2059280	38626108.00
2016/10/14	9.32	9.44	9.30	9.38	3297191	62136936.00
2016/10/17	9.33	9.50	9.25	9.37	3592087	67760656.00
2016/10/18	9.36	9.45	9.29	9.42	2831773	53360048.00
2016/10/19	9.42	9.49	9.34	9.47	3626453	68679776.00
2016/10/20	9.47	9.61	9.42	9.56	3874367	74151488.00
2016/10/21	9.51	9.73	9.37	9.58	6102150	117520728.00
2016/10/24	9.72	9.72	9.40	9.46	4658501	89126456.00
2016/10/25	9.53	9.53	9.22	9.32	3620903	68004672.00
2016/10/26	9.35	9.38	9.22	9.36	1796952	33679656.00
2016/10/27	9.36	9.48	9.25	9.46	3335259	62761292.00
2016/10/28	9.46	9.56	9.31	9.48	4244107	80515256.00
2016/10/31	9.46	9.52	9.38	9.48	1776800	33774064.00
2016/11/01	9.48	9.79	9.48	9.78	6553659	127522048.00
2016/11/02	9.71	9.80	9.66	9.70	2878209	56159212.00
2016/11/03	9.68	10.06	9.68	9.96	6216623	124020152.00
2016/11/04	10.01	10.14	9.95	10.11	6424827	129784976.00
2016/11/07	10.31	10.31	9.96	9.98	4071201	82737016.00
2016/11/08	10.08	10.43	9.98	10.42	6004762	123523616.00
2016/11/09	10.43	10.58	10.16	10.38	6387553	133248456.00
2016/11/10	10.50	10.51	10.30	10.45	4505062	93933864.00
2016/11/11	10.44	10.79	10.40	10.76	4990945	106855840.00
2016/11/14	10.79	11.02	10.62	10.76	4855481	105201224.00
2016/11/15	10.82	10.94	10.56	10.88	4552372	98579968.00
2016/11/16	10.86	11.09	10.66	11.00	6092143	133102152.00
2016/11/17	10.93	11.16	10.82	10.82	5732131	126293856.00
2016/11/18	10.96	11.22	10.72	11.11	7607866	168019760.00
2016/11/21	10.98	11.27	10.91	11.25	5572700	124376984.00
2016/11/22	11.25	11.36	11.09	11.21	4142011	93314760.00
2016/11/23	11.20	11.25	10.93	11.19	5379882	119566672.00
2016/11/24	11.11	11.30	10.86	11.05	5129894	114033032.00
2016/11/25	10.97	11.10	10.81	10.93	2874232	63118084.00
2016/11/28	10.96	11.08	10.73	10.73	2598508	56731712.00
2016/11/29	10.73	11.06	10.73	10.96	3875148	84881544.00
2016/11/30	10.96	11.04	10.82	10.94	2815758	61824476.00
2016/12/01	10.93	11.00	10.67	10.98	3899797	84880928.00
2016/12/02	10.95	10.98	10.51	10.71	3108523	67178136.00
2016/12/05	10.63	10.75	10.31	10.32	2624335	55335208.00
2016/12/06	10.34	10.43	10.16	10.32	2498536	51755064.00
2016/12/07	10.36	10.47	10.28	10.43	1887017	39443448.00
2016/12/08	10.39	10.47	10.19	10.19	2175760	45041764.00
2016/12/09	10.20	10.31	10.11	10.29	2269973	46554856.00
2016/12/12	10.29	10.35	9.61	9.73	4709400	94111384.00
2016/12/13	9.71	9.91	9.52	9.79	4719100	92133392.00
2016/12/14	9.90	9.99	9.58	9.90	3971947	78310032.00
2016/12/15	9.81	10.12	9.77	9.90	3949400	78481064.00
2016/12/16	9.86	10.05	9.80	9.96	3243802	64596776.00
2016/12/19	9.96	10.02	9.56	9.66	4269210	83599968.00
2016/12/20	9.68	9.77	9.62	9.73	1227300	23904958.00
2016/12/21	9.75	9.87	9.73	9.86	1369272	26982588.00
2016/12/22	9.87	9.92	9.77	9.86	1194874	23653804.00
2016/12/23	9.87	9.92	9.63	9.68	1911717	37600904.00
2016/12/26	9.68	9.86	9.62	9.83	1485028	29042902.00
2016/12/27	9.83	9.92	9.79	9.87	1534375	30409642.00
2016/12/28	9.87	9.92	9.79	9.83	1371825	27130490.00
2016/12/29	9.82	9.89	9.77	9.83	1060500	20979796.00
2016/12/30	9.87	9.89	9.63	9.75	2143000	41949044.00
2017/01/03	9.74	10.09	9.74	10.09	3312810	66286404.00
2017/01/04	10.08	10.62	10.02	10.62	4800571	100096528.00
2017/01/05	10.60	10.60	10.36	10.50	3395049	71441464.00
2017/01/06	10.36	10.66	10.36	10.65	3389852	71827960.00
2017/01/09	10.57	10.70	10.49	10.64	1980610	42102736.00
2017/01/10	10.61	10.68	10.47	10.59	1502675	31873874.00
2017/01/11	10.53	10.68	10.36	10.36	2101512	44263408.00
2017/01/12	10.36	10.58	10.36	10.44	2201738	46376832.00
2017/01/13	10.40	10.60	10.28	10.45	2396428	50336640.00
2017/01/16	10.35	10.41	9.79	10.12	3364658	68754464.00
2017/01/17	10.06	10.25	9.97	10.13	1787937	36265896.00
2017/01/18	10.12	10.29	10.06	10.24	1697146	34615000.00
2017/01/19	10.34	10.79	10.24	10.37	2782522	58449608.00
2017/01/20	10.29	10.48	10.17	10.45	1849804	38550888.00
2017/01/23	10.48	10.50	10.35	10.45	1521451	31881054.00
2017/01/24	10.45	10.49	10.27	10.33	1387310	28881042.00
2017/01/25	10.30	10.42	10.26	10.41	978524	20364426.00
2017/01/26	10.36	10.47	10.26	10.44	2034146	42341880.00
2017/02/03	10.44	10.44	10.24	10.24	1606329	33362770.00
2017/02/06	10.26	10.29	10.07	10.17	1791500	36596228.00
2017/02/07	10.25	10.26	10.04	10.13	1549900	31477860.00
2017/02/08	10.08	10.10	9.92	10.02	1691382	34006172.00
2017/02/09	10.04	10.16	10.01	10.12	2095561	42380004.00
2017/02/10	10.11	10.12	10.00	10.03	1624242	32731982.00
2017/02/13	10.01	10.19	9.96	10.18	1939592	39433676.00
2017/02/14	10.14	10.21	10.08	10.15	1199410	24431944.00
2017/02/15	10.11	10.17	9.98	9.99	1234884	25037994.00
2017/02/16	9.98	10.03	9.88	9.92	1399120	27962388.00
2017/02/17	9.94	10.01	9.81	9.98	1312827	26150242.00
2017/02/20	9.98	10.15	9.93	10.10	1579353	31811442.00
2017/02/21	10.09	10.19	10.04	10.17	1372146	27944830.00
2017/02/22	10.17	10.19	10.09	10.17	868199	17674702.00
2017/02/23	10.17	10.30	10.06	10.25	2460230	50371864.00
2017/02/24	10.25	10.35	10.17	10.27	1427927	29400748.00
2017/02/27	10.40	10.40	10.22	10.31	2391030	49632364.00
2017/02/28	10.27	10.37	10.25	10.30	1257300	26050972.00
2017/03/01	10.29	10.36	10.26	10.30	2102300	43577936.00
2017/03/02	10.31	10.35	9.97	10.01	1945441	39712336.00
2017/03/03	10.01	10.25	9.99	10.21	1578841	32159082.00
2017/03/06	10.20	10.23	10.04	10.11	2479400	50431008.00
2017/03/07	10.11	10.41	10.11	10.40	3315304	68680912.00
2017/03/08	10.41	10.45	10.27	10.36	2281035	47415872.00
2017/03/09	10.34	10.35	10.17	10.21	1296171	26647516.00
2017/03/10	10.21	10.28	10.18	10.21	758257	15576702.00
2017/03/13	10.21	10.29	10.09	10.27	1176273	24130362.00
2017/03/14	10.27	10.29	10.14	10.18	1659412	33950340.00
2017/03/15	10.14	10.24	10.12	10.20	1022705	20919800.00
2017/03/16	10.21	10.34	10.21	10.29	1935435	39931120.00
2017/03/17	10.29	10.32	10.19	10.23	1286209	26535560.00
2017/03/20	10.23	10.40	10.16	10.39	1950656	40432100.00
2017/03/21	10.32	10.46	10.30	10.42	2487499	51980760.00
2017/03/22	10.37	10.49	10.22	10.27	2132973	44274400.00
2017/03/23	10.25	10.33	10.12	10.29	2005575	41256544.00
2017/03/24	10.29	10.41	10.22	10.37	1717459	35568672.00
2017/03/27	10.35	10.44	10.24	10.30	1983110	41092608.00
2017/03/28	10.27	10.35	10.24	10.31	922218	19057194.00
2017/03/29	10.31	10.33	10.06	10.13	1495473	30539836.00
2017/03/30	10.10	10.15	9.71	9.78	2466750	48768484.00
2017/03/31	9.78	9.93	9.76	9.91	1232913	24371472.00
2017/04/05	9.90	10.17	9.61	10.16	1771964	35721208.00
2017/04/06	10.11	10.25	10.06	10.22	1522376	31121818.00
2017/04/07	10.26	10.34	10.20	10.26	1759309	36276740.00
2017/04/10	10.23	10.38	10.21	10.32	1626876	33703000.00
2017/04/11	10.28	10.34	10.05	10.20	1919540	39220368.00
2017/04/12	10.21	10.28	10.09	10.22	1548687	31645876.00
2017/04/13	10.22	10.34	10.17	10.34	1835176	37942492.00
2017/04/14	10.31	10.38	10.15	10.22	1215425	24951810.00
2017/04/17	10.22	10.23	10.03	10.11	1426626	29093002.00
2017/04/18	10.11	10.22	9.92	9.94	1301277	26324938.00
2017/04/19	9.86	10.00	9.33	9.55	2466073	47688144.00
2017/04/20	9.51	9.65	9.39	9.55	1909564	36616956.00
2017/04/21	9.58	9.70	9.39	9.46	2211680	42282696.00
2017/04/24	9.40	9.41	9.00	9.12	1597395	29394654.00
2017/04/25	9.11	9.17	9.06	9.07	1281881	23460164.00
2017/04/26	9.01	9.13	8.77	9.03	2138975	38537628.00
2017/04/27	9.01	9.13	8.82	9.07	1442671	26063614.00
2017/04/28	9.15	9.28	9.03	9.15	1382719	25444632.00
2017/05/02	9.18	9.35	9.11	9.27	1493968	27816656.00
2017/05/03	9.34	9.40	9.21	9.29	1183964	22135462.00
2017/05/04	9.23	9.37	9.14	9.15	1144290	21303748.00
2017/05/05	9.11	9.18	8.87	8.95	1049066	18983632.00
2017/05/08	8.80	9.03	8.65	8.66	1224789	21597256.00
2017/05/09	8.70	8.86	8.61	8.81	1331420	23458474.00
2017/05/10	8.81	8.87	8.31	8.42	1842340	31745106.00
2017/05/11	8.41	8.43	8.16	8.35	1749859	29139996.00
2017/05/12	8.38	8.38	8.06	8.13	1908333	31377372.00
2017/05/15	8.12	8.41	8.12	8.32	1831807	30525892.00
2017/05/16	8.32	8.50	8.23	8.46	1887844	31667938.00
2017/05/17	8.43	8.57	8.41	8.46	1958492	33408894.00
2017/05/18	8.45	8.51	8.22	8.25	1927447	32389066.00
2017/05/19	8.26	8.35	8.19	8.24	1231007	20474584.00
2017/05/22	8.29	8.33	8.03	8.07	1643934	27025186.00
2017/05/23	7.98	8.08	7.68	7.71	1771253	28133900.00
2017/05/24	7.65	7.91	7.52	7.61	2573506	39849896.00
2017/05/25	7.63	7.86	7.55	7.85	2218577	34311816.00
2017/05/26	7.82	7.90	7.67	7.73	1805320	28234570.00
2017/05/31	7.86	7.91	7.74	7.80	1450572	22842572.00
2017/06/01	7.80	7.80	7.53	7.70	1677465	25946258.00
2017/06/02	7.69	7.79	7.42	7.75	2508253	38273036.00
2017/06/05	7.71	7.84	7.69	7.76	1673674	26086456.00
2017/06/06	7.76	7.82	7.66	7.82	1728136	26918638.00
2017/06/07	7.81	7.99	7.81	7.97	1828919	29120632.00
2017/06/08	7.96	8.01	7.86	7.91	1847274	29334154.00
2017/06/09	7.89	7.94	7.78	7.83	1540742	24267936.00
2017/06/12	7.87	7.87	7.75	7.76	1469874	23108730.00
2017/06/13	7.71	7.86	7.68	7.81	1243156	19472802.00
2017/06/14	7.84	7.88	7.78	7.86	1000122	15774929.00
2017/06/15	7.86	8.01	7.86	8.00	1476484	23654942.00
2017/06/16	8.00	8.03	7.92	7.94	1012439	16203722.00
2017/06/19	7.93	8.03	7.89	8.01	1213537	19476710.00
2017/06/20	8.02	8.20	8.00	8.06	1938299	31623752.00
2017/06/21	8.13	8.18	7.99	8.16	1448302	23494512.00
2017/06/22	8.16	8.18	7.96	7.99	1508484	24482322.00
2017/06/23	7.98	8.02	7.66	7.82	1488250	23497466.00
2017/06/26	7.82	8.13	7.77	8.11	2177198	35045780.00
2017/06/27	8.08	8.15	8.05	8.07	1397538	22740374.00
2017/06/28	8.06	8.20	8.03	8.12	1707950	27865818.00
2017/06/29	8.15	8.20	8.07	8.18	1354992	22188108.00
2017/06/30	8.14	8.14	8.02	8.07	1663986	26960114.00
2017/07/03	8.07	8.18	8.05	8.13	1833495	29930822.00
2017/07/04	8.13	8.13	8.02	8.07	1403771	22753536.00
2017/07/05	8.05	8.25	8.04	8.23	2295746	37712096.00
2017/07/06	8.23	8.28	8.18	8.25	2081315	34496616.00
2017/07/07	8.24	8.45	8.24	8.35	2300637	38694684.00
2017/07/10	8.31	8.50	8.28	8.46	2648640	44769896.00
2017/07/11	8.47	8.61	8.41	8.46	2814895	48317520.00
2017/07/12	8.47	8.51	8.31	8.38	2286241	38512416.00
2017/07/13	8.58	8.59	8.36	8.42	3454207	58772524.00
2017/07/14	8.43	8.62	8.38	8.48	2475366	42215660.00
2017/07/17	8.43	8.46	7.63	7.83	2866896	46048220.00
2017/07/18	7.83	8.13	7.78	8.11	1886050	30190972.00
2017/07/19	8.14	8.16	8.02	8.12	1326805	21511384.00
2017/07/20	8.11	8.28	8.03	8.07	1623188	26528656.00
2017/07/21	8.08	8.17	7.98	8.14	1406000	22878454.00
2017/07/24	8.12	8.18	8.03	8.11	1804932	29281848.00
2017/07/25	8.07	8.16	8.04	8.11	1592094	25858650.00
2017/07/26	8.10	8.17	8.08	8.10	995530	16187819.00
2017/07/27	8.12	8.56	8.10	8.54	4618736	77559112.00
2017/07/28	8.53	8.62	8.39	8.45	3604623	61242020.00
2017/07/31	8.45	8.46	8.31	8.42	2779050	46719812.00
2017/08/01	8.38	8.44	8.31	8.41	2269629	38104124.00
2017/08/02	8.35	8.40	8.27	8.28	2307785	38518732.00
2017/08/03	8.27	8.41	8.26	8.33	1960592	32779004.00
2017/08/04	8.33	8.40	8.29	8.32	1323133	22113494.00
2017/08/07	8.35	8.37	8.28	8.33	1488887	24847534.00
2017/08/08	8.28	8.28	7.91	7.97	4011556	64525552.00
2017/08/09	7.93	8.12	7.91	8.06	1971143	31808926.00
2017/08/10	8.06	8.08	7.92	7.94	1857237	29781832.00
2017/08/11	7.91	8.42	7.88	8.24	5504103	91076768.00
2017/08/14	8.19	8.41	8.14	8.38	2670672	44649772.00
2017/08/15	8.37	8.47	8.29	8.41	2483710	41612024.00
2017/08/16	8.37	8.52	8.37	8.43	2588479	43815572.00
2017/08/17	8.43	8.60	8.37	8.56	2435784	41530004.00
2017/08/18	8.54	8.68	8.48	8.56	2402155	41382664.00
2017/08/21	8.59	8.66	8.48	8.51	2084200	35626340.00
2017/08/22	8.53	8.57	8.35	8.38	1823100	30776100.00
2017/08/23	8.30	8.46	8.30	8.42	1377656	23220676.00
2017/08/24	8.42	8.46	8.34	8.39	1141156	19202474.00
2017/08/25	8.43	8.53	8.39	8.48	2029941	34507112.00
2017/08/28	8.47	8.65	8.46	8.63	2756933	47218112.00
2017/08/29	8.60	8.61	8.38	8.40	2715360	46104700.00
2017/08/30	8.40	8.46	8.37	8.40	1568971	26476730.00
2017/08/31	8.44	8.47	8.39	8.44	1315078	22250808.00
2017/09/01	8.43	8.52	8.42	8.51	3074300	52261456.00
2017/09/04	8.52	8.52	8.39	8.43	2532802	42836444.00
2017/09/05	8.44	8.51	8.43	8.47	2112829	35826484.00
2017/09/06	8.44	8.47	8.33	8.39	1978233	33236166.00
2017/09/07	8.39	8.51	8.37	8.44	2439168	41237200.00
2017/09/08	8.43	8.57	8.40	8.49	2025350	34486128.00
2017/09/11	8.51	8.84	8.46	8.80	4596491	80183872.00
2017/09/12	8.76	8.77	8.58	8.62	3848954	66838336.00
2017/09/13	8.60	8.73	8.60	8.68	1750031	30434466.00
2017/09/14	8.71	8.73	8.58	8.60	1335972	23159102.00
2017/09/15	8.61	8.65	8.50	8.52	1581850	27104384.00
2017/09/18	8.53	8.60	8.53	8.59	1591961	27329668.00
2017/09/19	8.62	8.63	8.53	8.54	1091187	18719826.00
2017/09/20	8.58	8.72	8.49	8.67	1809499	31268368.00
2017/09/21	8.65	8.68	8.42	8.46	1940500	33305866.00
2017/09/22	8.41	8.46	8.24	8.36	2525434	42363244.00
2017/09/25	8.07	8.13	7.98	8.05	3705505	59847024.00
2017/09/26	8.00	8.12	8.00	8.09	1634249	26453130.00
2017/09/27	8.08	8.24	8.04	8.21	1352438	22113996.00
2017/09/28	8.19	8.21	8.11	8.16	848471	13867606.00
2017/09/29	8.21	8.27	8.13	8.16	763212	12538621.00
2017/10/09	8.19	8.34	8.19	8.24	1716900	28396216.00
2017/10/10	8.28	8.59	8.26	8.55	3536625	60001008.00
2017/10/11	8.57	8.63	8.45	8.48	2556886	43639560.00
2017/10/12	8.44	8.68	8.39	8.63	2941390	50577040.00
2017/10/13	8.60	8.67	8.56	8.62	2397900	41373128.00
2017/10/16	8.54	8.60	8.21	8.25	3014900	50495464.00
2017/10/17	8.25	8.39	8.23	8.30	1605001	26795392.00
2017/10/18	8.36	8.37	8.24	8.27	1351600	22566192.00
2017/10/19	8.26	8.40	8.26	8.28	1557654	26028884.00
2017/10/20	8.25	8.51	8.14	8.42	1394829	23166948.00
2017/10/23	8.42	8.51	8.41	8.49	1742000	29565702.00
2017/10/24	8.49	8.55	8.43	8.54	1877733	31972588.00
2017/10/25	8.55	8.59	8.47	8.56	1762100	30090306.00
2017/10/26	8.55	8.62	8.50	8.52	2460911	42182764.00
2017/10/27	8.55	8.55	8.39	8.44	1956101	33170060.00
2017/10/30	8.42	8.47	8.13	8.15	2954238	49003336.00
2017/10/31	8.15	8.24	8.02	8.14	2084264	33999192.00
2017/11/01	8.14	8.24	8.11	8.13	1950836	31916336.00
2017/11/02	8.09	8.17	8.00	8.00	2154926	34926456.00
2017/11/03	8.04	8.06	7.65	7.72	3327876	52344104.00
2017/11/06	7.72	7.83	7.59	7.74	2475841	38176964.00
2017/11/07	7.78	7.78	7.66	7.76	1820303	28115760.00
2017/11/08	7.74	7.83	7.70	7.76	1713120	26675286.00
2017/11/09	7.78	7.83	7.71	7.79	1360119	21220894.00
2017/11/10	7.79	7.81	7.70	7.77	1772715	27554530.00
2017/11/13	7.79	7.82	7.71	7.75	1940393	30222768.00
2017/11/14	7.77	7.78	7.48	7.58	2226960	34090376.00
2017/11/15	7.53	7.64	7.51	7.62	1573400	23954192.00
2017/11/16	7.63	7.63	7.56	7.57	924840	14064003.00
2017/11/17	7.58	7.59	7.28	7.32	2312208	34286276.00
2017/11/20	7.33	7.38	7.15	7.26	1864751	26927802.00
2017/11/21	7.26	7.30	7.10	7.14	1602300	23081180.00
2017/11/22	7.15	7.18	7.01	7.06	2037031	28981826.00
2017/11/23	7.07	7.13	7.00	7.02	1969616	27861282.00
2017/11/24	7.01	7.10	6.94	7.08	1265888	17851228.00
2017/11/27	7.09	7.10	6.98	6.99	1042517	14722805.00
2017/11/28	6.99	7.14	6.99	7.13	1195854	16964504.00
2017/11/29	7.15	7.15	7.03	7.10	1022230	14531246.00
2017/11/30	7.07	7.13	7.01	7.04	1093212	15501990.00
2017/12/01	7.02	7.20	7.02	7.17	1185618	16964022.00
2017/12/04	7.16	7.18	6.96	6.97	2162962	30446146.00
2017/12/05	6.97	7.00	6.71	6.78	1869136	25742844.00
2017/12/06	6.81	6.89	6.76	6.86	1749180	23933174.00
2017/12/07	6.82	6.90	6.81	6.87	1496258	20546712.00
2017/12/08	6.87	6.97	6.84	6.92	1280400	17787428.00
2017/12/11	6.92	6.98	6.89	6.97	1047501	14586270.00
2017/12/12	6.99	6.99	6.84	6.84	1343800	18615974.00
2017/12/13	6.84	6.91	6.83	6.88	912600	12591912.00
2017/12/14	6.91	6.94	6.87	6.91	781394	10825084.00
2017/12/15	6.91	7.03	6.90	7.00	1653542	23108430.00
2017/12/18	6.99	7.00	6.91	6.96	1001400	13941620.00
2017/12/19	6.96	7.06	6.91	7.06	1371323	19300112.00
2017/12/20	7.05	7.06	6.89	6.93	1288871	17969446.00
2017/12/21	6.87	7.01	6.81	6.97	1327135	18433984.00
2017/12/22	6.96	7.01	6.92	6.97	835803	11687911.00
2017/12/25	6.93	6.96	6.78	6.81	1448886	19915472.00
2017/12/26	6.88	7.07	6.84	6.97	2472120	34547156.00
2017/12/27	7.03	7.11	6.88	6.91	2464486	34520944.00
2017/12/28	6.87	6.97	6.84	6.89	1938719	26769968.00
2017/12/29	6.87	6.94	6.85	6.88	2382897	32894126.00
2018/01/02	6.90	6.96	6.88	6.93	2750914	38148400.00
2018/01/03	6.92	7.10	6.92	7.07	6515218	91472816.00
2018/01/04	7.08	7.10	6.98	7.00	3662011	51643784.00
2018/01/05	7.02	7.08	6.98	7.07	3575327	50327292.00
2018/01/08	7.06	7.06	6.99	7.04	3023983	42522548.00
2018/01/09	7.02	7.15	7.01	7.13	4022327	57246464.00
2018/01/10	7.11	7.12	7.00	7.03	3502529	49409548.00
2018/01/11	7.03	7.09	6.99	7.07	2390852	33811300.00
2018/01/12	7.07	7.10	6.98	6.99	2954542	41540316.00
2018/01/15	6.97	6.99	6.51	6.55	6279206	84462376.00
2018/01/16	6.55	6.64	6.51	6.56	2891456	38057464.00
2018/01/17	6.57	6.66	6.49	6.63	2735583	36154204.00
2018/01/18	6.63	6.65	6.57	6.59	1655829	21963762.00
2018/01/19	6.60	6.65	6.57	6.60	2021065	26802130.00
2018/01/22	6.43	6.51	6.29	6.46	4711906	60508404.00
2018/01/23	6.43	6.50	6.41	6.46	2353851	30506710.00
2018/01/24	7.11	7.11	7.01	7.11	13017132	185453872.00
2018/01/25	7.15	7.72	6.99	7.33	27221310	404006656.00
2018/01/26	7.13	7.67	7.09	7.47	18579254	277918304.00
2018/01/29	7.39	7.52	7.28	7.40	9530952	141183360.00
2018/01/30	7.37	7.60	7.35	7.45	9254472	138521408.00
2018/01/31	7.44	7.44	7.20	7.27	8094160	118790936.00
2018/02/01	7.27	7.35	7.13	7.23	8509929	123721248.00
2018/02/02	7.18	7.18	6.67	6.81	9918758	137128144.00
2018/02/05	6.72	6.93	6.60	6.70	6450905	87876560.00
2018/02/06	6.57	6.76	6.28	6.29	7581627	99462616.00
2018/02/07	6.41	6.68	6.23	6.53	8024849	103956824.00
2018/02/08	6.51	6.89	6.49	6.81	7902194	106887240.00
2018/02/09	6.62	6.78	6.34	6.52	8573597	113502128.00
2018/02/12	6.63	7.18	6.58	7.03	10655748	148380048.00
2018/02/13	7.08	7.13	6.92	6.92	7621556	107113488.00
2018/02/14	6.95	7.02	6.73	6.74	7027019	96012936.00
2018/02/22	6.81	6.86	6.76	6.84	4754251	65001672.00
2018/02/23	6.81	6.85	6.75	6.81	3631630	49486128.00
2018/02/26	6.84	7.11	6.84	7.10	7519217	105491616.00
2018/02/27	7.11	7.20	6.98	7.08	11752226	166956160.00
2018/02/28	7.02	7.17	6.95	7.09	6489100	91884112.00
2018/03/01	6.99	7.17	6.99	7.17	6670287	94872832.00
2018/03/02	7.06	7.13	7.00	7.01	6088400	86179352.00
2018/03/05	7.03	7.05	6.90	6.96	5073662	70667712.00
2018/03/06	7.00	7.15	6.97	7.11	7695792	109365600.00
2018/03/07	7.16	7.43	7.15	7.27	11702738	171331088.00
2018/03/08	7.21	7.40	7.19	7.33	8350945	122162464.00
2018/03/09	7.58	7.88	7.53	7.63	16831631	258803024.00
2018/03/12	7.68	7.85	7.61	7.73	13091690	202969056.00
2018/03/13	7.68	7.68	7.51	7.52	8869900	134925360.00
2018/03/14	7.49	7.59	7.42	7.44	6085340	91296528.00
2018/03/15	7.43	7.53	7.34	7.49	5783140	86115768.00
2018/03/16	7.51	7.52	7.28	7.30	5987935	88850040.00
2018/03/19	7.29	7.42	7.26	7.34	4392720	64742960.00
2018/03/20	7.25	7.65	7.24	7.58	10149764	153044496.00
2018/03/21	7.62	7.64	7.40	7.42	7462620	112771248.00
2018/03/22	7.45	7.50	7.37	7.45	4314115	64264188.00
2018/03/23	7.20	7.29	6.80	6.91	9238086	131030480.00
2018/03/26	6.83	7.11	6.76	7.10	5084249	71045208.00
2018/03/27	7.19	7.50	7.14	7.34	9979413	146641232.00
2018/03/28	7.23	7.61	7.18	7.52	11224649	168504976.00
2018/03/29	7.53	7.58	7.39	7.50	6275306	93918088.00
2018/03/30	7.50	7.66	7.49	7.64	9906391	150977984.00
2018/04/02	7.62	7.67	7.51	7.53	7935069	120566880.00
2018/04/03	7.46	7.71	7.39	7.69	9994621	152405600.00
2018/04/04	7.74	7.91	7.55	7.59	11561252	179398688.00
2018/04/09	7.48	7.61	7.44	7.57	5518607	83270792.00
2018/04/10	7.48	7.48	7.20	7.33	10769905	157649328.00
2018/04/11	7.33	7.43	7.31	7.35	6271125	92780056.00
2018/04/12	7.36	7.37	7.23	7.26	5152082	75383944.00
2018/04/13	7.30	7.35	7.22	7.27	3889910	56807264.00
2018/04/16	7.23	7.28	7.10	7.15	3693349	53122164.00
2018/04/17	7.19	7.22	6.88	6.95	4411173	62444012.00
2018/04/18	7.01	7.10	6.84	7.09	3604919	50653920.00
2018/04/19	7.07	7.16	7.04	7.11	2766806	39501972.00
2018/04/20	7.07	7.14	6.78	6.83	4107206	57220504.00
2018/04/23	6.93	6.95	6.79	6.86	2728100	37669384.00
2018/04/24	6.91	7.07	6.87	7.06	3425700	48126380.00
2018/04/25	7.03	7.13	6.94	7.10	3735903	52599180.00
2018/04/26	7.04	7.06	6.80	6.81	4431000	61208312.00
2018/04/27	6.80	6.92	6.77	6.81	2787575	38237492.00
2018/05/02	6.85	6.93	6.73	6.85	2354284	32229468.00
2018/05/03	6.81	6.85	6.61	6.83	3321670	44808564.00
2018/05/04	6.79	6.82	6.70	6.77	2579802	34962528.00
2018/05/07	6.78	6.96	6.76	6.93	3068800	42382868.00
2018/05/08	6.91	7.03	6.91	6.98	2935300	41081820.00
2018/05/09	6.95	7.01	6.93	6.99	2247603	31347116.00
2018/05/10	7.01	7.18	6.99	7.13	5250146	74663208.00
2018/05/11	7.18	7.20	6.99	7.02	3684901	52420340.00
2018/05/14	6.98	6.98	6.84	6.86	2961469	41054368.00
2018/05/15	6.87	6.97	6.87	6.97	1818901	25205086.00
2018/05/16	6.95	7.11	6.93	7.03	5238070	74050168.00
2018/05/17	7.00	7.03	6.88	6.92	3236000	44906680.00
2018/05/18	6.94	6.94	6.79	6.90	3249999	44785928.00
2018/05/21	6.92	6.96	6.88	6.94	4777303	66295520.00
2018/05/22	6.95	6.95	6.89	6.94	2345272	32527788.00
2018/05/23	6.94	7.01	6.90	6.91	3221902	44943348.00
2018/05/24	6.89	6.93	6.87	6.88	1820900	25198996.00
2018/05/25	6.88	6.91	6.69	6.71	2963400	40192360.00
2018/05/28	6.71	6.75	6.57	6.63	3040400	40521008.00
2018/05/29	6.62	6.76	6.57	6.66	3798022	50715472.00
2018/05/30	6.58	6.58	6.36	6.38	3937266	50997200.00
2018/05/31	6.41	6.45	6.33	6.41	2509403	32254776.00
2018/06/01	6.38	6.47	6.31	6.34	2144981	27524474.00
2018/06/04	6.38	6.41	6.17	6.18	2691570	34005692.00
2018/06/05	6.23	6.29	6.16	6.28	4934900	61608764.00
2018/06/06	6.28	6.29	6.21	6.24	2443703	30640984.00
2018/06/07	6.35	6.58	6.35	6.43	6508579	84262696.00
2018/06/08	6.37	6.47	6.31	6.47	3173561	40680624.00
2018/06/11	6.42	6.50	6.32	6.43	3462402	44443936.00
2018/06/12	6.41	6.42	6.28	6.39	2256502	28800526.00
2018/06/13	6.41	6.42	6.00	6.01	4602811	57284812.00
2018/06/14	6.04	6.05	5.72	5.77	7423442	43499664.00
2018/06/15	5.78	5.85	5.41	5.47	7454842	41452056.00
2018/06/19	5.31	5.39	4.92	4.92	9437200	48041284.00
2018/06/20	4.95	5.05	4.83	4.99	6458160	31979560.00
2018/06/21	4.99	5.10	4.92	4.95	6134300	30790710.00
2018/06/22	4.94	5.07	4.88	5.04	3671492	18390658.00
2018/06/25	5.19	5.23	5.04	5.04	5587800	28740168.00
2018/06/26	4.93	5.15	4.90	5.09	4595266	23207736.00
2018/06/27	5.07	5.15	5.01	5.02	3914266	19899752.00
2018/06/28	5.04	5.12	4.96	5.00	3502800	17686148.00
2018/06/29	5.03	5.14	5.00	5.12	5725060	29181468.00
2018/07/02	5.13	5.13	4.98	4.99	5158820	26075656.00
2018/07/03	5.00	5.08	4.97	5.06	4495366	22627296.00
2018/07/04	5.07	5.07	4.96	4.98	3983200	19967416.00
2018/07/05	4.99	5.01	4.84	4.85	3838100	18939982.00
2018/07/06	4.90	4.92	4.69	4.85	5072700	24587584.00
2018/07/09	4.87	5.10	4.85	5.04	6086520	30311130.00
2018/07/10	5.03	5.09	4.99	5.05	3960900	19950780.00
2018/07/11	4.87	4.87	4.55	4.58	14278100	66440740.00
2018/07/12	4.60	4.70	4.53	4.66	9195774	42615848.00
2018/07/13	4.65	4.73	4.62	4.67	5650408	26481688.00
2018/07/16	4.63	4.70	4.55	4.70	7268214	33738332.00
2018/07/17	4.70	4.70	4.59	4.66	4990722	23159190.00
2018/07/18	4.66	4.70	4.64	4.64	4196984	19608542.00
2018/07/19	4.63	4.65	4.47	4.51	6904966	31394514.00
2018/07/20	4.49	4.59	4.46	4.56	4590584	20855292.00
2018/07/23	4.52	4.58	4.48	4.57	4353688	19769926.00
2018/07/24	4.55	4.67	4.53	4.65	7495534	34707280.00
2018/07/25	4.67	4.69	4.62	4.64	5643802	26253674.00
2018/07/26	4.64	4.73	4.63	4.69	8166918	38267248.00
2018/07/27	4.69	4.76	4.61	4.62	6930422	32374294.00
2018/07/30	4.63	4.65	4.48	4.52	6235700	28334184.00
2018/07/31	4.53	4.54	4.50	4.52	4669707	21080112.00
2018/08/01	4.52	4.54	4.43	4.45	5236875	23490768.00
2018/08/02	4.45	4.45	4.12	4.18	7858591	33487006.00
2018/08/03	4.20	4.25	4.15	4.15	3755500	15781033.00
2018/08/06	4.16	4.22	4.08	4.14	4621600	19171230.00
2018/08/07	4.16	4.23	4.10	4.21	4523200	18872128.00
2018/08/08	4.22	4.24	4.15	4.16	4108100	17224820.00
2018/08/09	4.16	4.26	4.13	4.24	5916570	25008438.00
2018/08/10	4.23	4.29	4.16	4.24	9674681	40820920.00
2018/08/13	4.17	4.24	4.15	4.23	5603600	23486860.00
2018/08/14	4.21	4.26	4.20	4.22	3997680	16906266.00
2018/08/15	4.23	4.23	4.11	4.14	5218400	21706340.00
2018/08/16	4.08	4.13	4.00	4.05	6808900	27767092.00
2018/08/17	4.06	4.08	3.88	3.90	7966934	31799814.00
2018/08/20	3.91	3.94	3.80	3.89	4839400	18787756.00
2018/08/21	3.88	3.95	3.88	3.92	4516575	17718022.00
2018/08/22	3.92	3.93	3.86	3.88	3137900	12213801.00
2018/08/23	3.89	3.95	3.86	3.95	5281800	20628192.00
2018/08/24	3.92	3.95	3.88	3.93	4487573	17593890.00
2018/08/27	3.95	3.99	3.92	3.97	6087795	24086696.00
2018/08/28	3.97	4.04	3.96	3.98	4073898	16245171.00
2018/08/29	3.97	3.98	3.93	3.96	3338100	13196538.00
2018/08/30	3.93	3.95	3.86	3.88	4543134	17719334.00
2018/08/31	3.86	3.87	3.75	3.76	5668620	21543410.00
2018/09/03	3.77	3.86	3.73	3.84	5741802	21792602.00
2018/09/04	3.84	3.99	3.83	3.95	9106034	35880452.00
2018/09/05	3.94	4.04	3.91	3.96	7445976	29554264.00
2018/09/06	3.95	4.01	3.91	3.93	5000070	19799980.00
2018/09/07	3.93	4.01	3.93	3.99	5032630	20024748.00
2018/09/10	4.03	4.03	3.90	3.90	4605574	18133194.00
2018/09/11	3.90	3.97	3.87	3.97	4113383	16143358.00
2018/09/12	3.98	4.01	3.94	3.97	5290326	21054120.00
2018/09/13	3.98	4.04	3.94	4.01	6664758	26563916.00
2018/09/14	4.01	4.01	3.94	3.96	4090600	16267240.00
2018/09/17	3.94	3.97	3.88	3.89	5359443	20987302.00
2018/09/18	3.86	3.98	3.85	3.96	4035535	15817885.00
2018/09/19	3.95	4.02	3.93	3.99	5245967	20919660.00
2018/09/20	3.99	4.03	3.98	4.03	4863936	19497968.00
2018/09/21	4.00	4.16	4.00	4.12	8638434	35364896.00
2018/09/25	4.09	4.12	4.07	4.10	3653047	14957714.00
2018/09/26	4.11	4.17	4.08	4.13	6477947	26785740.00
2018/09/27	4.12	4.22	4.09	4.15	8079900	33688424.00
2018/09/28	4.18	4.25	4.14	4.25	6210240	26132246.00
2018/10/08	4.19	4.19	4.05	4.07	6241948	25748424.00
2018/10/09	4.08	4.13	4.06	4.11	3006400	12328324.00
2018/10/10	4.12	4.16	4.05	4.15	3480302	14300838.00
2018/10/11	4.05	4.05	3.80	3.85	9061678	35435692.00
2018/10/12	3.80	3.97	3.78	3.93	5588202	21641144.00
2018/10/15	3.90	3.95	3.84	3.85	5301466	20613664.00
2018/10/16	3.84	3.91	3.75	3.80	4226709	16168759.00
2018/10/17	3.82	3.83	3.59	3.68	6394635	23706960.00
2018/10/18	3.65	3.67	3.57	3.61	2367145	8579866.00
2018/10/19	3.56	3.73	3.50	3.72	5774066	20954758.00
2018/10/22	3.72	3.90	3.72	3.84	4995865	19152120.00
2018/10/23	3.84	3.88	3.80	3.82	3339800	12826990.00
2018/10/24	3.85	3.86	3.75	3.80	4404303	16703506.00
2018/10/25	3.70	3.74	3.65	3.72	4758991	17647376.00
2018/10/26	3.74	3.78	3.73	3.78	3823300	14382244.00
2018/10/29	3.74	3.80	3.71	3.73	4031070	15160012.00
2018/10/30	3.72	3.80	3.71	3.78	4461542	16777736.00
2018/10/31	3.80	3.84	3.75	3.82	4782805	18170512.00
2018/11/01	3.82	3.95	3.80	3.84	6924542	26737726.00
2018/11/02	3.86	3.93	3.86	3.92	4446903	17360448.00
2018/11/05	3.93	4.02	3.90	3.98	5924233	23416970.00
2018/11/06	3.96	3.97	3.91	3.97	3726600	14662039.00
2018/11/07	3.90	3.95	3.89	3.90	5036997	19760878.00
2018/11/08	3.91	3.93	3.88	3.89	3414300	13326712.00
2018/11/09	3.86	3.88	3.84	3.87	4280700	16538332.00
2018/11/12	3.88	4.02	3.86	4.02	7801500	30965816.00
2018/11/13	3.99	4.20	3.96	4.14	10076602	41341944.00
2018/11/14	4.14	4.20	4.08	4.12	9589477	39523696.00
2018/11/15	4.15	4.17	4.07	4.14	6922378	28561290.00
2018/11/16	4.15	4.23	4.14	4.21	8612875	36103696.00
2018/11/19	4.21	4.25	4.18	4.25	6064402	25563810.00
2018/11/20	4.21	4.25	4.09	4.10	6243500	26026564.00
2018/11/21	4.05	4.18	4.03	4.15	4504446	18604726.00
2018/11/22	4.16	4.22	4.12	4.21	4656842	19450730.00
2018/11/23	4.18	4.21	4.03	4.04	5811100	23872552.00
2018/11/26	4.04	4.07	3.99	4.05	3406200	13737956.00
2018/11/27	4.06	4.10	4.04	4.09	3513400	14282695.00
2018/11/28	4.08	4.10	4.00	4.08	3894600	15783998.00
2018/11/29	4.09	4.14	4.02	4.02	3798800	15501368.00
2018/11/30	4.00	4.03	3.96	4.02	3452340	13793461.00
2018/12/03	4.08	4.14	4.03	4.10	10168906	41513872.00
2018/12/04	4.07	4.14	4.06	4.13	5349000	21956800.00
2018/12/05	4.07	4.16	4.03	4.12	5385200	22102716.00
2018/12/06	4.10	4.16	4.06	4.09	4625456	18963868.00
2018/12/07	4.08	4.08	3.99	4.00	4498300	18068918.00
2018/12/10	3.95	3.97	3.87	3.88	3643994	14251732.00
2018/12/11	3.88	3.93	3.87	3.89	1847086	7205983.50
2018/12/12	3.92	3.92	3.84	3.91	3758094	14553498.00
2018/12/13	3.89	3.92	3.86	3.91	4290738	16700912.00
2018/12/14	3.89	3.90	3.79	3.82	4040500	15534309.00
2018/12/17	3.81	3.84	3.75	3.77	2875932	10894645.00
2018/12/18	3.77	3.78	3.68	3.76	4170500	15543578.00
2018/12/19	3.74	3.77	3.72	3.74	2077300	7782747.00
2018/12/20	3.72	3.75	3.69	3.74	2893900	10762873.00
2018/12/21	3.73	3.74	3.68	3.72	3333010	12349279.00
2018/12/24	3.72	3.74	3.69	3.73	3055253	11354198.00
2018/12/25	3.71	3.71	3.55	3.64	5432600	19673168.00
2018/12/26	3.64	3.77	3.63	3.77	9714142	36043688.00
2018/12/27	3.78	3.83	3.78	3.80	7473050	28455004.00
2018/12/28	3.82	3.86	3.80	3.81	4238300	16230176.00
2019/01/02	3.81	4.01	3.81	3.98	11674093	46167208.00
2019/01/03	3.95	3.99	3.92	3.97	3266602	12901319.00
数据来源:通达信
