300233 金城医药 日线 前复权
      日期	    开盘	    最高	    最低	    收盘	    成交量	    成交额
2011/06/22	9.02	9.78	8.91	9.26	21542632	440752352.00
2011/06/23	8.88	9.36	8.60	9.19	12400649	245659248.00
2011/06/24	9.07	9.77	8.98	9.52	10446071	214895760.00
2011/06/27	9.62	9.97	9.37	9.55	8698133	184244704.00
2011/06/28	9.44	9.58	9.30	9.45	5615879	116160104.00
2011/06/29	9.34	9.60	9.24	9.28	4640358	95806400.00
2011/06/30	9.30	9.52	9.23	9.44	4144013	85484104.00
2011/07/01	9.77	9.86	9.53	9.62	5757336	122053992.00
2011/07/04	9.62	9.91	9.58	9.90	5452013	116280080.00
2011/07/05	9.88	9.94	9.66	9.76	4329877	92804080.00
2011/07/06	9.81	10.25	9.71	10.10	6869027	150428752.00
2011/07/07	10.10	10.64	10.05	10.27	8730931	196404752.00
2011/07/08	10.21	10.49	10.13	10.38	4288321	96269480.00
2011/07/11	10.35	10.89	10.28	10.74	4119910	95373672.00
2011/07/12	10.63	10.78	10.43	10.50	3916960	90258992.00
2011/07/13	10.58	11.05	10.41	10.91	4209036	98132672.00
2011/07/14	10.97	11.22	10.84	11.14	3258787	77722440.00
2011/07/15	11.10	11.45	11.01	11.02	3966478	96185440.00
2011/07/18	11.08	11.32	10.63	10.67	4303775	102328120.00
2011/07/19	10.23	10.27	9.93	10.00	6320439	139338096.00
2011/07/20	10.09	10.14	9.77	9.92	3227328	70034360.00
2011/07/21	9.93	9.95	9.66	9.74	2645670	56573456.00
2011/07/22	9.77	9.93	9.75	9.79	1919810	41292064.00
2011/07/25	9.75	9.84	9.40	9.45	2748665	57892168.00
2011/07/26	9.45	9.51	9.25	9.45	1710117	35200836.00
2011/07/27	9.44	9.91	9.36	9.82	3638615	77478592.00
2011/07/28	9.69	10.07	9.64	9.98	3513978	76213120.00
2011/07/29	10.03	10.14	9.78	9.82	2526732	54899336.00
2011/08/01	9.82	10.33	9.73	10.27	4022863	88727720.00
2011/08/02	10.13	10.32	9.90	10.31	2973499	65639944.00
2011/08/03	10.12	10.55	10.12	10.35	3578583	80938040.00
2011/08/04	10.33	10.42	9.96	10.02	2494477	55227916.00
2011/08/05	9.62	9.84	9.43	9.78	2394241	50779944.00
2011/08/08	9.62	9.82	9.08	9.23	2659927	55039380.00
2011/08/09	8.97	9.36	8.81	9.19	1649670	33098804.00
2011/08/10	9.42	9.50	9.08	9.16	2055910	42068700.00
2011/08/11	8.90	9.45	8.87	9.41	2358108	47638484.00
2011/08/12	9.52	9.55	9.33	9.36	2246475	46593704.00
2011/08/15	9.42	9.67	9.37	9.61	1885527	39474088.00
2011/08/16	9.60	9.80	9.50	9.63	2067017	43593604.00
2011/08/17	9.62	9.88	9.56	9.74	2219717	47242888.00
2011/08/18	9.68	9.80	9.49	9.49	1835961	38781860.00
2011/08/19	9.23	9.35	9.14	9.32	1520478	30951740.00
2011/08/22	9.30	9.76	9.30	9.66	2267766	47692132.00
2011/08/23	9.68	10.41	9.64	10.23	4063233	89423488.00
2011/08/24	10.22	10.49	10.00	10.05	2946847	66046116.00
2011/08/25	10.08	10.27	9.94	10.24	2476496	54707000.00
2011/08/26	10.20	11.36	10.17	10.94	7716128	186150032.00
2011/08/29	11.00	11.33	10.94	11.15	4958282	119554688.00
2011/08/30	11.17	11.21	10.51	10.52	4024169	94926088.00
2011/08/31	10.43	10.56	10.12	10.42	3010488	67717432.00
2011/09/01	10.44	10.66	10.13	10.13	2721229	61519876.00
2011/09/02	10.13	10.40	9.95	10.32	2425615	53848636.00
2011/09/05	10.13	10.46	10.00	10.25	1858499	41590592.00
2011/09/06	10.08	10.20	9.50	9.60	2432338	52117636.00
2011/09/07	9.66	9.95	9.66	9.93	1632701	35013128.00
2011/09/08	10.00	10.21	9.74	9.74	1622998	35470704.00
2011/09/09	9.69	9.96	9.58	9.62	1171880	25057538.00
2011/09/13	9.51	9.55	9.33	9.49	1075729	22291820.00
2011/09/14	9.53	9.66	9.21	9.65	1360337	28217582.00
2011/09/15	9.67	9.77	9.53	9.58	1473304	31172004.00
2011/09/16	9.63	9.70	9.44	9.47	1022164	21441546.00
2011/09/19	9.43	9.43	9.20	9.21	701206	14267376.00
2011/09/20	9.20	9.37	9.11	9.24	543358	11057131.00
2011/09/21	9.23	9.64	9.19	9.59	1214322	25252304.00
2011/09/22	9.48	9.55	9.04	9.07	2449047	49977880.00
2011/09/23	8.84	9.03	8.82	8.98	1714768	33701552.00
2011/09/26	8.91	9.11	8.76	8.79	1438301	28284964.00
2011/09/27	8.86	8.95	8.61	8.82	1429529	27732042.00
2011/09/28	8.89	8.90	8.46	8.50	1520805	29225928.00
2011/09/29	8.43	8.43	8.10	8.11	1479990	27127446.00
2011/09/30	8.17	8.18	7.80	7.94	1176162	20874064.00
2011/10/10	7.97	7.99	7.81	7.89	563412	9948888.00
2011/10/11	8.11	8.15	7.66	7.81	1584069	28130764.00
2011/10/12	7.73	8.17	7.59	8.11	1605935	28648428.00
2011/10/13	8.08	8.32	8.00	8.18	1909351	34868528.00
2011/10/14	8.13	8.28	8.01	8.12	1445280	26157486.00
2011/10/17	8.17	8.35	8.09	8.30	1901875	34885456.00
2011/10/18	8.23	8.43	7.85	7.94	1885943	34493412.00
2011/10/19	7.95	8.07	7.84	7.91	1028909	18268086.00
2011/10/20	7.90	7.90	7.44	7.46	1356151	23076618.00
2011/10/21	7.46	7.51	7.16	7.19	1208501	19957284.00
2011/10/24	7.29	7.43	7.03	7.38	1198345	19628334.00
2011/10/25	7.10	7.55	7.03	7.54	4158745	68070048.00
2011/10/26	7.35	7.54	7.31	7.39	3008937	50209636.00
2011/10/27	7.37	7.51	7.28	7.34	1588130	26445494.00
2011/10/28	7.43	7.59	7.36	7.54	2230074	37431180.00
2011/10/31	7.52	7.69	7.50	7.63	1886837	32108518.00
2011/11/01	7.53	7.79	7.50	7.78	2625850	45046628.00
2011/11/02	7.63	8.02	7.53	7.95	2689240	46861476.00
2011/11/03	8.04	8.24	7.90	7.90	2886833	51649760.00
2011/11/04	7.95	7.98	7.81	7.90	1374071	24239244.00
2011/11/07	7.88	8.05	7.82	7.90	958878	16965028.00
2011/11/08	7.92	7.92	7.66	7.71	1456557	25381678.00
2011/11/09	7.70	7.82	7.60	7.82	1244667	21534230.00
2011/11/10	7.72	8.07	7.70	7.88	2588730	45692436.00
2011/11/11	7.88	8.20	7.79	7.99	2731232	48899240.00
2011/11/14	8.04	8.32	8.02	8.30	2862681	52221764.00
2011/11/15	8.30	8.30	8.12	8.18	1738451	31666926.00
2011/11/16	8.21	8.29	7.75	7.83	1885677	33819348.00
2011/11/17	7.82	8.05	7.81	7.93	1938174	34330080.00
2011/11/18	7.85	7.93	7.57	7.60	1805247	31195364.00
2011/11/21	7.61	7.68	7.39	7.47	895311	15026497.00
2011/11/22	7.42	7.49	7.34	7.48	521410	8703142.00
2011/11/23	7.51	7.55	7.42	7.53	607155	10241850.00
2011/11/24	7.43	7.58	7.38	7.58	689940	11604629.00
2011/11/25	7.57	7.65	7.38	7.42	594897	10058802.00
2011/11/28	7.45	7.51	7.38	7.45	501278	8394256.00
2011/11/29	7.51	7.62	7.45	7.60	1134625	19174774.00
2011/11/30	7.60	7.60	6.78	6.92	1776597	28542856.00
2011/12/01	7.14	7.27	7.04	7.10	1565668	25298460.00
2011/12/02	7.05	7.05	6.68	6.73	1234368	19126660.00
2011/12/05	6.66	6.68	6.35	6.38	944082	14018522.00
2011/12/06	6.34	6.67	6.34	6.58	1050971	15657733.00
2011/12/07	6.53	6.64	6.49	6.58	457474	6850588.50
2011/12/08	6.58	6.70	6.35	6.62	665274	9966644.00
2011/12/09	6.48	6.60	6.44	6.53	449881	6687057.00
2011/12/12	6.54	6.62	6.46	6.47	294212	4391001.50
2011/12/13	6.40	6.47	6.14	6.18	794116	11378609.00
2011/12/14	6.18	6.22	5.99	6.01	787854	11040975.00
2011/12/15	5.94	6.00	5.84	5.86	660260	9023735.00
2011/12/16	5.88	6.10	5.83	6.06	655451	9014295.00
2011/12/19	6.00	6.18	5.90	6.16	751992	10480272.00
2011/12/20	6.08	6.21	6.07	6.07	648763	9171946.00
2011/12/21	6.16	6.19	5.92	5.92	534982	7498747.00
2011/12/22	5.88	5.88	5.53	5.74	791519	10477242.00
2011/12/23	5.74	5.91	5.68	5.80	380613	5118085.50
2011/12/26	5.78	5.89	5.71	5.71	217000	2917787.00
2011/12/27	5.71	5.71	5.48	5.48	444214	5754149.50
2011/12/28	5.40	5.47	5.23	5.41	516279	6467153.00
2011/12/29	5.33	5.45	5.33	5.41	385150	4884600.00
2011/12/30	5.46	5.59	5.41	5.56	448458	5783407.00
2012/01/04	5.61	5.67	5.34	5.34	312241	4041232.25
2012/01/05	5.33	5.37	5.03	5.08	429410	5273610.50
2012/01/06	5.08	5.23	5.01	5.20	241478	2908379.50
2012/01/09	5.25	5.52	5.13	5.49	607411	7672241.00
2012/01/10	5.49	5.74	5.44	5.71	923264	12142939.00
2012/01/11	5.71	5.83	5.63	5.72	833050	11104518.00
2012/01/12	5.68	5.77	5.58	5.66	702511	9280809.00
2012/01/13	5.60	5.66	5.29	5.33	963650	12255762.00
2012/01/16	5.32	5.33	5.09	5.11	345729	4235192.50
2012/01/17	5.12	5.46	5.08	5.42	645104	8002543.50
2012/01/18	5.33	5.38	4.88	4.89	2699189	32846114.00
2012/01/19	4.82	5.04	4.73	5.02	1235798	14380249.00
2012/01/20	5.04	5.14	5.00	5.06	986718	11841880.00
2012/01/30	5.08	5.15	4.99	5.05	608490	7307061.50
2012/01/31	5.00	5.06	4.89	5.01	394388	4636549.50
2012/02/01	5.01	5.16	4.94	4.94	650945	7766906.00
2012/02/02	4.95	5.08	4.95	5.08	680421	8093955.00
2012/02/03	5.08	5.27	5.06	5.25	1152844	14091635.00
2012/02/06	5.25	5.34	5.18	5.33	1271964	15742986.00
2012/02/07	5.30	5.30	5.13	5.16	705587	8639029.00
2012/02/08	5.21	5.38	5.13	5.37	1053460	13099085.00
2012/02/09	5.38	5.52	5.33	5.42	1614192	20570288.00
2012/02/10	5.42	5.55	5.41	5.46	1271082	16266948.00
2012/02/13	5.43	5.71	5.38	5.63	1887275	24516692.00
2012/02/14	5.60	5.62	5.48	5.57	1120027	14499258.00
2012/02/15	5.56	5.68	5.53	5.65	1130786	14791914.00
2012/02/17	5.64	5.65	5.46	5.53	1759217	22782218.00
2012/02/20	5.60	5.68	5.53	5.53	1570324	20527940.00
2012/02/21	5.53	5.64	5.44	5.64	1073696	13919491.00
2012/02/22	5.64	5.87	5.61	5.83	2207064	29556770.00
2012/02/23	5.86	6.07	5.83	5.97	2492070	34361704.00
2012/02/24	5.97	6.10	5.92	6.04	1875175	26003976.00
2012/02/27	6.04	6.11	5.94	6.00	2038348	28367250.00
2012/02/28	5.98	5.98	5.73	5.82	1831183	24774042.00
2012/02/29	5.83	5.97	5.77	5.81	1304672	17701772.00
2012/03/01	5.78	5.90	5.73	5.85	1002513	13512425.00
2012/03/02	5.89	5.97	5.83	5.97	1204907	16503193.00
2012/03/05	6.00	6.04	5.91	5.97	1240892	17114998.00
2012/03/06	5.94	5.94	5.73	5.81	1249214	16837602.00
2012/03/07	5.77	5.85	5.73	5.77	876077	11769607.00
2012/03/08	5.77	5.95	5.77	5.91	1105774	15056566.00
2012/03/09	5.91	6.12	5.91	6.12	1870776	26095590.00
2012/03/12	6.14	6.22	6.08	6.19	1738496	24590072.00
2012/03/13	6.17	6.22	6.12	6.20	1119443	15869636.00
2012/03/14	6.22	6.41	5.73	5.84	2416710	34135524.00
2012/03/15	5.88	5.94	5.66	5.87	1313167	17646600.00
2012/03/16	5.87	6.04	5.85	6.03	1254648	17167688.00
2012/03/19	6.04	6.23	6.04	6.21	1582190	22418316.00
2012/03/20	6.18	6.19	5.88	5.90	1300571	18071740.00
2012/03/21	5.95	5.97	5.72	5.84	1119592	15115174.00
2012/03/22	5.85	5.92	5.81	5.84	499060	6765441.00
2012/03/23	5.82	5.86	5.67	5.69	703452	9360042.00
2012/03/26	5.71	5.74	5.58	5.65	510322	6725004.50
2012/03/27	5.71	5.73	5.55	5.57	524326	6887902.00
2012/03/28	5.58	5.58	5.18	5.22	887498	11105472.00
2012/03/29	5.19	5.26	4.96	5.06	599187	7232530.00
2012/03/30	4.90	4.90	4.49	4.56	2270461	25363336.00
2012/04/05	4.60	4.70	4.52	4.70	1483549	16490459.00
2012/04/06	4.71	4.72	4.63	4.68	916021	10244948.00
2012/04/09	4.68	4.68	4.56	4.58	585255	6477930.00
2012/04/10	4.55	4.66	4.42	4.63	887440	9688479.00
2012/04/11	4.56	4.66	4.48	4.62	602427	6656069.50
2012/04/12	4.65	4.79	4.60	4.77	1196628	13484785.00
2012/04/13	4.77	4.84	4.67	4.78	1626200	18512864.00
2012/04/16	4.78	4.82	4.70	4.78	871874	9927037.00
2012/04/17	4.78	4.85	4.74	4.79	925788	10587459.00
2012/04/18	4.81	4.95	4.75	4.91	1264710	14636788.00
2012/04/19	4.84	4.94	4.82	4.94	1569960	18243232.00
2012/04/20	4.92	4.96	4.85	4.92	1308721	15264682.00
2012/04/23	4.90	4.91	4.53	4.55	1937745	21636850.00
2012/04/24	4.52	4.52	4.08	4.34	1546483	16419401.00
2012/04/25	4.29	4.41	4.29	4.39	830542	8764826.00
2012/04/26	4.30	4.42	4.29	4.35	645528	6791922.00
2012/04/27	4.35	4.40	4.25	4.36	514582	5413632.50
2012/05/02	4.45	4.45	4.33	4.37	703780	7454666.00
2012/05/03	4.38	4.38	4.26	4.33	785062	8233440.50
2012/05/04	4.34	4.45	4.32	4.43	901474	9608455.00
2012/05/07	4.33	4.63	4.33	4.58	1178168	12684121.00
2012/05/08	4.54	4.62	4.50	4.55	786834	8616182.00
2012/05/09	4.52	4.52	4.42	4.43	633840	6807230.50
2012/05/10	4.42	4.90	4.41	4.65	2049606	23188100.00
2012/05/11	4.49	4.67	4.49	4.64	934000	10323372.00
2012/05/14	4.66	4.82	4.60	4.72	1269643	14363461.00
2012/05/15	4.70	4.70	4.44	4.58	1157345	12723685.00
2012/05/16	4.56	4.61	4.48	4.48	606587	6651774.50
2012/05/17	4.49	4.56	4.43	4.54	649007	7038265.50
2012/05/18	4.52	4.60	4.50	4.52	579823	6341697.50
2012/05/21	4.60	5.06	4.60	5.06	5649056	66439844.00
2012/05/22	4.98	5.15	4.90	5.04	3926605	46830748.00
2012/05/23	5.00	5.13	4.95	5.08	2455863	29189890.00
2012/05/24	5.08	5.41	5.03	5.26	3687721	45499776.00
2012/05/25	5.33	5.33	5.04	5.05	2081809	25041512.00
2012/05/28	5.05	5.18	4.91	5.18	1685533	19812656.00
2012/05/29	5.18	5.19	4.99	5.15	2000905	23712188.00
2012/05/30	5.09	5.33	5.09	5.19	1823265	22004966.00
2012/05/31	5.16	5.28	5.10	5.22	1387381	16672820.00
2012/06/01	5.17	5.37	5.17	5.26	1569523	19185074.00
2012/06/04	5.17	5.17	4.78	4.83	1973991	22883486.00
2012/06/05	4.86	4.88	4.75	4.75	945048	10638710.00
2012/06/06	4.75	4.83	4.60	4.68	1009585	11208746.00
2012/06/07	4.74	4.82	4.61	4.61	760239	8399882.00
2012/06/08	4.69	4.70	4.53	4.54	679506	7391201.50
2012/06/11	4.55	4.73	4.54	4.73	575687	6290142.50
2012/06/12	4.70	4.82	4.69	4.81	852455	9538274.00
2012/06/13	4.79	5.02	4.79	5.00	1160021	13361873.00
2012/06/14	5.01	5.16	4.98	5.04	1615780	19100668.00
2012/06/15	5.05	5.23	5.00	5.01	1120776	13254084.00
2012/06/18	5.03	5.23	5.03	5.23	1129748	13501708.00
2012/06/19	5.19	5.38	5.12	5.18	2763733	33562100.00
2012/06/20	5.13	5.17	4.92	4.92	1935328	22519944.00
2012/06/21	4.88	4.91	4.71	4.73	949251	10629034.00
2012/06/25	4.73	5.28	4.69	5.28	6782507	82186296.00
2012/06/26	5.28	5.28	5.07	5.15	4617648	55230948.00
2012/06/27	5.14	5.62	5.08	5.37	6689359	83205368.00
2012/06/28	5.33	5.58	5.23	5.40	4173840	51830652.00
2012/06/29	5.38	5.55	5.19	5.55	3450487	43076884.00
2012/07/02	5.67	5.77	5.46	5.52	3791081	48548760.00
2012/07/03	5.52	6.01	5.45	5.84	4198353	54447720.00
2012/07/04	5.74	6.09	5.64	5.64	2912334	38657024.00
2012/07/05	5.51	5.60	5.40	5.48	2086110	26284200.00
2012/07/06	5.48	5.69	5.34	5.67	2120198	27040292.00
2012/07/09	5.58	5.82	5.51	5.54	2007325	26006504.00
2012/07/10	5.53	5.65	5.45	5.48	1697359	21574996.00
2012/07/11	5.42	5.47	5.28	5.43	2024304	25038480.00
2012/07/12	5.36	5.68	5.33	5.65	1586679	20217100.00
2012/07/13	5.58	5.67	5.50	5.53	1256793	16052629.00
2012/07/16	5.53	6.07	5.46	5.65	3223757	42540900.00
2012/07/17	5.62	5.82	5.34	5.82	2696549	34483776.00
2012/07/18	5.75	6.22	5.70	6.08	3438106	46677528.00
2012/07/19	6.04	6.22	5.93	6.02	2294033	31640890.00
2012/07/20	5.98	6.29	5.98	6.09	2010980	28181288.00
2012/07/23	5.98	6.25	5.89	6.17	1458402	20131000.00
2012/07/24	6.14	6.24	6.03	6.12	1277450	17736710.00
2012/07/25	6.08	6.19	6.00	6.08	979739	13582121.00
2012/07/26	6.07	6.33	6.03	6.18	1825597	25565044.00
2012/07/27	6.18	6.39	5.75	5.77	2927351	40763608.00
2012/07/30	5.73	6.12	5.64	5.82	1785567	23905816.00
2012/07/31	5.82	5.82	5.37	5.40	1933020	24588892.00
2012/08/01	5.33	5.62	5.33	5.53	1353769	17174464.00
2012/08/02	5.53	6.02	5.53	5.88	2078486	27568630.00
2012/08/03	5.90	6.07	5.81	6.05	1769458	23801730.00
2012/08/06	6.04	6.23	6.01	6.23	1682697	23419312.00
2012/08/07	6.25	6.30	6.14	6.27	1213900	17083106.00
2012/08/08	6.21	6.30	6.11	6.24	1276004	17922386.00
2012/08/09	6.24	6.51	6.18	6.45	1258027	18096284.00
2012/08/10	6.44	6.82	6.41	6.77	2654886	39679068.00
2012/08/13	6.62	6.92	6.62	6.68	1648487	25035652.00
2012/08/14	6.58	6.75	6.41	6.65	997930	14774234.00
2012/08/15	6.64	6.86	6.55	6.68	1226007	18532980.00
2012/08/16	6.72	6.72	6.41	6.52	735875	10858786.00
2012/08/17	6.53	6.55	6.38	6.53	354251	5171100.00
2012/08/20	6.51	6.83	6.43	6.83	795159	11999269.00
2012/08/21	6.83	7.24	6.78	7.18	1396510	22085664.00
2012/08/22	7.14	7.26	7.00	7.12	781180	12366701.00
2012/08/23	7.06	7.23	6.94	7.02	1361920	21438768.00
2012/08/24	6.98	7.40	6.88	6.90	1088740	17403230.00
2012/08/27	6.94	6.94	6.63	6.87	785889	11946989.00
2012/08/28	6.88	7.38	6.78	7.30	1447724	22821492.00
2012/08/29	7.30	7.43	7.22	7.27	820939	13332734.00
2012/08/30	7.34	7.34	6.48	6.89	1402137	21605592.00
2012/08/31	6.82	6.82	6.51	6.76	777287	11592774.00
2012/09/03	6.71	6.95	6.68	6.94	743918	11345266.00
2012/09/04	6.97	7.05	6.68	6.77	987060	15202297.00
2012/09/05	6.81	6.90	6.69	6.82	722447	10991640.00
2012/09/06	6.80	6.90	6.69	6.88	867081	13236861.00
2012/09/07	6.87	7.06	6.83	7.03	1061531	16583318.00
2012/09/10	7.00	7.04	6.83	7.01	805545	12550216.00
2012/09/11	7.01	7.25	6.79	6.91	992414	15568732.00
2012/09/12	6.93	7.13	6.83	6.91	1170265	18284268.00
2012/09/13	6.93	6.93	6.82	6.88	444980	6850314.00
2012/09/14	6.99	6.99	6.78	6.91	656031	10122602.00
2012/09/17	6.90	6.94	6.43	6.43	826501	12489483.00
2012/09/18	6.45	6.55	6.38	6.45	819558	11986658.00
2012/09/19	6.54	6.68	6.18	6.33	691088	9865648.00
2012/09/20	6.28	6.29	6.03	6.15	830205	11558070.00
2012/09/21	6.15	6.28	6.09	6.11	470414	6573922.50
2012/09/24	6.05	6.18	5.85	6.13	322969	4435410.00
2012/09/25	6.18	6.21	6.08	6.13	212099	2955520.25
2012/09/26	6.14	6.15	5.99	6.03	325194	4479903.00
2012/09/27	6.17	6.21	6.01	6.16	284800	3969998.00
2012/09/28	6.16	6.42	6.05	6.38	476691	6790701.50
2012/10/08	6.35	6.43	6.33	6.40	292725	4212937.00
2012/10/09	6.40	6.65	6.40	6.58	506229	7454664.50
2012/10/10	6.52	6.63	6.46	6.59	659622	9729497.00
2012/10/11	6.59	7.32	6.48	7.00	1984304	31181434.00
2012/10/12	6.84	7.00	6.77	6.85	689823	10619410.00
2012/10/15	6.93	7.57	6.91	7.52	2927956	47772540.00
2012/10/16	7.54	7.63	7.36	7.42	1573194	26195186.00
2012/10/17	7.44	7.65	7.36	7.58	1174736	19569064.00
2012/10/18	7.68	7.83	7.10	7.18	3150691	51901184.00
2012/10/19	7.09	7.23	7.06	7.11	1397865	22186500.00
2012/10/22	6.99	7.27	6.95	7.22	884269	14059155.00
2012/10/23	7.27	7.27	6.78	6.81	1309479	20451098.00
2012/10/24	6.82	6.87	6.62	6.64	1278172	19206358.00
2012/10/25	6.73	6.80	6.59	6.66	488473	7350980.00
2012/10/26	6.64	6.72	6.46	6.54	415155	6137551.50
2012/10/29	6.62	6.66	6.43	6.54	451754	6645628.50
2012/10/30	6.49	6.59	6.45	6.47	451500	6622842.00
2012/10/31	6.47	6.53	6.45	6.50	455210	6659718.50
2012/11/01	6.50	6.69	6.48	6.67	429821	6402072.00
2012/11/02	6.72	6.76	6.61	6.67	602874	9053931.00
2012/11/05	6.69	6.73	6.28	6.29	801194	11703331.00
2012/11/06	6.31	6.33	6.05	6.12	851514	11889188.00
2012/11/07	6.12	6.20	5.99	6.02	623438	8569508.00
2012/11/08	5.98	6.07	5.86	5.91	402051	5469613.00
2012/11/09	5.88	5.95	5.73	5.74	507502	6750495.50
2012/11/12	5.77	5.84	5.73	5.82	302797	4000579.00
2012/11/13	5.92	5.92	5.74	5.76	241288	3191678.75
2012/11/14	5.73	5.78	5.53	5.57	530329	6819164.00
2012/11/15	5.58	5.58	5.29	5.36	690358	8613598.00
2012/11/16	5.33	5.37	5.19	5.30	523059	6393751.50
2012/11/19	5.32	5.32	5.10	5.28	315640	3811110.25
2012/11/20	5.30	5.36	5.18	5.27	421442	5124436.50
2012/11/21	5.21	5.36	5.17	5.36	398069	4828308.00
2012/11/22	5.34	5.34	5.18	5.22	293737	3558692.50
2012/11/23	5.24	5.35	5.21	5.34	361109	4432223.00
2012/11/26	5.34	5.38	5.29	5.33	198929	2446282.25
2012/11/27	5.20	5.30	4.73	4.73	656056	7582164.00
2012/11/28	4.72	4.82	4.62	4.80	576308	6374101.00
2012/11/29	4.80	4.96	4.69	4.79	412556	4694946.00
2012/11/30	4.81	4.93	4.74	4.84	214898	2436518.75
2012/12/03	4.85	4.85	4.66	4.66	251881	2796984.75
2012/12/04	4.66	4.83	4.62	4.79	238452	2650865.25
2012/12/05	4.82	5.15	4.80	5.03	618403	7252590.00
2012/12/06	5.02	5.18	4.98	5.03	574996	6809679.00
2012/12/07	4.99	5.18	4.99	5.18	767030	9097848.00
2012/12/10	5.20	5.28	5.15	5.21	408362	4930728.00
2012/12/11	5.19	5.55	5.18	5.48	1263783	15645912.00
2012/12/12	5.37	5.55	5.37	5.40	679597	8511454.00
2012/12/13	5.38	5.43	5.26	5.29	760290	9424635.00
2012/12/14	5.33	5.54	5.31	5.43	1424103	17883928.00
2012/12/17	5.43	5.53	5.33	5.43	1229009	15364571.00
2012/12/18	5.43	5.52	5.35	5.40	502570	6285805.50
2012/12/19	5.36	5.44	5.36	5.41	557848	6942039.50
2012/12/20	5.40	5.49	5.34	5.44	341998	4284110.00
2012/12/21	5.43	5.77	5.39	5.57	639159	8179454.00
2012/12/24	5.49	5.79	5.49	5.74	680292	8830238.00
2012/12/25	5.74	5.86	5.69	5.78	883952	11711824.00
2012/12/26	5.77	6.03	5.71	6.01	1348644	18276124.00
2012/12/27	5.99	6.10	5.76	5.80	1295199	17415548.00
2012/12/28	5.88	6.18	5.71	5.98	999917	13529437.00
2012/12/31	5.98	6.11	5.95	6.03	969860	13286726.00
2013/01/04	6.06	6.13	5.86	5.87	829600	11202349.00
2013/01/07	5.89	5.98	5.83	5.88	1196101	16016253.00
2013/01/08	5.92	6.12	5.88	6.02	1373354	18722028.00
2013/01/09	5.99	5.99	5.73	5.79	1869575	24947124.00
2013/01/10	5.79	5.83	5.67	5.79	1627303	21395668.00
2013/01/11	5.78	5.78	5.52	5.59	2177002	28278432.00
2013/01/14	5.59	5.84	5.57	5.83	1749126	22896802.00
2013/01/15	5.82	6.07	5.81	6.05	2202224	29916532.00
2013/01/16	6.05	6.06	5.89	6.01	1366105	18563312.00
2013/01/17	5.99	6.42	5.99	6.27	2797609	39756572.00
2013/01/18	6.32	6.70	6.23	6.65	2550507	37418776.00
2013/01/21	6.68	6.71	6.55	6.60	2024385	30099322.00
2013/01/22	6.48	6.91	6.47	6.62	1573801	23664900.00
2013/01/23	6.58	6.77	6.55	6.71	983814	14723485.00
2013/01/24	6.68	6.80	6.40	6.62	1388653	20632162.00
2013/01/25	6.56	6.72	6.47	6.65	618301	9219083.00
2013/01/28	6.71	6.92	6.53	6.91	1527004	23138254.00
2013/01/29	6.91	7.05	6.86	7.01	1213270	18899480.00
2013/01/30	7.02	7.32	6.95	7.23	1208429	19268792.00
2013/01/31	7.30	7.33	6.98	7.13	1633806	25881518.00
2013/02/01	6.98	7.32	6.95	7.21	888968	14179566.00
2013/02/04	7.23	7.24	6.98	6.99	699100	11058428.00
2013/02/05	6.89	7.04	6.78	6.93	370878	5768907.50
2013/02/06	6.90	7.07	6.88	7.04	303804	4748783.50
2013/02/07	7.30	7.30	6.90	7.03	425838	6632461.00
2013/02/08	6.96	7.13	6.93	7.04	481451	7590168.50
2013/02/18	7.07	7.52	6.99	7.36	1192018	19301502.00
2013/02/19	7.35	7.45	7.21	7.37	772597	12633632.00
2013/02/20	7.37	7.65	7.28	7.55	871385	14489660.00
2013/02/21	7.55	7.65	7.43	7.52	1714311	28690536.00
2013/02/22	7.60	7.61	7.31	7.43	639900	10685824.00
2013/02/25	7.38	7.51	7.29	7.43	567219	9300024.00
2013/02/26	7.33	7.42	7.13	7.26	692211	11224837.00
2013/02/27	7.19	7.31	6.98	7.17	653172	10358392.00
2013/02/28	7.15	7.48	6.98	7.39	1059943	17204490.00
2013/03/01	7.38	7.50	7.30	7.46	1005742	16607610.00
2013/03/04	7.44	7.77	7.32	7.74	2370742	40023064.00
2013/03/05	7.73	8.12	7.65	8.09	2332565	40630948.00
2013/03/06	8.09	8.46	8.03	8.38	2191556	39955032.00
2013/03/07	8.31	8.56	8.12	8.19	1286175	23561228.00
2013/03/08	8.26	8.26	7.84	8.02	825200	14650076.00
2013/03/11	8.00	8.41	8.00	8.23	933794	17008882.00
2013/03/12	8.32	8.50	7.80	7.87	1185374	21122094.00
2013/03/13	7.83	7.96	7.53	7.78	561460	9560327.00
2013/03/14	8.05	8.05	7.75	7.92	517492	9056988.00
2013/03/15	7.45	8.08	7.18	7.94	567702	9928609.00
2013/03/18	7.94	8.06	7.91	7.93	439352	7720971.50
2013/03/19	7.93	8.16	7.79	7.99	1180956	20785052.00
2013/03/20	7.91	8.18	7.79	8.08	1164362	20639264.00
2013/03/21	8.02	8.15	7.94	8.05	731265	12981682.00
2013/03/22	8.03	8.09	7.88	8.05	656906	11609008.00
2013/03/25	8.05	8.06	7.85	7.86	1356995	23761908.00
2013/03/26	7.97	7.97	7.71	7.85	1483132	25667810.00
2013/03/27	7.88	8.00	7.85	7.87	646079	11272770.00
2013/03/28	7.81	7.93	7.68	7.84	467441	8072210.00
2013/03/29	7.87	7.88	7.69	7.84	557892	9633976.00
2013/04/01	7.92	7.92	7.73	7.83	648586	11171658.00
2013/04/02	7.87	7.88	7.49	7.50	825736	14025020.00
2013/04/03	7.54	7.65	7.25	7.39	416800	6849446.50
2013/04/08	7.84	7.89	7.53	7.66	3427141	57986084.00
2013/04/09	7.66	7.82	7.48	7.72	2035823	34570680.00
2013/04/10	7.51	7.68	7.34	7.40	2359255	39279448.00
2013/04/11	7.40	7.50	7.18	7.18	1099565	17949296.00
2013/04/12	7.08	7.29	6.98	7.25	453778	7226072.50
2013/04/15	7.17	7.35	7.05	7.13	552319	8803845.00
2013/04/16	7.16	7.22	7.01	7.18	537892	8519818.00
2013/04/17	7.18	7.39	7.14	7.35	779344	12673070.00
2013/04/18	7.25	7.42	7.18	7.21	789700	12824950.00
2013/04/19	7.25	7.44	7.23	7.33	1735374	28338472.00
2013/04/22	7.37	7.93	7.34	7.69	2714313	45343836.00
2013/04/23	7.72	8.09	7.72	7.93	3809682	66588832.00
2013/04/24	7.77	8.03	7.75	8.03	2314868	40489308.00
2013/04/25	8.13	8.13	7.78	7.88	1793719	31314956.00
2013/04/26	7.95	7.95	7.55	7.62	1265272	21505036.00
2013/05/02	7.57	7.78	7.43	7.72	688877	11688966.00
2013/05/03	7.81	7.93	7.67	7.75	1615032	27829374.00
2013/05/06	7.78	8.12	7.75	8.05	2028857	35574172.00
2013/05/07	8.01	8.08	7.93	8.02	1089645	19211256.00
2013/05/08	8.13	8.13	7.83	7.88	1933228	33832036.00
2013/05/09	7.88	7.97	7.76	7.77	1227610	21276026.00
2013/05/10	7.86	7.86	7.63	7.78	1055565	18091448.00
2013/05/13	7.81	7.82	7.68	7.73	1662336	28523620.00
2013/05/14	7.75	7.80	7.31	7.31	1720206	28620372.00
2013/05/15	7.28	7.51	7.23	7.50	1548419	25377296.00
2013/05/16	7.47	7.60	7.28	7.34	849936	14062950.00
2013/05/17	7.29	7.51	7.29	7.42	1072284	17666176.00
2013/05/20	7.44	7.59	7.18	7.57	2181537	35655364.00
2013/05/21	7.52	7.89	7.43	7.84	2575920	43981084.00
2013/05/22	7.76	7.90	7.61	7.63	1338261	22979196.00
2013/05/23	7.58	7.78	7.48	7.58	1174257	19830464.00
2013/05/24	7.64	7.73	7.57	7.68	816441	13824676.00
2013/05/27	7.68	7.95	7.68	7.73	2352416	40712664.00
2013/05/28	7.78	7.97	7.69	7.80	2477298	42880160.00
2013/05/29	7.80	8.31	7.74	8.28	2936754	51992088.00
2013/05/30	8.18	8.42	8.14	8.30	2516238	45758492.00
2013/05/31	8.32	8.91	8.32	8.68	4604101	87736736.00
2013/06/03	8.68	8.96	8.33	8.36	2999105	56828388.00
2013/06/04	8.23	8.23	7.75	7.91	2383912	41965424.00
2013/06/05	7.91	8.10	7.86	8.04	1241863	21899656.00
2013/06/06	8.02	8.02	7.38	7.51	2733561	46415172.00
2013/06/07	7.65	7.66	7.33	7.45	1522531	25233824.00
2013/06/13	7.43	7.78	7.21	7.71	1629586	27251232.00
2013/06/14	7.73	7.89	7.60	7.89	1720349	29626888.00
2013/06/17	7.94	8.24	7.93	8.04	2852976	50946448.00
2013/06/18	7.96	8.05	7.67	8.00	1753654	30411518.00
2013/06/19	7.84	8.16	7.77	8.14	1273212	22403878.00
2013/06/20	8.08	8.24	7.83	7.84	1254609	22214026.00
2013/06/21	7.75	7.78	7.48	7.62	1529209	25773334.00
2013/06/24	7.62	7.77	7.01	7.21	1500510	24543316.00
2013/06/25	7.21	7.31	6.40	6.85	2506307	38169788.00
2013/06/26	6.83	7.14	6.73	7.06	1451509	22502280.00
2013/06/27	7.06	7.40	7.00	7.21	2380404	38194884.00
2013/06/28	7.18	7.35	6.95	7.10	1063111	16980720.00
2013/07/01	7.10	7.37	7.03	7.37	657368	10553953.00
2013/07/02	7.40	7.79	7.38	7.75	1442932	24133382.00
2013/07/03	7.69	8.09	7.67	8.04	2503475	43201104.00
2013/07/04	7.94	8.07	7.83	7.89	1995277	34672716.00
2013/07/05	7.89	8.05	7.81	7.94	1540554	26766480.00
2013/07/08	7.87	8.28	7.75	7.97	2906412	51214468.00
2013/07/09	8.10	8.10	7.38	7.44	4833538	81497952.00
2013/07/10	7.26	7.54	7.26	7.50	2440233	39753776.00
2013/07/11	7.41	7.72	7.35	7.58	2166743	35844844.00
2013/07/12	7.50	7.83	7.46	7.67	2353341	39817664.00
2013/07/15	7.61	8.33	7.61	8.28	3967753	69930144.00
2013/07/16	8.28	8.42	8.11	8.25	2892140	51819344.00
2013/07/17	8.22	8.49	8.01	8.28	2844340	51418632.00
2013/07/18	8.28	8.60	8.17	8.52	3218519	58965324.00
2013/07/19	8.43	8.60	7.90	7.99	3137601	56705040.00
2013/07/22	7.93	8.41	7.86	8.38	2431910	43654940.00
2013/07/23	8.40	8.58	8.33	8.54	3022973	55682544.00
2013/07/24	8.48	8.93	8.46	8.87	3745770	71075184.00
2013/07/25	8.84	8.88	8.20	8.25	3408828	62853184.00
2013/07/26	8.25	8.45	8.04	8.41	2163676	39128912.00
2013/07/29	8.29	8.59	8.18	8.28	1833364	33373458.00
2013/07/30	8.28	8.37	7.65	7.99	2450836	42688284.00
2013/07/31	7.97	8.12	7.75	7.90	1296795	22606746.00
2013/08/01	7.85	8.29	7.85	8.25	1836175	32685766.00
2013/08/02	8.32	8.43	8.11	8.13	1655735	29888068.00
2013/08/05	8.12	8.52	8.06	8.49	2536301	46238356.00
2013/08/06	8.45	8.59	8.38	8.53	2070332	38223824.00
2013/08/07	8.50	8.54	8.10	8.18	2310518	41605104.00
2013/08/08	8.10	8.50	8.08	8.36	2131192	38750444.00
2013/08/09	8.43	8.52	8.15	8.36	1860560	33766200.00
2013/08/12	8.26	8.82	8.26	8.72	4115351	77428576.00
2013/08/13	8.67	8.84	8.59	8.73	2521319	47715388.00
2013/08/14	8.74	9.28	8.62	9.11	5691538	111079624.00
2013/08/15	9.10	9.24	8.95	8.99	3307124	64877028.00
2013/08/16	8.91	8.96	8.29	8.29	4766548	89153336.00
2013/08/19	8.25	8.54	8.15	8.51	1743461	31913068.00
2013/08/20	8.44	8.61	8.29	8.38	1761365	32434586.00
2013/08/21	8.35	8.63	8.26	8.63	2292069	42264736.00
2013/08/22	8.70	8.70	8.38	8.45	2788620	51591532.00
2013/08/23	8.49	8.52	8.19	8.33	2271835	41295080.00
2013/08/26	8.32	8.47	8.30	8.44	1674599	30597844.00
2013/08/27	8.47	8.64	8.43	8.57	2108910	39245660.00
2013/08/28	8.46	8.50	8.10	8.10	2759607	49732668.00
2013/08/29	8.00	8.17	7.99	8.07	1479107	26036168.00
2013/08/30	8.05	8.10	7.50	7.55	2648453	45342444.00
2013/09/02	7.58	7.75	7.53	7.74	1557706	26163258.00
2013/09/03	7.72	7.89	7.66	7.87	1031671	17635402.00
2013/09/04	7.86	7.90	7.65	7.71	905260	15384418.00
2013/09/05	7.71	7.88	7.63	7.80	1365440	23221734.00
2013/09/06	7.77	7.84	7.66	7.71	1270089	21526212.00
2013/09/09	7.75	7.83	7.55	7.68	1196933	20129128.00
2013/09/10	7.70	7.72	7.45	7.52	2092840	34805004.00
2013/09/11	7.51	7.56	7.25	7.32	1461076	23705628.00
2013/09/12	7.28	7.47	7.28	7.40	819163	13364715.00
2013/09/13	7.40	7.53	7.33	7.52	1000113	16406717.00
2013/09/16	7.58	7.70	7.50	7.62	1139034	19069766.00
2013/09/17	7.60	7.75	7.58	7.60	974260	16358417.00
2013/09/18	7.60	7.66	7.55	7.65	679162	11354277.00
2013/09/23	7.66	7.80	7.65	7.80	1339812	22741472.00
2013/09/24	7.78	7.81	7.62	7.75	1179126	19981272.00
2013/09/25	7.70	7.75	7.60	7.66	1258742	21180674.00
2013/09/26	7.61	7.85	7.60	7.74	1425207	24191346.00
2013/09/27	7.74	7.94	7.69	7.85	1463996	25212778.00
2013/09/30	7.89	8.00	7.85	7.88	1170749	20281502.00
2013/10/08	7.88	8.05	7.81	8.01	1187826	20640504.00
2013/10/09	8.02	8.06	7.88	8.03	2306908	40215736.00
2013/10/10	8.05	8.05	7.73	7.76	1640028	28404840.00
2013/10/11	7.79	7.88	7.77	7.86	1058449	18157468.00
2013/10/14	8.10	8.63	8.09	8.33	4068990	73618688.00
2013/10/15	8.30	8.54	8.30	8.44	2352768	43252732.00
2013/10/16	8.45	8.51	8.03	8.27	2609302	46644196.00
2013/10/17	8.30	8.35	8.17	8.25	1373741	24716098.00
2013/10/18	8.25	8.47	8.17	8.33	1385639	25208520.00
2013/10/21	8.33	8.59	8.33	8.56	2067662	38283732.00
2013/10/22	8.54	8.59	8.24	8.25	1805047	33054858.00
2013/10/23	8.23	8.32	8.00	8.03	1817847	32260318.00
2013/10/24	8.09	8.19	8.03	8.14	920671	16313625.00
2013/10/25	8.15	8.17	7.66	7.71	1567731	26969346.00
2013/10/28	7.67	7.75	7.42	7.55	1480800	24515132.00
2013/10/29	7.53	7.59	7.02	7.22	1470346	23625776.00
2013/10/30	7.20	7.35	7.11	7.35	765084	12256756.00
2013/10/31	7.31	7.47	7.20	7.40	917189	14841295.00
2013/11/01	7.40	7.53	7.31	7.44	763454	12481851.00
2013/11/04	7.35	7.50	7.35	7.42	586609	9602171.00
2013/11/05	7.38	7.54	7.34	7.51	614462	10076110.00
2013/11/06	7.40	7.63	7.40	7.45	865824	14357186.00
2013/11/07	7.50	7.73	7.43	7.68	1322007	22081186.00
2013/11/08	7.64	7.64	7.35	7.37	976967	16078536.00
2013/11/11	7.39	7.80	7.30	7.71	1442999	24175438.00
2013/11/12	7.71	8.10	7.71	8.02	2341049	41047368.00
2013/11/13	8.00	8.03	7.88	7.91	1325215	23055122.00
2013/11/14	7.86	8.45	7.86	8.34	3049745	54972388.00
2013/11/15	8.27	8.49	8.27	8.44	3011681	55116832.00
2013/11/18	8.53	8.69	8.43	8.46	3140049	58347192.00
2013/11/19	8.54	8.74	8.46	8.62	2741041	51299720.00
2013/11/20	8.60	8.67	8.40	8.62	2163184	40205400.00
2013/11/21	8.52	8.72	8.47	8.72	1736082	32479624.00
2013/11/22	8.74	9.09	8.65	8.71	2771943	53306368.00
2013/11/25	8.65	9.46	8.56	9.16	4339006	85432648.00
2013/11/26	9.15	9.59	9.09	9.33	3331618	67361192.00
2013/11/27	9.34	9.63	9.24	9.34	2502085	50897848.00
2013/11/28	9.34	9.54	9.25	9.44	2462734	50032148.00
2013/11/29	9.57	10.24	9.50	10.00	3644971	78219496.00
2013/12/02	9.06	9.39	8.93	8.93	3074010	60719656.00
2013/12/03	8.41	8.83	8.01	8.55	6067189	110276120.00
2013/12/04	8.39	8.85	8.33	8.47	4304755	80979400.00
2013/12/05	8.44	8.70	8.33	8.51	2992499	55595856.00
2013/12/06	8.50	8.61	8.39	8.58	1498151	27744244.00
2013/12/09	8.65	8.85	8.59	8.81	2409218	45715228.00
2013/12/10	8.80	8.93	8.53	8.68	1882387	35573560.00
2013/12/11	8.78	9.22	8.73	9.05	4006496	78407488.00
2013/12/12	8.93	9.35	8.93	9.21	2216550	44016992.00
2013/12/13	9.15	9.47	9.07	9.31	2571572	51563932.00
2013/12/16	9.28	9.60	9.13	9.32	2550256	51724556.00
2013/12/17	9.27	9.38	9.03	9.25	2094058	41562672.00
2013/12/18	9.30	9.61	9.12	9.50	2484400	50657816.00
2013/12/19	9.46	9.63	9.25	9.27	2067330	42076740.00
2013/12/20	9.23	9.30	8.98	9.03	2604215	51298976.00
2013/12/23	9.04	9.17	8.58	9.06	2072885	40159596.00
2013/12/24	9.08	9.53	9.05	9.36	2508297	50714052.00
2013/12/25	9.45	10.07	9.43	10.00	3920120	83084808.00
2013/12/26	9.91	10.00	9.66	9.78	2872737	60788500.00
2013/12/27	9.75	10.33	9.71	10.20	2889338	62662280.00
2013/12/30	10.31	10.65	10.21	10.43	2569845	57806264.00
2013/12/31	10.26	10.43	9.80	10.10	2392774	51911044.00
2014/01/02	10.10	10.70	10.06	10.57	2310784	51929340.00
2014/01/03	10.46	10.74	10.43	10.63	2401113	54458136.00
2014/01/06	10.62	10.63	9.82	9.85	3135646	68444016.00
2014/01/07	9.80	10.91	9.80	10.91	3001930	68204112.00
2014/01/08	11.30	11.47	10.95	11.18	5999564	143140656.00
2014/01/09	11.30	11.35	10.71	10.73	3844156	90444072.00
2014/01/10	10.65	10.87	10.26	10.49	2927400	66266844.00
2014/01/13	10.40	10.84	10.40	10.49	2672892	60915768.00
2014/01/14	10.43	10.73	10.16	10.71	2509025	56423780.00
2014/01/15	10.67	11.04	10.58	10.99	2599291	60382512.00
2014/01/16	10.91	11.15	10.60	10.72	2344445	54258804.00
2014/01/17	10.67	10.89	10.50	10.50	1484187	34043604.00
2014/01/20	10.52	10.68	10.18	10.19	1986432	44306624.00
2014/01/21	10.12	10.55	10.12	10.41	1964731	43771440.00
2014/01/22	10.49	10.68	10.41	10.59	2065067	46613280.00
2014/01/23	10.59	10.84	10.58	10.65	2042480	46768596.00
2014/01/24	10.58	11.03	10.55	10.88	2679778	62271984.00
2014/01/27	10.87	11.08	10.63	10.89	2174883	50486924.00
2014/01/28	10.81	11.03	10.61	10.71	1714558	39493512.00
2014/01/29	10.70	10.93	10.63	10.84	1450627	33488374.00
2014/01/30	10.84	10.91	10.23	10.31	2404052	54121512.00
2014/02/07	10.25	10.53	10.21	10.49	1508250	33657112.00
2014/02/10	10.54	11.07	10.54	10.98	2234387	51736600.00
2014/02/11	10.95	11.05	10.64	10.74	2249715	52004372.00
2014/02/12	10.74	11.87	10.70	11.71	3899445	94434568.00
2014/02/13	11.69	11.80	11.16	11.25	3045229	74716728.00
2014/02/14	11.36	12.14	11.36	11.80	3305330	83017296.00
2014/02/17	11.95	12.15	11.78	12.06	2213967	56508628.00
2014/02/18	12.05	12.05	11.75	11.94	2031191	51297564.00
2014/02/19	11.89	11.95	11.51	11.70	2257824	56164920.00
2014/02/20	11.70	12.24	11.48	11.99	2899331	73306408.00
2014/02/21	11.88	12.35	11.88	12.19	2402321	61970216.00
2014/02/24	12.19	12.34	11.89	12.28	2034584	52106764.00
2014/02/25	12.20	12.82	11.28	11.41	4217379	108584288.00
2014/02/26	11.55	11.85	11.04	11.71	2474864	60980368.00
2014/02/27	11.74	11.84	10.62	10.75	3492515	83961920.00
2014/02/28	10.75	10.97	10.40	10.83	1831817	41931220.00
2014/03/03	10.75	11.19	10.69	11.15	1731721	40811692.00
2014/03/04	11.10	11.38	10.80	11.30	1471832	34722332.00
2014/03/05	11.26	11.97	11.25	11.61	2814648	69799704.00
2014/03/06	11.61	11.81	11.33	11.72	1508993	37183236.00
2014/03/07	11.72	11.85	11.52	11.85	1424956	35431580.00
2014/03/10	11.75	11.89	11.40	11.75	1539897	38164964.00
2014/03/11	11.88	12.00	11.05	11.24	2206031	53932172.00
2014/03/12	11.16	11.46	10.84	11.38	1928985	46111892.00
2014/03/13	11.38	11.85	11.18	11.73	1988209	48902752.00
2014/03/20	11.14	11.30	10.48	10.48	4350309	100254504.00
2014/03/21	9.60	10.17	9.60	10.06	2837972	60407456.00
2014/03/24	10.04	10.20	9.88	9.99	1620249	34788508.00
2014/03/25	9.99	10.13	9.79	9.89	1067970	22958540.00
2014/03/26	9.93	10.33	9.93	10.22	1356673	29700514.00
2014/03/27	10.23	10.25	9.88	9.88	1050058	22794790.00
2014/03/28	9.85	9.97	9.09	9.22	2160944	43774668.00
2014/03/31	9.27	9.29	8.97	9.24	829082	16475222.00
2014/04/01	9.19	9.50	9.19	9.46	637328	12963087.00
2014/04/02	9.45	9.55	9.23	9.35	747560	15067740.00
2014/04/03	9.35	9.56	9.30	9.40	853686	17405020.00
2014/04/04	9.41	9.57	9.31	9.53	599923	12233273.00
2014/04/08	9.50	9.90	9.36	9.88	934827	19548156.00
2014/04/09	9.83	9.99	9.75	9.99	990745	21079684.00
2014/04/10	9.95	10.09	9.90	9.90	1032422	22180888.00
2014/04/11	9.76	9.86	9.60	9.73	939600	19663408.00
2014/04/14	9.69	9.88	9.68	9.83	558912	11791413.00
2014/04/15	9.89	10.24	9.83	10.10	1101888	23807284.00
2014/04/16	10.10	10.13	9.90	9.98	640386	13766380.00
2014/04/17	10.10	10.13	9.98	10.00	388739	8377714.00
2014/04/18	9.99	10.13	9.85	10.12	423468	9155667.00
2014/04/21	10.00	10.21	9.98	10.04	676855	14727725.00
2014/04/22	10.03	10.13	9.25	9.70	840126	17692978.00
2014/04/23	9.70	10.07	9.65	9.70	802792	16934534.00
2014/04/24	9.65	9.78	9.47	9.65	719131	14909729.00
2014/04/25	9.70	9.79	9.52	9.58	584535	12122478.00
2014/04/28	9.45	9.55	9.23	9.23	666577	13437126.00
2014/04/29	9.24	9.37	9.19	9.33	369703	7415811.00
2014/04/30	9.38	9.55	9.33	9.46	445153	9083318.00
2014/05/05	9.48	9.70	9.41	9.70	645281	13308415.00
2014/05/06	9.70	9.97	9.67	9.90	869626	18269962.00
2014/05/07	9.83	10.10	9.76	9.77	797183	16875138.00
2014/05/08	9.70	9.88	9.65	9.68	597796	12456188.00
2014/05/09	9.68	9.78	9.49	9.57	516410	10599930.00
2014/05/12	9.70	9.87	9.54	9.83	497781	10342392.00
2014/05/13	9.88	9.96	9.76	9.83	793352	16670623.00
2014/05/14	9.79	9.93	9.78	9.84	441540	9258257.00
2014/05/15	9.78	9.85	9.40	9.44	891090	18268740.00
2014/05/16	9.41	9.53	9.31	9.45	498339	10036162.00
2014/05/19	9.41	9.48	9.34	9.47	416965	8386364.00
2014/05/20	9.53	9.74	9.41	9.50	545214	11164414.00
2014/05/21	9.43	9.62	9.37	9.58	467749	9502825.00
2014/05/22	9.54	9.78	9.54	9.59	773089	15934975.00
2014/05/23	9.58	9.66	9.41	9.66	907286	18442646.00
2014/05/26	9.65	9.91	9.61	9.85	1300281	27132114.00
2014/05/27	9.85	9.98	9.78	9.86	955854	20092776.00
2014/05/28	9.84	10.00	9.78	9.95	1074902	22700998.00
2014/05/29	9.93	10.00	9.70	9.82	986237	20757488.00
2014/05/30	9.79	9.93	9.75	9.81	681847	14286895.00
2014/06/03	9.78	9.94	9.77	9.87	777513	16384614.00
2014/06/04	9.91	9.91	9.67	9.83	589168	12302709.00
2014/06/05	9.81	10.08	9.76	10.06	1364812	28937712.00
2014/06/06	10.16	10.30	10.09	10.18	1682329	36486552.00
2014/06/09	10.22	10.73	10.20	10.62	2293054	51379532.00
2014/06/10	10.60	11.08	10.52	10.85	2022867	46352136.00
2014/06/11	10.83	11.07	10.73	10.93	1839178	42494920.00
2014/06/12	10.85	10.95	10.67	10.75	955977	21832386.00
2014/06/13	10.75	10.81	10.67	10.77	993229	22653910.00
2014/06/16	10.85	10.85	10.61	10.76	858173	19476288.00
2014/06/17	10.70	11.16	10.66	10.93	1753708	40734536.00
2014/06/18	10.99	11.00	10.49	10.49	1103948	25017870.00
2014/06/19	10.49	10.59	10.16	10.18	1173022	25859986.00
2014/06/20	10.25	10.68	10.15	10.63	1237098	27522646.00
2014/06/23	10.63	11.10	10.63	10.88	1298840	30091250.00
2014/06/24	10.90	11.26	10.79	11.10	1413790	33194192.00
2014/06/25	11.05	11.20	10.94	11.08	1592917	37292296.00
2014/06/26	11.04	11.52	10.97	11.50	2723314	65300612.00
2014/06/27	11.67	12.10	11.50	11.84	2990956	74619304.00
2014/06/30	11.70	12.02	11.70	11.89	1477913	36908568.00
2014/07/01	11.88	12.11	11.71	11.93	1424448	35714736.00
2014/07/02	11.93	12.00	11.58	11.78	1211974	30014952.00
2014/07/03	11.79	12.32	11.78	12.20	1764958	45166364.00
2014/07/04	13.20	13.49	13.20	13.49	1645890	46365596.00
2014/07/07	14.55	14.90	13.74	13.90	7084623	209834448.00
2014/07/08	13.88	14.25	13.83	14.12	3550525	104478176.00
2014/07/09	14.05	14.09	13.66	13.85	2390358	69513584.00
2014/07/10	13.76	14.15	13.57	13.64	1973512	57242520.00
2014/07/11	13.85	13.85	13.31	13.39	2898877	82178000.00
2014/07/14	13.38	14.10	13.30	13.81	2644577	76165312.00
2014/07/15	13.80	13.96	13.61	13.90	1615054	46664076.00
2014/07/16	13.83	13.94	13.35	13.41	1451576	41250444.00
2014/07/17	13.55	13.55	13.16	13.28	1077974	30017082.00
2014/07/18	13.27	13.39	13.04	13.15	1241936	34457236.00
2014/07/21	13.17	13.20	12.84	13.07	1253774	34157844.00
2014/07/22	13.11	13.40	13.05	13.33	1062038	29595438.00
2014/07/23	13.34	13.40	12.66	12.79	1852507	50332928.00
2014/07/24	12.68	12.90	12.61	12.79	1013704	27202616.00
2014/07/25	12.85	12.98	12.65	12.80	1302528	34998256.00
2014/07/28	12.93	13.19	12.76	13.17	1490728	40530824.00
2014/07/29	13.15	13.50	13.11	13.36	1173761	32825576.00
2014/07/30	13.35	13.47	13.22	13.42	732875	20527264.00
2014/07/31	13.40	13.40	13.15	13.22	880628	24432224.00
2014/08/01	13.18	13.99	13.08	13.94	2917351	83057296.00
2014/08/04	14.78	14.78	14.00	14.19	4627632	138925760.00
2014/08/05	13.84	14.13	12.74	13.56	3526140	100145776.00
2014/08/06	13.38	13.52	13.31	13.42	1609189	45239632.00
2014/08/07	13.42	13.49	13.12	13.13	1310737	36623416.00
2014/08/08	13.13	13.38	13.13	13.25	858209	23852022.00
2014/08/11	13.49	13.61	13.29	13.61	1485526	41988060.00
2014/08/12	13.60	13.69	13.48	13.53	1164421	33119262.00
2014/08/13	13.54	13.54	13.18	13.29	1203120	33610752.00
2014/08/14	13.25	13.38	13.15	13.28	847725	23633428.00
2014/08/15	13.30	13.35	13.20	13.34	875629	24382570.00
2014/08/18	13.36	13.80	13.36	13.76	1883048	53954396.00
2014/08/19	13.69	13.83	13.57	13.75	1118895	32086466.00
2014/08/20	13.69	14.08	13.60	13.94	1486521	43212008.00
2014/08/21	13.90	14.25	13.73	14.06	1349242	39532436.00
2014/08/22	14.01	14.14	13.75	13.92	1192831	34766868.00
2014/08/25	13.86	13.94	13.68	13.90	865714	25011654.00
2014/08/26	14.22	14.22	13.67	13.76	1887518	55077312.00
2014/08/27	13.75	13.90	13.65	13.77	1000885	28854096.00
2014/08/28	13.78	13.93	13.35	13.40	1158377	32979622.00
2014/08/29	13.40	13.64	13.39	13.64	971846	27546518.00
2014/09/01	13.63	14.49	13.63	14.35	2541098	75007088.00
2014/09/02	14.29	14.64	14.23	14.62	2017284	60733408.00
2014/09/03	14.55	14.60	14.34	14.56	1577702	47620316.00
2014/09/04	14.61	15.20	14.48	15.00	2115816	66237788.00
2014/09/05	15.10	15.14	14.88	15.13	926708	29020846.00
2014/09/09	15.12	15.20	14.85	15.12	1342945	42022472.00
2014/09/10	15.14	15.57	15.13	15.18	1515577	48434224.00
2014/09/11	15.26	15.59	14.89	15.06	1486935	47347216.00
2014/09/12	15.03	15.09	14.91	15.09	1070587	33522712.00
2014/09/15	15.08	15.08	14.35	14.82	2037068	62838668.00
2014/09/16	14.68	14.93	14.30	14.32	1370208	41715264.00
2014/09/17	14.35	14.54	14.16	14.32	1434350	42892520.00
2014/09/18	14.33	14.54	14.16	14.41	1318643	39664264.00
2014/09/19	14.41	14.74	14.25	14.70	989954	30158918.00
2014/09/22	14.61	14.75	14.50	14.73	1168308	35738220.00
2014/09/23	14.63	15.40	14.61	15.36	1459889	46123576.00
2014/09/24	15.44	15.73	15.24	15.72	2160784	69816136.00
2014/09/25	15.72	15.78	15.28	15.35	1267726	41084276.00
2014/09/26	15.34	15.57	15.29	15.42	844936	27178110.00
2014/09/29	15.42	15.85	15.42	15.52	1178337	38340128.00
2014/09/30	15.51	15.62	15.16	15.48	1656440	52955868.00
2014/10/08	15.57	16.19	15.50	15.92	2662155	87885696.00
2014/10/09	15.80	17.18	15.79	17.05	3775314	127953760.00
2014/10/10	16.70	17.65	16.65	17.41	2856384	102374344.00
2014/10/13	17.53	18.45	17.21	18.25	3649432	134849328.00
2014/10/14	18.16	18.48	17.75	18.08	2193843	82395024.00
2014/10/15	17.98	18.46	17.77	18.40	2153003	81200904.00
2014/10/16	18.25	18.74	17.56	17.64	3323936	124213472.00
2014/10/17	17.84	17.84	17.05	17.70	2678772	96664176.00
2014/10/20	17.74	17.83	17.35	17.78	2163968	79278016.00
2014/10/21	17.79	17.79	17.21	17.27	1507852	54601596.00
2014/10/22	17.29	17.45	16.70	16.79	1699209	60206504.00
2014/10/23	16.79	17.16	16.55	17.04	2309200	80867960.00
2014/10/24	17.09	17.98	16.96	17.98	2441849	89029544.00
2014/10/27	17.89	18.15	17.52	18.01	2162878	80100288.00
2014/10/28	18.11	18.36	17.92	18.10	2026037	76141824.00
2014/10/29	18.18	18.35	17.99	18.16	1804350	67799888.00
2014/10/30	18.18	18.71	17.70	17.75	2457074	92605584.00
2014/10/31	17.70	17.94	17.49	17.90	1683044	61696008.00
2014/11/03	17.90	18.62	17.90	18.28	1838846	69759136.00
2014/11/04	18.29	18.74	18.11	18.67	1985504	75581832.00
2014/11/05	18.64	19.15	18.56	18.92	1769655	69163768.00
2014/11/06	18.85	19.17	18.60	19.17	1581644	61901368.00
2014/11/07	19.18	19.27	18.42	18.50	1569015	61141904.00
2014/11/10	18.43	18.65	18.25	18.60	1232276	47116760.00
2014/11/11	18.59	18.72	17.43	17.95	2887126	107105664.00
2014/11/12	17.98	18.48	17.86	18.46	1478619	55816468.00
2014/11/13	18.36	18.60	17.69	18.03	1448388	53951792.00
2014/11/14	17.87	18.54	17.76	18.33	1243474	46587072.00
2014/11/17	18.08	18.55	18.08	18.47	1306573	49678920.00
2014/11/18	18.47	18.73	18.38	18.66	1271060	48845656.00
2014/11/19	18.60	18.84	18.39	18.50	1144080	44130484.00
2014/11/20	18.11	18.59	17.65	18.10	2015723	74752608.00
2014/11/21	17.99	18.22	17.90	18.15	1215450	45537316.00
2014/11/24	18.23	18.28	17.80	17.94	1203149	44750220.00
2014/11/25	17.98	18.07	17.74	17.93	1398294	51751164.00
2014/11/26	18.02	18.69	17.86	18.65	1873413	71250152.00
2014/11/27	18.60	18.79	18.10	18.41	1475470	56440076.00
2014/11/28	18.70	20.31	18.36	20.31	3926120	159479504.00
2014/12/01	20.94	21.85	20.00	21.78	3478224	148893696.00
2014/12/02	21.34	23.37	21.26	22.73	2999183	136747472.00
2014/12/03	22.60	22.60	21.80	22.53	1841520	83760048.00
2014/12/04	22.55	22.75	22.08	22.58	1478210	68224160.00
2014/12/05	22.36	22.68	20.40	21.63	1965623	87284624.00
2014/12/08	21.20	21.50	19.68	19.68	2035238	87035376.00
2014/12/09	19.65	20.45	18.35	20.44	4017269	159656784.00
2014/12/10	20.25	21.63	19.85	20.73	2521021	107328504.00
2014/12/11	20.73	20.73	19.76	20.46	1523198	63533224.00
2014/12/12	20.50	20.50	19.90	20.29	1004368	41790404.00
2014/12/15	20.14	20.95	20.01	20.73	1868751	79286368.00
2014/12/16	20.72	20.77	20.10	20.15	1596644	66634744.00
2014/12/17	20.15	20.25	19.40	19.51	1358588	55181044.00
2014/12/18	19.51	19.85	19.17	19.43	1362275	54715460.00
2014/12/19	19.49	19.49	18.60	18.65	1883895	73011352.00
2014/12/22	18.31	18.31	16.72	16.72	2244453	79715120.00
2014/12/23	16.58	17.48	16.35	16.46	1447182	50563520.00
2014/12/24	16.60	18.10	16.60	17.97	1757270	63804192.00
2014/12/25	18.14	18.55	17.83	18.09	1409836	53044616.00
2014/12/26	19.15	19.95	19.08	19.32	2003777	80572128.00
2014/12/29	19.10	19.27	18.34	18.76	1122988	43745396.00
2014/12/30	18.65	19.18	18.61	18.95	1017529	39685484.00
2014/12/31	18.82	19.02	18.40	18.75	865393	33357064.00
2015/05/15	20.69	20.69	20.69	20.69	3614	154209.38
2015/05/18	22.82	22.82	22.82	22.82	7511	352566.34
2015/05/19	25.15	25.15	25.15	25.15	54903	2816524.00
2015/05/20	27.72	27.72	27.72	27.72	4912	277184.16
2015/05/21	30.54	30.54	30.54	30.54	8002	496684.13
2015/05/22	33.64	33.64	33.64	33.64	5009	342014.53
2015/05/25	37.06	37.06	37.06	37.06	6352	477098.72
2015/05/26	40.81	40.81	40.81	40.81	37838	3126175.50
2015/05/27	44.94	44.94	44.94	44.94	68563	6231005.50
2015/05/28	49.49	49.49	49.49	49.49	365776	36566628.00
2015/05/29	54.49	54.49	48.50	54.49	8770398	936050880.00
2015/06/01	54.00	56.25	51.76	53.90	5205797	566034304.00
2015/06/02	53.23	59.33	52.50	57.15	3728543	425540736.00
2015/06/03	57.28	58.44	54.00	54.89	2614532	294821088.00
2015/06/04	54.48	54.48	49.35	50.45	3499349	358843360.00
2015/06/05	51.85	51.92	49.26	49.86	2453823	250835776.00
2015/06/08	49.78	49.78	44.82	44.82	4154378	385073376.00
2015/06/09	44.05	46.40	43.65	44.90	2410353	220440352.00
2015/06/10	44.90	47.25	44.80	46.78	2292072	214588592.00
2015/06/11	46.52	48.75	46.11	48.44	2105587	202034352.00
2015/06/12	48.01	49.50	47.62	48.35	1893177	185337488.00
2015/06/15	47.96	48.24	43.76	44.90	2455982	226342976.00
2015/06/16	44.50	44.70	42.26	43.30	1866556	163729072.00
2015/06/17	43.79	45.68	43.01	45.15	1512061	136226592.00
2015/06/18	44.75	45.24	42.41	42.60	1255386	111179896.00
2015/06/19	41.50	42.39	39.51	40.00	1729036	143563392.00
2015/06/23	40.70	42.39	39.00	41.99	1904159	157157536.00
2015/06/24	46.00	46.24	45.00	45.90	3953872	367235136.00
2015/06/25	45.00	45.00	41.26	41.26	3497248	302810368.00
2015/06/26	39.11	39.31	37.09	37.09	2502993	190959408.00
2015/06/29	37.90	37.90	33.33	33.53	3014176	212297168.00
2015/06/30	34.00	36.93	32.50	36.93	3220884	233150240.00
2015/07/01	36.93	40.22	36.51	37.20	3769012	295392160.00
2015/07/02	37.76	39.26	34.67	35.79	2266776	170388416.00
2015/07/03	34.01	38.25	32.52	35.18	2019713	143655616.00
2015/07/06	38.75	38.75	31.61	31.61	3021581	210911888.00
2015/07/07	28.51	29.83	28.40	28.40	1168100	67827152.00
2015/07/08	25.51	27.14	25.51	26.50	7949743	415645472.00
2015/07/14	29.20	29.20	29.20	29.20	129058	7666045.00
2015/07/15	32.17	32.17	30.56	30.56	3823799	247343072.00
2015/07/16	30.51	33.22	28.51	32.48	3087962	197516096.00
2015/07/17	32.75	35.78	32.75	35.51	2700737	192049600.00
2015/07/20	35.15	36.97	35.07	35.66	2612601	189802528.00
2015/07/21	35.35	37.90	34.43	36.97	2753896	203870160.00
2015/07/22	36.52	37.90	35.80	36.95	2002939	148892912.00
2015/07/23	37.57	38.98	36.51	38.75	2239054	172426544.00
2015/07/24	38.68	41.49	37.51	38.14	3196315	254973968.00
2015/07/27	37.35	38.59	34.28	34.28	2565819	190914528.00
2015/07/28	31.75	34.50	30.80	32.35	2898711	189388768.00
2015/07/29	33.22	34.45	31.00	34.32	1980942	130059840.00
2015/07/30	34.00	34.15	32.06	32.10	1667100	113012880.00
2015/07/31	31.95	32.09	30.39	30.73	1795292	113443824.00
2015/08/03	30.40	30.40	27.61	27.63	2265543	131696640.00
2015/08/04	27.95	30.44	27.50	30.44	2276929	135286528.00
2015/08/05	30.65	32.65	30.50	31.69	3066308	198610176.00
2015/08/06	31.30	32.55	30.76	32.00	1563137	101457432.00
2015/08/07	32.15	35.25	32.08	35.25	2301206	157036544.00
2015/08/10	35.46	37.43	34.76	36.96	2075967	152167312.00
2015/08/11	36.65	36.90	35.40	35.68	1875180	137050032.00
2015/08/12	35.51	36.25	33.33	33.45	1840482	130367672.00
2015/08/13	33.51	34.85	33.15	34.65	1332089	91643104.00
2015/08/14	34.83	35.50	34.06	34.20	1210050	85340640.00
2015/08/17	33.99	34.87	33.85	34.70	1001915	69931656.00
2015/08/18	34.78	35.40	31.18	31.22	1818962	122921032.00
2015/08/19	30.50	33.00	30.15	32.94	1607164	102653208.00
2015/08/20	32.83	34.99	32.51	33.45	1676021	115029848.00
2015/08/21	32.90	32.90	30.05	30.05	3063278	191630800.00
2015/08/24	28.34	28.36	27.00	27.00	1200802	66798784.00
2015/08/25	24.50	26.30	24.25	24.25	1632551	82308944.00
2015/08/26	24.50	25.95	22.77	23.83	2199179	110150472.00
2015/08/27	24.75	25.33	23.81	25.25	1670359	84006040.00
2015/08/28	25.48	27.14	25.00	27.00	2072782	109290528.00
2015/08/31	26.94	26.94	24.83	24.83	1364666	71329256.00
2015/09/01	24.50	25.00	22.50	22.55	1449698	69535032.00
2015/09/02	21.75	23.80	21.14	22.00	1595799	72818080.00
2015/09/07	22.75	23.80	22.40	23.05	1377942	65411168.00
2015/09/08	23.14	25.40	22.90	25.32	1584492	78199600.00
2015/09/09	25.05	27.04	25.05	26.52	2129186	114042008.00
2015/09/10	26.01	26.75	25.80	26.35	1625323	86595480.00
2015/09/11	26.75	27.00	25.90	26.33	1579369	84864920.00
2015/09/14	26.74	26.74	23.65	23.65	1722228	86552928.00
2015/09/15	22.25	23.44	22.00	22.30	1097199	50641996.00
2015/09/16	22.39	24.58	22.39	24.58	1564597	75090896.00
2015/09/17	24.60	25.33	23.48	23.48	3746052	93941960.00
2015/09/18	23.78	24.49	23.50	24.09	2468022	60370056.00
2015/09/21	23.50	25.77	23.50	25.56	3448379	87781848.00
2015/09/22	25.65	26.37	24.60	25.22	3539213	91793464.00
2015/09/23	24.50	25.66	24.31	24.90	2636850	67231712.00
2015/09/24	24.97	25.71	24.90	25.16	2515468	64814212.00
2015/09/25	25.18	25.57	23.17	23.91	3259005	81150632.00
2015/09/28	23.83	24.75	23.75	24.66	2186076	54417924.00
2015/09/29	24.18	24.48	23.30	23.62	1973854	48187740.00
2015/09/30	23.70	24.00	23.20	23.47	2008828	48284532.00
2015/10/08	24.90	25.87	24.70	25.87	4006271	103929952.00
2015/10/09	26.50	28.00	26.10	27.49	7300583	202056384.00
2015/10/12	27.76	29.30	26.68	28.20	6878092	197140176.00
2015/10/13	27.90	29.24	27.65	28.50	4791214	139669968.00
2015/10/14	28.35	28.79	27.72	28.00	3680752	105270280.00
2015/10/15	27.66	30.85	27.66	30.85	7406855	225360032.00
2015/10/16	31.01	31.65	29.95	30.89	6525332	204128304.00
2015/10/19	31.08	33.94	31.08	32.10	7020556	230784544.00
2015/10/20	31.95	32.68	31.22	32.55	5279288	170831344.00
2015/10/21	32.53	32.53	29.25	29.25	5971563	187031584.00
2015/10/22	29.44	31.88	29.40	31.49	6420578	201340496.00
2015/10/23	31.79	33.29	31.79	32.58	5742540	190165680.00
2015/10/26	33.37	33.37	31.80	32.33	4057481	133578208.00
2015/10/27	32.20	32.56	29.30	32.25	4887771	155194560.00
2015/10/28	32.20	32.35	30.37	30.45	4555446	145226720.00
2015/10/29	31.11	31.60	30.01	31.37	2798932	88020008.00
2015/10/30	31.50	32.25	30.54	31.40	3716867	119034424.00
2015/11/02	30.27	32.51	29.62	30.96	4038734	128174680.00
2015/11/03	30.70	31.30	30.31	30.56	1736931	54135568.00
2015/11/04	30.65	32.45	30.65	32.33	4382179	141698320.00
2015/11/05	32.66	32.82	31.30	31.68	4000119	129949768.00
2015/11/06	31.69	33.61	31.65	33.59	5680598	188211024.00
2015/11/09	33.42	34.46	32.81	33.74	4961463	169476512.00
2015/11/10	33.39	34.00	33.06	33.54	3426833	116508320.00
2015/11/11	33.50	35.81	33.50	35.80	4658819	165052064.00
2015/11/12	35.82	36.02	34.50	35.16	4527878	161229968.00
2015/11/13	34.69	34.80	33.32	33.70	4696769	161667232.00
2015/11/16	33.50	35.80	33.18	35.39	4279998	151647568.00
2015/11/17	35.50	36.04	34.50	34.60	4369077	156541296.00
2015/11/18	34.50	35.17	33.30	33.30	2764979	96119744.00
2015/11/19	33.75	34.16	32.95	34.04	3009118	102598104.00
2015/11/20	34.15	34.47	33.80	34.12	2369058	82093040.00
2015/11/23	34.28	35.19	33.80	33.80	2960815	103468600.00
2015/11/24	33.69	35.48	32.52	35.46	5354112	184277488.00
2015/11/25	35.46	37.44	35.22	37.01	8605300	317566624.00
2015/11/26	36.98	36.98	35.73	35.84	4244450	155802032.00
2015/11/27	35.47	35.47	32.30	32.73	5286838	183430288.00
2015/11/30	32.83	33.32	29.71	31.66	6215582	198226784.00
2015/12/01	31.80	33.30	30.82	31.38	4507691	146459296.00
2015/12/02	31.30	31.89	29.49	30.61	3328699	103284912.00
2015/12/03	30.85	31.75	30.71	31.70	2503137	79539416.00
2015/12/04	31.60	31.94	31.01	31.31	2718888	87024776.00
2015/12/07	31.29	32.22	30.70	31.89	2986620	95805224.00
2015/12/08	31.70	31.74	30.87	31.00	2029824	64269540.00
2015/12/09	30.80	31.17	30.11	30.19	2165510	67329328.00
2015/12/10	30.21	30.45	29.80	29.96	1978769	60580872.00
2015/12/11	29.50	29.62	29.01	29.15	2822867	84008376.00
2015/12/14	29.01	30.17	28.70	30.15	2754290	82176120.00
2015/12/15	30.20	30.77	30.00	30.40	2148154	66403592.00
2015/12/16	30.40	31.25	30.38	30.76	2000580	62801904.00
2015/12/17	30.90	31.98	30.90	31.56	3440680	110204752.00
2015/12/18	31.50	32.46	30.70	32.34	6070087	194185824.00
2015/12/21	32.39	33.49	31.65	32.93	6139666	204710608.00
2015/12/22	33.35	33.98	32.45	32.78	3990718	133883480.00
2015/12/23	32.59	32.66	31.38	31.70	5710644	185717488.00
2015/12/24	31.52	31.71	30.19	31.22	3486126	109201152.00
2015/12/25	31.01	31.22	30.38	30.79	4048763	126813024.00
2015/12/28	30.88	31.29	30.10	30.70	5438887	170012544.00
2015/12/29	30.65	31.00	30.29	31.00	2432490	75690200.00
2015/12/30	31.02	32.10	30.83	32.08	4613772	148191584.00
2015/12/31	32.09	33.06	32.01	32.16	5657692	186986736.00
2016/01/04	32.39	32.42	28.89	28.89	5648962	170881312.00
2016/01/05	27.09	28.38	26.30	27.38	4854246	136313072.00
2016/01/06	27.48	28.30	27.00	27.94	2892433	81448352.00
2016/01/07	27.29	27.29	25.10	25.13	776022	20661496.00
2016/01/08	25.60	26.40	23.98	25.20	4074698	105292064.00
2016/01/11	24.51	25.06	22.64	22.65	3812183	93968368.00
2016/01/12	23.10	23.59	22.61	23.38	2615663	61884412.00
2016/01/13	24.10	24.30	23.20	23.45	3882241	94549264.00
2016/01/14	22.50	25.30	22.20	24.76	3431021	84550088.00
2016/01/15	24.61	25.00	23.71	23.97	3006661	74690136.00
2016/01/18	24.10	25.02	23.50	24.56	2769741	69150912.00
2016/01/19	24.55	25.49	24.21	25.38	3017184	76647400.00
2016/01/20	25.25	25.45	24.42	24.57	2696706	68429944.00
2016/01/21	24.35	25.15	23.50	23.50	2313388	57382356.00
2016/01/22	23.75	24.37	23.30	24.02	1517743	37001752.00
2016/01/25	24.50	24.84	24.07	24.40	1894368	47434048.00
2016/01/26	24.20	24.21	22.25	22.37	2688689	63905668.00
2016/01/27	22.56	22.85	21.10	22.43	3190461	71811576.00
2016/01/28	22.12	22.33	21.10	21.20	1950358	43297080.00
2016/01/29	21.11	22.33	21.11	22.12	2425805	54231484.00
2016/02/01	22.10	22.28	21.15	21.70	2467250	54794444.00
2016/02/02	21.58	23.10	21.58	22.78	3540560	81927648.00
2016/02/03	22.30	22.93	22.16	22.77	1957974	44961912.00
2016/02/04	22.61	23.71	22.61	23.31	2691793	64010076.00
2016/02/05	23.33	23.56	22.80	23.05	2093737	49445564.00
2016/02/15	22.49	23.10	22.05	22.93	1904861	44119212.00
2016/02/16	23.10	24.15	23.10	24.05	3375195	81935728.00
2016/02/17	23.81	24.10	23.45	24.03	3090751	75168352.00
2016/02/18	24.47	24.47	23.72	23.78	2838816	69665848.00
2016/02/19	23.80	24.28	23.78	23.97	2729884	66971104.00
2016/02/22	24.57	24.57	24.02	24.49	2862332	71091048.00
2016/02/23	24.50	25.17	24.35	24.91	3861133	97325456.00
2016/02/24	24.55	25.18	24.30	25.08	2902640	73121968.00
2016/02/25	25.01	25.08	22.52	22.53	3752451	90415280.00
2016/02/26	21.50	22.40	20.23	20.68	9633503	206948368.00
2016/02/29	20.00	20.20	18.56	18.56	5791481	111933336.00
2016/03/01	18.45	18.94	17.61	18.56	3985736	75092720.00
2016/03/02	18.44	19.56	18.43	19.28	4316085	84187264.00
2016/03/03	19.41	20.05	19.40	19.45	3966436	80343168.00
2016/03/04	19.31	19.60	17.81	18.04	4106289	78610768.00
2016/03/07	18.35	19.28	18.35	18.58	3207723	61674408.00
2016/03/08	18.59	19.18	17.50	19.09	5335885	100073168.00
2016/03/09	18.50	19.02	18.30	18.59	3129326	59979120.00
2016/03/10	18.80	18.88	18.32	18.37	2270193	43336232.00
2016/03/11	18.34	18.65	17.93	18.39	2007351	37699868.00
2016/03/14	18.70	19.69	18.65	19.36	4547073	89769040.00
2016/03/15	19.35	19.44	18.96	19.03	3131813	61634672.00
2016/03/16	19.64	19.80	18.75	19.03	2965426	58353180.00
2016/03/17	19.17	20.07	19.05	19.92	4784624	96492144.00
2016/03/18	20.00	21.00	19.91	21.00	5894334	124333408.00
2016/03/21	21.36	22.38	21.30	21.95	5911986	132370680.00
2016/03/22	21.89	23.00	21.59	22.04	4656464	105994880.00
2016/03/23	21.98	22.63	21.82	22.36	3004122	68544808.00
2016/03/24	22.17	23.03	22.10	22.11	5086356	117384952.00
2016/03/25	22.15	22.44	21.91	22.34	2730299	61977060.00
2016/03/28	22.35	22.98	22.30	22.58	3893014	90190920.00
2016/03/29	22.52	22.58	21.50	21.64	3196118	71615568.00
2016/03/30	22.04	23.50	21.89	23.22	4778549	110098320.00
2016/03/31	23.20	23.40	22.63	22.96	4271326	100394608.00
2016/04/01	23.19	24.18	23.00	23.36	7859767	190300000.00
2016/04/05	23.30	23.85	22.90	23.85	3429947	82054832.00
2016/04/06	23.70	24.96	23.57	24.70	4411128	109535080.00
2016/04/07	24.64	24.84	23.98	24.04	3015784	74483640.00
2016/04/08	23.74	24.33	23.73	24.11	3445708	84097400.00
2016/04/11	24.60	25.43	24.28	25.19	3283339	83459744.00
2016/04/12	24.94	25.33	24.55	24.86	2354325	59304148.00
2016/04/13	25.13	25.50	24.83	24.85	2369270	60528716.00
2016/04/14	24.90	25.21	24.41	24.97	2988067	74921464.00
2016/04/15	24.95	25.02	24.58	24.72	1293338	32426740.00
2016/04/18	24.65	25.05	23.65	24.92	2443737	61024812.00
2016/04/19	24.75	25.43	24.37	24.77	1584234	39728316.00
2016/04/20	24.83	24.93	22.48	23.10	3556300	84889096.00
2016/04/21	23.12	23.25	22.55	22.80	1597820	37162048.00
2016/04/22	23.00	23.44	22.64	23.29	1901140	44190304.00
2016/04/25	23.10	23.40	22.66	23.19	1153407	26908132.00
2016/04/26	23.15	23.56	22.94	23.56	1423582	33631084.00
2016/04/27	23.56	23.59	23.05	23.18	1183245	28023100.00
2016/04/28	23.00	23.42	22.75	23.38	1352362	31762140.00
2016/04/29	23.83	25.74	23.75	24.65	5122044	129140872.00
2016/05/03	24.15	25.18	23.99	25.10	3322623	83601928.00
2016/05/04	24.78	25.59	24.78	25.53	3773547	96811512.00
2016/05/05	25.45	26.09	25.31	26.00	3554940	92920792.00
2016/05/06	26.02	26.09	24.67	24.67	3364672	86673736.00
2016/05/09	24.30	24.59	24.05	24.38	1987745	49037132.00
2016/05/10	24.06	24.70	24.06	24.55	1492028	37091636.00
2016/05/11	24.66	25.20	24.53	24.82	1819471	45982132.00
2016/05/12	24.55	24.58	24.07	24.55	1678935	41572260.00
2016/05/13	24.68	24.68	23.66	24.51	1656311	40552468.00
2016/05/16	24.27	24.42	23.78	24.33	1144557	27991102.00
2016/05/17	24.35	24.51	23.80	24.16	1276165	31296668.00
2016/05/18	23.65	24.15	23.00	23.39	1435094	34157044.00
2016/05/19	23.46	24.12	23.35	23.66	1221500	29517764.00
2016/05/20	23.36	24.00	23.16	23.87	1117373	26780672.00
2016/05/23	23.83	24.09	23.65	24.05	1392109	33775956.00
2016/05/24	24.03	24.10	23.66	23.89	807470	19532504.00
2016/05/25	23.90	24.45	23.85	23.95	911348	22319020.00
2016/05/26	23.93	24.05	23.29	24.00	898212	21609012.00
2016/05/27	24.00	24.00	23.65	23.72	702590	16959152.00
2016/05/30	23.46	24.04	23.40	23.53	974484	23516738.00
2016/05/31	23.44	24.42	23.44	24.42	2104135	51613380.00
2016/06/01	24.45	25.20	24.22	24.98	2517969	63542476.00
2016/06/02	24.96	24.99	24.55	24.96	1814153	45585316.00
2016/06/03	25.46	26.65	25.27	25.61	3980262	104591664.00
2016/06/06	25.13	26.11	25.13	26.07	2995208	78189320.00
2016/06/07	26.21	26.51	25.77	26.28	2496345	66196220.00
2016/06/08	26.28	27.33	26.05	27.08	3240371	87775408.00
2016/06/13	26.75	27.23	24.71	25.15	4871752	128476696.00
2016/06/14	24.81	25.62	24.81	25.50	1673232	43017408.00
2016/06/15	24.96	26.47	24.96	26.22	3080645	81364928.00
2016/06/16	26.26	26.62	25.75	25.86	2216269	58720528.00
2016/06/17	26.31	26.44	25.50	25.73	1741571	45828256.00
2016/06/20	25.89	25.89	24.93	25.48	2181845	55694976.00
2016/06/21	25.60	25.80	25.10	25.23	1520800	39283784.00
2016/06/22	25.27	25.92	25.23	25.92	1803679	46922232.00
2016/06/23	25.95	25.95	25.23	25.50	1331139	34354308.00
2016/06/24	25.80	25.80	24.56	25.25	2008843	51166424.00
2016/06/27	25.16	25.73	25.13	25.63	2017370	52185644.00
2016/06/28	25.53	25.94	25.35	25.89	2836007	73936344.00
2016/06/29	26.04	26.12	25.31	25.43	2790572	72235992.00
2016/06/30	25.55	25.75	25.30	25.54	1328403	34382212.00
2016/07/01	25.54	25.80	25.35	25.55	1410335	36562604.00
2016/07/04	25.50	25.76	25.30	25.71	2650635	68791200.00
2016/07/05	25.78	25.78	25.46	25.63	2832163	73418720.00
2016/07/06	25.78	26.50	25.40	26.32	4249816	112345736.00
2016/07/07	26.28	26.52	25.95	26.45	3476449	92755416.00
2016/07/08	26.45	26.54	26.11	26.41	2707432	72349968.00
2016/07/11	26.44	26.88	26.26	26.33	3157093	84961384.00
2016/07/12	26.13	26.60	25.85	26.56	2826652	75464240.00
2016/07/13	26.11	26.90	26.11	26.74	3991436	107920584.00
2016/07/14	26.74	26.80	26.31	26.55	3136339	84318344.00
2016/07/15	26.45	26.61	26.27	26.35	1809685	48485592.00
2016/07/18	26.35	26.44	25.82	25.95	2051428	54059020.00
2016/07/19	25.95	25.95	24.85	25.20	3141270	80312384.00
2016/07/20	25.15	25.52	24.91	25.45	2349064	59999216.00
2016/07/21	25.43	25.65	25.11	25.35	1738569	44764268.00
2016/07/22	25.18	25.62	25.10	25.25	1004373	25701846.00
2016/07/25	25.16	26.08	25.09	25.78	2120698	55229356.00
2016/07/26	25.73	25.81	25.38	25.64	1870823	48511524.00
2016/07/27	25.71	25.71	24.14	24.14	2640057	66375988.00
2016/07/28	24.43	24.55	23.88	24.25	1656399	40829780.00
2016/07/29	24.15	24.31	23.83	23.88	1389452	33829412.00
2016/08/01	24.23	24.23	23.37	23.93	2276482	55077036.00
2016/08/02	23.93	24.13	23.81	24.04	712282	17290202.00
2016/08/03	24.03	24.21	23.66	23.70	1793260	43398152.00
2016/08/04	23.73	23.81	23.20	23.41	2156024	51168924.00
2016/08/05	23.40	23.51	23.25	23.47	1103892	26170572.00
2016/08/08	23.40	23.75	23.28	23.55	1211951	29028792.00
2016/08/09	23.63	23.83	23.56	23.78	1824987	43893260.00
2016/08/10	23.74	23.83	23.53	23.59	1146103	27519352.00
2016/08/11	23.53	23.62	23.05	23.09	1379369	32633324.00
2016/08/12	23.14	23.25	22.63	23.11	2030818	47315956.00
2016/08/15	23.24	23.63	22.91	23.62	3034520	71869712.00
2016/08/16	23.57	23.80	23.48	23.61	2275766	54597264.00
2016/08/17	23.61	23.78	23.51	23.67	1548935	37222256.00
2016/08/18	23.76	23.81	23.55	23.67	1556489	37402684.00
2016/08/19	23.65	23.76	23.47	23.74	1179196	28231844.00
2016/08/22	23.75	23.84	23.31	23.33	1415344	33881004.00
2016/08/23	23.33	23.45	23.23	23.28	1232910	29187746.00
2016/08/24	23.35	23.44	23.16	23.24	1329354	31396870.00
2016/08/25	23.21	23.21	22.70	23.00	1400134	32504744.00
2016/08/26	23.05	23.34	22.80	22.99	2429423	56962412.00
2016/08/29	23.05	23.10	22.53	22.56	2984697	69083256.00
2016/08/30	22.65	23.02	22.65	22.91	1795190	41729544.00
2016/08/31	22.93	23.40	22.88	23.40	2170799	50972880.00
2016/09/01	23.22	23.57	22.98	23.04	1777270	41991800.00
2016/09/02	23.06	23.22	22.71	22.85	1380998	32110484.00
2016/09/05	23.00	23.20	22.85	22.87	1046001	24451716.00
2016/09/06	22.90	23.28	22.54	23.25	1729521	40248432.00
2016/09/07	23.21	23.40	23.01	23.08	1843139	43442640.00
2016/09/08	23.11	23.22	23.00	23.10	1184424	27791560.00
2016/09/09	23.05	23.15	22.85	22.87	1429695	33454996.00
2016/09/12	22.35	22.52	22.20	22.25	1627909	36963388.00
2016/09/13	22.26	22.43	22.02	22.22	1302665	29402430.00
2016/09/14	22.23	22.42	22.06	22.24	1061645	24019604.00
2016/09/19	22.24	22.55	22.22	22.27	1180662	26761852.00
2016/09/20	22.25	22.35	22.08	22.16	711451	16017625.00
2016/09/21	22.13	22.30	22.03	22.17	1231518	27709228.00
2016/09/22	22.27	22.44	22.25	22.37	1064688	24169226.00
2016/09/23	22.26	23.33	22.26	23.16	2804725	65180188.00
2016/09/26	23.05	23.15	22.15	22.31	1972223	45423004.00
2016/09/27	22.35	22.70	22.24	22.65	1173922	26734846.00
2016/09/28	22.68	22.70	22.29	22.34	1093695	24908900.00
2016/09/29	22.30	22.62	22.28	22.42	1041817	23713732.00
2016/09/30	22.42	22.60	22.31	22.50	603019	13772779.00
2016/10/10	22.63	23.13	22.57	23.06	2099736	48889480.00
2016/10/11	23.06	24.30	22.98	24.10	5542648	134047112.00
2016/10/12	24.15	25.33	24.03	25.16	8049779	204280768.00
2016/10/13	25.16	25.33	24.78	25.21	4089325	104242976.00
2016/10/14	24.84	25.02	24.35	24.85	3815802	95469152.00
2016/10/17	24.74	25.82	24.65	24.81	4855943	124161680.00
2016/10/18	24.63	25.18	24.48	25.02	2223562	56094568.00
2016/10/19	25.16	25.78	24.73	25.75	5608829	144363136.00
2016/10/20	25.53	26.21	25.43	26.05	4214762	110769184.00
2016/10/21	25.93	26.45	25.56	26.03	3555199	93719360.00
2016/10/24	26.00	26.17	25.43	25.59	2411193	62724908.00
2016/10/25	25.59	25.65	25.05	25.50	2852142	73183920.00
2016/10/26	25.39	25.49	25.05	25.19	3011266	76944024.00
2016/10/27	25.07	25.42	25.07	25.25	1752202	44939392.00
2016/10/28	25.16	26.13	25.05	25.15	2560700	66059788.00
2016/10/31	25.32	25.66	24.45	25.66	2347248	59952724.00
2016/11/01	25.49	25.77	25.33	25.72	1665918	43070284.00
2016/11/02	25.60	25.64	25.07	25.13	1208135	30995710.00
2016/11/03	25.34	25.40	25.00	25.28	1080800	27584774.00
2016/11/04	25.26	25.53	25.00	25.33	1238783	31743148.00
2016/11/07	25.23	25.73	24.77	25.70	1773127	45584348.00
2016/11/08	25.65	25.87	25.47	25.61	1399482	36384296.00
2016/11/09	25.49	25.75	25.18	25.49	1884944	48659300.00
2016/11/10	25.64	26.01	25.48	25.51	1671445	43516568.00
2016/11/11	25.51	25.55	25.19	25.55	1000757	25724690.00
2016/11/14	25.52	25.93	25.30	25.67	1907706	49829668.00
2016/11/15	25.68	25.90	25.22	25.31	1862681	47951344.00
2016/11/16	25.50	26.61	25.24	26.45	4770300	126962272.00
2016/11/17	26.15	26.85	25.95	26.52	4843982	129955584.00
2016/11/18	26.65	27.04	26.15	26.46	3139146	84355656.00
2016/11/21	26.26	26.55	25.96	26.15	2041329	54085904.00
2016/11/22	26.18	26.88	25.89	26.86	2671661	71224576.00
2016/11/23	26.85	26.86	26.27	26.36	2403821	64563044.00
2016/12/01	26.15	27.02	25.13	25.50	5060046	133184000.00
2016/12/02	25.05	25.05	24.26	24.42	3360167	83927200.00
2016/12/05	24.33	24.89	23.61	23.74	2307014	56454400.00
2016/12/06	23.75	25.65	23.75	25.18	4889821	122250592.00
2016/12/07	25.09	25.48	24.86	25.32	1299247	33240658.00
2016/12/08	25.42	25.57	25.01	25.04	1324170	33974632.00
2016/12/09	25.15	25.28	24.85	24.86	1233434	31286254.00
2016/12/12	25.15	25.28	23.65	23.82	2038225	50090344.00
2016/12/13	23.75	24.33	23.56	23.87	893314	21777546.00
2016/12/14	23.88	24.12	23.47	23.59	771253	18606032.00
2016/12/15	23.58	23.84	23.07	23.53	1730423	41228828.00
2016/12/16	23.27	23.82	22.86	23.35	1315827	31186990.00
2016/12/19	23.29	23.58	23.04	23.08	962835	22713418.00
2016/12/20	23.05	23.15	22.68	23.04	1762708	40833496.00
2016/12/21	23.05	23.70	22.98	23.50	1628747	38739252.00
2016/12/22	23.39	23.73	23.35	23.50	831330	19864600.00
2016/12/23	23.37	23.65	23.35	23.55	751180	17890476.00
2016/12/26	23.45	23.63	23.09	23.55	626028	14798874.00
2016/12/27	23.64	23.68	23.25	23.31	614841	14638308.00
2016/12/28	23.45	23.53	23.05	23.45	812684	19211196.00
2016/12/29	23.06	23.60	23.06	23.53	1031836	24564618.00
2016/12/30	23.57	24.28	23.23	24.02	1399764	33840852.00
2017/01/03	24.00	24.00	23.61	23.67	1335426	32161424.00
2017/01/04	23.75	24.23	23.57	24.18	1334089	32298496.00
2017/01/05	24.10	25.50	24.07	24.42	2015617	49983464.00
2017/01/06	24.24	24.25	23.27	23.42	2303370	55487552.00
2017/01/09	23.35	23.69	23.22	23.63	1409212	33665764.00
2017/01/10	23.46	24.51	23.36	23.43	865423	20751490.00
2017/01/11	23.36	23.63	23.13	23.13	920091	21755868.00
2017/01/12	23.25	23.25	22.65	22.70	1024299	23796976.00
2017/01/13	22.84	23.05	22.25	22.39	1501213	34492732.00
2017/01/16	22.54	23.36	21.65	22.38	3252196	75328984.00
2017/01/17	22.65	23.12	22.41	22.85	1054786	24455168.00
2017/01/18	22.85	23.09	22.55	22.75	624896	14477722.00
2017/01/19	22.58	22.88	22.46	22.53	617655	14192648.00
2017/01/20	22.68	22.93	22.41	22.77	903384	20839538.00
2017/01/23	22.85	23.28	22.67	22.80	759820	17690604.00
2017/01/24	22.94	22.95	22.25	22.40	630690	14426302.00
2017/01/25	22.21	22.59	22.20	22.47	617765	14060442.00
2017/01/26	22.54	23.03	22.48	22.83	1309642	30217332.00
2017/02/03	22.69	22.88	22.67	22.80	356679	8245702.00
2017/02/06	22.96	22.96	22.68	22.87	659892	15310018.00
2017/02/07	22.88	22.94	22.53	22.71	572203	13204236.00
2017/02/08	22.71	22.98	22.55	22.90	772205	17853594.00
2017/02/09	22.85	23.06	22.77	23.01	756632	17643150.00
2017/02/10	23.01	23.54	22.65	23.38	1176649	27693806.00
2017/02/13	23.15	23.63	23.11	23.32	993013	23584246.00
2017/02/14	23.23	23.42	22.89	22.92	1314838	30704022.00
2017/02/15	23.02	23.07	22.76	22.76	653313	15218673.00
2017/02/16	22.75	22.94	22.64	22.70	733004	16903936.00
2017/02/17	22.78	22.98	22.65	22.70	984948	22776366.00
2017/02/20	22.75	22.84	22.30	22.51	1465412	33431540.00
2017/02/21	22.51	23.22	22.37	23.19	1315549	30497478.00
2017/02/22	23.05	23.60	23.05	23.40	1429111	33924992.00
2017/02/23	23.40	24.13	23.15	24.05	2208175	52918564.00
2017/02/24	23.95	24.04	23.67	23.95	1103197	26666620.00
2017/02/27	23.95	24.03	23.56	23.76	1016321	24532218.00
2017/02/28	23.68	24.00	23.39	23.89	2072190	49667064.00
2017/03/01	23.89	24.30	23.70	23.79	1877659	45810324.00
2017/03/02	23.86	23.96	23.58	23.81	1039982	25070334.00
2017/03/03	23.84	24.75	23.83	24.50	2274326	56082864.00
2017/03/06	24.54	24.59	24.25	24.48	1426095	35399328.00
2017/03/07	24.56	24.56	24.31	24.50	1229548	30423044.00
2017/03/08	24.42	24.47	24.12	24.15	1318765	32417604.00
2017/03/09	24.15	24.23	23.90	23.99	867767	21164770.00
2017/03/10	23.90	24.22	23.80	23.91	814287	19805476.00
2017/03/13	23.98	24.03	23.80	23.99	861099	20905328.00
2017/03/14	23.99	24.77	23.89	24.73	3218439	79989120.00
2017/03/15	24.74	24.75	24.46	24.75	1839596	45891464.00
2017/03/16	24.75	25.41	24.45	25.38	3717764	94472760.00
2017/03/17	25.36	25.36	24.90	25.22	2403081	61176108.00
2017/03/20	25.15	25.86	24.75	25.44	2147789	55148892.00
2017/03/21	25.35	25.75	25.08	25.44	2149665	55351000.00
2017/03/22	25.40	25.40	25.00	25.14	1079852	27559376.00
2017/03/23	25.02	25.22	24.53	24.75	2267886	57108456.00
2017/03/24	24.75	25.10	24.57	24.92	868374	21781108.00
2017/03/27	24.86	25.08	24.73	24.85	993945	25074182.00
2017/03/28	24.87	25.04	24.71	24.87	860243	21672860.00
2017/03/29	24.85	24.93	24.36	24.59	835405	20866964.00
2017/03/30	24.41	24.60	23.77	24.60	1238895	30394630.00
2017/03/31	24.24	24.25	23.39	24.09	2346206	56733080.00
2017/04/05	23.90	24.55	23.90	24.43	1088493	26779238.00
2017/04/06	24.21	24.74	24.21	24.50	1084809	27048824.00
2017/04/07	24.44	24.54	24.27	24.50	742861	18402572.00
2017/04/10	24.63	24.63	23.55	23.77	1409046	34163608.00
2017/04/11	23.61	23.95	23.25	23.56	1341207	32032304.00
2017/04/12	23.34	23.69	23.34	23.45	912862	21772230.00
2017/04/13	23.41	23.80	23.19	23.67	735958	17662480.00
2017/04/14	23.75	23.80	23.43	23.54	545538	13047232.00
2017/04/17	23.55	23.83	23.31	23.77	1041259	25024238.00
2017/04/18	23.65	23.88	22.95	23.35	2351496	55643588.00
2017/04/19	23.15	23.58	21.65	23.46	1776908	41078256.00
2017/04/20	23.28	23.73	23.15	23.55	1473768	35147200.00
2017/04/21	23.52	23.76	23.40	23.64	1061945	25426156.00
2017/04/24	23.28	23.65	22.77	22.93	929539	21771998.00
2017/04/25	23.24	23.31	22.88	23.18	501100	11763715.00
2017/04/26	23.07	23.25	23.07	23.18	370300	8712081.00
2017/04/27	23.22	23.38	22.67	23.30	592349	13850549.00
2017/04/28	23.35	23.61	23.14	23.39	505609	12045144.00
2017/05/02	23.34	23.84	22.95	23.65	881694	21091490.00
2017/05/03	23.65	23.82	23.51	23.68	641866	15418668.00
2017/05/04	23.40	23.84	23.33	23.58	807159	19275428.00
2017/05/05	23.42	23.59	23.03	23.15	533654	12647344.00
2017/05/08	23.07	23.24	22.65	22.66	512193	11875605.00
2017/05/09	22.70	22.94	22.47	22.85	589532	13567210.00
2017/05/10	22.85	23.19	22.71	22.76	583465	13541952.00
2017/05/11	23.12	23.12	22.60	22.86	420453	9666625.00
2017/05/12	22.99	22.99	22.72	22.80	360948	8318623.00
2017/05/15	22.75	23.04	22.61	22.76	631013	14540072.00
2017/05/16	22.85	23.20	22.10	23.10	1203861	27520518.00
2017/05/17	23.41	23.41	23.02	23.27	1189270	27861884.00
2017/05/18	23.19	23.40	22.85	23.09	795547	18550936.00
2017/05/19	23.11	23.15	22.71	22.79	454050	10464214.00
2017/05/22	22.63	22.78	22.10	22.35	690917	15637250.00
2017/05/23	22.35	22.35	21.66	21.70	555089	12302137.00
2017/05/24	21.76	21.76	20.42	21.60	1495978	31794248.00
2017/05/25	21.10	21.50	20.81	21.25	974802	20822662.00
2017/05/26	21.13	21.39	20.91	21.21	611204	13063436.00
2017/05/31	21.50	21.54	21.07	21.13	419400	9009073.00
2017/06/01	21.20	21.20	19.80	19.80	772593	15954293.00
2017/06/02	19.80	20.55	19.31	20.40	1299524	26012326.00
2017/06/05	20.31	20.58	20.21	20.50	955022	19714060.00
2017/06/06	20.56	20.56	20.22	20.32	673901	13851810.00
2017/06/07	20.33	21.15	20.26	21.05	828396	17369536.00
2017/06/08	20.93	21.35	20.93	21.05	420869	8983339.00
2017/06/09	21.04	21.15	20.72	20.85	502023	10576208.00
2017/06/12	20.75	20.84	19.92	19.98	584729	12030795.00
2017/06/13	19.90	20.65	19.90	20.48	659381	13591490.00
2017/06/14	20.48	20.70	20.30	20.66	647792	13464765.00
2017/06/15	20.51	21.98	20.51	21.80	2139665	46028880.00
2017/06/16	21.89	21.89	21.42	21.48	816951	17783744.00
2017/06/19	21.68	21.81	21.40	21.73	502390	10998258.00
2017/06/20	21.80	21.99	21.68	21.81	765894	16894844.00
2017/06/21	21.82	21.88	21.00	21.40	1277543	27546100.00
2017/06/22	21.13	21.43	20.00	20.61	973332	20662448.00
2017/06/23	20.53	21.02	20.22	20.60	1136036	23602832.00
2017/06/26	20.60	21.24	20.48	20.79	1917984	40574664.00
2017/06/27	20.78	21.07	20.45	20.80	1717094	36056332.00
2017/06/28	20.69	20.98	20.45	20.60	801495	16675895.00
2017/06/29	20.60	20.96	20.54	20.66	944884	19797052.00
2017/06/30	20.59	20.85	20.47	20.79	1160868	24281168.00
2017/07/03	20.75	21.36	20.75	21.31	2012675	42943688.00
2017/07/04	21.21	21.25	20.30	20.60	3688400	76862656.00
2017/07/05	20.47	20.61	20.12	20.57	1627218	33436762.00
2017/07/06	20.42	20.95	20.42	20.76	1408368	29436226.00
2017/07/07	20.68	21.07	20.61	21.03	1308937	27489732.00
2017/07/10	21.27	21.27	20.16	20.40	3533137	73096920.00
2017/07/11	20.28	20.44	20.15	20.30	1100862	22586872.00
2017/07/12	20.31	20.40	20.18	20.32	866729	17726354.00
2017/07/13	20.38	20.46	20.22	20.46	1117062	22952056.00
2017/07/14	20.46	21.36	20.16	21.02	2804069	58564312.00
2017/07/17	21.02	21.17	20.23	20.90	3388025	71071440.00
2017/07/18	20.73	20.73	20.16	20.46	1353475	27885014.00
2017/07/19	20.50	20.50	19.79	20.10	2745201	55333860.00
2017/07/20	19.95	20.29	19.78	19.81	2621700	52749796.00
2017/07/21	19.81	19.99	19.35	19.88	2888109	57438036.00
2017/07/24	19.78	19.90	19.48	19.67	1336323	26477014.00
2017/07/25	19.53	19.72	19.46	19.60	1238204	24468990.00
2017/07/26	19.65	19.70	18.70	18.84	3357088	64693860.00
2017/07/27	18.71	19.34	18.55	19.14	2696273	51825068.00
2017/07/28	19.11	19.35	18.88	19.24	1825038	35188480.00
2017/07/31	19.16	19.65	19.03	19.58	2196947	43210392.00
2017/08/01	19.57	19.73	19.31	19.46	1483587	29245106.00
2017/08/02	19.40	19.57	19.02	19.08	1406306	27335400.00
2017/08/03	19.18	19.44	19.02	19.27	972348	18962130.00
2017/08/04	19.27	19.31	18.86	18.89	1004500	19364560.00
2017/08/07	19.00	19.19	18.92	19.16	1061624	20464476.00
2017/08/08	19.20	19.38	19.11	19.28	857388	16689294.00
2017/08/09	19.33	19.44	19.10	19.10	1288695	25061842.00
2017/08/10	19.18	19.35	19.02	19.19	832560	16134035.00
2017/08/11	19.10	19.37	18.93	19.27	1211773	23524720.00
2017/08/14	19.29	19.88	19.17	19.85	2661646	52941156.00
2017/08/15	19.85	20.00	19.80	19.93	1560338	31373106.00
2017/08/16	20.00	20.57	19.89	20.39	2247823	46119464.00
2017/08/17	20.31	20.45	20.11	20.42	1163924	23853450.00
2017/08/18	20.32	20.60	20.16	20.33	856268	17648958.00
2017/08/21	20.33	20.83	20.33	20.46	1225388	25438636.00
2017/08/22	20.46	20.64	20.20	20.21	764295	15671185.00
2017/08/23	20.21	20.48	20.18	20.24	754978	15486542.00
2017/08/24	20.00	20.58	19.98	20.30	1424107	29168686.00
2017/08/25	20.20	20.58	20.18	20.44	1210840	24977002.00
2017/08/28	20.31	21.16	20.31	20.97	1976481	41533572.00
2017/08/29	20.87	21.04	20.60	20.68	893000	18751016.00
2017/08/30	20.60	20.85	20.59	20.69	701709	14650164.00
2017/08/31	20.73	20.96	20.50	20.88	837800	17585006.00
2017/09/01	20.88	21.34	20.68	21.20	1329879	28169478.00
2017/09/04	21.36	21.36	20.92	21.08	1323069	28172786.00
2017/09/05	21.08	21.24	20.90	20.97	802290	17030516.00
2017/09/06	21.13	21.15	20.68	20.86	1007873	21161934.00
2017/09/07	20.86	21.00	20.55	20.60	1737116	36588180.00
2017/09/08	20.60	20.86	20.60	20.83	1505300	31559970.00
2017/09/11	20.88	21.07	20.72	20.86	1971909	41587144.00
2017/09/12	20.86	20.94	20.40	20.41	1675142	34799652.00
2017/09/13	20.41	20.56	20.15	20.22	1711024	35012252.00
2017/09/14	20.22	20.32	20.05	20.15	1360349	27699132.00
2017/09/15	20.10	20.37	20.05	20.33	1154975	23569658.00
2017/09/18	20.25	20.45	20.10	20.35	1271900	26107988.00
2017/09/19	20.37	20.57	20.21	20.27	897603	18497732.00
2017/09/20	20.34	20.44	20.14	20.31	874849	17941972.00
2017/09/21	20.22	20.30	19.70	19.89	1677400	33947612.00
2017/09/22	19.91	20.01	19.50	20.00	1121858	22437550.00
2017/09/25	20.00	20.18	19.72	19.82	776455	15664258.00
2017/09/26	19.70	20.05	19.70	20.02	1175228	23626148.00
2017/09/27	20.05	20.17	19.95	20.05	898214	18200096.00
2017/09/28	20.10	20.18	19.90	19.90	846491	17144386.00
2017/09/29	20.08	20.08	19.83	20.01	846500	17082244.00
2017/10/09	20.21	20.43	20.10	20.30	979331	19987744.00
2017/10/10	20.38	21.81	20.38	21.48	4165817	89525536.00
2017/10/11	21.32	21.47	20.96	21.15	3073897	65718536.00
2017/10/12	21.10	21.49	20.87	20.90	1835860	39119216.00
2017/10/13	20.89	21.32	20.82	21.20	1722989	36733504.00
2017/10/16	21.19	21.30	20.70	20.73	1721864	36237568.00
2017/10/17	20.71	20.97	20.55	20.70	1184300	24804900.00
2017/10/18	20.70	20.89	20.17	20.26	1246908	25850704.00
2017/10/19	20.20	20.59	20.20	20.50	1080727	22344960.00
2017/10/20	20.44	20.60	20.28	20.55	863437	17836862.00
2017/10/23	20.69	20.73	20.46	20.66	704347	14683499.00
2017/10/24	20.66	21.27	20.60	20.91	1455713	30670298.00
2017/10/25	20.96	21.18	20.83	21.15	2048654	43467976.00
2017/10/26	21.14	21.25	20.99	21.00	1348650	28752376.00
2017/10/27	21.02	21.13	20.60	20.66	987074	20736408.00
2017/10/30	20.65	20.74	19.66	20.05	2900170	58257508.00
2017/10/31	19.82	20.08	19.67	20.05	2333322	46829408.00
2017/11/01	20.03	20.03	19.51	19.72	2347795	46763812.00
2017/11/02	19.66	19.66	19.41	19.51	1715062	33855008.00
2017/11/03	19.48	19.65	18.98	19.06	1503397	29258778.00
2017/11/06	19.10	20.05	18.91	19.34	1852483	35936012.00
2017/11/07	19.30	19.43	19.03	19.15	1390210	26987672.00
2017/11/08	19.16	19.42	19.11	19.33	1553478	30287302.00
2017/11/09	19.18	19.50	19.14	19.47	1472054	28747380.00
2017/11/10	19.46	19.46	19.26	19.28	1055554	20617934.00
2017/11/13	19.22	19.49	19.15	19.20	1845354	35973712.00
2017/11/14	19.27	19.30	18.70	18.95	2246949	42978092.00
2017/11/15	18.81	18.87	18.53	18.60	3279289	61727052.00
2017/11/16	18.62	18.87	18.48	18.60	1571990	29717130.00
2017/11/17	18.58	18.95	18.19	18.93	3362971	63289748.00
2017/11/20	18.80	19.21	18.58	19.13	2108487	40322896.00
2017/11/21	19.13	19.19	18.41	18.60	2958540	55731508.00
2017/11/22	18.52	18.74	18.31	18.72	2573349	48279032.00
2017/11/23	18.52	18.66	18.21	18.45	1211600	22615002.00
2017/11/24	18.25	18.72	18.24	18.70	1117152	20905768.00
2017/11/27	18.70	18.70	18.40	18.48	581439	10901134.00
2017/11/28	18.49	19.09	18.49	19.03	2496842	47628012.00
2017/11/29	19.01	19.08	18.80	18.92	903200	17252020.00
2017/11/30	18.90	19.04	18.71	18.92	1000265	19098616.00
2017/12/01	18.92	19.23	18.75	19.15	1362904	26277656.00
2017/12/04	19.02	19.21	18.88	19.06	1488937	28629170.00
2017/12/05	19.09	19.09	18.45	18.73	2276324	43025852.00
2017/12/06	18.55	19.44	18.53	19.37	2694468	51873576.00
2017/12/07	19.36	19.60	19.25	19.38	1232703	24170806.00
2017/12/08	19.28	19.65	19.21	19.49	1366802	26877866.00
2017/12/11	19.41	19.93	19.31	19.91	1964416	39195736.00
2017/12/12	19.91	20.13	19.62	19.85	1630354	32767872.00
2017/12/13	19.81	19.90	19.71	19.85	726716	14537554.00
2017/12/14	19.86	20.02	19.65	19.76	861300	17200904.00
2017/12/15	19.76	19.76	19.34	19.63	1631782	32203244.00
2017/12/18	19.63	19.70	19.31	19.40	876702	17282122.00
2017/12/19	19.64	19.67	19.09	19.20	1657100	32469586.00
2017/12/20	19.31	19.39	18.50	19.18	2744933	52524772.00
2017/12/21	19.21	19.70	18.87	19.57	1694811	33213276.00
2017/12/22	19.50	19.52	19.05	19.27	1773113	34462560.00
2017/12/25	19.02	19.26	18.68	19.05	796282	15202612.00
2017/12/26	19.00	19.00	18.60	18.80	729935	13839618.00
2017/12/27	18.80	18.92	18.61	18.71	592302	11197985.00
2017/12/28	18.60	18.80	18.40	18.58	1004819	18870032.00
2017/12/29	18.55	18.58	18.30	18.43	819484	15261154.00
2018/01/02	18.43	18.56	18.28	18.44	1269802	23555684.00
2018/01/03	18.46	18.66	18.36	18.58	1555932	29120502.00
2018/01/04	18.58	18.63	18.50	18.54	970605	18190092.00
2018/01/05	18.61	18.74	18.50	18.72	975443	18395528.00
2018/01/08	18.72	18.74	18.16	18.67	2551779	47327920.00
2018/01/09	18.85	18.85	18.35	18.54	1229684	23001406.00
2018/01/10	18.50	18.67	18.08	18.42	1341200	24778708.00
2018/01/11	18.38	18.39	18.16	18.30	901200	16645947.00
2018/01/12	18.21	18.30	17.60	17.66	3141813	56894248.00
2018/01/15	17.61	17.75	16.85	17.14	2667775	46444140.00
2018/01/16	17.38	17.47	17.07	17.19	2069200	36118648.00
2018/01/17	17.33	17.34	16.87	17.01	2447374	42065296.00
2018/01/18	17.02	17.04	16.50	16.89	5141700	87305072.00
2018/01/19	16.79	17.00	16.70	16.91	2223670	37961072.00
2018/01/22	16.91	17.00	16.56	16.85	1804464	30660630.00
2018/01/23	16.89	16.99	16.73	16.90	1304904	22313984.00
2018/01/24	16.88	17.27	16.82	17.20	3138398	54310992.00
2018/01/25	17.15	17.35	17.00	17.11	1890172	32885196.00
2018/01/26	17.01	17.16	16.96	16.96	993863	17114204.00
2018/01/29	16.98	17.08	16.72	16.83	828000	14127306.00
2018/01/30	16.80	16.89	16.71	16.85	607563	10341817.00
2018/01/31	16.80	16.81	16.40	16.70	1726364	28945324.00
2018/02/01	16.68	16.76	16.31	16.59	2001902	33571184.00
2018/02/02	16.59	16.80	16.02	16.80	1313616	21944350.00
2018/02/05	16.68	16.79	16.39	16.76	1346180	22548624.00
2018/02/06	16.46	16.60	16.30	16.58	2440474	40655492.00
2018/02/07	16.63	16.75	16.40	16.68	1068385	17926918.00
2018/02/22	16.80	17.51	16.79	17.31	4085669	71350568.00
2018/02/23	17.40	17.77	17.21	17.70	3558390	62545800.00
2018/02/26	18.06	18.58	17.75	18.09	3780565	69092368.00
2018/02/27	17.79	18.10	17.60	17.85	2844750	51282204.00
2018/02/28	17.67	17.78	17.50	17.59	1737733	31034630.00
2018/03/01	17.60	17.73	17.45	17.72	1283462	22896572.00
2018/03/02	17.55	18.07	17.55	17.85	1412268	25491440.00
2018/03/05	17.80	17.85	17.60	17.78	1399270	25030428.00
2018/03/06	17.75	17.89	17.70	17.80	1381379	24869064.00
2018/03/07	17.80	17.96	17.77	17.93	1428886	25803260.00
2018/03/08	17.92	17.96	17.71	17.94	1166234	21051692.00
2018/03/09	17.93	18.38	17.82	18.27	1748295	32060536.00
2018/03/12	18.15	18.59	18.15	18.46	2462406	45738536.00
2018/03/13	18.52	18.61	18.10	18.19	1342402	24842630.00
2018/03/14	18.16	18.28	17.86	17.98	1163000	21178658.00
2018/03/15	17.96	17.98	17.60	17.89	1006376	18121080.00
2018/03/16	17.96	18.28	17.62	17.80	912402	16481906.00
2018/03/19	17.80	17.98	17.59	17.79	835653	15089805.00
2018/03/20	17.79	18.36	17.71	18.28	1943472	35628208.00
2018/03/21	18.30	18.30	17.81	18.02	1211072	22186080.00
2018/03/22	18.09	18.25	17.81	17.96	1095000	19833394.00
2018/03/23	17.71	17.89	16.78	17.80	1872609	32865306.00
2018/03/26	17.48	18.20	17.15	18.16	2152210	38900456.00
2018/03/27	18.30	19.02	18.16	18.82	2265725	42662848.00
2018/03/28	18.69	19.00	18.45	18.95	2363907	44945688.00
2018/03/29	18.67	18.80	18.40	18.51	2517113	47301740.00
2018/03/30	18.56	18.88	18.52	18.79	2831202	53637548.00
2018/04/02	19.20	19.20	18.74	18.89	2560225	49060920.00
2018/04/03	18.68	19.70	18.51	19.65	3787758	74047488.00
2018/04/04	19.80	20.88	19.68	20.30	6018964	124161104.00
2018/04/09	19.70	20.70	19.70	20.03	3847945	78865688.00
2018/04/10	20.30	20.39	19.74	20.12	1679600	34079688.00
2018/04/11	20.46	20.76	20.18	20.33	2216519	45803720.00
2018/04/12	20.13	20.65	19.90	20.35	1736527	35636268.00
2018/04/13	20.50	21.10	20.07	20.16	2225315	46299280.00
2018/04/16	20.18	20.38	19.81	20.30	1966524	39889024.00
2018/04/17	20.31	20.60	19.90	19.99	1140502	23115372.00
2018/04/18	20.19	20.37	19.64	20.26	1840315	37294232.00
2018/04/19	20.26	20.55	19.98	20.28	1423900	29184536.00
2018/04/20	20.06	20.27	19.80	19.97	1325514	26735602.00
2018/04/23	19.97	20.14	19.58	19.70	1303354	26023798.00
2018/04/24	19.68	20.68	18.80	20.16	1489942	30229508.00
2018/04/25	20.18	20.62	19.76	20.53	1610297	33090324.00
2018/04/26	20.60	20.78	20.19	20.30	1372345	28321692.00
2018/04/27	20.30	20.55	19.86	19.98	1626100	33129732.00
2018/05/02	19.98	20.53	19.82	20.20	1890117	38583512.00
2018/05/03	20.20	20.40	19.69	19.86	1349746	27186044.00
2018/05/04	19.92	19.98	19.32	19.44	1646842	32320874.00
2018/05/07	19.55	20.50	19.50	20.49	2823476	56630780.00
2018/05/08	20.50	20.62	20.16	20.52	1626987	33229218.00
2018/05/09	20.54	20.85	20.28	20.81	2179725	44879196.00
2018/05/10	20.74	21.39	20.62	20.97	3559084	74675120.00
2018/05/11	21.00	21.18	20.00	20.39	3014413	61867424.00
2018/05/14	20.29	20.29	19.82	19.90	2085700	41653008.00
2018/05/15	19.90	20.12	19.79	20.10	1132300	22571686.00
2018/05/16	20.04	20.44	19.90	20.25	1767373	35841384.00
2018/05/17	20.12	20.26	19.83	19.95	1289985	25728900.00
2018/05/18	19.81	20.23	19.81	20.15	1634056	32749674.00
2018/05/21	20.22	20.35	19.95	20.10	1023711	20527708.00
2018/05/22	20.10	20.16	19.87	20.05	1192866	23840602.00
2018/05/23	20.05	20.15	19.78	19.78	1263613	25211476.00
2018/05/24	19.83	19.98	19.50	19.73	1584666	31254940.00
2018/05/25	19.68	19.91	19.60	19.75	1309035	25900312.00
2018/05/28	19.80	20.05	19.60	19.87	1410561	27995174.00
2018/05/29	19.93	20.85	19.93	20.14	2808793	57303492.00
2018/05/30	19.80	19.81	19.20	19.65	2042413	39946712.00
2018/05/31	19.74	20.00	19.47	19.93	960572	18981414.00
2018/06/01	19.81	19.82	19.26	19.70	1307600	25608046.00
2018/06/04	19.69	19.80	19.10	19.10	1460205	28244322.00
2018/06/05	19.13	19.86	18.84	19.72	3988607	76688464.00
2018/06/06	19.62	19.79	19.14	19.30	2245401	43543348.00
2018/06/07	19.30	19.35	19.10	19.21	930146	17892140.00
2018/06/08	19.25	19.42	18.98	19.38	2098889	40312740.00
2018/06/11	19.21	19.50	19.01	19.42	853020	16461507.00
2018/06/12	19.50	19.53	19.12	19.44	1051388	20268528.00
2018/06/13	19.39	19.67	19.19	19.49	890143	17332964.00
2018/06/14	19.41	19.76	19.33	19.50	1049920	20565368.00
2018/06/15	19.42	19.58	18.82	19.49	1366656	26206580.00
2018/06/19	21.44	21.44	18.22	19.50	5302665	106179368.00
2018/06/20	19.39	19.47	18.54	19.31	4723398	90218752.00
2018/06/21	19.31	19.58	18.87	19.08	1442751	27554100.00
2018/06/22	18.96	19.28	18.57	19.08	1772335	33580052.00
2018/06/25	19.00	19.00	17.17	17.17	3413993	60944360.00
2018/06/26	15.45	15.45	15.45	15.45	1945500	30057976.00
2018/06/27	13.91	14.99	13.91	13.91	21388714	300838400.00
2018/06/28	13.84	13.99	13.40	13.78	7833226	107311784.00
2018/06/29	13.69	14.08	13.61	13.97	4145197	57579388.00
2018/07/02	13.94	14.25	13.78	13.90	6017560	84426648.00
2018/07/03	13.90	14.06	13.82	14.03	3741280	52164748.00
2018/07/04	14.03	14.03	13.82	13.86	3082752	42938060.00
2018/07/05	13.86	13.97	13.56	13.57	2271979	31305508.00
2018/07/06	13.75	13.83	13.00	13.64	2230921	30251514.00
2018/07/09	13.69	14.04	13.51	14.02	2138645	29686786.00
2018/07/10	14.08	14.46	14.04	14.30	2575400	36654752.00
2018/07/11	14.30	14.43	13.88	14.30	3911845	55270772.00
2018/07/12	14.14	14.95	14.14	14.73	3285770	48049100.00
2018/07/13	14.77	14.85	14.60	14.75	2089173	30763224.00
2018/07/16	14.78	14.78	14.60	14.70	1717554	25202754.00
2018/07/17	14.68	14.83	14.66	14.82	1922181	28302112.00
2018/07/18	14.80	15.16	14.80	14.97	2412239	36213028.00
2018/07/19	14.92	15.08	14.59	14.84	1564385	23203334.00
2018/07/20	14.68	15.09	14.68	15.05	1251527	18694828.00
2018/07/23	14.92	14.92	14.60	14.80	1986287	29264502.00
2018/07/24	14.79	15.13	14.69	14.98	1161200	17348752.00
2018/07/25	15.13	15.28	14.88	14.88	1261977	19013576.00
2018/07/26	14.90	15.07	14.80	14.84	1219082	18168088.00
2018/07/27	14.69	15.24	14.68	15.09	1350636	20199810.00
2018/07/30	15.08	15.08	14.68	14.89	1835965	27119982.00
2018/07/31	14.88	14.88	14.70	14.75	596865	8812028.00
2018/08/01	14.78	14.88	14.67	14.68	1321752	19478080.00
2018/08/02	14.60	14.62	14.13	14.42	1195200	17112554.00
2018/08/03	14.32	14.44	14.21	14.31	413852	5921395.50
2018/08/06	14.30	14.35	14.00	14.17	669400	9506361.00
2018/08/07	14.27	14.43	14.11	14.39	620220	8846833.00
2018/08/08	14.41	14.48	14.05	14.19	1126465	15976450.00
2018/08/09	14.11	14.65	14.10	14.41	809500	11680616.00
2018/08/10	14.31	14.49	14.31	14.41	534892	7712804.00
2018/08/13	14.30	14.44	14.13	14.40	723100	10326652.00
2018/08/14	14.34	14.80	14.33	14.58	991100	14506282.00
2018/08/15	14.58	14.58	14.21	14.37	836800	12020344.00
2018/08/16	14.19	14.27	13.96	14.08	1141700	16134751.00
2018/08/17	14.15	14.27	14.04	14.13	728300	10278877.00
2018/08/20	14.13	14.20	13.82	14.14	848674	11835547.00
2018/08/21	14.06	14.18	13.95	14.06	755227	10618545.00
2018/08/22	14.13	14.22	14.00	14.00	636863	9002209.00
2018/08/23	14.01	14.09	13.97	14.01	417000	5853772.00
2018/08/24	14.06	14.11	13.95	13.99	351500	4927792.00
2018/08/27	14.07	14.28	13.98	14.23	848947	12029672.00
2018/08/28	14.23	14.35	14.17	14.28	498502	7103622.50
2018/08/29	14.15	14.35	14.15	14.26	412346	5872283.50
2018/08/30	14.21	14.27	14.00	14.04	506100	7161565.00
2018/08/31	14.03	14.16	14.02	14.10	587600	8289357.00
2018/09/03	14.10	14.45	14.00	14.42	1106165	15737740.00
2018/09/04	14.20	14.47	14.04	14.40	1496642	21376910.00
2018/09/05	14.39	14.50	14.20	14.22	670593	9615769.00
2018/09/06	14.27	14.80	14.23	14.24	527886	7575710.00
2018/09/07	14.20	14.50	14.15	14.30	619100	8856857.00
2018/09/10	14.17	14.26	13.95	14.00	791708	11163856.00
2018/09/11	14.02	14.15	13.90	14.05	313600	4400105.00
2018/09/12	14.08	14.24	13.96	14.20	537226	7619258.00
2018/09/13	14.27	14.76	14.24	14.60	1673877	24164666.00
2018/09/14	14.52	14.68	14.35	14.58	693100	10066834.00
2018/09/17	14.55	14.59	14.01	14.05	598508	8514089.00
2018/09/18	13.94	14.20	13.88	14.14	291748	4111217.00
2018/09/19	14.14	14.25	14.01	14.20	431046	6111693.50
2018/09/20	14.23	14.25	14.00	14.20	1023578	14438664.00
2018/09/21	14.30	14.54	14.11	14.34	644200	9199042.00
2018/09/25	14.29	14.29	14.00	14.01	912179	12887698.00
2018/09/26	14.04	14.28	14.04	14.28	668401	9474540.00
2018/09/27	14.28	14.40	14.20	14.30	763131	10927963.00
2018/09/28	14.27	14.44	14.27	14.42	846194	12179426.00
2018/10/08	14.10	14.26	14.01	14.07	409968	5785872.00
2018/10/09	14.10	14.23	13.98	14.01	394646	5547678.50
2018/10/10	14.05	14.10	13.94	13.97	378103	5292271.00
2018/10/11	13.61	13.94	13.00	13.56	1255950	16786902.00
2018/10/12	13.32	13.68	13.08	13.62	1050306	14087490.00
2018/10/15	13.68	13.69	13.40	13.44	453182	6124225.50
2018/10/16	13.46	13.60	13.06	13.60	730600	9786445.00
2018/10/17	13.60	13.60	12.99	13.51	2561950	33874188.00
2018/10/18	13.40	13.45	13.13	13.40	2201050	29130968.00
2018/10/19	13.20	13.66	13.01	13.41	805358	10732314.00
2018/10/22	13.58	13.94	13.35	13.80	972616	13341950.00
2018/10/23	13.88	13.88	13.14	13.49	1391000	18597976.00
2018/10/24	13.20	13.42	13.20	13.42	535983	7134846.00
2018/10/25	13.10	13.40	12.87	13.40	712400	9379147.00
2018/10/26	13.39	13.70	13.25	13.36	626700	8408336.00
2018/10/29	13.36	13.40	13.17	13.40	646600	8588378.00
2018/10/30	13.33	13.49	13.15	13.30	1209254	16097842.00
2018/10/31	13.23	13.25	13.11	13.14	2220254	29260488.00
2018/11/01	13.20	13.34	13.12	13.27	2351837	31083522.00
2018/11/02	13.30	13.69	13.28	13.66	1927935	26068560.00
2018/11/05	13.57	13.71	13.52	13.67	1646011	22428790.00
2018/11/06	13.68	13.72	13.46	13.68	1063900	14450473.00
2018/11/07	13.60	13.80	13.60	13.63	972483	13334387.00
2018/11/08	13.69	13.89	13.60	13.61	1300894	17812704.00
2018/11/09	13.69	13.75	13.59	13.65	940902	12847608.00
2018/11/12	13.74	13.88	13.62	13.87	934536	12884058.00
2018/11/13	13.72	14.05	13.70	13.97	1365446	18981538.00
2018/11/14	13.93	14.46	13.92	14.09	1769446	25089290.00
2018/11/15	14.07	14.45	14.02	14.36	1777807	25395036.00
2018/11/16	14.45	14.59	14.38	14.51	1610993	23324132.00
2018/11/19	14.62	14.62	14.38	14.60	1357410	19670814.00
2018/11/20	14.50	14.50	14.07	14.07	1347820	19224238.00
2018/11/21	13.90	14.28	13.82	14.18	817041	11456250.00
2018/11/22	14.30	14.87	14.16	14.70	1811211	26177474.00
2018/11/23	14.70	14.70	14.09	14.12	1326586	18991568.00
2018/11/26	14.15	14.15	13.87	14.03	769354	10767223.00
2018/11/27	14.14	14.15	13.96	14.12	461384	6493433.50
2018/11/28	14.14	14.30	13.95	14.20	547978	7727773.00
2018/11/29	14.28	14.33	13.97	13.97	719172	10171612.00
2018/11/30	13.97	14.18	13.82	14.10	527486	7427495.00
2018/12/03	14.40	14.80	14.20	14.67	1888332	27391908.00
2018/12/04	14.61	14.70	14.48	14.63	857978	12522034.00
2018/12/05	14.45	14.63	14.40	14.56	990047	14358617.00
2018/12/06	14.54	14.59	14.32	14.39	771502	11148350.00
2018/12/07	14.28	14.38	13.92	14.12	1004308	14153025.00
2018/12/10	14.02	14.05	13.86	13.94	415198	5786745.00
2018/12/11	13.96	14.09	13.84	13.96	296600	4124529.00
2018/12/12	14.03	14.03	13.70	13.85	356000	4921129.00
2018/12/13	13.70	14.05	13.70	13.93	301205	4191890.75
2018/12/14	13.96	14.00	13.75	13.78	322979	4485974.00
2018/12/17	13.85	13.99	13.35	13.44	774423	10453142.00
2018/12/18	13.44	13.66	13.28	13.53	848275	11413277.00
2018/12/19	13.55	13.61	13.30	13.31	512012	6879568.50
2018/12/20	13.30	13.52	13.18	13.50	998124	13343103.00
2018/12/21	13.42	13.47	13.21	13.42	374081	4982290.50
2018/12/24	13.34	13.45	13.27	13.43	390235	5227116.00
2018/12/25	13.27	13.49	13.13	13.45	639526	8490156.00
2018/12/26	13.45	13.52	13.16	13.26	336300	4479595.00
2018/12/27	13.40	13.45	13.16	13.24	274900	3654425.00
2018/12/28	13.28	14.30	13.19	13.65	713028	9723103.00
2019/01/02	13.64	13.68	13.44	13.62	1191600	16147263.00
2019/01/03	13.60	14.18	13.50	13.73	941621	12909430.00
数据来源:通达信
