300146 汤臣倍健 日线 前复权
      日期	    开盘	    最高	    最低	    收盘	    成交量	    成交额
2010/12/15	4.92	5.00	4.49	4.50	8906537	1350273920.00
2010/12/16	4.23	4.67	4.23	4.38	3711392	541412864.00
2010/12/17	4.32	4.84	4.32	4.76	3191199	473793440.00
2010/12/20	4.83	5.29	4.78	4.99	3160065	503637728.00
2010/12/21	5.04	5.24	4.93	5.05	1885511	304208416.00
2010/12/22	4.96	5.20	4.84	5.16	1275257	203427456.00
2010/12/23	5.09	5.18	4.76	4.76	1504523	236486176.00
2010/12/24	4.72	4.84	4.51	4.57	977194	147100656.00
2010/12/27	4.60	4.75	4.29	4.32	1002209	148067056.00
2010/12/28	4.26	4.50	4.26	4.42	703819	101179400.00
2010/12/29	4.39	4.49	4.32	4.39	457512	66017468.00
2010/12/30	4.39	4.46	4.33	4.42	539614	77748616.00
2010/12/31	4.42	4.66	4.38	4.64	560188	83001688.00
2011/01/04	4.67	4.79	4.59	4.65	696344	105178784.00
2011/01/05	4.60	4.63	4.37	4.40	947089	138759776.00
2011/01/06	4.39	4.46	4.28	4.45	954610	137453216.00
2011/01/07	4.41	4.44	4.29	4.30	579635	82882536.00
2011/01/10	4.26	4.30	3.84	3.90	1612129	218143504.00
2011/01/11	3.88	4.01	3.80	3.95	489541	64479104.00
2011/01/12	3.93	4.03	3.81	3.89	311700	41466040.00
2011/01/13	3.88	3.92	3.76	3.77	462207	60157740.00
2011/01/14	3.73	3.80	3.70	3.71	396255	50961276.00
2011/01/17	3.76	3.95	3.51	3.59	976842	124145784.00
2011/01/18	3.61	3.61	3.47	3.50	361102	44554028.00
2011/01/19	3.52	3.59	3.50	3.57	346215	42955472.00
2011/01/20	3.58	3.58	3.34	3.39	465607	56641752.00
2011/01/21	3.35	3.49	3.34	3.47	247313	29958614.00
2011/01/24	3.44	3.53	3.26	3.28	230750	27670746.00
2011/01/25	3.29	3.32	3.10	3.18	421252	48406416.00
2011/01/27	3.18	3.34	3.14	3.32	400972	46898584.00
2011/01/28	3.30	3.38	3.26	3.35	258194	30621676.00
2011/01/31	3.32	3.43	3.29	3.37	237147	28348172.00
2011/02/01	3.39	3.45	3.29	3.32	160237	18993172.00
2011/02/09	3.26	3.36	3.26	3.27	151418	17889040.00
2011/02/10	3.27	3.54	3.22	3.53	349839	42167280.00
2011/02/11	3.51	3.54	3.47	3.52	224566	27623130.00
2011/02/14	3.49	3.68	3.49	3.65	320207	40036860.00
2011/02/15	3.68	3.68	3.57	3.57	220084	27611424.00
2011/02/16	3.55	3.65	3.54	3.64	227713	28451140.00
2011/02/17	3.60	3.70	3.60	3.65	243014	30648716.00
2011/02/18	3.64	3.66	3.58	3.59	168574	21151452.00
2011/02/21	3.58	3.61	3.47	3.55	557610	68878984.00
2011/02/22	3.53	3.53	3.26	3.28	747241	89245528.00
2011/02/23	3.28	3.33	3.24	3.31	267310	31431788.00
2011/02/24	3.31	3.31	3.24	3.30	298086	34955500.00
2011/02/25	3.31	3.57	3.31	3.48	708632	86350144.00
2011/02/28	3.48	3.52	3.36	3.43	319322	38565316.00
2011/03/01	3.39	3.51	3.39	3.51	338552	41122908.00
2011/03/02	3.49	3.53	3.42	3.50	286203	34931260.00
2011/03/03	3.48	3.52	3.30	3.35	303587	36540664.00
2011/03/04	3.35	3.38	3.30	3.37	121376	14438293.00
2011/03/07	3.38	3.46	3.30	3.46	263630	31521714.00
2011/03/08	3.47	3.48	3.40	3.47	139809	16975860.00
2011/03/09	3.48	3.48	3.38	3.41	239016	28848848.00
2011/03/10	3.42	3.47	3.40	3.44	249268	30240666.00
2011/03/11	3.41	3.47	3.37	3.39	272139	32871754.00
2011/03/14	3.38	3.57	3.36	3.53	514694	63002256.00
2011/03/15	3.54	3.57	3.37	3.43	684970	83351536.00
2011/03/16	3.41	3.60	3.41	3.56	535294	66250824.00
2011/03/17	3.55	3.81	3.49	3.68	759736	96877992.00
2011/03/18	3.74	3.74	3.63	3.67	344188	43651168.00
2011/03/21	3.60	3.67	3.50	3.51	359101	44546496.00
2011/03/22	3.52	3.53	3.46	3.49	323401	39508052.00
2011/03/23	3.47	3.51	3.43	3.50	344230	42071328.00
2011/03/24	3.49	3.54	3.43	3.43	337398	41101448.00
2011/03/25	3.43	3.48	3.42	3.45	238779	29004074.00
2011/03/28	3.43	3.47	3.41	3.41	378903	45860588.00
2011/03/29	3.40	3.40	3.22	3.24	692325	81376400.00
2011/03/30	3.23	3.27	3.14	3.16	267456	30701174.00
2011/03/31	3.16	3.21	3.14	3.17	124912	14354205.00
2011/04/01	3.17	3.20	3.14	3.18	124140	14260406.00
2011/04/06	3.17	3.21	3.11	3.12	218113	24939148.00
2011/04/07	3.07	3.12	3.07	3.10	225055	25380204.00
2011/04/08	3.10	3.20	3.10	3.16	174165	19996728.00
2011/04/11	3.17	3.24	3.08	3.15	215475	24576706.00
2011/04/12	3.11	3.15	3.09	3.13	97437	11082531.00
2011/04/13	3.14	3.17	3.11	3.16	172004	19701234.00
2011/04/14	3.18	3.18	2.96	3.02	510378	56951652.00
2011/04/18	3.02	3.13	3.01	3.02	371877	41684012.00
2011/04/19	2.97	2.97	2.74	2.78	469702	50037636.00
2011/04/20	2.76	2.84	2.75	2.82	202210	21412538.00
2011/04/21	2.82	2.97	2.80	2.91	310290	33529008.00
2011/04/22	2.93	3.01	2.92	2.97	401825	44092072.00
2011/04/25	2.97	2.98	2.85	2.87	222483	24112058.00
2011/04/26	2.88	2.88	2.76	2.77	169245	17987356.00
2011/04/27	2.80	2.82	2.68	2.70	272066	28561782.00
2011/04/28	2.73	2.76	2.59	2.61	198644	20393460.00
2011/04/29	2.57	2.68	2.57	2.68	141768	14513382.00
2011/05/03	2.68	2.70	2.63	2.69	127659	13122037.00
2011/05/04	2.70	2.70	2.59	2.59	142415	14458569.00
2011/05/05	2.59	2.72	2.58	2.68	313018	32145328.00
2011/05/06	2.66	2.78	2.60	2.76	232639	24015944.00
2011/05/09	2.76	2.93	2.73	2.87	239777	25712184.00
2011/05/11	2.89	2.98	2.88	2.98	353416	38627408.00
2011/05/12	2.97	2.97	2.89	2.93	249674	27267838.00
2011/05/13	2.89	2.95	2.89	2.95	157590	17167926.00
2011/05/16	2.95	3.01	2.93	2.94	149349	16441920.00
2011/05/17	2.92	2.95	2.80	2.83	136871	14698202.00
2011/05/18	2.82	2.93	2.82	2.90	114961	12414911.00
2011/05/19	2.90	2.90	2.78	2.80	165586	17667236.00
2011/05/20	2.80	2.88	2.74	2.87	177287	18796842.00
2011/05/23	2.87	2.89	2.72	2.73	135767	14278472.00
2011/05/24	2.72	2.92	2.63	2.86	462092	24393470.00
2011/05/25	2.82	2.85	2.63	2.63	272041	13994806.00
2011/05/26	2.60	2.67	2.26	2.33	905519	43769188.00
2011/05/27	2.33	2.33	2.18	2.25	487639	22251024.00
2011/05/30	2.26	2.34	2.22	2.24	492169	22756894.00
2011/05/31	2.23	2.29	2.20	2.29	271173	12451582.00
2011/06/01	2.30	2.39	2.26	2.37	268603	12590451.00
2011/06/02	2.33	2.37	2.29	2.33	347658	16298810.00
2011/06/03	2.34	2.50	2.33	2.46	461457	21998380.00
2011/06/07	2.45	2.67	2.42	2.63	525639	26288568.00
2011/06/08	2.62	2.62	2.50	2.57	259634	12832856.00
2011/06/09	2.58	2.59	2.50	2.51	321675	15969102.00
2011/06/10	2.49	2.56	2.47	2.55	164985	8089654.50
2011/06/13	2.51	2.57	2.49	2.55	208527	10256083.00
2011/06/14	2.51	2.55	2.51	2.52	259755	12784352.00
2011/06/15	2.52	2.55	2.48	2.50	158201	7740932.00
2011/06/16	2.49	2.55	2.43	2.53	264441	12931161.00
2011/06/17	2.53	2.55	2.46	2.46	271160	13258578.00
2011/06/20	2.45	2.53	2.35	2.45	457625	22094292.00
2011/06/21	2.43	2.43	2.35	2.39	157389	7478435.50
2011/06/22	2.39	2.45	2.36	2.42	103623	4938273.50
2011/06/23	2.41	2.58	2.37	2.54	353566	17306748.00
2011/06/24	2.62	2.93	2.61	2.82	930051	48750648.00
2011/06/27	2.82	2.89	2.77	2.87	630352	33478596.00
2011/06/28	2.87	3.05	2.83	3.01	652416	35670092.00
2011/06/29	3.03	3.08	2.95	3.00	353656	19463124.00
2011/06/30	3.01	3.18	2.96	3.18	725140	41024060.00
2011/07/01	3.22	3.32	3.18	3.27	624070	36288412.00
2011/07/04	3.27	3.30	3.24	3.30	761007	44216832.00
2011/07/05	3.30	3.40	3.25	3.27	574122	33643228.00
2011/07/06	3.26	3.26	3.15	3.23	629510	36010216.00
2011/07/07	3.18	3.29	3.17	3.23	634877	36492984.00
2011/07/08	3.22	3.24	3.16	3.21	351995	20143942.00
2011/07/11	3.22	3.33	3.18	3.31	467003	27033358.00
2011/07/12	3.26	3.28	3.20	3.24	423702	24516116.00
2011/07/13	3.24	3.43	3.24	3.42	575004	34011536.00
2011/07/14	3.43	3.64	3.41	3.63	1103103	68017960.00
2011/07/15	3.62	3.76	3.59	3.62	966822	60917236.00
2011/07/18	3.62	3.65	3.49	3.51	612843	37659400.00
2011/07/19	3.51	3.51	3.31	3.40	520282	30918320.00
2011/07/20	3.39	3.44	3.32	3.42	289463	17271276.00
2011/07/21	3.42	3.53	3.37	3.40	415966	25004998.00
2011/07/22	3.41	3.52	3.41	3.50	281970	17079380.00
2011/07/26	3.32	3.43	3.24	3.38	407179	23993560.00
2011/07/27	3.38	3.64	3.35	3.61	395370	24295046.00
2011/07/28	3.51	3.74	3.51	3.72	939736	58889412.00
2011/07/29	3.72	3.84	3.64	3.73	719152	45921684.00
2011/08/01	3.61	3.74	3.59	3.68	329071	20694944.00
2011/08/02	3.68	3.69	3.55	3.63	485316	30076814.00
2011/08/03	3.58	3.93	3.55	3.91	958610	61708140.00
2011/08/04	3.90	3.92	3.74	3.78	638788	41214752.00
2011/08/05	3.64	3.92	3.59	3.82	766622	49391168.00
2011/08/08	3.78	3.78	3.57	3.66	932100	58862280.00
2011/08/09	3.39	3.80	3.38	3.69	505722	31439166.00
2011/08/10	3.76	3.88	3.69	3.80	556068	35890452.00
2011/08/11	3.76	4.04	3.72	4.03	830366	54683028.00
2011/08/12	4.06	4.17	3.93	3.93	903110	60795244.00
2011/08/15	3.96	4.25	3.93	4.22	743449	50845504.00
2011/08/16	4.24	4.24	4.10	4.14	376995	25986948.00
2011/08/17	4.11	4.26	4.11	4.24	383370	26577084.00
2011/08/18	4.24	4.28	4.01	4.04	1038205	71587480.00
2011/08/19	3.93	4.12	3.89	4.04	484430	32389096.00
2011/08/22	4.03	4.26	4.03	4.18	713227	49263688.00
2011/08/23	4.18	4.29	4.16	4.29	374921	26141098.00
2011/08/24	4.30	4.32	4.17	4.21	510556	35573152.00
2011/08/25	4.16	4.24	4.01	4.17	661959	45236708.00
2011/08/26	4.16	4.27	4.10	4.25	410756	28597862.00
2011/08/29	4.20	4.26	4.09	4.26	461699	31956728.00
2011/08/30	4.28	4.34	4.21	4.32	477692	33617648.00
2011/08/31	4.27	4.35	4.15	4.34	418926	29527304.00
2011/09/01	4.33	4.43	4.31	4.33	392031	27922128.00
2011/09/02	4.32	4.32	4.12	4.14	709748	49084816.00
2011/09/05	4.07	4.07	3.86	3.98	1237703	82189920.00
2011/09/06	3.93	4.00	3.86	3.95	334075	22056264.00
2011/09/07	3.95	4.13	3.95	4.10	261489	17560736.00
2011/09/08	4.14	4.14	4.00	4.04	279021	18872260.00
2011/09/09	4.04	4.05	3.91	3.94	264239	17512876.00
2011/09/13	3.84	3.93	3.74	3.80	577432	37134324.00
2011/09/14	3.83	3.96	3.79	3.96	261508	17069788.00
2011/09/15	3.96	4.09	3.94	4.09	273685	18390088.00
2011/09/16	4.10	4.33	4.04	4.31	405721	28278876.00
2011/09/19	4.30	4.38	4.18	4.29	341427	24019616.00
2011/09/20	4.25	4.46	4.20	4.41	346936	24754178.00
2011/09/21	4.42	4.48	4.35	4.40	448237	32196564.00
2011/09/22	4.34	4.44	4.24	4.24	273897	19435708.00
2011/09/23	4.11	4.25	4.03	4.18	237863	16277941.00
2011/09/27	4.16	4.16	3.93	4.01	298717	20030230.00
2011/09/28	4.05	4.05	3.98	3.99	173717	11647797.00
2011/09/29	3.95	4.01	3.84	3.93	734386	48094844.00
2011/09/30	4.05	4.16	3.91	4.09	781572	52029212.00
2011/10/10	4.09	4.15	3.90	4.08	341954	22878266.00
2011/10/11	4.17	4.39	4.05	4.35	803775	55997996.00
2011/10/12	4.33	4.92	4.27	4.80	1138167	85168560.00
2011/10/13	4.78	4.88	4.73	4.78	561474	42886372.00
2011/10/14	4.78	4.89	4.72	4.88	553144	42469052.00
2011/10/17	4.92	5.04	4.77	4.97	905395	70601904.00
2011/10/18	4.93	4.93	4.64	4.68	679639	52172692.00
2011/10/19	4.68	5.08	4.68	5.04	990005	77276000.00
2011/10/20	5.05	5.10	4.84	4.99	951342	74486040.00
2011/10/21	4.91	4.98	4.78	4.85	921070	71300656.00
2011/10/24	4.92	5.04	4.69	4.95	752862	58191696.00
2011/10/25	4.92	5.09	4.87	4.91	885009	69647608.00
2011/10/26	4.86	5.04	4.70	4.98	793274	61243028.00
2011/10/27	4.84	5.01	4.68	4.80	883240	67409384.00
2011/10/28	4.80	4.92	4.69	4.72	734576	55938240.00
2011/10/31	4.70	5.33	4.68	5.13	1225297	97004744.00
2011/11/01	5.04	5.33	5.03	5.08	785254	63480252.00
2011/11/02	5.04	5.34	4.96	5.29	706633	57447892.00
2011/11/03	5.29	5.42	5.13	5.15	652871	53420660.00
2011/11/04	5.15	5.26	4.84	4.92	1137680	90066800.00
2011/11/07	4.89	5.07	4.85	4.97	415776	32663770.00
2011/11/08	5.01	5.42	5.01	5.29	809239	66033416.00
2011/11/09	5.33	5.89	5.25	5.85	1396796	120574112.00
2011/11/10	5.76	6.05	5.69	5.79	1043680	92967312.00
2011/11/11	5.73	5.83	5.51	5.65	862360	74813008.00
2011/11/14	5.75	5.89	5.66	5.86	614378	54050084.00
2011/11/15	5.92	5.92	5.66	5.84	710490	62267752.00
2011/11/16	5.83	5.90	5.62	5.72	690196	60296800.00
2011/11/17	5.68	5.86	5.57	5.77	759793	66251520.00
2011/11/18	5.72	5.72	5.38	5.44	1109970	94558312.00
2011/11/21	5.42	5.65	5.32	5.64	740710	62418948.00
2011/11/22	5.55	5.84	5.54	5.72	677105	59160112.00
2011/11/23	5.72	5.84	5.55	5.59	585245	50969528.00
2011/11/24	5.51	5.73	5.46	5.63	359425	30915404.00
2011/11/25	5.68	5.77	5.56	5.70	468230	40734004.00
2011/11/28	5.71	5.81	5.59	5.78	778365	68220160.00
2011/11/29	5.83	5.83	5.59	5.72	521420	45606364.00
2011/11/30	5.69	5.70	5.18	5.38	1121786	94109648.00
2011/12/01	5.51	5.67	5.35	5.51	992007	84198032.00
2011/12/02	5.43	5.43	5.19	5.33	623916	51449576.00
2011/12/05	5.27	5.28	4.90	4.96	826971	65947580.00
2011/12/06	4.88	4.99	4.66	4.92	1156490	88393176.00
2011/12/07	4.89	5.00	4.76	4.94	597063	46145820.00
2011/12/08	4.95	5.33	4.84	5.08	1017759	81599992.00
2011/12/09	5.04	5.11	4.93	4.95	469491	37079588.00
2011/12/12	4.95	5.08	4.75	4.76	404641	31484202.00
2011/12/13	4.76	4.83	4.72	4.72	434727	33085622.00
2011/12/14	4.61	4.77	4.43	4.49	627760	46496548.00
2011/12/15	4.48	4.71	4.44	4.68	820302	60804400.00
2011/12/16	4.68	5.04	4.65	5.03	529973	40800936.00
2011/12/19	5.00	5.17	4.93	5.07	433852	34473548.00
2011/12/20	5.01	5.09	4.90	4.97	287611	22642152.00
2011/12/21	4.99	5.09	4.83	4.83	342577	26878090.00
2011/12/22	4.78	4.91	4.61	4.84	354767	26909774.00
2011/12/23	4.84	5.05	4.78	5.00	276919	21718102.00
2011/12/26	4.99	5.26	4.95	5.04	432604	34852108.00
2011/12/27	4.97	4.97	4.43	4.66	877813	65602352.00
2011/12/28	4.68	4.71	4.49	4.68	385134	28417992.00
2011/12/29	4.68	4.86	4.63	4.85	273141	20869692.00
2011/12/30	4.95	5.08	4.79	4.92	367949	28767304.00
2012/01/04	4.98	5.21	4.89	4.89	677416	53956448.00
2012/01/05	4.75	4.96	4.51	4.72	497003	37795392.00
2012/01/06	4.68	5.01	4.57	4.99	819792	62842568.00
2012/01/09	4.99	5.17	4.92	5.16	701377	55681368.00
2012/01/10	5.12	5.32	5.08	5.25	806607	65558128.00
2012/01/11	5.24	5.40	5.16	5.35	971703	79821504.00
2012/01/12	5.30	5.39	5.21	5.33	456903	37734496.00
2012/01/13	5.33	5.33	4.98	5.07	704037	56218476.00
2012/01/16	5.01	5.04	4.82	4.93	1212336	93987152.00
2012/01/17	5.01	5.16	4.76	5.12	434439	34279436.00
2012/01/18	5.13	5.17	4.68	4.76	868974	66909680.00
2012/01/19	4.74	4.76	4.13	4.22	1329329	93700816.00
2012/01/20	4.14	4.38	4.14	4.34	640537	45226188.00
2012/01/30	4.43	4.64	4.34	4.53	625291	45765676.00
2012/01/31	4.55	4.59	4.31	4.58	739010	53743088.00
2012/02/01	4.76	5.00	4.64	4.68	1645469	124662680.00
2012/02/02	4.68	4.71	4.42	4.58	1259883	91979928.00
2012/02/03	4.56	4.65	4.48	4.57	673689	49573308.00
2012/02/06	4.57	4.73	4.52	4.70	804162	59909440.00
2012/02/07	4.62	4.68	4.49	4.49	683417	50142860.00
2012/02/08	4.49	4.64	4.49	4.60	495254	36467416.00
2012/02/09	4.58	4.76	4.58	4.65	587875	44074120.00
2012/02/10	4.65	4.68	4.55	4.65	524480	38973676.00
2012/02/13	4.60	4.99	4.59	4.96	1037068	80355304.00
2012/02/14	4.96	4.98	4.89	4.93	353248	27555340.00
2012/02/15	4.89	4.99	4.84	4.98	413336	32241698.00
2012/02/16	4.98	5.01	4.87	4.93	337297	26303102.00
2012/02/17	4.87	4.95	4.79	4.89	327429	25310796.00
2012/02/20	4.93	5.09	4.90	5.02	528905	41574136.00
2012/02/21	5.01	5.08	4.89	5.08	405593	31929846.00
2012/02/23	5.33	5.48	5.15	5.18	1826728	149690336.00
2012/02/24	5.18	5.43	5.18	5.28	1404492	115752800.00
2012/02/27	5.28	5.57	5.23	5.45	1434067	120290864.00
2012/02/28	5.45	5.64	5.33	5.53	1293834	109873088.00
2012/02/29	5.54	5.55	5.38	5.44	726812	61451612.00
2012/03/01	5.44	5.60	5.30	5.53	993762	84255256.00
2012/03/02	5.59	5.92	5.56	5.91	1910125	168459072.00
2012/03/05	5.85	6.64	5.82	6.16	4957053	228194704.00
2012/03/06	6.09	6.09	5.70	5.88	4106402	180779232.00
2012/03/07	5.71	5.99	5.64	5.83	2496637	109817536.00
2012/03/08	5.88	5.94	5.80	5.84	1736195	76556680.00
2012/03/09	5.86	5.98	5.83	5.95	1621183	71770832.00
2012/03/12	5.95	6.69	5.95	6.69	6376542	304204896.00
2012/03/13	6.57	6.68	6.32	6.48	5264997	251287312.00
2012/03/14	6.48	6.68	5.99	6.19	4937989	233731440.00
2012/03/15	6.18	6.42	5.96	6.21	3427662	157702800.00
2012/03/16	6.23	6.43	6.13	6.38	3103499	144241808.00
2012/03/19	6.43	6.50	6.32	6.36	2284750	107897160.00
2012/03/20	6.31	6.31	5.98	6.01	2694832	122882664.00
2012/03/21	6.76	6.76	6.38	6.45	7223707	351371200.00
2012/03/22	6.54	7.25	6.52	7.25	6078747	310322624.00
2012/03/26	7.14	8.01	6.88	7.81	6858570	373413280.00
2012/03/27	7.81	8.34	7.53	7.88	5166728	292138848.00
2012/03/28	7.86	8.12	7.64	7.91	4419015	248957472.00
2012/04/05	6.97	7.34	6.97	7.11	9437851	484749024.00
2012/04/06	7.01	7.56	7.01	7.35	4620813	245182416.00
2012/04/09	7.14	7.18	6.59	6.85	4288051	215462928.00
2012/04/10	6.72	6.99	6.45	6.84	2638192	130179752.00
2012/04/11	6.93	7.68	6.79	7.68	4577437	242968688.00
2012/04/12	7.63	7.83	7.47	7.70	3718415	204387408.00
2012/04/13	7.78	8.29	7.68	7.68	3172085	179077744.00
2012/04/16	7.51	8.04	7.28	7.77	3670032	199256288.00
2012/04/17	7.76	8.01	7.63	7.67	2384743	132625584.00
2012/04/18	7.64	7.83	7.43	7.70	2351009	128685720.00
2012/04/19	7.65	8.00	7.61	7.71	2297232	128286744.00
2012/04/20	7.79	7.84	7.42	7.47	2611980	142281216.00
2012/04/23	7.24	7.24	6.58	6.93	4092267	206747552.00
2012/04/24	6.69	7.08	6.69	7.05	2005317	101083448.00
2012/04/25	6.97	7.12	6.70	6.84	1708268	85590904.00
2012/04/26	6.85	7.01	6.68	6.68	1283999	63791520.00
2012/04/27	6.68	7.13	6.65	7.10	1875491	94959224.00
2012/05/02	7.18	7.76	7.16	7.50	3057700	164731760.00
2012/05/03	7.43	7.99	7.41	7.73	2663322	147818832.00
2012/05/04	7.73	7.93	7.64	7.76	1909739	106259632.00
2012/05/07	7.74	8.69	7.68	8.69	4051946	235541984.00
2012/05/08	8.74	8.83	8.34	8.48	2731997	165825664.00
2012/05/09	8.35	9.09	8.35	8.93	3316347	205915104.00
2012/05/10	8.85	9.34	8.81	8.93	2614535	164808448.00
2012/05/11	8.92	9.13	8.68	8.80	1807693	112300312.00
2012/05/14	8.84	9.10	8.81	8.88	1862392	116603680.00
2012/05/15	8.78	9.08	8.48	9.07	1993602	123887208.00
2012/05/16	9.01	9.09	8.59	8.68	2450729	151551312.00
2012/05/17	8.62	8.79	8.28	8.42	2967604	176149280.00
2012/05/18	8.29	8.42	8.12	8.15	2346470	136574384.00
2012/05/21	8.11	8.88	8.11	8.63	3311201	200208032.00
2012/05/22	8.64	9.04	8.46	8.66	3317808	202613008.00
2012/05/23	8.66	8.66	8.35	8.51	2650370	158248624.00
2012/05/24	8.43	8.66	8.31	8.39	2118340	125910464.00
2012/05/25	8.39	8.58	8.30	8.41	2199748	130817736.00
2012/05/28	8.34	8.41	7.97	8.31	2075907	120343768.00
2012/05/29	8.29	8.67	8.26	8.60	2204724	132603632.00
2012/05/30	8.51	8.59	8.33	8.38	2109971	125576824.00
2012/05/31	8.36	8.36	8.18	8.27	2048801	119629760.00
2012/06/01	8.30	8.61	8.17	8.54	2446737	145315104.00
2012/06/04	8.34	8.73	8.30	8.49	2039100	122940112.00
2012/06/05	8.59	8.60	8.30	8.34	1576962	93435976.00
2012/06/06	8.38	8.49	8.32	8.42	1074336	63672632.00
2012/06/07	8.54	8.71	8.43	8.53	1904375	115131320.00
2012/06/08	8.56	8.81	8.56	8.69	2359735	144342960.00
2012/06/11	8.74	9.43	8.74	9.29	3692545	236987920.00
2012/06/12	9.29	9.88	9.21	9.67	3426141	228719008.00
2012/06/13	9.68	9.72	9.36	9.68	2106807	139707008.00
2012/06/14	9.70	10.11	9.56	9.64	2443766	165626496.00
2012/06/15	9.60	9.77	9.38	9.68	1996816	132144624.00
2012/06/18	9.53	9.92	9.28	9.41	3551311	233634960.00
2012/06/19	9.39	9.61	9.26	9.41	2214704	144945456.00
2012/06/20	9.44	9.59	9.28	9.33	1419079	92557160.00
2012/06/21	9.29	9.34	9.01	9.29	1281040	82225888.00
2012/06/25	9.30	9.54	9.10	9.23	1426178	92777288.00
2012/06/26	9.17	9.33	8.93	9.23	1990046	126573728.00
2012/06/27	9.24	9.42	9.15	9.24	1447011	93624000.00
2012/06/28	9.21	9.67	9.16	9.58	2624284	171654336.00
2012/06/29	9.57	9.78	9.44	9.71	2045764	136788400.00
2012/07/02	9.76	10.04	9.66	9.94	2395012	162869808.00
2012/07/03	9.98	10.21	9.75	9.77	2703851	185663168.00
2012/07/04	9.77	9.84	9.51	9.54	1891175	126164264.00
2012/07/05	9.53	9.69	9.34	9.60	1549488	102116584.00
2012/07/06	9.63	10.09	9.63	10.06	2623786	179020336.00
2012/07/09	10.04	10.21	9.93	10.07	2280065	158322720.00
2012/07/10	10.11	10.14	9.84	9.96	1332766	91684696.00
2012/07/11	10.01	10.40	9.83	10.38	1910467	133226312.00
2012/07/12	10.38	10.51	10.22	10.34	2144565	152542144.00
2012/07/13	10.34	10.45	10.22	10.31	1239465	87880904.00
2012/07/16	10.29	10.43	9.81	9.83	2237635	155982576.00
2012/07/17	9.85	10.01	9.54	9.90	2157228	146052080.00
2012/07/18	9.92	9.93	9.18	9.62	3030715	200284256.00
2012/07/19	9.56	9.73	9.26	9.55	1943122	128403944.00
2012/07/20	9.47	10.08	9.40	9.83	2309601	157241280.00
2012/07/23	9.71	9.96	9.51	9.66	1126686	75661992.00
2012/07/24	9.64	9.74	9.29	9.55	1403050	92394528.00
2012/07/25	9.54	9.75	9.44	9.65	1028301	68615960.00
2012/07/26	9.56	10.04	9.56	9.89	1681138	115108520.00
2012/07/27	9.94	10.16	9.68	9.84	1547941	105962568.00
2012/07/30	9.71	9.90	9.31	9.38	2160739	142973232.00
2012/07/31	9.34	9.43	8.68	8.70	2466459	155845360.00
2012/08/01	8.69	9.04	8.55	8.94	1949317	121075624.00
2012/08/02	8.89	9.04	8.75	8.97	1016187	63431196.00
2012/08/03	8.99	9.34	8.91	9.34	1492077	95414048.00
2012/08/06	9.24	9.61	9.18	9.50	1418471	93291256.00
2012/08/07	9.51	9.64	9.39	9.51	1000836	66218712.00
2012/08/08	9.51	9.58	9.39	9.43	568413	37313304.00
2012/08/09	9.39	9.89	9.37	9.88	1433293	96172336.00
2012/08/10	9.88	9.98	9.64	9.68	1049169	71027704.00
2012/08/13	9.65	9.84	9.64	9.64	1279237	86349720.00
2012/08/14	9.63	9.97	9.28	9.86	1430697	95251200.00
2012/08/15	9.76	9.87	9.62	9.63	803636	53950068.00
2012/08/16	9.63	9.72	9.34	9.35	819005	54146744.00
2012/08/17	9.33	9.41	8.85	9.05	1776713	112505328.00
2012/08/20	8.99	9.34	8.88	9.30	704849	45016976.00
2012/08/21	9.23	9.49	9.23	9.41	707549	46203008.00
2012/08/22	9.41	9.49	9.06	9.11	915863	59106492.00
2012/08/23	9.05	9.22	8.87	9.03	1426025	89548384.00
2012/08/24	9.03	9.22	8.86	8.88	1022183	64369488.00
2012/08/27	8.84	8.95	8.68	8.71	1136629	70082608.00
2012/08/28	8.68	8.97	8.62	8.83	744077	45935500.00
2012/08/29	8.82	8.95	8.72	8.74	532041	32968748.00
2012/08/30	8.74	8.84	8.21	8.26	2851187	168882416.00
2012/08/31	8.26	8.59	8.18	8.48	860401	51273200.00
2012/09/03	8.48	8.85	8.39	8.83	1068401	65343160.00
2012/09/04	8.84	8.88	8.60	8.62	883270	54069892.00
2012/09/05	8.49	8.66	8.42	8.59	918809	55290168.00
2012/09/06	8.55	8.76	8.55	8.71	532021	32448982.00
2012/09/07	8.84	9.21	8.78	9.06	1632734	103190104.00
2012/09/10	9.18	9.41	9.08	9.13	1287159	83068616.00
2012/09/11	9.14	9.29	8.95	9.07	829689	52703208.00
2012/09/12	9.17	9.22	9.01	9.09	676536	42925364.00
2012/09/13	9.11	9.17	8.86	8.86	729288	45929316.00
2012/09/14	8.93	9.01	8.79	8.83	693279	43060496.00
2012/09/17	8.83	8.83	8.53	8.53	911949	55424052.00
2012/09/18	8.59	9.01	8.59	8.84	1619981	100958320.00
2012/09/19	8.89	8.99	8.81	8.85	629195	39106312.00
2012/09/20	8.85	9.17	8.68	8.78	1958094	122606248.00
2012/09/21	8.17	8.18	7.75	7.75	4261926	238340512.00
2012/09/24	7.06	7.90	7.06	7.57	3567361	192874080.00
2012/09/25	7.43	7.79	7.31	7.34	3003052	161937616.00
2012/09/26	7.33	7.46	6.82	6.96	3323758	168827120.00
2012/09/27	6.92	7.26	6.85	7.15	1889316	96552136.00
2012/09/28	7.05	7.39	6.99	7.35	941812	49233624.00
2012/10/08	7.36	7.83	7.34	7.76	2300001	126188568.00
2012/10/09	7.76	7.93	7.68	7.91	1232589	69091424.00
2012/10/10	7.91	8.15	7.81	8.04	1045261	59792252.00
2012/10/11	8.14	8.57	8.04	8.34	2769070	164668944.00
2012/10/12	8.34	8.43	8.21	8.33	934414	55007272.00
2012/10/15	8.31	8.31	8.01	8.04	878546	50646836.00
2012/10/16	8.04	8.54	8.02	8.29	924148	54680400.00
2012/10/17	8.31	8.49	8.31	8.37	484958	28805236.00
2012/10/18	8.34	8.54	8.34	8.46	470396	28044936.00
2012/10/19	8.46	8.51	8.34	8.37	447149	26479032.00
2012/10/22	8.37	8.48	8.35	8.40	297671	17686960.00
2012/10/23	8.46	8.46	8.02	8.04	1077173	62531424.00
2012/10/24	8.04	8.26	7.96	8.26	551480	31774592.00
2012/10/25	8.23	8.39	8.13	8.15	628637	36778692.00
2012/10/26	8.12	8.12	7.93	7.96	657428	37389816.00
2012/10/29	7.94	8.01	7.74	8.01	419381	23584698.00
2012/10/30	8.01	8.17	8.01	8.12	582176	33509796.00
2012/10/31	8.12	8.29	8.08	8.23	426461	24761728.00
2012/11/01	8.31	8.44	8.21	8.33	646513	38262728.00
2012/11/02	8.38	8.43	8.28	8.37	348983	20609022.00
2012/11/05	8.37	8.41	8.01	8.03	877236	51031504.00
2012/11/06	8.01	8.09	7.84	8.04	710816	40144260.00
2012/11/07	8.01	8.05	7.82	7.90	652257	36713768.00
2012/11/08	7.81	7.93	7.68	7.74	737136	40924060.00
2012/11/09	7.71	7.82	7.51	7.51	410479	22549012.00
2012/11/12	7.51	7.81	7.49	7.54	408568	22317196.00
2012/11/13	7.64	7.64	7.39	7.43	1080884	57961576.00
2012/11/14	7.43	7.61	7.38	7.59	698963	37684692.00
2012/11/15	7.53	7.75	7.51	7.56	476690	26102000.00
2012/11/16	7.55	7.59	7.34	7.40	569992	30638104.00
2012/11/19	7.40	7.54	7.23	7.41	743762	39539820.00
2012/11/20	7.46	7.79	7.39	7.63	685617	37617984.00
2012/11/21	7.64	7.79	7.41	7.66	560195	30519558.00
2012/11/22	7.64	7.64	7.32	7.33	395693	21169690.00
2012/11/23	7.30	7.45	6.99	7.09	965413	50433636.00
2012/11/26	7.10	7.23	6.95	7.03	643179	32913272.00
2012/11/27	6.93	7.18	6.87	7.06	907709	46236420.00
2012/11/28	6.93	7.14	6.83	6.95	810117	40846828.00
2012/11/29	6.89	7.17	6.89	7.04	442270	22664018.00
2012/11/30	7.09	7.14	6.76	7.09	826515	42014464.00
2012/12/03	7.03	7.04	6.85	6.97	609329	30802528.00
2012/12/04	6.93	7.18	6.78	7.16	747282	37858340.00
2012/12/05	7.09	7.59	7.09	7.51	1126853	60359688.00
2012/12/06	7.51	7.59	7.34	7.40	355922	19021142.00
2012/12/07	7.29	7.54	7.29	7.39	825669	44282984.00
2012/12/10	7.45	7.50	7.30	7.45	1225816	65191724.00
2012/12/11	7.44	7.53	7.38	7.41	374504	20118498.00
2012/12/12	7.42	7.42	7.20	7.26	743735	39147304.00
2012/12/13	7.23	7.29	7.12	7.24	1029453	53630208.00
2012/12/14	7.24	7.59	7.19	7.51	1079831	58087536.00
2012/12/17	7.51	7.81	7.26	7.41	1092084	59313776.00
2012/12/18	7.42	7.51	7.29	7.32	753356	40054772.00
2012/12/19	7.26	7.43	7.26	7.39	583666	31016926.00
2012/12/20	7.40	7.53	7.36	7.43	736417	39483800.00
2012/12/21	7.45	7.45	7.26	7.40	1201760	63740164.00
2012/12/24	6.66	7.84	6.66	7.69	2266023	120781928.00
2012/12/25	7.63	7.92	7.54	7.91	1244900	69261648.00
2012/12/26	8.00	8.11	7.78	7.97	1395780	78890712.00
2012/12/27	7.97	8.15	7.78	8.06	1152643	64915020.00
2012/12/28	8.04	8.46	7.95	8.34	1647530	96197176.00
2012/12/31	8.34	8.49	8.16	8.21	1645872	96364904.00
2013/01/04	8.28	8.32	8.00	8.01	845924	48614280.00
2013/01/07	8.08	8.16	7.84	8.13	544360	31060030.00
2013/01/08	8.06	8.26	8.05	8.16	831521	48187916.00
2013/01/09	8.14	8.16	7.93	8.00	1036161	59322504.00
2013/01/10	8.04	8.18	7.93	8.00	894501	51205888.00
2013/01/11	8.01	8.31	7.97	8.06	1061428	61061396.00
2013/01/14	7.99	8.31	7.98	8.29	1384332	80392280.00
2013/01/15	8.31	8.49	8.14	8.49	1774458	103967680.00
2013/01/16	8.43	8.66	8.31	8.58	1291355	77101416.00
2013/01/18	8.78	9.58	8.78	9.16	2437202	156736608.00
2013/01/21	9.17	9.68	9.17	9.51	1631862	107760752.00
2013/01/22	9.39	9.51	9.23	9.33	860911	55881208.00
2013/01/23	9.22	9.61	8.85	9.34	1506632	96698832.00
2013/01/24	9.28	9.48	9.04	9.14	902679	58105872.00
2013/01/25	9.14	9.48	9.03	9.42	1024136	66498772.00
2013/01/28	9.36	9.72	9.36	9.71	1110862	73930008.00
2013/01/29	9.71	9.76	9.53	9.58	770725	51407216.00
2013/01/30	9.53	9.64	9.40	9.48	513570	33822624.00
2013/01/31	9.56	9.56	9.18	9.21	594303	38421304.00
2013/02/01	9.31	9.46	9.20	9.26	580922	37764280.00
2013/02/04	9.18	9.39	9.01	9.05	667081	42346400.00
2013/02/05	9.11	9.34	8.98	9.28	486322	31254626.00
2013/02/06	9.36	9.67	9.19	9.62	955741	63500344.00
2013/02/07	9.63	9.86	9.58	9.67	675809	45512272.00
2013/02/08	9.66	10.19	9.64	10.05	1083183	74611840.00
2013/02/18	10.16	10.16	9.88	9.99	607430	42055636.00
2013/02/19	9.95	10.09	9.74	9.76	570951	38921924.00
2013/02/20	9.76	10.25	9.76	10.14	1163338	80669664.00
2013/02/21	10.14	10.43	9.79	9.84	1312438	90989848.00
2013/02/22	9.86	10.16	9.81	10.07	1004777	69282616.00
2013/02/25	9.97	10.44	9.97	10.29	928138	65457004.00
2013/02/26	10.18	10.40	9.18	9.79	3917083	265860464.00
2013/02/27	9.68	10.07	9.68	9.95	1481094	101233736.00
2013/02/28	9.68	9.76	9.41	9.60	3293366	218951760.00
2013/03/01	9.61	9.63	9.47	9.51	1948739	128736168.00
2013/03/04	9.51	9.58	9.16	9.18	2042619	132906088.00
2013/03/05	9.19	9.33	8.84	9.16	2706564	172690880.00
2013/03/06	9.21	10.14	9.21	10.07	2639984	179508048.00
2013/03/07	10.07	10.27	9.85	9.99	1553290	108014152.00
2013/03/08	10.01	10.14	9.84	9.97	629615	43201676.00
2013/03/11	10.01	10.29	9.89	10.15	1065993	74404536.00
2013/03/12	10.16	10.18	9.34	9.70	1089351	73500696.00
2013/03/13	9.59	9.67	9.35	9.41	536373	35239524.00
2013/03/14	9.39	9.63	9.37	9.51	388432	25598398.00
2013/03/15	9.49	9.85	9.36	9.66	646096	43161016.00
2013/03/18	9.61	9.79	9.48	9.51	350179	23309024.00
2013/03/19	9.45	9.62	9.39	9.43	456516	30103648.00
2013/03/20	9.46	9.93	9.46	9.86	784946	53364880.00
2013/03/21	9.86	10.23	9.86	9.97	750788	51886460.00
2013/03/22	10.00	10.11	9.79	10.04	828636	57104740.00
2013/03/25	10.02	10.13	9.76	10.09	866864	59370328.00
2013/03/26	10.00	10.24	9.80	10.08	599526	41532408.00
2013/03/27	10.14	10.16	10.00	10.01	345972	23967800.00
2013/03/28	9.97	10.67	9.88	10.56	1799080	128298448.00
2013/03/29	10.59	10.67	10.27	10.59	1143555	81946232.00
2013/04/01	10.60	10.67	10.37	10.48	691997	49883116.00
2013/04/02	10.51	10.91	9.86	10.06	1844314	87183128.00
2013/04/03	10.00	10.40	9.66	10.06	1400384	63436872.00
2013/04/08	9.88	10.75	9.86	10.51	2200684	103744384.00
2013/04/09	10.51	10.84	10.51	10.74	2093763	101059272.00
2013/04/10	10.76	11.21	10.35	10.62	2619147	127804264.00
2013/04/11	10.62	10.69	10.40	10.64	913966	43711376.00
2013/04/12	10.61	10.97	10.51	10.83	1108374	54058896.00
2013/04/15	10.73	10.73	10.08	10.09	3166873	148141936.00
2013/04/16	9.99	10.43	9.75	10.31	1329208	61923256.00
2013/04/17	10.31	10.74	10.24	10.66	1299212	61853332.00
2013/04/18	10.66	10.76	10.48	10.69	862053	41367060.00
2013/04/19	10.68	10.92	10.66	10.71	1164199	56636716.00
2013/04/22	10.69	11.09	10.69	11.04	1633391	80823064.00
2013/04/23	11.08	11.11	10.55	10.78	1728188	84114984.00
2013/04/24	10.78	11.06	10.64	10.89	1423575	69740520.00
2013/04/25	10.90	10.95	10.45	10.50	1625915	78429088.00
2013/04/26	10.51	10.58	10.31	10.39	1148773	54325976.00
2013/05/02	10.39	10.79	10.24	10.69	945370	45387188.00
2013/05/03	10.70	11.21	10.69	10.97	2108262	104707872.00
2013/05/06	11.01	11.21	10.86	10.94	1328349	65634900.00
2013/05/07	10.93	11.08	10.81	10.97	949662	46756732.00
2013/05/08	10.99	11.56	10.94	11.52	2588483	131187576.00
2013/05/09	11.47	11.75	11.31	11.59	1811910	93501808.00
2013/05/10	11.50	11.69	11.32	11.41	967577	49553716.00
2013/05/13	11.43	11.66	11.23	11.58	1085750	55844488.00
2013/05/14	11.58	11.58	11.14	11.24	1430289	72515944.00
2013/05/15	11.11	11.43	10.91	11.40	2355884	117898648.00
2013/05/16	11.40	11.81	11.11	11.44	3537002	182410064.00
2013/05/17	11.40	11.66	11.19	11.36	2639198	134310240.00
2013/05/20	11.25	11.51	10.93	11.11	3236483	161487840.00
2013/05/21	11.09	11.15	10.81	11.15	3118423	153367472.00
2013/05/22	11.04	11.51	10.94	11.31	3586450	182100672.00
2013/05/23	11.20	11.51	11.07	11.29	2797384	142051312.00
2013/05/24	11.29	11.53	11.25	11.29	2248265	114547000.00
2013/05/27	11.34	11.47	11.24	11.40	2191304	111658040.00
2013/05/28	11.49	11.56	11.30	11.31	2247426	114640568.00
2013/05/29	11.24	11.26	10.76	10.87	4321479	212071952.00
2013/05/30	10.76	10.89	10.71	10.88	2003576	97538736.00
2013/05/31	10.91	11.17	10.84	11.02	1674437	83319208.00
2013/06/03	10.99	10.99	10.67	10.70	1834657	89476704.00
2013/06/04	10.68	10.77	10.50	10.53	1404485	67399776.00
2013/06/05	10.53	10.65	9.91	10.03	2228683	102837144.00
2013/06/06	10.04	10.29	10.04	10.11	1542640	71157168.00
2013/06/07	10.08	10.33	10.08	10.26	1380933	64403432.00
2013/06/13	10.25	10.25	9.74	10.01	1797910	81009128.00
2013/06/14	10.01	10.47	10.01	10.41	1012930	47372780.00
2013/06/17	10.44	10.49	10.27	10.33	847861	39980920.00
2013/06/18	10.33	10.40	10.11	10.27	699292	32466876.00
2013/06/19	10.29	10.29	10.01	10.11	709761	32555180.00
2013/06/20	10.14	10.20	9.84	9.84	1067947	48729364.00
2013/06/21	9.69	9.71	9.38	9.39	1614266	70572208.00
2013/06/24	9.39	9.39	8.69	8.79	3067984	126188848.00
2013/06/25	8.71	9.49	8.42	9.24	2696553	111427240.00
2013/06/26	9.26	9.98	9.26	9.92	2818485	124766488.00
2013/06/27	9.99	10.25	9.60	9.60	1210296	54905328.00
2013/06/28	9.59	9.84	9.49	9.61	1200448	53099256.00
2013/07/01	10.04	10.71	9.99	10.71	3361889	160558880.00
2013/07/02	10.71	11.25	10.64	11.18	3345415	166052880.00
2013/07/03	11.11	11.71	10.93	11.66	4050922	206581472.00
2013/07/04	11.67	11.79	11.49	11.61	1780986	92948392.00
2013/07/05	11.49	11.60	10.99	11.51	2940538	148887648.00
2013/07/08	11.28	11.46	11.03	11.11	1227515	61802252.00
2013/07/09	11.11	11.20	10.99	11.11	695570	34786224.00
2013/07/10	11.07	11.24	11.01	11.23	917353	45995904.00
2013/07/11	11.17	11.65	11.11	11.61	1379891	70852856.00
2013/07/12	11.51	11.98	11.51	11.81	1347838	71353424.00
2013/07/15	11.82	12.09	11.49	12.04	1485845	78771376.00
2013/07/16	11.95	12.36	11.90	11.95	2061393	111039192.00
2013/07/17	11.91	11.96	11.54	11.55	1030058	54116676.00
2013/07/18	11.36	11.73	11.36	11.55	1047130	54295212.00
2013/07/19	11.44	11.95	11.44	11.55	874306	45882404.00
2013/07/22	11.51	11.96	11.36	11.86	1016644	53272816.00
2013/07/23	11.90	12.23	11.90	12.08	834141	45054056.00
2013/07/24	12.11	12.20	11.96	12.06	857671	46328620.00
2013/07/25	12.14	12.26	11.56	12.04	1327090	70133552.00
2013/07/26	11.96	12.11	11.66	11.76	940268	49593496.00
2013/07/29	11.76	11.86	11.62	11.69	721692	37835516.00
2013/07/30	11.74	12.29	11.74	12.16	1497220	80513760.00
2013/07/31	12.20	12.29	12.01	12.10	991879	53635924.00
2013/08/01	12.15	12.84	12.12	12.84	1753908	98081168.00
2013/08/02	12.86	13.71	12.86	13.13	2380441	140264992.00
2013/08/05	12.92	13.59	12.86	13.52	2519710	148594432.00
2013/08/06	13.78	13.78	13.11	13.36	3150256	187308880.00
2013/08/07	13.53	13.53	12.86	13.17	2501587	145343264.00
2013/08/08	12.99	13.17	12.91	13.04	774777	44815320.00
2013/08/09	13.04	13.67	13.04	13.49	1655717	98612768.00
2013/08/12	13.44	13.58	13.31	13.43	695310	41283240.00
2013/08/13	13.46	13.51	13.13	13.16	654776	38472244.00
2013/08/14	13.12	13.20	12.98	13.02	591972	34218076.00
2013/08/15	13.01	13.23	12.94	12.99	433612	25100476.00
2013/08/16	13.06	13.15	12.86	12.86	540769	31114792.00
2013/08/19	12.79	13.47	12.79	13.46	898721	52767060.00
2013/08/20	13.37	13.50	13.24	13.40	829438	48969820.00
2013/08/21	13.36	13.86	13.36	13.84	1269247	76751136.00
2013/08/22	13.83	14.06	13.56	13.82	1062418	64574428.00
2013/08/23	13.82	14.61	13.82	14.45	1731985	108871960.00
2013/08/26	14.39	14.85	14.39	14.54	1369695	87735912.00
2013/08/27	14.51	14.77	14.26	14.61	796993	50450476.00
2013/08/28	14.49	15.15	14.34	14.36	1412026	91289984.00
2013/08/29	14.46	14.50	13.69	13.99	1364091	83984768.00
2013/08/30	13.95	14.49	13.78	13.83	1068502	66203844.00
2013/09/02	13.83	14.30	13.70	14.15	575895	35850400.00
2013/09/03	14.24	14.74	13.97	14.08	1047086	65411120.00
2013/09/04	14.14	14.19	13.49	13.49	1992095	119998688.00
2013/09/05	13.49	13.99	13.49	13.95	1443404	87403696.00
2013/09/06	13.95	14.07	13.60	13.77	618264	37547240.00
2013/09/09	13.79	13.91	13.51	13.58	838028	50123944.00
2013/09/10	13.56	13.56	12.77	12.86	1936424	112363136.00
2013/09/11	12.98	13.39	12.79	13.11	1374895	79487064.00
2013/09/12	13.11	13.59	13.01	13.42	1347749	79929752.00
2013/09/13	13.42	13.60	13.14	13.44	721214	42571952.00
2013/09/16	13.45	14.03	13.45	13.81	1372369	83909776.00
2013/09/17	13.84	14.18	13.84	13.95	1153889	71271464.00
2013/09/18	13.99	14.37	13.96	14.36	1063255	66399556.00
2013/09/23	14.35	14.49	13.86	14.34	1872039	116537384.00
2013/09/24	14.34	14.61	14.08	14.19	1276355	80862456.00
2013/09/25	14.31	14.76	14.19	14.46	1010446	64324056.00
2013/09/26	14.48	14.71	14.31	14.69	987646	62894948.00
2013/09/27	14.66	15.11	14.54	14.85	1088205	70673904.00
2013/09/30	14.91	15.39	14.71	15.11	1680611	110553816.00
2013/10/08	15.61	16.36	15.61	16.16	1985262	138448000.00
2013/10/09	15.87	16.26	15.83	16.16	2110151	147360880.00
2013/10/10	16.01	16.03	15.43	15.49	1586635	108294632.00
2013/10/11	15.49	16.36	15.36	16.07	1695864	117559264.00
2013/10/14	16.11	16.28	15.74	15.93	1464101	101968320.00
2013/10/15	15.98	17.01	15.98	16.54	1324620	95965048.00
2013/10/16	16.51	16.54	15.74	16.11	1400120	97282296.00
2013/10/17	16.21	16.34	15.86	15.92	646658	45261728.00
2013/10/18	15.92	16.26	15.66	16.02	446220	30892330.00
2013/10/21	16.02	17.01	15.96	16.86	752250	54356796.00
2013/10/22	16.75	17.44	16.64	16.74	982200	72050416.00
2013/10/23	16.66	16.72	15.90	16.21	906547	63830584.00
2013/10/24	16.26	16.61	15.61	15.94	821153	57089400.00
2013/10/25	16.11	16.19	14.82	15.24	1536716	102663952.00
2013/10/28	15.19	15.56	15.07	15.16	714578	47735424.00
2013/10/29	15.24	15.41	14.36	14.71	1527191	98256264.00
2013/10/30	14.83	15.77	14.81	15.60	1260725	84033344.00
2013/10/31	15.56	15.89	15.26	15.68	923748	62798504.00
2013/11/01	15.65	15.96	15.55	15.85	984672	67615296.00
2013/11/04	15.86	17.08	15.64	16.19	1622887	115433528.00
2013/11/05	16.08	16.61	15.93	16.48	521396	36928220.00
2013/11/06	16.32	16.87	16.24	16.24	1182259	85403648.00
2013/11/07	16.26	16.26	15.61	15.61	964230	66467980.00
2013/11/08	15.59	15.81	15.36	15.61	735122	50041020.00
2013/11/11	15.66	15.78	15.44	15.51	386554	26240918.00
2013/11/12	15.56	16.05	15.53	15.93	434308	30043902.00
2013/11/13	15.93	16.21	15.81	15.88	291980	20303198.00
2013/11/14	15.82	16.23	15.68	16.12	411445	28726936.00
2013/11/15	16.29	16.61	15.91	15.94	736408	52265324.00
2013/11/18	15.95	16.23	15.41	15.59	1961063	134316160.00
2013/11/19	15.67	16.16	15.66	16.16	793782	55198108.00
2013/11/20	16.16	16.35	15.94	16.20	472792	33065896.00
2013/11/21	16.08	16.21	15.65	15.86	695326	48008852.00
2013/11/22	15.82	16.14	15.76	16.04	1192220	83271568.00
2013/11/25	16.16	16.23	15.99	16.16	745519	52216504.00
2013/11/26	16.15	16.56	15.86	16.41	602778	42550560.00
2013/11/27	16.41	16.66	16.19	16.31	672299	48003368.00
2013/11/28	16.31	17.12	16.31	17.08	1272462	92948768.00
2013/11/29	17.12	17.44	17.06	17.23	811969	60609640.00
2013/12/02	16.41	17.24	16.11	16.54	1763430	127845200.00
2013/12/03	16.51	16.86	15.74	16.69	1404577	98859608.00
2013/12/04	16.71	16.86	15.79	15.95	1404897	100304608.00
2013/12/05	15.93	15.93	14.87	14.93	2702288	180727552.00
2013/12/06	14.91	15.09	14.65	14.93	1294947	84144992.00
2013/12/09	14.96	15.30	14.93	15.21	1716053	113473952.00
2013/12/10	15.22	15.40	14.70	14.86	1597683	104251656.00
2013/12/11	14.86	14.86	14.49	14.61	1594458	102532952.00
2013/12/12	14.58	14.71	14.27	14.52	2182159	138849184.00
2013/12/13	14.54	15.11	14.40	14.91	1140306	74229448.00
2013/12/16	14.91	15.48	14.91	15.45	1511079	101165504.00
2013/12/17	15.49	15.49	15.25	15.39	667474	44782668.00
2013/12/18	15.36	15.36	14.99	14.99	518332	34165348.00
2013/12/19	15.11	15.31	15.06	15.20	468739	31165102.00
2013/12/20	15.20	15.43	15.00	15.28	484866	32384306.00
2013/12/23	15.27	15.61	14.99	15.58	621931	41604492.00
2013/12/24	15.64	16.24	15.39	16.01	832974	57854084.00
2013/12/25	16.14	16.35	15.99	16.16	607287	42679728.00
2013/12/26	16.24	16.31	15.89	16.04	537526	37457324.00
2013/12/27	16.04	16.23	15.88	16.12	402248	28114004.00
2013/12/30	16.28	16.36	16.05	16.18	425068	29843858.00
2013/12/31	16.25	17.01	16.16	16.83	1136958	81939232.00
2014/01/02	17.07	17.07	16.40	16.66	749997	53883004.00
2014/01/03	16.50	17.02	16.49	16.84	832850	60876044.00
2014/01/06	16.64	16.94	15.89	16.15	1093177	77611736.00
2014/01/07	16.15	16.93	16.15	16.91	891730	64614916.00
2014/01/08	16.93	17.74	16.70	17.42	1330190	100626560.00
2014/01/09	17.42	17.85	16.86	17.04	738457	55858588.00
2014/01/10	16.87	17.21	16.87	16.96	598082	44102528.00
2014/01/13	16.92	17.67	16.87	17.61	784259	58982636.00
2014/01/14	17.61	17.63	17.11	17.61	779634	58526780.00
2014/01/15	17.52	17.84	17.31	17.38	480241	36380192.00
2014/01/16	17.41	17.73	17.01	17.01	498414	37107180.00
2014/01/17	17.02	17.52	16.99	17.36	581161	43602192.00
2014/01/20	17.18	17.98	17.18	17.69	824899	62954312.00
2014/03/25	15.78	15.78	15.78	15.78	3616200	248324448.00
2014/03/26	15.69	16.49	15.14	15.58	4068139	279484032.00
2014/03/27	15.51	15.51	14.58	14.61	3197372	209867968.00
2014/03/28	14.61	14.61	13.71	13.72	3959093	245008272.00
2014/03/31	13.86	14.24	13.61	13.71	3952509	242986464.00
2014/04/01	13.85	15.11	13.76	15.08	2778330	176537072.00
2014/04/02	15.06	15.06	14.05	14.60	3661674	232449584.00
2014/04/03	14.43	14.67	14.23	14.44	1730115	109343560.00
2014/04/04	14.54	15.54	14.36	15.06	4162188	134953888.00
2014/04/08	14.87	15.30	14.66	15.14	3138405	101803376.00
2014/04/09	15.06	15.35	14.95	15.22	2304795	75097528.00
2014/04/10	15.23	16.34	15.14	15.96	4933392	168536768.00
2014/04/11	16.01	16.36	15.37	16.27	3872178	132126032.00
2014/04/14	16.21	16.47	15.94	16.16	3141683	109007952.00
2014/04/15	16.15	16.66	16.06	16.26	3110142	109200712.00
2014/04/16	16.30	16.51	15.99	16.40	2636897	92231944.00
2014/04/17	16.54	16.70	16.10	16.21	2646555	92471672.00
2014/04/18	16.01	16.21	15.61	15.87	2342378	79589104.00
2014/04/21	15.67	15.96	15.21	15.23	3171242	106158888.00
2014/04/22	15.23	15.26	14.29	14.83	3654202	115897024.00
2014/04/23	14.89	15.32	14.89	15.11	3104672	100863400.00
2014/04/24	15.25	15.35	14.96	15.15	1966040	64113632.00
2014/04/25	14.96	15.26	14.52	14.64	1583182	50898932.00
2014/04/28	14.41	14.86	14.07	14.20	3221351	99594912.00
2014/04/29	14.21	14.85	14.12	14.76	3019124	95277792.00
2014/04/30	14.75	15.15	14.74	15.01	1903774	61420308.00
2014/05/05	14.96	15.64	14.87	15.54	2679412	88518856.00
2014/05/06	15.61	15.80	15.36	15.39	2422923	80827440.00
2014/05/07	15.36	15.41	14.96	15.16	1800089	58710360.00
2014/05/08	15.16	15.60	15.12	15.36	2397971	79353784.00
2014/05/09	15.31	15.49	14.87	15.01	1760935	57195812.00
2014/05/12	15.25	15.36	14.43	14.84	3425622	110021200.00
2014/05/13	14.85	15.11	14.43	14.53	3002926	95085200.00
2014/05/14	14.11	14.58	14.01	14.12	4857326	149163424.00
2014/05/15	14.02	14.03	13.44	13.47	5798517	171053312.00
2014/05/16	13.56	13.94	13.13	13.51	3889606	114014008.00
2014/05/19	13.49	13.70	13.33	13.68	2499636	73468016.00
2014/05/20	13.70	13.91	13.47	13.75	4123011	122371768.00
2014/05/21	13.61	13.70	13.37	13.45	2937236	86172040.00
2014/05/22	13.45	13.60	13.30	13.36	4620115	134312896.00
2014/05/23	13.26	13.46	12.96	13.45	5870668	167773776.00
2014/05/26	13.65	14.40	13.61	14.33	6059148	185481552.00
2014/05/27	14.33	14.35	14.04	14.08	1951593	59668080.00
2014/05/28	14.07	14.39	14.04	14.35	2803861	86356368.00
2014/05/29	14.39	14.48	14.03	14.10	2042019	62878540.00
2014/05/30	14.18	14.18	13.81	14.04	1654303	50013892.00
2014/06/03	14.04	14.34	14.03	14.13	1755784	53799816.00
2014/06/04	14.01	14.26	13.94	14.02	1417972	43168528.00
2014/06/05	14.01	14.16	13.75	13.95	2890453	86923888.00
2014/06/06	13.99	14.05	13.72	13.83	2294031	68759192.00
2014/06/09	13.81	13.82	13.15	13.15	4130997	120161528.00
2014/06/10	13.19	13.36	12.89	13.26	3240932	92778464.00
2014/06/11	13.35	13.35	12.86	12.94	4940332	139980592.00
2014/06/12	12.92	13.07	12.52	12.55	5677926	157313072.00
2014/06/13	12.56	12.61	11.26	12.07	19037347	494680736.00
2014/06/16	11.86	11.92	11.56	11.76	11128649	286993280.00
2014/06/17	11.81	12.00	11.70	11.84	8256513	214654624.00
2014/06/18	11.85	11.89	11.30	11.42	9813201	247690336.00
2014/06/19	11.49	11.54	10.81	10.90	6765665	166298960.00
2014/06/20	10.94	11.10	10.87	11.10	4770193	115822144.00
2014/06/23	11.13	11.72	11.13	11.44	7181310	180905600.00
2014/06/24	11.44	11.53	11.21	11.45	3700364	92496232.00
2014/06/25	11.31	11.59	11.23	11.43	3773198	94980864.00
2014/06/26	11.44	11.71	11.44	11.61	4695821	119312792.00
2014/06/27	11.62	11.68	11.41	11.50	3503123	88600904.00
2014/06/30	11.48	11.60	11.06	11.19	12021886	296389856.00
2014/07/01	11.61	12.35	11.51	12.12	16293910	425702560.00
2014/07/02	12.06	12.27	11.97	12.16	8369500	222105904.00
2014/07/03	12.13	13.06	12.12	12.81	12358065	340711008.00
2014/07/04	12.82	12.82	12.47	12.71	7086434	195095760.00
2014/07/07	12.73	12.75	11.92	12.01	11856681	314647200.00
2014/07/08	12.08	12.08	11.63	11.90	7903198	203983104.00
2014/07/09	11.86	12.05	11.59	11.60	6092497	157704688.00
2014/07/10	11.43	11.55	11.29	11.40	5868289	147163312.00
2014/07/11	11.41	11.60	11.39	11.45	3779857	95592464.00
2014/07/14	11.61	12.06	11.61	12.03	6041696	157851824.00
2014/07/15	12.07	12.21	11.81	12.07	6404507	169019728.00
2014/07/16	12.15	12.29	11.62	11.74	5204286	135934272.00
2014/07/17	11.66	11.99	11.61	11.90	3426668	88922392.00
2014/07/18	11.78	12.05	11.76	11.85	3345170	87209648.00
2014/07/21	11.86	11.95	11.38	11.48	5023630	127492192.00
2014/07/22	11.46	11.62	11.37	11.60	4390228	110684312.00
2014/07/23	11.54	11.60	11.02	11.21	5435809	135139008.00
2014/07/24	11.14	11.24	10.88	11.14	3576519	87311216.00
2014/07/25	11.14	12.37	11.14	12.21	17777369	471206144.00
2014/07/28	12.36	13.00	12.11	12.79	12220199	335690560.00
2014/07/29	12.76	12.86	12.52	12.69	8751725	242269056.00
2014/07/30	12.62	13.18	12.55	12.93	9379151	264771184.00
2014/07/31	12.91	12.91	12.57	12.77	6542558	181582368.00
2014/08/01	12.70	13.22	12.56	12.72	6844856	192757088.00
2014/08/04	12.71	12.94	12.56	12.68	5369518	148256304.00
2014/08/05	12.88	13.06	12.69	12.88	6911794	193882560.00
2014/08/06	12.94	13.02	12.77	13.01	5547792	155685920.00
2014/08/07	13.23	13.46	13.01	13.02	8109323	233593824.00
2014/08/08	13.01	13.06	12.77	12.89	4600624	129116840.00
2014/08/11	12.96	13.60	12.96	13.54	8873323	257493344.00
2014/08/12	13.55	13.69	13.31	13.66	6309153	184442496.00
2014/08/13	13.57	13.85	13.36	13.45	5715213	167953328.00
2014/08/14	13.45	13.63	13.38	13.39	3999795	116813920.00
2014/08/15	13.38	13.45	13.20	13.38	3672340	106503064.00
2014/08/18	13.38	13.80	13.38	13.72	5858805	172984656.00
2014/08/19	13.83	13.86	13.64	13.71	4946267	147629904.00
2014/08/20	13.75	13.76	13.46	13.49	3971983	116633264.00
2014/08/21	13.49	13.51	13.13	13.49	5589191	161639936.00
2014/08/22	13.43	13.68	13.36	13.51	4746671	138915808.00
2014/08/25	13.56	13.57	13.14	13.17	5001348	143805024.00
2014/08/26	13.14	13.18	12.67	12.82	5576943	156151312.00
2014/08/27	12.81	12.82	12.42	12.71	4523408	124574456.00
2014/08/28	12.71	12.91	12.59	12.87	3517528	98191640.00
2014/08/29	12.86	13.05	12.77	12.94	1908061	53676360.00
2014/09/01	12.99	13.36	12.81	13.31	5980914	169791184.00
2014/09/02	13.33	13.59	13.22	13.59	5450433	158330304.00
2014/09/03	13.59	13.64	13.37	13.57	5439275	159513968.00
2014/09/04	13.59	13.61	13.31	13.52	4917710	143321280.00
2014/09/05	13.52	13.52	13.28	13.36	4750552	137766976.00
2014/09/09	13.37	13.46	13.26	13.39	3357630	97314920.00
2014/09/10	13.36	14.11	13.28	14.11	10814328	323457856.00
2014/09/11	14.11	14.59	13.86	14.45	10177810	314127040.00
2014/09/12	14.42	14.49	14.15	14.35	4783384	147752416.00
2014/09/15	14.32	14.32	13.94	14.03	5108641	155387744.00
2014/09/16	13.97	14.34	13.56	13.66	4933563	149252944.00
2014/09/17	13.71	13.83	13.45	13.67	4524909	133508552.00
2014/09/18	13.49	13.94	13.49	13.82	3322383	99210472.00
2014/09/19	13.84	14.00	13.58	13.69	3650252	108396944.00
2014/09/22	13.69	13.70	13.09	13.14	5356426	154357312.00
2014/09/23	13.21	13.46	13.19	13.39	4331654	125054472.00
2014/09/24	13.40	13.49	13.24	13.42	3845335	111736472.00
2014/09/25	13.46	13.60	13.22	13.25	5323983	154973248.00
2014/09/26	13.20	13.41	13.04	13.17	5306839	151865728.00
2014/09/29	13.25	13.52	13.22	13.34	5138216	148561584.00
2014/09/30	13.36	13.53	13.26	13.52	4018913	116998832.00
2014/10/08	13.51	13.51	12.36	12.89	27563300	765099072.00
2014/10/09	12.81	12.85	12.61	12.73	16323006	452148256.00
2014/10/10	12.68	12.81	12.61	12.71	8042593	222810400.00
2014/10/13	12.71	12.73	12.31	12.45	9082778	246726816.00
2014/10/14	12.45	12.65	12.44	12.58	6589092	180708704.00
2014/10/15	12.59	12.76	12.58	12.72	8304412	229930240.00
2014/10/16	12.69	12.69	12.36	12.38	7833367	214125504.00
2014/10/17	12.38	12.48	12.05	12.16	7576421	202056752.00
2014/10/20	12.20	12.33	12.15	12.25	4472953	119480504.00
2014/10/21	12.25	12.38	12.17	12.19	3949863	105862136.00
2014/10/22	12.23	12.28	11.96	11.97	4389828	116362504.00
2014/10/23	11.97	12.02	11.75	11.77	4569629	118418104.00
2014/10/24	11.77	12.04	11.76	11.91	3227575	84274344.00
2014/10/27	11.94	12.14	11.79	12.14	3429230	89857384.00
2014/10/28	12.17	12.41	12.17	12.35	6345360	170179552.00
2014/10/29	12.41	12.43	12.27	12.35	5178326	139681504.00
2014/10/30	12.35	12.44	12.24	12.32	4375621	117895256.00
2014/10/31	12.47	12.56	12.29	12.37	5177955	140237424.00
2014/11/03	12.44	12.46	12.30	12.34	4603017	124273400.00
2014/11/04	12.35	12.41	12.06	12.11	5367133	143400160.00
2014/11/05	12.06	12.10	11.91	11.92	4543256	119097400.00
2014/11/06	11.92	12.36	11.92	12.33	6410150	171401584.00
2014/11/07	12.40	12.50	12.02	12.14	6151214	165556880.00
2014/11/10	12.14	12.25	12.03	12.15	3921766	104060088.00
2014/11/11	12.19	12.25	11.76	11.80	6040498	157555456.00
2014/11/12	11.79	12.09	11.72	12.00	4638673	121093456.00
2014/11/13	12.03	12.04	11.68	11.71	4334297	111796368.00
2014/11/14	11.69	11.83	11.46	11.78	3672999	94016168.00
2014/11/17	11.78	11.86	11.64	11.79	4580283	118463120.00
2014/11/18	11.80	12.04	11.77	12.02	4469836	117023224.00
2014/11/19	12.05	12.10	11.88	11.93	2883610	75549312.00
2014/11/20	11.90	11.98	11.78	11.81	3034195	78980608.00
2014/11/21	11.81	11.94	11.77	11.80	3412776	88666392.00
2014/11/24	11.89	11.92	11.72	11.76	6646575	171923312.00
2014/11/25	11.75	11.96	11.75	11.92	5190488	134871664.00
2014/11/26	11.93	12.49	11.92	12.40	12307483	331095712.00
2014/11/27	12.50	12.51	12.25	12.32	8933410	240850080.00
2014/11/28	12.33	12.41	12.14	12.28	8283754	221433792.00
2014/12/01	12.75	12.75	12.46	12.52	13178006	362044832.00
2014/12/02	12.56	12.74	12.43	12.57	9402771	257332816.00
2014/12/03	12.65	13.94	12.56	13.94	30501194	881045376.00
2014/12/04	14.29	14.29	13.79	13.93	19610839	593159936.00
2014/12/05	13.91	13.91	12.73	13.08	19795339	570697792.00
2014/12/08	12.92	13.51	12.71	13.09	14341848	408878720.00
2014/12/09	12.89	13.36	12.52	12.56	13978857	395782016.00
2014/12/10	12.62	13.11	12.62	13.10	9167653	258440752.00
2014/12/11	13.06	13.41	12.91	13.10	7535632	214699728.00
2014/12/12	13.27	13.27	13.06	13.24	7798460	222877408.00
2014/12/15	13.24	13.70	13.22	13.60	10637268	312390688.00
2014/12/16	13.61	13.69	13.29	13.35	7722724	224582736.00
2014/12/17	13.26	13.35	12.88	13.01	6975687	197443776.00
2014/12/18	12.98	13.21	12.83	12.84	7150210	201251200.00
2014/12/19	12.82	12.99	12.46	12.60	6017158	165513760.00
2014/12/22	12.58	12.59	11.75	11.86	8791704	230150928.00
2014/12/23	11.86	12.26	11.72	11.91	4573611	120309712.00
2014/12/24	11.96	12.24	11.96	12.13	5282144	139834064.00
2014/12/25	12.05	12.26	12.02	12.19	4931005	130731856.00
2014/12/26	12.25	12.28	12.05	12.21	5093003	135282896.00
2014/12/29	12.21	12.25	11.66	11.80	7820444	203020672.00
2014/12/30	11.76	11.85	11.27	11.41	6068745	153780704.00
2014/12/31	11.52	11.93	11.52	11.86	5309310	136883104.00
2015/01/05	11.86	12.24	11.58	12.12	6683838	175185984.00
2015/01/06	12.14	13.01	12.02	12.88	12198860	335814656.00
2015/01/07	12.94	13.01	12.62	12.64	7438395	206501120.00
2015/01/08	12.63	12.84	12.51	12.54	5609309	155278432.00
2015/01/09	12.44	12.82	12.44	12.53	6071202	167209808.00
2015/01/12	12.49	12.89	12.37	12.74	6227992	172465856.00
2015/01/13	12.74	13.01	12.61	12.81	5675701	158523008.00
2015/01/14	12.81	13.10	12.56	12.67	5074805	141779056.00
2015/01/15	12.09	12.35	11.87	12.19	10030840	266247424.00
2015/01/16	12.19	12.35	11.96	12.28	6382902	169933264.00
2015/01/19	12.07	12.87	11.99	12.31	11158561	305216192.00
2015/01/20	12.45	12.77	12.31	12.73	9773314	268985440.00
2015/01/21	12.77	13.02	12.76	12.91	11367922	318950848.00
2015/01/22	12.87	12.87	12.44	12.68	29879333	820395840.00
2015/01/23	12.56	13.51	12.47	13.18	29873548	847125760.00
2015/01/26	13.23	13.50	13.08	13.31	17700177	510624928.00
2015/01/27	13.32	13.41	12.92	13.16	12795421	365406944.00
2015/01/28	13.05	13.21	12.88	12.99	8112074	230007856.00
2015/01/29	12.96	13.10	12.84	12.95	6301467	178115888.00
2015/01/30	12.96	13.15	12.78	12.86	7617158	214584080.00
2015/02/02	12.77	13.01	12.73	12.91	6617636	185955504.00
2015/02/03	12.97	13.22	12.97	13.06	9148978	260623344.00
2015/02/04	13.11	13.50	13.06	13.26	12692730	366619520.00
2015/02/05	13.27	13.44	13.17	13.19	11121076	321184608.00
2015/02/06	13.26	13.31	12.66	12.81	7593505	214116176.00
2015/02/09	12.77	13.36	12.71	13.26	10588399	304131008.00
2015/02/10	13.29	13.31	13.04	13.25	6010815	172011616.00
2015/02/11	13.28	13.46	13.24	13.45	10400032	301806560.00
2015/02/12	13.51	14.29	13.51	14.18	21947332	661958080.00
2015/02/13	14.40	14.75	14.18	14.59	25171884	787089472.00
2015/02/16	14.76	15.02	14.34	14.88	16546043	523508224.00
2015/02/17	14.87	15.00	14.37	14.41	11412600	360433824.00
2015/02/25	14.41	14.66	14.19	14.36	8516121	264866832.00
2015/02/26	14.34	15.74	14.25	15.34	15524682	508326528.00
2015/02/27	15.27	16.04	15.16	15.32	15534371	519008000.00
2015/03/02	15.06	15.68	14.61	15.43	15803784	513251680.00
2015/03/03	15.46	16.47	15.21	16.08	21036709	723086080.00
2015/03/04	15.92	16.80	15.88	16.15	14774638	514187840.00
2015/03/05	16.21	16.50	15.61	15.96	11516474	393103424.00
2015/03/06	15.97	16.26	15.17	15.17	12943526	432636064.00
2015/03/09	15.21	15.69	14.93	15.65	8733069	288371648.00
2015/03/10	15.76	15.99	15.54	15.87	7763610	262811248.00
2015/03/11	15.94	16.01	15.11	15.20	9949374	328052896.00
2015/03/12	15.12	15.41	14.45	14.92	11217619	359362528.00
2015/03/13	14.96	15.55	14.68	15.48	11486646	375046112.00
2015/03/16	15.52	16.08	15.49	15.95	18822837	636228544.00
2015/03/17	16.02	16.30	15.45	15.86	15924874	541742912.00
2015/03/18	15.86	17.55	15.81	17.21	24864864	888680768.00
2015/03/19	17.19	17.80	16.97	17.61	19219129	710609920.00
2015/03/20	17.76	18.84	17.42	18.79	21616931	827283840.00
2015/03/23	18.54	20.76	18.24	19.89	27429565	1119888896.00
2015/03/24	19.92	20.46	18.86	19.84	21557588	901645312.00
2015/03/25	19.36	20.43	18.36	19.93	15812476	659234176.00
2015/03/26	19.44	19.74	18.51	18.69	16268639	658243584.00
2015/03/27	18.69	19.45	18.42	19.41	12649865	508621280.00
2015/03/30	18.86	19.84	18.69	19.02	10990235	443076064.00
2015/03/31	19.03	19.84	18.87	19.36	11421914	471093184.00
2015/04/01	19.44	20.34	19.32	20.16	12948997	548087680.00
2015/04/02	20.26	21.06	20.12	20.61	14333273	622030784.00
2015/04/03	20.36	22.19	20.20	21.80	17563009	789518400.00
2015/04/07	21.86	22.71	21.11	21.66	15102573	689938688.00
2015/04/08	21.76	21.81	20.04	20.56	17891397	778106304.00
2015/04/09	20.11	20.13	18.84	19.94	16382975	674751040.00
2015/04/10	20.08	21.19	19.94	21.06	15703977	678704576.00
2015/04/13	21.06	21.31	20.27	20.36	15214525	652281472.00
2015/04/14	20.36	20.69	19.81	19.82	14478963	611103424.00
2015/04/15	19.81	19.81	18.91	19.01	11883961	479260672.00
2015/04/16	18.96	19.81	18.89	19.61	12823237	523073504.00
2015/04/17	20.06	20.50	19.37	19.65	14055042	585374592.00
2015/04/20	19.22	21.05	19.17	20.85	23921282	1006272512.00
2015/04/21	20.85	22.41	20.51	22.05	22959877	1028857088.00
2015/04/22	22.32	22.43	21.52	21.88	23012460	1047662208.00
2015/04/23	21.95	23.22	21.44	22.99	26044103	1201388032.00
2015/04/24	22.11	22.55	20.91	21.41	32107215	1445150592.00
2015/04/27	21.11	21.37	20.51	21.22	21617517	945018048.00
2015/04/28	21.36	21.37	19.51	19.70	18720727	791162368.00
2015/04/29	19.15	20.25	19.15	19.84	11653001	485133696.00
2015/04/30	19.71	20.60	19.71	19.84	10588952	444117408.00
2015/05/04	19.95	20.26	19.61	19.96	8615513	358590784.00
2015/05/05	19.91	20.10	19.12	19.24	8667779	353896256.00
2015/05/06	19.22	20.17	19.22	19.40	10855446	448397600.00
2015/05/07	18.95	19.72	18.95	19.39	7392645	300658400.00
2015/05/08	19.51	20.23	19.51	20.22	10667300	444427104.00
2015/05/11	20.36	20.81	19.82	20.67	21005754	892990848.00
2015/05/12	20.89	21.06	20.17	20.51	17447506	746839872.00
2015/05/13	20.26	20.54	19.61	20.08	16864318	704109632.00
2015/05/14	19.87	21.18	19.87	21.03	22349500	962594368.00
2015/05/15	21.01	21.94	20.72	21.26	22229429	989097280.00
2015/05/18	21.31	22.16	21.13	21.27	19479935	876907584.00
2015/05/19	21.33	21.71	20.62	21.29	17174935	755591936.00
2015/05/20	21.61	22.61	21.46	22.26	27487499	1255332736.00
2015/05/21	22.42	24.58	22.41	24.21	29151071	1434770688.00
2015/05/22	24.61	24.86	23.05	23.38	23286509	1142669568.00
2015/05/25	23.01	23.21	22.11	22.74	18859348	886404288.00
2015/05/26	22.89	23.61	22.81	23.19	18932474	909815232.00
2015/05/27	23.19	25.19	22.42	24.53	26635987	1306102912.00
2015/05/28	24.26	25.18	22.04	22.26	23595420	1167296512.00
2015/05/29	21.98	22.80	20.66	22.01	21774310	1000884352.00
2015/06/01	22.16	23.26	22.01	23.02	18344066	866586432.00
2015/06/02	23.02	24.02	23.00	23.54	18012583	878207808.00
2015/06/03	23.62	24.24	22.63	23.34	19539920	951205760.00
2015/06/04	23.64	23.88	21.36	22.83	17961788	845549888.00
2015/06/05	23.07	23.92	22.55	23.55	24126723	1167559936.00
2015/06/08	23.64	23.84	21.94	22.71	17413089	826505664.00
2015/06/09	22.56	24.79	22.27	24.34	33305298	1671010944.00
2015/06/10	24.46	26.86	24.24	26.15	32449928	1735148288.00
2015/06/11	26.15	26.91	25.36	26.22	22637070	1218232704.00
2015/06/12	26.22	28.21	25.81	26.85	20664059	1154918784.00
2015/06/15	27.20	27.35	25.11	25.51	17640111	956571840.00
2015/06/16	25.06	26.09	24.36	25.41	14039913	731978560.00
2015/06/17	25.73	26.59	25.11	26.51	13084614	699465024.00
2015/06/18	26.56	26.56	23.86	24.11	14258714	749446080.00
2015/06/19	23.82	24.55	21.97	22.11	13561691	652209984.00
2015/06/23	22.08	23.06	19.81	21.64	15505261	683875328.00
2015/06/24	21.69	22.16	20.57	21.40	15298654	680167168.00
2015/06/25	21.76	22.41	20.96	21.35	16952562	768190656.00
2015/06/26	20.22	21.36	19.12	19.12	12690369	523356928.00
2015/06/29	19.86	19.90	17.12	17.13	21823737	820128704.00
2015/06/30	17.11	18.77	15.33	18.75	25211006	890455232.00
2015/07/01	18.61	19.66	16.89	16.96	18962535	742559808.00
2015/07/02	17.22	17.35	15.17	15.17	20035286	675440640.00
2015/07/03	14.81	16.09	13.60	14.02	21237130	658390976.00
2015/07/06	15.51	15.51	12.53	13.24	25248111	738095488.00
2015/07/07	12.51	12.86	11.83	11.85	32074437	824260672.00
2015/07/10	13.12	13.12	13.12	13.12	4784134	134051432.00
2015/07/13	14.52	14.52	14.52	14.52	944494	29109306.00
2015/07/14	16.06	16.06	15.51	16.06	26314549	890905856.00
2015/07/15	16.06	16.06	14.37	14.37	29205617	933306368.00
2015/07/16	14.37	15.61	13.36	15.11	20751732	656900544.00
2015/07/17	15.41	16.68	15.16	16.52	20702465	701065792.00
2015/07/20	16.61	17.58	16.51	17.11	22301880	801242944.00
2015/07/21	17.21	17.85	16.66	16.95	19477912	709323904.00
2015/07/22	16.66	17.58	16.61	17.35	17068337	616633536.00
2015/07/23	17.21	17.91	17.12	17.64	14402833	529912384.00
2015/07/24	17.83	17.84	16.65	16.87	19963708	730842112.00
2015/07/27	16.60	16.84	15.09	15.09	17116946	582873664.00
2015/07/28	14.19	15.51	13.49	14.54	22400215	676782208.00
2015/07/29	14.86	15.76	14.26	15.70	15353571	482317440.00
2015/07/30	15.56	16.09	14.99	15.06	13497075	447839936.00
2015/07/31	14.75	15.31	14.66	15.26	18482672	589131200.00
2015/08/03	15.06	15.91	14.91	15.91	18508227	606556416.00
2015/08/04	15.86	16.86	15.82	16.85	13259466	459248992.00
2015/08/05	16.66	17.05	16.14	16.26	11558199	403623936.00
2015/08/06	15.91	16.66	15.85	16.33	7051193	243721920.00
2015/08/07	16.46	16.99	16.44	16.85	10389309	366795776.00
2015/08/10	16.94	17.74	16.76	17.50	16216873	587967040.00
2015/08/11	17.36	17.58	16.96	17.15	12325928	447031040.00
2015/08/12	16.87	17.88	16.77	17.50	14392493	528350848.00
2015/08/13	17.52	17.80	16.96	17.61	11422178	418279520.00
2015/08/14	17.89	18.29	17.62	17.73	11285349	425776288.00
2015/08/17	17.69	17.70	17.06	17.32	9566084	347332160.00
2015/08/18	17.36	17.76	15.50	15.56	13798829	486389056.00
2015/08/19	15.11	16.47	14.71	16.11	10907609	357324224.00
2015/08/20	15.86	16.06	15.22	15.51	7175209	238309456.00
2015/08/21	15.86	16.11	15.11	15.20	10891150	359703520.00
2015/08/24	14.23	14.61	13.59	13.59	13961689	408921568.00
2015/08/25	12.61	13.36	12.14	12.14	17036494	455045600.00
2015/08/26	12.61	13.16	11.89	12.14	11793476	315855488.00
2015/08/27	12.56	12.99	12.15	12.99	8576065	230865488.00
2015/08/28	13.20	13.96	13.06	13.84	9906217	283245184.00
2015/08/31	13.56	14.08	13.14	14.01	9433704	273216288.00
2015/09/01	13.70	13.86	12.80	13.63	10638024	303656288.00
2015/09/02	12.91	14.02	12.71	13.70	16422348	476260480.00
2015/09/07	13.63	14.50	13.31	13.55	8957721	265787072.00
2015/09/08	13.31	14.51	13.31	14.36	6187531	182302544.00
2015/09/09	14.51	14.87	14.36	14.71	8235903	256115776.00
2015/09/10	14.39	14.70	14.16	14.26	4596070	140728272.00
2015/09/11	14.21	14.45	13.61	13.84	5614557	167032016.00
2015/09/14	13.91	14.06	12.37	12.37	6837168	189789344.00
2015/09/15	12.16	12.60	11.91	12.01	5408286	142459312.00
2015/09/16	12.35	13.30	12.14	13.24	5676457	154020656.00
2015/09/17	13.02	13.58	12.91	13.01	5987533	169019088.00
2015/09/18	13.01	13.35	12.91	13.16	3478623	97411344.00
2015/09/21	13.05	13.98	13.04	13.87	6530041	188858272.00
2015/09/22	13.86	14.21	13.70	13.75	5314585	157045904.00
2015/09/23	13.47	13.86	13.45	13.58	3905681	113538936.00
2015/09/24	13.65	13.83	13.46	13.59	4240900	123155576.00
2015/09/25	13.51	13.61	12.62	13.07	5416370	151149536.00
2015/09/28	13.08	13.41	12.76	13.41	4433900	124809416.00
2015/09/29	13.31	13.31	12.87	12.91	4435389	123549264.00
2015/09/30	13.01	13.10	12.56	12.66	4540621	123781128.00
2015/10/08	13.29	13.51	13.11	13.36	5865003	166991184.00
2015/10/09	13.35	14.01	13.21	13.94	7229590	209528704.00
2015/10/12	14.01	14.76	14.01	14.46	11313720	346788704.00
2015/10/13	14.36	14.51	14.22	14.34	5852100	178350448.00
2015/10/14	14.24	14.40	14.02	14.04	6160759	185614112.00
2015/10/15	13.93	14.74	13.93	14.67	9396167	287780256.00
2015/10/16	14.77	14.95	14.37	14.69	8679423	269728704.00
2015/10/19	14.74	14.80	14.11	14.24	10667007	326941216.00
2015/10/20	14.35	15.15	14.31	15.11	13115418	410112320.00
2015/10/21	14.97	15.60	13.71	14.21	15272740	483084800.00
2015/10/22	14.51	15.72	14.51	15.72	12247239	398253664.00
2015/10/23	17.38	17.38	17.27	17.38	16116080	588765952.00
2015/10/26	17.60	17.96	16.60	16.96	29003011	1048681920.00
2015/10/27	16.76	17.85	16.39	17.61	22403366	812423936.00
2015/10/28	17.26	17.61	16.26	16.37	17463145	618879680.00
2015/10/29	16.70	16.85	16.26	16.31	10068738	351317184.00
2015/10/30	16.66	17.00	16.28	16.46	12053448	422135040.00
2015/11/02	15.97	17.02	15.76	16.36	10912038	380387040.00
2015/11/03	16.47	16.60	15.84	15.97	7384926	251240320.00
2015/11/04	16.11	17.00	16.11	16.94	10300186	361809696.00
2015/11/05	17.05	17.30	16.15	16.30	23358213	811299200.00
2015/11/06	16.33	16.75	16.33	16.55	13856453	483965632.00
2015/11/09	16.55	17.44	16.51	17.06	20499658	734617792.00
2015/11/10	16.96	17.45	16.61	17.36	18028858	645494144.00
2015/11/11	17.35	18.03	17.17	18.03	19063695	706179584.00
2015/11/12	18.04	18.04	17.03	17.36	22990268	843811136.00
2015/11/13	17.05	17.61	16.46	16.69	12085236	428745856.00
2015/11/16	16.24	16.94	16.24	16.87	7085927	248279744.00
2015/11/17	17.11	17.41	16.49	16.55	14996356	533888576.00
2015/11/18	16.61	16.71	16.11	16.14	10080400	347769376.00
2015/11/19	16.16	16.53	16.13	16.48	7137123	246016784.00
2015/11/20	16.47	16.76	16.22	16.39	13097047	453209792.00
2015/11/23	16.39	16.72	16.25	16.38	9854163	342085920.00
2015/11/24	16.41	16.69	16.20	16.66	7766028	270278912.00
2015/11/25	16.66	17.14	16.61	17.08	12268388	438334624.00
2015/11/26	17.12	17.29	16.66	16.74	10954377	388469216.00
2015/11/27	16.64	16.71	15.12	15.50	12188533	413944352.00
2015/11/30	15.49	15.80	14.81	15.33	9016081	291911072.00
2015/12/01	15.40	15.71	15.34	15.51	5402670	177503984.00
2015/12/02	15.50	15.69	15.13	15.58	5429969	177389568.00
2015/12/03	15.49	16.22	15.49	16.09	7626170	257482448.00
2015/12/04	16.13	16.36	15.78	15.83	6803315	230772928.00
2015/12/07	15.89	16.41	15.86	16.06	6623244	225460896.00
2015/12/08	15.96	15.97	15.48	15.55	5870439	194304768.00
2015/12/09	15.55	15.68	15.31	15.43	4503984	147510896.00
2015/12/10	15.45	15.86	15.37	15.74	6355979	210370720.00
2015/12/11	15.67	15.70	15.41	15.48	4152546	136310688.00
2015/12/14	15.37	15.97	15.32	15.94	5485013	182085472.00
2015/12/15	15.89	16.16	15.81	15.94	5554136	187712944.00
2015/12/16	16.11	16.41	15.96	16.20	7279410	249184544.00
2015/12/17	16.23	16.47	16.23	16.41	10279918	354299360.00
2015/12/18	16.66	17.46	16.66	17.35	24682401	893397568.00
2015/12/21	17.46	17.94	17.12	17.61	20043805	737861568.00
2015/12/22	17.55	17.61	17.15	17.41	9212747	337314944.00
2015/12/23	17.36	17.76	16.79	17.09	9642467	352382880.00
2015/12/24	17.06	17.22	16.62	17.10	7705359	273753120.00
2015/12/25	17.07	17.50	16.94	17.48	7724716	280916352.00
2015/12/28	17.46	17.79	16.80	16.80	8765844	320054656.00
2015/12/29	17.11	17.86	16.92	17.86	13926074	511580320.00
2015/12/30	18.01	18.96	17.71	18.71	19563990	756835712.00
2015/12/31	18.71	18.81	18.14	18.36	13469140	520570848.00
2016/01/04	18.24	18.52	16.90	16.94	9817294	363581344.00
2016/01/05	16.06	17.69	16.05	17.28	12494573	447072512.00
2016/01/06	17.36	17.67	16.91	17.58	7211783	262595728.00
2016/01/07	17.20	17.20	15.73	15.73	2171200	74981272.00
2016/01/08	15.92	16.41	14.97	15.78	10254387	344775328.00
2016/01/11	15.39	16.08	14.21	14.51	10687976	347296192.00
2016/01/12	14.65	14.96	14.11	14.54	6999348	215787696.00
2016/01/13	14.69	15.01	13.96	13.97	5757378	177644720.00
2016/01/14	13.58	15.25	13.36	15.09	8340241	257133760.00
2016/01/15	14.99	15.53	14.87	14.98	8364000	268776128.00
2016/01/18	14.86	15.78	14.72	15.26	7787155	254109344.00
2016/01/19	15.15	15.79	15.11	15.56	6880529	225693952.00
2016/01/20	15.56	15.99	15.29	15.37	5509829	181657024.00
2016/01/21	15.12	15.60	14.81	14.89	5702022	184425680.00
2016/01/22	16.46	16.46	15.22	15.75	18552448	617567104.00
2016/01/25	15.66	15.91	15.41	15.76	9798431	324653856.00
2016/01/26	15.51	15.76	14.10	14.12	8619343	274811456.00
2016/01/27	14.24	14.61	13.37	14.42	9038994	268556064.00
2016/01/28	14.16	14.45	13.80	13.80	6085800	182607664.00
2016/01/29	13.95	14.44	13.82	14.32	6705589	202372528.00
2016/02/01	14.31	14.36	13.91	14.08	4669166	140299088.00
2016/02/02	14.11	14.69	14.08	14.59	4692807	144500016.00
2016/02/03	14.34	14.86	14.16	14.74	3619964	111187288.00
2016/02/04	14.77	15.18	14.75	14.99	4498134	143032480.00
2016/02/05	15.05	15.06	14.74	14.75	2743636	86619280.00
2016/02/15	14.32	15.07	14.23	14.85	3281446	102397704.00
2016/02/16	14.91	15.33	14.91	15.27	5699058	183458256.00
2016/02/17	15.36	15.55	15.09	15.39	6277130	203392672.00
2016/02/18	15.45	15.61	15.01	15.01	6222541	200486256.00
2016/02/19	15.08	15.23	14.96	15.12	5073877	162161536.00
2016/02/22	15.27	15.46	15.14	15.28	6440019	208524864.00
2016/02/23	15.37	15.44	14.91	15.07	6226962	200368432.00
2016/02/24	15.05	15.11	14.29	14.62	8845543	274136480.00
2016/02/25	14.56	14.59	13.37	13.66	8574629	256644720.00
2016/02/26	13.69	13.89	13.44	13.68	5781076	167909888.00
2016/02/29	13.66	13.66	12.23	12.36	12148081	325733792.00
2016/03/01	12.40	12.63	11.88	12.42	10552307	277374880.00
2016/03/02	12.37	12.98	12.31	12.91	13116564	354846048.00
2016/03/03	12.91	13.05	12.65	12.69	13218893	361716704.00
2016/03/04	12.66	12.66	11.83	12.00	11855304	310400640.00
2016/03/07	12.15	12.51	12.11	12.30	7760193	205273520.00
2016/03/08	12.22	12.72	11.79	12.70	11099809	293607520.00
2016/03/09	12.46	12.68	12.26	12.37	5604564	149463008.00
2016/03/10	12.37	12.54	12.15	12.19	4974605	131990824.00
2016/03/11	12.21	12.41	12.04	12.35	4810502	126658032.00
2016/03/14	12.86	13.15	12.78	13.01	13147478	364260448.00
2016/03/15	12.91	13.11	12.86	12.89	7735780	214398944.00
2016/03/16	13.10	13.13	12.62	12.75	5892393	162333792.00
2016/03/17	12.85	13.25	12.71	13.20	8555156	238450272.00
2016/03/18	13.25	13.86	13.22	13.64	11583258	334450336.00
2016/03/21	13.87	14.16	13.71	13.93	11479338	340782016.00
2016/03/22	13.81	14.49	13.72	14.32	11783825	355256128.00
2016/03/23	14.11	14.33	13.88	14.24	10644284	319104448.00
2016/03/24	14.11	14.66	13.93	14.34	12863389	390927200.00
2016/03/25	14.66	14.86	14.24	14.59	14341838	442336192.00
2016/03/28	14.76	15.06	14.21	14.32	14708745	455962080.00
2016/03/29	14.36	14.46	13.77	14.05	8964431	267862528.00
2016/03/30	14.24	15.55	14.24	15.55	32043711	1015343552.00
2016/03/31	16.06	16.06	15.51	15.71	35229461	1170752128.00
2016/04/01	15.56	15.56	14.41	14.63	42132868	648992320.00
2016/04/05	14.72	15.09	14.41	14.81	30627580	471973728.00
2016/04/06	14.66	14.78	14.54	14.62	30626733	466029856.00
2016/04/07	14.69	14.76	14.06	14.09	33280481	495157408.00
2016/04/08	13.91	14.05	13.67	13.85	19979472	288222624.00
2016/04/11	14.01	14.49	14.01	14.34	23935246	356037664.00
2016/04/12	14.37	14.71	14.31	14.66	25990770	393161152.00
2016/04/13	14.74	14.91	14.51	14.59	31290594	478744576.00
2016/04/14	14.65	14.75	14.25	14.53	24869901	373296544.00
2016/04/15	14.48	14.48	14.22	14.32	14058570	209385712.00
2016/04/18	14.21	14.21	13.93	14.03	13467602	196985248.00
2016/04/19	14.12	14.21	13.96	14.09	9063826	132951600.00
2016/04/20	14.16	14.18	12.89	13.09	24682202	344996480.00
2016/04/21	13.01	13.29	12.87	12.89	14711834	200828240.00
2016/04/22	12.91	13.27	12.89	13.21	10811718	147724976.00
2016/04/25	13.12	13.12	12.87	13.07	8990710	122202168.00
2016/04/26	13.07	13.28	13.01	13.27	10057377	138301904.00
2016/04/27	13.30	13.46	13.21	13.25	11444366	159215264.00
2016/04/28	13.29	13.39	13.01	13.31	9296260	128287560.00
2016/04/29	13.16	13.40	13.07	13.24	8142318	112989440.00
2016/05/03	13.24	13.77	13.24	13.73	14066969	199967024.00
2016/05/04	13.62	14.04	13.59	13.88	16215958	235255280.00
2016/05/05	13.81	13.91	13.71	13.87	8712770	125581008.00
2016/05/06	13.89	13.99	13.21	13.25	15669989	221176816.00
2016/05/09	13.16	13.16	12.81	12.95	10733192	145215216.00
2016/05/10	12.94	13.14	12.79	12.87	7016968	94880992.00
2016/05/11	12.99	14.19	12.93	13.65	31457869	447378496.00
2016/05/12	13.41	13.50	13.01	13.45	14224617	197557760.00
2016/05/13	13.42	13.65	13.17	13.32	8619821	120881232.00
2016/05/16	13.29	13.46	13.08	13.39	7538440	104721040.00
2016/05/17	13.36	13.59	13.16	13.47	11237754	157046848.00
2016/05/18	13.37	13.37	13.04	13.12	11193283	154272976.00
2016/05/19	13.09	13.37	13.09	13.13	8136961	112317632.00
2016/05/20	13.00	13.26	12.92	13.18	5635467	77072040.00
2016/05/23	13.13	13.29	13.13	13.22	7458972	103101424.00
2016/05/24	13.25	13.25	13.07	13.12	5085911	69775256.00
2016/05/25	13.21	13.31	12.97	13.00	8774608	120410880.00
2016/05/26	12.99	13.09	12.69	12.93	9463324	127032752.00
2016/05/27	12.97	13.08	12.79	12.93	6825253	92423840.00
2016/05/30	12.84	12.97	12.68	12.82	5495446	73683488.00
2016/05/31	12.81	13.38	12.80	13.36	16855556	232137312.00
2016/06/01	13.35	13.67	13.34	13.39	15095815	212524800.00
2016/06/02	13.39	13.51	13.21	13.40	11083768	154460000.00
2016/06/03	13.38	13.66	13.28	13.57	15875297	223705296.00
2016/06/06	13.60	13.70	13.40	13.47	11458641	161625056.00
2016/06/07	13.45	13.69	13.31	13.65	15550379	219918528.00
2016/06/08	13.61	13.61	13.32	13.35	17672010	247120672.00
2016/06/13	13.16	13.26	12.76	12.77	14892004	202863776.00
2016/06/14	12.71	12.86	12.57	12.68	13376385	177586928.00
2016/06/15	12.51	13.02	12.51	12.92	18497513	248171520.00
2016/06/16	12.87	12.90	12.66	12.70	13425363	179048448.00
2016/06/17	12.75	12.95	12.67	12.75	19045154	255311760.00
2016/06/20	12.78	12.85	12.44	12.61	15016501	198104304.00
2016/06/21	12.73	12.85	12.56	12.60	12654731	168128240.00
2016/06/22	12.65	12.81	12.59	12.80	9495337	126445240.00
2016/06/23	12.84	12.86	12.63	12.73	10179371	135612928.00
2016/06/24	12.71	12.80	12.32	12.59	15916741	209976064.00
2016/06/27	12.45	12.78	12.45	12.77	11585454	153731152.00
2016/06/28	12.73	13.07	12.68	13.03	21149907	284143072.00
2016/06/29	13.11	13.18	12.89	12.95	15625268	211981600.00
2016/06/30	12.99	13.03	12.85	12.95	11137218	150416432.00
2016/07/01	12.98	13.00	12.84	12.89	9933699	134159520.00
2016/07/04	12.54	12.89	12.47	12.85	33551949	445911680.00
2016/07/05	12.80	12.88	12.72	12.80	18734171	250589808.00
2016/07/06	12.78	12.84	12.69	12.82	13347283	178379168.00
2016/07/07	12.84	13.20	12.80	13.07	28706946	390918720.00
2016/07/08	13.16	13.17	12.89	12.94	16567948	224804672.00
2016/07/11	12.94	13.16	12.87	12.96	20351893	276608032.00
2016/07/12	13.00	14.00	12.99	13.91	56296058	789865024.00
2016/07/13	13.81	14.10	13.62	13.78	31917068	458749952.00
2016/07/14	13.81	13.94	13.54	13.67	22199031	316953856.00
2016/07/15	13.72	13.81	13.54	13.59	16363015	232526272.00
2016/07/18	13.53	13.61	13.26	13.43	20042995	279842656.00
2016/07/19	13.38	13.52	13.33	13.49	14923868	209016016.00
2016/07/20	13.54	13.55	13.29	13.37	12095246	169512720.00
2016/07/21	13.42	13.45	13.24	13.27	18772088	261663360.00
2016/07/22	13.28	13.36	13.24	13.28	12266807	170289840.00
2016/07/25	13.34	13.44	13.24	13.32	11612049	161649120.00
2016/07/26	13.41	13.54	13.32	13.51	17444815	245217984.00
2016/07/27	13.60	13.60	12.67	12.86	29318426	402593312.00
2016/07/28	12.85	12.95	12.63	12.76	14811716	198160720.00
2016/07/29	12.79	12.87	12.59	12.65	11943150	158776336.00
2016/08/01	12.61	12.77	12.46	12.63	12556600	165290880.00
2016/08/02	12.69	12.74	12.57	12.68	5713302	75695536.00
2016/08/03	12.70	12.71	12.61	12.70	5743095	76206504.00
2016/08/04	12.74	12.75	12.60	12.71	7866154	104320400.00
2016/08/05	12.71	12.72	12.58	12.58	7374669	97582480.00
2016/08/08	12.58	12.66	12.44	12.65	8100798	106482704.00
2016/08/09	12.66	12.77	12.63	12.75	11387553	151405504.00
2016/08/10	12.75	12.88	12.67	12.68	11258061	150174448.00
2016/08/11	12.67	12.73	12.49	12.50	10413412	137126320.00
2016/08/12	12.47	12.68	12.41	12.60	13022447	170576304.00
2016/08/15	12.61	12.89	12.54	12.85	20323833	271178656.00
2016/08/16	12.85	12.91	12.78	12.89	12905167	173322960.00
2016/08/17	12.90	13.00	12.83	12.89	11691847	157827888.00
2016/08/18	12.88	12.94	12.74	12.77	13958794	186847632.00
2016/08/19	12.76	12.88	12.72	12.79	11340220	151753936.00
2016/08/22	12.85	13.24	12.82	12.91	24536379	334860224.00
2016/08/23	12.94	12.98	12.80	12.83	11212093	150960096.00
2016/08/24	12.86	12.96	12.78	12.83	9038000	121548552.00
2016/08/25	12.79	12.79	12.56	12.64	11575818	153080480.00
2016/08/26	12.67	12.76	12.64	12.68	8419556	111869304.00
2016/08/29	12.69	12.73	12.60	12.68	8543159	113168152.00
2016/08/30	12.68	12.73	12.63	12.68	5414147	71855984.00
2016/08/31	12.67	12.70	12.58	12.64	7578899	100181344.00
2016/09/01	12.66	12.66	12.52	12.52	11645272	153365104.00
2016/09/02	12.52	12.56	12.45	12.51	8657605	113257808.00
2016/09/05	12.54	12.59	12.47	12.49	9071481	118967264.00
2016/09/06	12.51	12.62	12.39	12.60	12101044	158585216.00
2016/09/07	12.61	12.63	12.54	12.55	9360835	123446544.00
2016/09/08	12.59	12.60	12.52	12.58	6495107	85452088.00
2016/09/09	12.59	12.62	12.49	12.50	7590687	99763856.00
2016/09/12	12.36	12.36	12.03	12.04	16880136	216132768.00
2016/09/13	12.11	12.15	12.01	12.06	7760951	98080280.00
2016/09/14	12.03	12.03	11.91	11.93	7716390	96771000.00
2016/09/19	11.95	12.09	11.95	12.06	6230352	78657360.00
2016/09/20	12.07	12.11	11.98	12.02	5142133	64828908.00
2016/09/21	12.03	12.05	11.94	12.00	4702182	59229660.00
2016/09/22	12.07	12.11	12.02	12.03	6323783	79997608.00
2016/09/23	12.07	12.08	11.93	11.95	6409203	80539584.00
2016/09/26	11.96	12.01	11.81	11.84	10028710	125291832.00
2016/09/27	11.84	11.96	11.81	11.94	6648039	82803712.00
2016/09/28	11.98	11.99	11.84	11.92	5655700	70623736.00
2016/09/29	11.92	11.96	11.88	11.91	4835115	60540120.00
2016/09/30	11.92	12.14	11.89	12.05	7862879	99324904.00
2016/10/10	12.11	12.24	12.04	12.21	9718707	123883576.00
2016/10/11	12.25	12.27	12.15	12.19	8129693	103917576.00
2016/10/12	12.16	12.24	12.12	12.17	5585284	71327160.00
2016/10/13	12.16	12.19	12.10	12.16	5846622	74440584.00
2016/10/14	12.16	12.17	12.08	12.15	5005642	63605496.00
2016/10/17	12.16	12.18	12.01	12.02	6100162	77430088.00
2016/10/18	12.02	12.18	12.00	12.18	6652059	84435192.00
2016/10/19	12.15	12.34	12.13	12.15	8458835	108437648.00
2016/10/20	12.29	12.30	12.15	12.22	7305474	93661536.00
2016/10/21	12.23	12.26	12.03	12.11	8689617	110572768.00
2016/10/24	12.11	12.31	12.09	12.28	9764516	125146912.00
2016/10/25	12.31	12.32	12.21	12.24	6067412	77870240.00
2016/10/26	12.28	12.36	12.16	12.21	12349031	158771984.00
2016/10/27	12.21	12.26	12.12	12.17	6076209	77435952.00
2016/10/28	12.22	12.32	12.12	12.13	9180362	117666888.00
2016/10/31	12.15	12.15	12.01	12.08	7185102	90951768.00
2016/11/01	12.08	12.17	12.03	12.17	6407595	81408120.00
2016/11/02	12.11	12.19	12.01	12.02	8558992	108464928.00
2016/11/03	12.00	12.12	11.96	12.06	9108914	115118000.00
2016/11/04	12.07	12.23	12.04	12.12	9221554	117479968.00
2016/11/07	12.11	12.20	12.03	12.09	7745776	98342120.00
2016/11/08	12.10	12.19	12.07	12.15	9478163	120615176.00
2016/11/09	12.16	12.19	11.96	12.00	12255911	154879136.00
2016/11/10	12.09	12.15	12.07	12.12	10219403	129737936.00
2016/11/11	12.13	12.17	12.01	12.16	12194179	154641792.00
2016/11/14	12.19	12.29	12.17	12.25	15581978	200047888.00
2016/11/15	12.25	12.39	12.19	12.39	14939767	192329280.00
2016/11/16	12.42	12.44	12.34	12.35	12735623	165222208.00
2016/11/17	12.31	12.46	12.31	12.38	11001731	142830624.00
2016/11/18	12.38	12.49	12.26	12.27	10414427	135172144.00
2016/11/21	12.27	12.34	12.23	12.27	8424603	108325432.00
2016/11/22	12.29	12.38	12.22	12.38	10386149	133854424.00
2016/11/23	12.40	12.47	12.34	12.44	13889460	180680752.00
2016/11/24	12.42	12.54	12.39	12.46	15591779	203738928.00
2016/11/25	12.53	12.60	12.24	12.57	15281303	199361808.00
2016/11/28	12.56	12.83	12.52	12.68	21109521	280264320.00
2016/11/29	12.66	12.80	12.57	12.67	16512884	219226240.00
2016/11/30	12.62	12.89	12.60	12.71	20397871	272025184.00
2016/12/01	12.67	12.79	12.53	12.58	15622057	206755584.00
2016/12/02	12.59	12.66	12.36	12.38	14890288	194544080.00
2016/12/05	12.26	12.53	12.26	12.32	10949238	141886336.00
2016/12/06	12.31	12.39	12.25	12.27	7640112	98580040.00
2016/12/07	12.30	12.50	12.25	12.45	8785382	114017928.00
2016/12/08	12.48	12.50	12.31	12.33	7605480	98566832.00
2016/12/09	12.36	12.45	12.27	12.36	9272093	120278944.00
2016/12/12	12.38	12.39	11.83	11.85	15202858	191980272.00
2016/12/13	11.82	11.95	11.69	11.86	9127736	113342576.00
2016/12/14	11.83	11.90	11.74	11.76	7376912	91571352.00
2016/12/15	11.80	11.88	11.71	11.78	7585394	93885568.00
2016/12/16	11.77	11.88	11.73	11.84	5589168	69331864.00
2016/12/19	11.84	11.84	11.56	11.61	9883621	121176024.00
2016/12/20	11.60	11.68	11.57	11.67	6230596	76058144.00
2016/12/21	11.64	11.70	11.61	11.70	6326958	77550264.00
2016/12/22	11.70	11.70	11.62	11.63	4731611	57866464.00
2016/12/23	11.61	11.67	11.44	11.46	7455400	90431512.00
2016/12/26	11.42	11.50	11.26	11.41	7066506	84356048.00
2016/12/27	11.41	11.54	11.36	11.47	5356360	64696020.00
2016/12/28	11.48	11.58	11.43	11.46	2939916	35520960.00
2016/12/29	11.43	11.47	11.31	11.34	5124854	61270464.00
2016/12/30	11.36	11.43	11.32	11.35	4986820	59654352.00
2017/01/03	11.31	11.40	11.28	11.39	4966146	59326684.00
2017/01/04	11.39	11.50	11.31	11.50	7146054	85778552.00
2017/01/05	11.49	11.50	11.43	11.46	5324698	64188476.00
2017/01/06	11.49	11.50	11.34	11.35	5819738	69734152.00
2017/01/09	11.36	11.40	11.30	11.34	4966518	59262196.00
2017/01/10	11.36	11.37	11.31	11.32	4779298	56989500.00
2017/01/11	11.31	11.34	11.19	11.19	6375446	75523056.00
2017/01/12	11.17	11.24	10.88	10.89	7964702	92831608.00
2017/01/13	10.92	10.99	10.72	10.76	6674572	76372024.00
2017/01/16	10.76	10.84	10.27	10.51	9781820	109176504.00
2017/01/17	10.53	10.69	10.30	10.61	7120059	79048136.00
2017/01/18	10.58	10.60	10.46	10.49	4181760	46473064.00
2017/01/19	10.47	10.57	10.42	10.49	3534058	39174400.00
2017/01/20	10.49	10.68	10.49	10.65	6103971	68396552.00
2017/01/23	10.66	10.75	10.64	10.69	4794423	54109316.00
2017/01/24	10.70	10.70	10.56	10.58	3661256	41035408.00
2017/01/25	10.60	10.68	10.53	10.64	3190131	35788656.00
2017/01/26	10.66	10.74	10.65	10.69	4276459	48287260.00
2017/02/03	10.71	10.74	10.59	10.63	3337449	37472920.00
2017/02/06	10.64	10.73	10.61	10.71	3823804	43071568.00
2017/02/07	10.69	10.69	10.58	10.62	4227961	47445544.00
2017/02/08	10.63	10.73	10.59	10.72	4114226	46278440.00
2017/02/09	10.73	10.80	10.68	10.80	6265233	71041104.00
2017/02/10	10.79	10.82	10.75	10.78	4993027	56820824.00
2017/02/13	10.74	11.09	10.74	11.04	11079453	127396096.00
2017/02/14	11.00	11.03	10.87	10.91	7124245	82004664.00
2017/02/15	10.91	10.96	10.81	10.83	4733059	54301204.00
2017/02/16	10.85	10.96	10.78	10.89	4583445	52475692.00
2017/02/17	10.87	10.93	10.70	10.70	6133696	69819664.00
2017/02/20	10.72	10.77	10.64	10.76	6935055	78251712.00
2017/02/21	10.77	10.99	10.73	10.97	9524737	109532208.00
2017/02/22	10.97	11.02	10.92	11.01	6598152	76269928.00
2017/02/23	10.99	11.02	10.90	10.98	6582703	75918024.00
2017/02/24	10.98	11.11	10.94	11.08	7470084	87004024.00
2017/02/27	11.04	11.19	11.00	11.05	10173671	118797648.00
2017/02/28	11.16	11.20	10.95	11.01	7760175	90359520.00
2017/03/01	10.99	11.08	10.97	10.99	6761105	78527232.00
2017/03/02	11.02	11.05	10.91	10.94	4929785	57054568.00
2017/03/03	10.91	10.99	10.83	10.96	5377442	61843816.00
2017/03/06	11.02	11.16	10.99	11.15	9557965	111846200.00
2017/03/07	11.16	11.16	11.03	11.11	6255143	73041688.00
2017/03/08	11.10	11.10	10.96	11.00	6279611	72856792.00
2017/03/09	11.04	11.07	10.95	10.97	5310971	61570684.00
2017/03/10	11.00	11.04	10.95	10.97	4183202	48469508.00
2017/03/13	10.99	11.03	10.84	11.02	5825962	67253976.00
2017/03/14	11.01	11.10	10.92	10.98	7802543	90649824.00
2017/03/15	10.97	11.00	10.83	10.85	9506612	109030136.00
2017/03/16	10.73	10.87	10.69	10.86	15185408	173048336.00
2017/03/17	10.85	10.95	10.75	10.78	9280489	106356208.00
2017/03/20	10.79	10.90	10.79	10.90	5987337	68561824.00
2017/03/21	10.89	10.94	10.84	10.87	5200313	59654704.00
2017/03/22	10.81	10.86	10.71	10.78	7665113	87081952.00
2017/03/23	10.78	10.86	10.63	10.81	8624953	97717816.00
2017/03/24	10.79	10.80	10.60	10.72	8816193	99384256.00
2017/03/27	10.72	10.76	10.61	10.63	7314600	82307712.00
2017/03/28	10.64	10.70	10.61	10.64	5072244	57003400.00
2017/03/29	10.65	10.67	10.51	10.51	7540661	84121616.00
2017/03/30	10.53	10.55	10.31	10.32	8813072	97001832.00
2017/03/31	10.32	10.44	10.32	10.44	5534183	60740852.00
2017/04/05	10.46	10.68	10.41	10.63	9013145	100619368.00
2017/04/06	10.65	10.65	10.55	10.64	7182286	80370256.00
2017/04/07	10.70	10.70	10.57	10.59	6475108	70874808.00
2017/04/10	10.59	10.60	10.50	10.51	6317395	68564480.00
2017/04/11	10.50	10.73	10.30	10.69	11446908	123738816.00
2017/04/12	11.67	11.67	10.95	11.03	34587221	400446624.00
2017/04/13	10.90	11.01	10.77	10.95	14026831	157248704.00
2017/04/14	10.85	10.92	10.72	10.73	9035802	100587152.00
2017/04/17	10.69	10.84	10.67	10.79	6535261	72342744.00
2017/04/18	10.79	10.81	10.52	10.54	8107124	89077496.00
2017/04/19	10.54	10.55	10.18	10.33	11395335	121388776.00
2017/04/20	10.34	10.39	10.18	10.25	6276895	66579320.00
2017/04/21	10.28	10.32	10.12	10.24	6613288	69583608.00
2017/04/24	10.19	10.20	10.01	10.02	6326011	65803472.00
2017/04/25	10.05	10.15	10.00	10.04	5157645	53674384.00
2017/04/26	10.05	10.24	10.01	10.24	5510566	57714772.00
2017/04/27	10.28	10.55	10.23	10.44	12778925	136893200.00
2017/04/28	10.49	10.51	10.38	10.45	5839373	62937408.00
2017/05/02	10.51	10.70	10.42	10.43	10249517	111653648.00
2017/05/03	10.46	10.49	10.31	10.43	5534596	59404204.00
2017/05/04	10.41	10.52	10.33	10.42	5123995	55148040.00
2017/05/05	10.36	10.41	10.25	10.28	5291979	56400784.00
2017/05/08	10.27	10.38	10.20	10.28	5388008	57299736.00
2017/05/09	10.22	10.39	10.08	10.36	5695777	60233204.00
2017/05/10	10.35	10.42	10.16	10.20	5197744	55307556.00
2017/05/11	10.13	10.57	10.00	10.55	13395235	142391040.00
2017/05/12	10.54	10.89	10.42	10.88	15977716	175276736.00
2017/05/15	10.78	10.94	10.75	10.91	12380597	138484800.00
2017/05/16	10.85	11.04	10.73	10.98	10817981	121544360.00
2017/05/17	10.97	11.01	10.84	10.87	8848069	99442168.00
2017/05/18	10.74	11.19	10.74	10.98	14945884	169275968.00
2017/05/19	10.98	11.03	10.80	10.84	6770494	75935680.00
2017/05/22	10.87	11.10	10.78	11.10	12749045	143876240.00
2017/05/23	11.07	11.35	10.90	11.17	25894303	297401600.00
2017/05/24	11.11	11.34	11.05	11.10	17790615	204603696.00
2017/05/25	11.17	11.20	10.86	11.08	13195212	149908416.00
2017/05/26	11.03	11.29	11.02	11.26	11377373	130806040.00
2017/05/31	11.36	11.61	11.30	11.57	19359534	228461472.00
2017/06/01	11.50	11.53	11.29	11.31	12602529	147907088.00
2017/06/02	11.29	11.40	11.05	11.26	12647529	145929280.00
2017/06/05	11.32	11.44	11.15	11.42	10641522	124198720.00
2017/06/06	11.34	11.52	11.26	11.38	8517629	99883120.00
2017/06/07	11.35	11.46	11.31	11.39	16552157	194048480.00
2017/06/08	11.40	11.41	11.14	11.14	18353588	212384928.00
2017/06/09	11.13	11.58	11.11	11.54	23405499	273741216.00
2017/06/12	11.51	11.63	11.40	11.50	16246606	192395728.00
2017/06/13	11.44	11.52	11.37	11.47	10192282	120078264.00
2017/06/14	11.45	11.51	11.28	11.34	8663276	101545040.00
2017/06/15	11.34	11.63	11.30	11.42	13736361	162190960.00
2017/06/16	11.34	11.42	11.19	11.20	11374677	132193376.00
2017/06/19	11.18	11.30	11.15	11.26	7044325	81457096.00
2017/06/20	11.25	11.34	11.16	11.18	8748290	101250640.00
2017/06/21	11.22	11.45	11.18	11.45	11612211	135297872.00
2017/06/22	11.46	11.46	11.12	11.15	12012033	139932176.00
2017/06/23	11.15	11.46	10.98	11.41	16045244	185504704.00
2017/06/26	11.40	11.53	11.33	11.44	15707844	184485856.00
2017/06/27	11.44	11.75	11.42	11.66	21703507	259818496.00
2017/06/28	12.37	12.85	12.28	12.37	70258978	903925760.00
2017/06/29	12.37	13.60	12.32	13.47	80464835	1067868864.00
2017/06/30	13.27	13.49	13.10	13.41	39331718	535643584.00
2017/07/03	13.45	13.76	13.23	13.31	32457265	446326464.00
2017/07/04	13.37	13.71	13.27	13.57	38742275	535730208.00
2017/07/05	13.42	13.51	13.18	13.37	31172493	425041568.00
2017/07/06	13.31	13.63	13.14	13.50	37267205	509679008.00
2017/07/07	13.38	13.61	13.32	13.35	24107003	331459200.00
2017/07/10	13.28	13.60	13.17	13.20	24426078	334387584.00
2017/07/11	13.31	13.31	12.63	12.72	44594164	589020672.00
2017/07/12	12.75	12.88	12.65	12.82	21365863	279879808.00
2017/07/13	12.84	12.88	12.57	12.70	19684713	256500512.00
2017/07/14	12.77	12.92	12.62	12.70	17038924	223338800.00
2017/07/17	12.54	12.62	11.94	12.06	33503529	420572608.00
2017/07/18	12.05	12.30	11.93	12.19	20151205	251718272.00
2017/07/19	12.13	12.42	11.99	12.35	23974454	300443040.00
2017/07/20	12.30	12.54	12.10	12.15	24469603	309521696.00
2017/07/21	12.07	12.56	12.03	12.50	22183800	281806368.00
2017/07/24	12.47	12.56	12.33	12.44	18427810	235489296.00
2017/07/25	12.45	12.75	12.42	12.50	21236309	274041920.00
2017/07/26	12.54	12.69	12.44	12.63	15916040	205081984.00
2017/07/27	12.71	13.93	12.57	13.82	110034301	1532100480.00
2017/07/28	13.68	13.92	13.54	13.82	54627752	768582464.00
2017/07/31	13.87	14.03	13.54	13.86	55283939	781665600.00
2017/08/01	13.84	13.86	13.13	13.23	63734146	879813632.00
2017/08/02	13.22	13.51	13.12	13.26	37438554	511245792.00
2017/08/03	13.23	13.83	13.17	13.45	40229313	557771968.00
2017/08/04	13.44	13.50	13.12	13.13	29020034	394099968.00
2017/08/07	13.07	13.35	12.87	13.23	25330609	342782592.00
2017/08/08	13.19	13.95	13.13	13.89	50442995	703411840.00
2017/08/09	13.95	14.66	13.72	14.24	75088196	1095517440.00
2017/08/10	14.24	14.56	13.81	14.35	59216033	864096512.00
2017/08/11	14.19	15.01	14.08	14.42	74717612	1112439808.00
2017/08/14	14.00	14.72	13.85	14.50	63667285	932264448.00
2017/08/15	14.46	14.65	14.13	14.30	40392253	592523136.00
2017/08/16	14.25	14.96	14.17	14.72	62090729	926961472.00
2017/08/17	14.62	14.67	14.37	14.51	41428430	615711168.00
2017/08/18	14.28	14.45	13.94	13.97	44861317	649617344.00
2017/08/21	13.97	14.23	13.90	14.13	23590991	339914528.00
2017/08/22	14.13	14.22	14.00	14.09	19182669	276661824.00
2017/08/23	14.03	14.12	13.73	13.74	24610949	350006400.00
2017/08/24	13.79	14.17	13.64	13.99	27872264	398404320.00
2017/08/25	14.06	14.12	13.85	14.10	24390182	349700544.00
2017/08/28	14.06	14.55	14.02	14.29	36588520	537015296.00
2017/08/29	14.27	14.41	14.07	14.08	20061100	291064384.00
2017/08/30	14.03	14.16	13.93	13.96	19346898	277897248.00
2017/08/31	13.99	14.33	13.87	14.29	27513519	397010048.00
2017/09/01	14.23	14.41	14.09	14.33	27902291	407751584.00
2017/09/04	14.37	14.37	13.93	14.05	29869147	431810656.00
2017/09/05	13.97	14.13	13.75	13.75	27094729	385975136.00
2017/09/06	13.67	13.89	13.61	13.79	21009444	295920032.00
2017/09/07	13.75	13.97	13.39	13.41	32244553	452205504.00
2017/09/08	13.42	13.61	13.37	13.60	20814624	287671968.00
2017/09/11	13.67	13.84	13.63	13.74	15672698	220340416.00
2017/09/12	13.73	13.73	13.40	13.48	26988844	373074816.00
2017/09/13	13.48	13.76	13.38	13.72	17586625	244424128.00
2017/09/14	13.71	13.76	13.50	13.64	15012558	209901392.00
2017/09/15	13.67	13.77	13.50	13.74	15440244	215925680.00
2017/09/18	13.69	13.81	13.66	13.75	12377000	174058352.00
2017/09/19	13.76	13.82	13.46	13.51	13953821	195040128.00
2017/09/20	13.43	13.56	12.92	13.04	38577743	518469600.00
2017/09/21	13.07	13.13	12.90	12.92	17105111	228061504.00
2017/09/22	12.93	13.02	12.77	12.87	14028048	185677520.00
2017/09/25	12.84	13.07	12.82	12.89	11620519	154509232.00
2017/09/26	12.89	13.11	12.88	13.06	9613237	128360280.00
2017/09/27	13.10	13.12	12.99	13.05	7262492	97064088.00
2017/09/28	13.05	13.11	12.96	12.96	10177669	135887520.00
2017/09/29	13.11	13.35	12.98	13.31	19819362	268383920.00
2017/10/09	13.39	13.46	13.27	13.32	15672188	214572208.00
2017/10/10	13.33	13.52	13.27	13.52	14391756	198227856.00
2017/10/11	13.54	13.56	13.40	13.47	11054788	152681248.00
2017/10/12	13.42	13.46	13.12	13.22	12150131	165338144.00
2017/10/13	13.23	13.30	13.07	13.27	10991234	148591968.00
2017/10/16	13.29	13.41	12.95	13.00	15183224	204699328.00
2017/10/17	12.93	13.13	12.90	13.02	7921900	105807712.00
2017/10/18	12.99	13.34	12.92	13.17	16072427	216516000.00
2017/10/19	13.17	13.41	13.14	13.32	19220532	262504880.00
2017/10/20	13.32	13.36	12.75	13.05	17292460	229966048.00
2017/10/23	13.04	13.54	12.98	13.49	18699017	255293888.00
2017/10/24	13.50	13.71	13.41	13.67	25051764	348467424.00
2017/10/25	13.68	13.88	13.54	13.72	22882506	321900128.00
2017/10/26	13.72	13.99	13.62	13.67	23953223	338692416.00
2017/10/27	13.63	13.64	13.42	13.51	19240379	266293728.00
2017/10/30	13.52	13.64	13.02	13.15	20296688	276032800.00
2017/10/31	13.17	13.42	13.15	13.42	13565297	185298768.00
2017/11/01	13.37	13.73	13.32	13.61	18146225	251507664.00
2017/11/02	13.57	13.71	13.27	13.31	14895550	205956368.00
2017/11/03	13.27	13.46	12.97	12.98	17140976	231002656.00
2017/11/06	12.99	13.40	12.77	13.26	16457833	220653952.00
2017/11/07	13.25	13.37	13.09	13.37	11719492	159069264.00
2017/11/08	13.48	13.88	13.41	13.63	30812347	432547008.00
2017/11/09	13.67	13.93	13.61	13.76	19539234	275187936.00
2017/11/10	13.81	13.97	13.61	13.93	27866036	394567520.00
2017/11/13	14.05	14.11	13.73	13.83	24207582	345427616.00
2017/11/14	13.85	14.55	13.64	14.39	50868192	737953728.00
2017/11/15	14.31	14.56	14.06	14.27	32092833	470095456.00
2017/11/16	14.23	14.63	14.18	14.30	28387715	418492288.00
2017/11/17	14.28	14.30	13.87	14.27	29540071	426704000.00
2017/11/20	14.17	14.86	13.92	14.81	37232859	551396032.00
2017/11/21	14.77	14.96	14.55	14.94	33357591	503316480.00
2017/11/22	14.86	15.12	14.38	14.47	31331887	471922784.00
2017/11/23	14.38	14.63	13.80	13.89	27960190	406711104.00
2017/11/24	13.89	14.10	13.74	13.90	16549334	235888192.00
2017/11/27	13.85	14.12	13.62	13.66	15845588	223931776.00
2017/11/28	13.58	13.81	13.48	13.72	14278213	199260480.00
2017/11/29	13.72	13.78	13.39	13.52	14490813	201629792.00
2017/11/30	13.53	13.62	13.18	13.18	14716126	202278208.00
2017/12/01	13.16	13.47	13.07	13.35	11673110	159105824.00
2017/12/04	13.26	13.72	13.20	13.45	13372695	185082560.00
2017/12/05	13.45	13.72	13.23	13.42	11049955	151991856.00
2017/12/06	13.39	13.71	13.19	13.70	13879534	191600032.00
2017/12/07	13.65	13.79	13.54	13.59	9788707	136920096.00
2017/12/08	13.58	13.88	13.58	13.72	11117463	156574960.00
2017/12/11	13.70	13.81	13.61	13.81	11235280	157693552.00
2017/12/12	13.77	13.79	13.39	13.39	13562074	188254192.00
2017/12/13	13.36	13.57	13.27	13.54	6225004	85919816.00
2017/12/14	13.57	13.59	13.44	13.53	5953699	82359496.00
2017/12/15	13.49	13.69	13.39	13.68	9965898	138669584.00
2017/12/18	13.75	13.82	13.57	13.68	9096599	127553160.00
2017/12/19	13.73	14.38	13.70	14.26	28734704	416003648.00
2017/12/20	14.17	14.39	14.15	14.17	15535338	226287872.00
2017/12/21	14.23	14.43	14.06	14.22	16332278	238388704.00
2017/12/22	14.17	14.41	14.16	14.20	11113488	162185440.00
2017/12/25	14.18	14.56	13.93	14.47	22385680	326548512.00
2017/12/26	14.40	14.60	14.27	14.44	14337587	211532880.00
2017/12/27	14.37	14.58	14.00	14.06	15820248	232014640.00
2017/12/28	14.12	14.79	13.97	14.72	30896885	459723872.00
2017/12/29	14.72	14.83	14.54	14.69	17902030	268748416.00
2018/01/02	14.85	14.85	14.25	14.42	32407265	478615552.00
2018/01/03	14.45	14.76	14.28	14.65	27589887	410155712.00
2018/01/04	14.53	14.57	14.23	14.40	22856785	336509568.00
2018/01/05	14.36	14.44	14.24	14.30	14597600	213933216.00
2018/01/08	14.29	14.42	14.17	14.37	19064204	278642912.00
2018/01/09	14.34	15.38	14.27	15.25	56612336	866833216.00
2018/01/10	15.29	15.55	15.07	15.42	41621271	651076480.00
2018/01/11	15.38	15.52	15.17	15.47	22548610	353047552.00
2018/01/12	15.42	15.43	14.98	14.98	19302162	299519040.00
2018/01/15	14.93	15.19	14.61	14.73	30278166	461068384.00
2018/01/16	14.77	15.30	14.71	15.23	21784850	334742624.00
2018/01/17	15.29	15.81	14.97	15.65	36194893	571580352.00
2018/01/18	15.61	15.95	15.40	15.57	20516896	327538272.00
2018/01/19	15.67	15.97	15.44	15.69	26416013	425603936.00
2018/01/22	15.70	16.62	15.70	16.57	37578918	623997504.00
2018/01/23	16.47	16.54	16.26	16.36	22420434	374315328.00
2018/01/24	16.37	17.07	16.28	16.61	37393573	636548416.00
2018/01/25	16.48	17.26	16.36	16.45	41653355	712336000.00
2018/01/26	16.49	16.61	16.11	16.38	27679074	461556576.00
2018/01/29	16.36	16.77	16.09	16.44	25593644	428452288.00
2018/01/30	16.36	16.93	16.28	16.60	21995404	372879840.00
2018/07/31	16.50	18.26	16.50	18.26	122851390	2196684800.00
2018/08/01	18.70	20.09	18.55	20.09	93289848	1813411840.00
2018/08/02	21.00	21.30	19.60	20.38	98555725	2020259200.00
2018/08/03	20.22	20.64	19.80	19.95	42512314	856320640.00
2018/08/06	19.83	19.93	17.96	17.96	78079342	1458664320.00
2018/08/07	18.26	19.59	18.11	19.08	62293530	1172401408.00
2018/08/08	18.91	19.36	18.41	18.87	36625962	692297664.00
2018/08/09	18.36	20.56	18.21	19.90	46623790	911960768.00
2018/08/10	19.71	20.37	19.61	19.90	29756022	593907712.00
2018/08/13	19.75	20.77	19.53	19.92	32030478	645666240.00
2018/08/14	20.08	20.30	19.24	19.47	25458225	501458176.00
2018/08/15	19.52	19.87	18.92	19.24	20769285	400522176.00
2018/08/16	19.05	19.69	18.50	18.77	26143372	500112768.00
2018/08/17	19.07	19.27	18.30	18.66	20099553	378993056.00
2018/08/20	18.66	19.18	17.80	18.68	20910838	386099584.00
2018/08/21	18.71	19.15	18.20	18.95	22128012	415953504.00
2018/08/22	19.04	19.20	18.49	19.09	17003141	321889376.00
2018/08/23	18.97	19.64	18.63	19.50	18478921	354434240.00
2018/08/24	19.33	19.83	19.33	19.40	12772110	249965904.00
2018/08/27	19.43	20.09	19.27	19.83	15748942	310815488.00
2018/08/28	19.93	20.08	19.60	19.80	9316800	184888608.00
2018/08/29	19.60	19.77	19.28	19.58	9295318	181416832.00
2018/08/30	19.59	19.76	18.30	18.46	19565640	369028928.00
2018/08/31	18.39	19.86	18.27	19.58	20471122	391410112.00
2018/09/03	19.43	19.76	19.09	19.56	12708704	246710096.00
2018/09/04	19.62	19.70	19.11	19.63	10066136	195270992.00
2018/09/05	19.47	19.52	18.70	18.90	12550563	238765440.00
2018/09/06	18.72	19.18	17.52	17.82	32322257	586374272.00
2018/09/07	17.92	18.99	17.92	18.62	22420129	416486176.00
2018/09/10	18.63	18.64	17.52	17.78	17343084	311034976.00
2018/09/11	17.88	18.17	17.50	17.80	12372529	220850320.00
2018/09/12	17.91	18.14	17.36	17.73	11375060	201986560.00
2018/09/13	18.15	18.22	17.23	17.75	16052298	284397664.00
2018/09/14	17.70	17.72	17.12	17.30	16031924	279411808.00
2018/09/17	17.33	17.58	17.10	17.20	11510819	199477232.00
2018/09/18	17.37	17.49	16.71	17.28	12128652	208470800.00
2018/09/19	17.31	18.42	17.15	18.17	17795393	319268704.00
2018/09/20	18.10	18.10	17.45	17.77	17178872	305560256.00
2018/09/21	17.88	18.34	17.70	18.24	15893105	287532864.00
2018/09/25	18.05	18.49	17.90	18.03	7751133	140667600.00
2018/09/26	18.03	19.21	17.82	18.89	17837629	334591200.00
2018/09/27	18.85	19.42	18.72	19.04	14351752	273251520.00
2018/09/28	19.70	20.70	19.45	20.50	32512564	651304832.00
2018/10/08	20.18	20.53	19.95	20.05	17692453	357727616.00
2018/10/09	20.15	20.57	19.61	19.88	18289166	368407488.00
2018/10/10	19.99	20.41	19.32	20.09	18241921	361484736.00
2018/10/11	19.59	19.88	18.51	19.05	22416119	431932768.00
2018/10/12	19.00	19.69	18.91	19.26	14946324	288253056.00
2018/10/15	19.35	19.48	18.65	18.69	11135620	211837888.00
2018/10/16	18.61	19.66	18.58	19.02	16223266	311380672.00
2018/10/17	19.34	19.47	17.63	18.18	24245654	445574432.00
2018/10/18	17.80	18.50	17.68	17.97	14749419	268054416.00
2018/10/19	17.73	18.82	17.73	18.54	16777599	306973120.00
2018/10/22	18.78	20.39	18.78	20.39	39637505	796164096.00
2018/10/23	20.19	20.19	18.96	19.26	36424795	711995776.00
2018/10/24	19.20	19.46	18.68	19.04	16792124	320536800.00
2018/10/25	18.49	19.28	17.86	19.19	19097618	353172480.00
2018/10/26	19.20	19.26	17.96	18.22	20613778	379746048.00
2018/10/29	18.35	18.70	16.96	17.20	21831027	387053664.00
2018/10/30	17.24	18.84	16.94	18.55	24751116	448056160.00
2018/10/31	18.70	19.08	18.30	18.69	14535889	272003456.00
2018/11/01	18.65	19.17	18.63	18.63	12949660	244783280.00
2018/11/02	19.50	19.94	19.21	19.80	21917661	430540768.00
2018/11/05	19.55	20.24	19.04	19.46	19503894	382364032.00
2018/11/06	19.59	20.35	19.33	20.04	20510924	408971936.00
2018/11/07	19.87	21.67	19.77	21.54	36541472	767045120.00
2018/11/08	21.54	21.98	20.50	21.12	26562315	568372864.00
2018/11/09	21.13	21.38	20.75	21.14	11790488	248796688.00
2018/11/12	21.20	21.34	20.23	21.02	18541990	386888768.00
2018/11/13	20.82	21.89	20.76	21.30	18515492	395498656.00
2018/11/14	21.05	21.76	20.85	21.07	16138187	343217952.00
2018/11/15	20.85	21.59	20.85	21.34	11226915	239385360.00
2018/11/16	21.49	21.65	20.78	20.91	16635314	351141792.00
2018/11/19	20.65	20.80	20.01	20.50	21741154	442108384.00
2018/11/20	20.50	20.70	19.65	19.77	18208927	364614272.00
2018/11/21	19.60	20.20	19.18	19.87	20797082	410095456.00
2018/11/22	19.87	19.97	19.19	19.41	14733791	286928800.00
2018/11/23	19.29	19.89	19.29	19.40	15508495	303970688.00
2018/11/26	19.37	19.73	18.93	19.52	11376709	221248672.00
2018/11/27	19.67	19.70	18.90	19.20	13978814	268603392.00
2018/11/28	19.25	19.95	18.91	19.89	12756883	248948448.00
2018/11/29	19.88	20.13	19.46	19.52	11319452	224442976.00
2018/11/30	19.51	20.05	19.31	19.99	11164393	220971520.00
2018/12/03	20.52	20.76	20.20	20.52	14544400	298419168.00
2018/12/04	20.40	21.13	20.33	20.77	14045437	292208672.00
2018/12/05	20.74	21.06	20.52	20.91	11064047	230852112.00
2018/12/06	20.70	21.13	20.10	20.20	13016948	267304672.00
2018/12/07	20.42	21.06	20.38	20.54	14985621	311151968.00
2018/12/10	20.53	20.80	20.20	20.27	7939493	162100320.00
2018/12/11	20.34	20.54	20.11	20.39	5644854	115045952.00
2018/12/12	20.56	21.06	20.56	20.85	9093832	189180848.00
2018/12/13	21.00	21.64	20.62	21.50	15973830	339025184.00
2018/12/14	21.39	21.60	20.91	20.97	11907798	252772576.00
2018/12/17	20.45	20.45	18.87	18.87	28048233	536661600.00
2018/12/18	18.42	18.97	17.98	18.47	37698423	696484032.00
2018/12/19	18.25	18.45	16.62	16.73	52280191	901812352.00
2018/12/20	16.62	16.98	16.60	16.72	25723624	431984736.00
2018/12/21	16.72	17.27	16.67	16.96	20132638	342697664.00
2018/12/24	16.99	17.76	16.96	17.60	14596032	255514704.00
2018/12/25	17.40	17.81	17.24	17.58	12990950	227890480.00
2018/12/26	17.55	17.87	17.30	17.33	8850177	155256400.00
2018/12/27	17.08	17.33	16.40	16.89	25261620	427640960.00
2018/12/28	16.90	17.44	16.30	16.99	17136671	288891232.00
2019/01/02	17.00	17.32	16.70	16.81	11193923	190174912.00
2019/01/03	16.86	16.99	16.45	16.47	9962796	166446336.00
数据来源:通达信
