300436 广生堂 日线 前复权
      日期	    开盘	    最高	    最低	    收盘	    成交量	    成交额
2015/04/22	12.28	14.86	12.28	14.86	9901	301752.91
2015/04/23	16.41	16.41	16.41	16.41	2100	71421.00
2015/04/24	18.11	18.11	18.11	18.11	4800	179568.00
2015/04/27	19.98	19.98	19.98	19.98	1900	78185.00
2015/04/28	22.04	22.04	22.04	22.04	12400	561348.00
2015/04/29	24.30	24.30	24.30	24.30	12300	612540.00
2015/04/30	26.79	26.79	26.79	26.79	6900	377982.00
2015/05/04	29.53	29.53	29.53	29.53	16000	964160.00
2015/05/05	32.55	32.55	32.55	32.55	41550	2754349.50
2015/05/06	35.86	35.86	35.86	35.86	71950	5246594.00
2015/05/07	39.51	39.51	39.51	39.51	125350	10054324.00
2015/05/08	43.52	43.52	43.52	43.52	48000	4235040.00
2015/05/11	47.93	47.93	47.93	47.93	28250	2741662.50
2015/05/12	52.78	52.78	52.78	52.78	29850	3186786.00
2015/05/13	58.12	58.12	58.12	58.12	57350	6735184.00
2015/05/14	63.99	63.99	63.99	63.99	31030	4008455.50
2015/05/15	70.45	70.45	70.45	70.45	128216	18219494.00
2015/05/18	77.56	77.56	77.56	77.56	31817	4973315.50
2015/05/19	85.37	85.37	85.37	85.37	59163	10172486.00
2015/05/20	93.97	93.97	93.97	93.97	37561	7103912.00
2015/05/21	103.42	103.42	103.42	103.42	1510989	314346144.00
2015/05/22	113.82	113.82	113.82	113.82	204398	46774440.00
2015/05/25	125.26	125.26	114.90	125.26	3659805	915843968.00
2015/05/26	137.39	137.85	133.90	137.85	1377570	380448864.00
2015/05/27	151.69	151.69	151.40	151.69	754410	229774480.00
2015/05/28	166.92	166.92	136.46	136.90	1347350	405191200.00
2015/05/29	124.40	149.40	123.15	133.39	5706240	1514296448.00
2015/06/01	128.40	129.30	119.99	119.99	4059426	992391040.00
2015/06/02	115.90	121.90	115.40	118.96	2766161	656212032.00
2015/06/03	119.20	120.90	111.90	113.69	2282355	533812768.00
2015/06/04	112.80	112.80	102.26	102.28	2432660	514358560.00
2015/06/05	106.39	107.90	102.41	106.94	2195088	467372640.00
2015/06/08	104.90	105.38	98.40	100.48	2030526	414394336.00
2015/06/09	99.40	103.90	98.65	101.36	1207787	246044960.00
2015/06/10	99.90	110.28	99.36	108.00	2175654	464416672.00
2015/06/11	105.90	110.90	105.53	108.40	1532072	333044832.00
2015/06/12	108.40	109.40	100.83	100.90	1793917	375205280.00
2015/06/15	98.84	98.91	90.75	90.76	1983351	377489216.00
2015/06/16	89.14	94.30	86.91	91.98	1361019	249914336.00
2015/06/17	89.91	94.16	89.91	93.40	921210	171624592.00
2015/06/18	93.84	93.84	84.40	85.60	1174721	210510704.00
2015/06/19	83.56	86.90	79.48	80.91	1084225	182269104.00
2015/06/23	82.40	86.54	81.40	86.20	1074114	183000688.00
2015/06/24	87.36	88.29	84.40	87.78	982322	171640592.00
2015/06/25	87.40	88.90	84.98	85.84	923692	161336768.00
2015/06/26	84.30	84.30	77.20	77.20	1208115	192450768.00
2015/06/29	79.40	79.83	69.44	69.45	1127764	166567296.00
2015/06/30	66.90	74.40	64.45	74.10	1136706	159899168.00
2015/07/01	71.90	76.60	67.45	68.40	1210310	179134000.00
2015/07/02	70.90	75.30	69.90	75.30	995203	148902128.00
2015/07/03	73.90	81.75	68.91	74.15	1628898	243086272.00
2015/07/06	81.62	81.62	66.67	68.19	1516338	224299648.00
2015/07/07	64.34	64.34	61.31	61.31	808545	100606776.00
2015/07/08	55.12	56.40	55.12	55.12	1381232	154166560.00
2015/07/14	60.69	60.69	60.69	60.69	59501	7293037.50
2015/07/15	66.82	66.82	64.90	65.40	2054137	275567616.00
2015/07/16	59.49	68.84	59.49	65.52	1357022	177800256.00
2015/07/17	65.88	71.90	65.41	70.97	1398442	194574320.00
2015/07/20	70.97	76.87	69.96	73.39	1534337	227665920.00
2015/07/21	71.40	76.66	70.95	75.90	1295089	196687664.00
2015/07/22	77.45	79.13	74.49	78.91	1515733	237463232.00
2015/07/23	79.63	86.86	79.45	86.86	2080552	351994112.00
2015/07/24	88.29	93.40	83.15	83.60	2876555	511433344.00
2015/07/27	80.40	90.73	79.40	80.40	2360136	403086432.00
2015/07/28	77.46	83.30	73.30	77.65	2146293	337624320.00
2015/07/29	79.40	81.25	70.40	80.71	1948193	301076224.00
2015/07/30	78.40	80.78	74.40	74.46	1484286	233744624.00
2015/07/31	71.90	78.40	70.11	71.39	1287524	190963632.00
2015/08/03	70.30	70.30	64.19	64.20	1522577	202599536.00
2015/08/04	65.11	69.40	62.90	69.40	1354387	182049872.00
2015/08/05	68.68	70.44	66.60	67.91	1106543	153411456.00
2015/08/06	66.24	69.90	65.65	68.91	864684	118776216.00
2015/08/07	69.91	75.40	68.90	74.40	1480974	215781984.00
2015/08/10	75.36	81.90	74.46	81.90	1602909	257573440.00
2015/08/11	84.40	86.34	81.06	82.65	1692051	284428704.00
2015/08/12	80.40	86.21	80.07	82.90	1278091	215806656.00
2015/08/13	81.90	85.65	81.18	84.39	969385	163255232.00
2015/08/14	84.45	91.90	84.45	89.80	1779413	317215872.00
2015/08/17	89.90	90.78	84.40	86.38	1166021	204644640.00
2015/08/18	85.90	86.36	77.68	77.68	1590015	259562784.00
2015/08/19	74.49	78.90	70.41	78.45	1182255	177523200.00
2015/08/20	76.65	77.42	72.94	73.40	758554	115364248.00
2015/08/21	71.90	73.37	69.80	69.90	663980	95583672.00
2015/08/24	66.89	66.89	62.85	62.85	772575	99352976.00
2015/08/25	56.66	63.26	56.51	56.51	947585	112097680.00
2015/08/26	56.90	62.22	55.90	62.21	1459345	175504752.00
2015/08/27	63.40	65.33	59.70	63.41	934362	119026568.00
2015/08/28	64.88	67.90	62.40	66.91	1021650	132784792.00
2015/08/31	65.40	65.90	62.90	62.91	630439	81908896.00
2015/09/01	61.65	61.65	56.77	56.80	610355	72330992.00
2015/09/02	52.25	60.65	52.25	54.45	710644	80487480.00
2015/09/07	57.90	59.90	56.90	57.60	649916	76638272.00
2015/09/08	57.45	62.25	56.40	62.19	793496	95647776.00
2015/09/09	61.90	65.33	61.65	64.34	833690	107737856.00
2015/09/10	65.40	67.68	64.34	65.15	844275	112673072.00
2015/09/11	63.90	66.07	63.90	65.70	547430	71985816.00
2015/09/14	66.00	66.75	59.07	59.07	698226	87282584.00
2015/09/15	55.96	60.68	55.96	56.35	572445	66856292.00
2015/09/16	56.40	62.05	56.40	62.05	1336343	79349576.00
2015/09/17	61.06	63.38	59.20	59.40	1432354	89535320.00
2015/09/18	60.39	61.60	57.43	59.44	960426	57188980.00
2015/09/21	58.20	65.35	57.41	65.18	1969566	123544968.00
2015/09/22	65.10	70.80	64.41	67.12	2625030	180559488.00
2015/09/23	65.00	67.45	64.35	65.90	1669707	110675136.00
2015/09/24	66.40	68.90	65.17	65.68	1323682	89121184.00
2015/09/25	65.40	66.10	59.10	59.74	1695113	105769304.00
2015/09/28	60.32	63.38	59.62	62.90	1229096	77176416.00
2015/09/29	61.52	62.40	59.90	60.51	995944	61399896.00
2015/09/30	61.27	61.58	59.68	60.40	594968	36466256.00
2015/10/08	63.46	64.40	62.45	63.68	1192532	76636736.00
2015/10/09	63.43	64.77	63.23	64.20	1027372	66234308.00
2015/10/12	64.90	70.68	64.73	70.68	2130860	147083632.00
2015/10/13	70.38	72.07	69.48	71.40	1830283	131430616.00
2015/10/14	71.40	72.36	69.50	69.60	1785640	127346056.00
2015/10/15	69.40	73.90	69.40	73.26	2008716	146683104.00
2015/10/16	74.60	74.60	70.71	72.30	2373917	173175840.00
2015/10/19	71.73	72.10	68.62	70.10	1860715	132354808.00
2015/10/20	70.39	74.20	69.56	73.50	2091201	152031936.00
2015/10/21	73.30	75.29	67.20	67.91	2634217	190554624.00
2015/10/22	68.55	74.76	68.55	74.76	3293732	240723632.00
2015/10/23	77.10	79.66	76.08	78.50	3730325	292087200.00
2015/10/26	79.13	79.36	75.41	76.89	2485634	192147888.00
2015/10/27	75.51	78.10	70.90	77.80	2640279	199344368.00
2015/10/28	75.98	78.39	75.40	75.61	2278674	176411728.00
2015/10/29	75.43	82.27	73.91	81.20	2676098	209586816.00
2015/10/30	79.56	82.79	78.50	80.90	1910389	155982048.00
2015/11/02	78.40	86.58	77.96	81.80	2246651	186707920.00
2015/11/03	81.40	82.83	79.46	80.40	1421165	116119928.00
2015/11/04	82.40	84.08	81.48	83.80	2092727	175140784.00
2015/11/05	84.97	84.97	82.00	82.18	1609656	135044576.00
2015/11/06	82.40	86.52	82.40	85.66	1692570	144324640.00
2015/11/09	85.28	92.60	83.40	91.56	2629428	235020800.00
2015/11/10	90.42	99.89	89.76	99.40	3089727	302033056.00
2015/11/11	100.40	109.20	97.40	108.57	2882072	298510784.00
2015/11/12	109.40	114.03	106.42	108.59	3124699	345042240.00
2015/11/13	106.40	106.43	97.67	97.67	3301673	334020672.00
2015/11/16	94.30	97.60	92.41	96.39	1594307	152304640.00
2015/11/17	97.40	100.98	90.95	91.90	2168745	209330928.00
2015/11/18	93.20	93.67	88.71	88.85	1553850	142335264.00
2015/11/19	88.85	96.40	88.80	95.65	1747864	162208336.00
2015/11/20	95.41	97.39	94.08	95.16	1359185	130681896.00
2015/11/23	92.40	95.38	90.41	91.58	1231098	115349888.00
2015/11/24	90.55	97.36	90.55	97.31	1779239	169610784.00
2015/11/25	97.30	99.40	95.10	97.52	1506782	147297952.00
2015/11/26	97.52	99.40	94.61	94.68	1344444	131219888.00
2015/11/27	93.60	94.20	85.80	90.00	2081277	190034816.00
2015/11/30	88.21	91.58	84.91	91.40	1518670	135500912.00
2015/12/01	91.20	94.60	87.21	90.58	1473627	136051856.00
2015/12/02	89.50	90.28	84.90	88.44	940537	82642424.00
2015/12/03	89.29	91.28	88.44	90.88	689930	62509360.00
2015/12/04	92.28	92.38	88.89	89.26	911561	83467576.00
2015/12/07	90.40	90.70	87.41	89.81	653283	58892076.00
2015/12/08	88.62	90.19	87.58	87.80	722865	64379600.00
2015/12/09	87.79	88.40	85.40	85.64	799747	69633768.00
2015/12/10	85.45	86.38	84.68	84.79	653351	56218024.00
2015/12/11	84.48	85.69	84.05	84.72	558200	47663184.00
2015/12/14	84.41	87.08	83.90	86.90	583197	50015616.00
2015/12/15	86.90	88.89	86.90	86.93	580830	51238976.00
2015/12/16	87.40	89.27	86.96	88.30	831243	74037880.00
2015/12/17	89.00	90.38	88.36	89.90	963322	87001336.00
2015/12/18	90.10	90.85	87.40	88.10	803204	71838992.00
2015/12/21	87.90	89.03	87.40	87.70	652704	57809336.00
2015/12/22	87.55	88.79	87.55	88.40	559915	49723932.00
2015/12/23	88.72	92.90	88.30	90.18	1866198	170509472.00
2015/12/24	89.16	90.99	86.66	88.25	796212	70613656.00
2015/12/25	88.50	88.80	87.41	87.71	725951	64305632.00
2015/12/28	87.50	88.38	84.90	85.05	861388	75278000.00
2015/12/29	85.48	86.05	83.40	84.60	650472	55279968.00
2015/12/30	84.60	85.36	84.17	84.40	696227	59335508.00
2015/12/31	84.20	85.27	82.68	82.83	655779	55240392.00
2016/01/04	83.09	83.09	74.49	74.49	1027300	79337848.00
2016/01/05	67.60	72.92	67.00	70.10	1162656	81824616.00
2016/01/06	70.27	71.39	68.82	71.16	731364	51936016.00
2016/01/07	70.00	70.00	64.00	64.02	213800	14401013.00
2016/01/08	67.40	67.40	60.68	64.72	982347	64325620.00
2016/01/11	62.70	63.40	59.40	59.40	811582	50489104.00
2016/01/12	59.42	62.20	59.42	61.11	837587	51532760.00
2016/01/13	61.14	62.87	59.40	59.41	769504	47562440.00
2016/01/14	58.84	65.34	57.99	65.34	1098553	69149536.00
2016/01/15	65.34	65.35	61.34	61.78	1040792	66635272.00
2016/01/18	62.40	65.70	61.45	64.60	972154	63152680.00
2016/01/19	64.10	68.83	62.60	67.28	1354770	89554144.00
2016/01/20	66.52	67.24	65.00	65.52	983271	65583628.00
2016/01/21	64.42	66.90	62.29	62.29	769186	50502436.00
2016/01/22	63.40	64.63	61.90	63.75	525614	33536272.00
2016/01/25	64.60	64.96	63.25	63.73	428699	27821190.00
2016/01/26	62.90	63.12	57.30	57.44	829121	50284532.00
2016/01/27	57.42	58.57	53.62	57.90	825088	47261528.00
2016/01/28	57.50	58.18	54.10	55.02	494435	28325256.00
2016/01/29	55.02	57.81	54.92	57.30	426161	24496462.00
2016/02/01	57.30	61.40	55.40	58.28	1064920	62724300.00
2016/02/02	58.28	61.39	57.41	60.41	825829	50083008.00
2016/02/03	59.90	59.90	57.40	58.92	766916	45602108.00
2016/02/04	59.42	60.84	58.96	60.60	746767	45325512.00
2016/02/05	60.01	60.80	59.16	59.73	591693	35827216.00
2016/02/15	58.40	59.52	57.40	59.39	431611	25613236.00
2016/04/11	65.39	65.39	65.39	65.39	43709	2884357.00
2016/04/12	71.99	71.99	71.99	71.99	612240	44442500.00
2016/04/13	71.40	74.94	70.10	74.21	3416442	248155664.00
2016/04/14	73.58	73.58	71.60	72.10	1751371	127741528.00
2016/04/15	71.88	72.97	70.41	70.50	1458119	104840312.00
2016/04/18	69.40	69.41	66.70	67.66	1360876	92922936.00
2016/04/19	68.60	68.99	67.66	68.48	887169	61085232.00
2016/04/20	68.56	70.17	62.28	65.99	1686503	114073000.00
2016/04/21	65.60	65.98	63.62	63.90	841402	55153860.00
2016/04/22	63.20	63.20	59.40	61.40	2794666	171350416.00
2016/04/25	60.90	60.90	58.41	59.75	1782454	107127128.00
2016/04/26	59.91	61.66	58.98	61.65	2015906	122791040.00
2016/04/27	62.20	62.38	59.60	59.84	1845685	113387384.00
2016/04/28	59.85	61.54	57.83	61.40	1832147	110364008.00
2016/04/29	60.50	61.28	59.97	60.23	1005851	61514712.00
2016/05/03	59.60	61.97	59.01	61.85	1719160	106133440.00
2016/05/04	61.50	63.70	61.22	63.36	2029595	128603416.00
2016/05/05	63.25	63.35	62.20	63.15	1448731	91863088.00
2016/05/06	63.17	63.95	59.42	59.42	2097239	129783584.00
2016/05/09	58.40	58.90	55.33	56.28	1472478	84972936.00
2016/05/10	56.39	57.01	55.58	56.48	719487	41066772.00
2016/05/11	56.75	57.74	55.90	56.40	792759	45512004.00
2016/05/12	54.41	55.89	53.95	55.67	997682	55524292.00
2016/05/13	55.40	56.76	54.40	54.80	843877	47340628.00
2016/05/16	54.40	56.12	54.30	55.90	696051	38839892.00
2016/05/17	56.40	57.08	55.40	56.00	988516	56131836.00
2016/05/18	55.20	55.40	53.28	53.75	1114059	61057904.00
2016/05/19	54.17	55.36	53.76	54.12	976751	53985908.00
2016/05/20	53.84	54.85	53.28	54.75	623153	34190256.00
2016/05/23	54.75	56.03	54.42	55.80	1027491	57687708.00
2016/05/24	55.95	55.95	53.65	54.70	740760	40804684.00
2016/05/25	55.15	55.65	54.70	55.15	823756	45798728.00
2016/05/26	55.24	55.53	53.76	55.45	881218	48398276.00
2016/05/27	55.35	57.46	55.25	56.85	1620842	91997968.00
2016/05/30	56.36	56.80	55.63	56.02	924407	52286044.00
2016/05/31	55.77	59.14	55.77	59.04	2038761	119735408.00
2016/06/01	59.04	61.00	58.76	59.70	1824102	110368976.00
2016/06/02	59.30	60.10	58.99	59.85	1360413	81543424.00
2016/06/03	59.94	63.28	59.24	62.00	2359149	145897632.00
2016/06/06	60.75	64.74	60.75	64.64	2630526	167673856.00
2016/06/07	63.95	64.33	62.66	63.55	1848103	117871792.00
2016/06/08	63.55	64.13	62.60	63.66	1489604	94773144.00
2016/06/13	61.09	62.65	57.44	57.45	2347655	141493200.00
2016/06/14	57.43	57.65	55.72	56.51	1389410	78935624.00
2016/06/15	55.70	59.03	55.57	58.46	1686592	98447528.00
2016/06/16	58.46	60.05	57.52	58.93	1827105	107920416.00
2016/06/17	58.93	63.83	58.93	61.80	2477040	154807936.00
2016/06/20	61.65	61.75	59.02	60.88	1461248	88839720.00
2016/06/21	61.39	62.23	59.03	59.33	1668613	102317352.00
2016/06/22	57.65	58.59	56.75	58.34	2122873	122780768.00
2016/06/23	57.87	59.44	57.72	58.35	1264946	74428304.00
2016/06/24	58.07	58.61	54.65	58.05	1621417	93458120.00
2016/06/27	57.04	59.54	57.04	59.38	1287463	75719688.00
2016/06/28	58.99	63.25	58.65	62.63	3068026	190294464.00
2016/06/29	64.45	65.65	61.71	62.60	5016529	321292256.00
2016/06/30	62.56	62.56	60.42	61.07	3788120	232664976.00
2016/07/01	60.85	61.43	59.53	59.66	3120411	189715952.00
2016/07/04	59.63	61.12	58.65	60.93	2815775	170896768.00
2016/07/05	60.66	62.37	60.66	62.35	3043298	189015312.00
2016/07/06	61.85	62.85	61.46	62.55	2362993	148007648.00
2016/07/07	62.70	64.42	62.16	63.81	3904808	247901744.00
2016/07/08	63.87	64.50	62.88	62.88	2982450	191239120.00
2016/07/11	62.75	63.07	61.15	61.33	2334504	145946720.00
2016/07/12	60.63	64.53	59.98	61.09	3968432	242958880.00
2016/07/13	61.55	61.62	60.68	60.68	3722838	228298592.00
2016/07/14	60.68	60.92	59.34	59.45	3975547	239335216.00
2016/07/15	59.63	60.68	59.47	59.95	2716179	164165328.00
2016/07/18	59.98	60.70	59.80	60.05	2044999	123970256.00
2016/07/19	60.15	60.58	59.45	60.36	1885767	113596080.00
2016/07/20	60.43	60.59	59.75	59.86	1336802	80745608.00
2016/07/21	59.86	60.18	59.54	59.54	1955304	117729544.00
2016/07/22	61.36	65.53	61.15	65.53	10859647	696774080.00
2016/07/25	68.15	69.45	66.65	68.62	12146157	832102656.00
2016/07/26	68.64	68.65	67.24	67.95	6187087	421589984.00
2016/07/27	67.91	71.55	66.10	69.42	12021373	832723200.00
2016/07/28	68.24	73.15	67.51	69.88	9715950	691307200.00
2016/07/29	69.88	70.31	65.98	66.61	7233660	490905984.00
2016/08/01	66.15	68.02	64.65	64.65	6271036	419482848.00
2016/08/02	64.65	67.95	64.65	67.65	7097078	476629344.00
2016/08/03	67.04	67.55	65.75	66.65	4438556	297493504.00
2016/08/04	67.64	68.55	66.71	67.25	4302523	292668096.00
2016/08/05	67.65	67.82	65.13	65.22	3712400	245736352.00
2016/08/08	64.30	65.60	63.26	65.59	3140391	202773360.00
2016/08/09	65.62	65.92	64.71	65.25	3378314	221767728.00
2016/08/10	65.10	66.01	64.19	64.80	3730900	243310576.00
2016/08/11	64.45	64.62	62.71	62.71	3432945	219155120.00
2016/08/12	62.55	63.62	62.26	63.46	2669868	168825184.00
2016/08/15	63.50	65.65	62.28	65.47	4434324	286434496.00
2016/08/16	64.65	66.31	64.55	65.66	4212778	278501792.00
2016/08/17	65.50	65.50	63.99	64.52	3103001	201665984.00
2016/08/18	64.15	65.00	64.10	64.26	1885981	122282176.00
2016/08/19	64.26	64.26	63.16	63.33	2055133	131325120.00
2016/08/22	63.67	64.32	63.22	63.40	1654920	106084464.00
2016/08/23	63.24	64.41	62.75	63.83	1672613	107237688.00
2016/08/24	64.40	64.40	63.15	63.37	1513281	96718176.00
2016/08/25	62.98	62.98	62.00	62.27	1947648	122286064.00
2016/08/26	62.63	64.01	62.47	63.40	2076569	132483232.00
2016/08/29	63.53	64.63	63.19	63.85	2062949	132796784.00
2016/08/30	63.88	64.23	63.15	63.33	1395274	89230984.00
2016/08/31	63.65	64.33	62.70	64.09	1639400	104696400.00
2016/09/01	63.73	64.32	62.86	62.91	1757946	112364696.00
2016/09/02	62.83	62.94	61.71	61.73	1516810	94916120.00
2016/09/05	61.75	62.35	61.47	61.61	1158756	72116112.00
2016/09/06	61.80	62.52	61.07	62.42	1319252	82003800.00
2016/09/07	62.43	62.88	61.98	62.08	1227307	77070656.00
2016/09/08	62.08	62.58	61.73	62.25	808732	50546060.00
2016/09/09	62.64	62.69	61.65	61.65	983962	61387908.00
2016/09/12	59.66	60.53	56.75	57.22	2622682	155445040.00
2016/09/13	57.82	57.85	56.68	57.30	1420462	81634640.00
2016/09/14	56.45	57.49	56.45	57.22	848600	48727808.00
2016/09/19	57.21	57.87	56.89	57.57	708323	41011248.00
2016/09/20	57.55	57.55	56.70	56.90	1241192	71092904.00
2016/09/21	57.15	57.72	57.10	57.55	1025806	59280656.00
2016/09/22	59.89	61.64	59.16	59.44	2807527	170161408.00
2016/09/23	58.39	59.01	58.09	58.25	1476118	86809168.00
2016/09/26	57.75	58.55	57.26	57.38	1038988	60615872.00
2016/09/27	57.45	58.00	56.81	57.83	1120526	64663468.00
2016/09/28	57.75	57.82	57.17	57.37	732069	42232492.00
2016/09/29	57.37	57.75	57.17	57.34	786120	45430136.00
2016/09/30	57.33	57.49	56.62	57.20	1486523	85171312.00
2016/10/10	57.56	58.83	57.26	58.73	1900943	111171088.00
2016/10/11	58.85	59.10	58.30	59.03	1227508	72618320.00
2016/10/12	58.94	61.05	58.63	60.51	2425645	146827040.00
2016/10/13	60.34	61.35	59.83	60.03	1893899	115568080.00
2016/10/14	59.93	60.22	59.65	59.95	1067613	64405192.00
2016/10/17	60.15	61.53	59.16	59.16	1109021	67259632.00
2016/10/18	59.11	61.15	59.06	60.65	1630377	99057808.00
2016/10/19	60.72	61.60	60.35	60.87	1406052	86347336.00
2016/10/20	60.87	61.53	60.54	61.15	1055136	64746716.00
2016/10/21	61.45	61.45	60.15	60.33	1129290	68889400.00
2016/10/24	60.36	61.15	60.04	60.85	1081796	65828564.00
2016/10/25	60.46	61.15	60.35	60.90	866301	52923280.00
2016/10/26	60.90	60.90	60.15	60.50	695809	42231884.00
2016/10/27	59.95	60.55	59.59	60.55	1061623	64081212.00
2016/10/28	60.53	61.33	60.12	60.16	1310390	80140024.00
2016/10/31	60.15	60.89	59.35	60.73	1052294	63747604.00
2016/11/01	60.55	64.60	60.43	63.67	3628294	230400528.00
2016/11/02	63.16	65.53	63.01	63.74	3231419	210045520.00
2016/11/03	63.63	64.34	62.75	63.15	1293093	82274840.00
2016/11/04	63.15	63.89	62.33	62.46	849019	53680092.00
2016/11/07	62.45	62.92	61.70	62.73	814342	50964476.00
2016/11/08	62.64	63.73	62.64	62.83	1611794	102548128.00
2016/11/09	62.95	65.33	62.95	63.86	2963447	190875184.00
2016/11/10	64.66	66.93	64.65	66.21	3505737	233396896.00
2016/11/11	66.05	66.81	64.74	65.43	1879087	123653528.00
2016/11/14	65.63	66.13	63.46	64.21	2021724	130932472.00
2016/11/15	63.85	64.94	63.85	64.65	1464358	94887136.00
2016/11/16	64.75	65.03	63.75	64.36	1084492	70076784.00
2016/11/17	65.05	66.06	64.37	65.40	2410146	158403168.00
2016/11/18	65.21	65.43	63.72	64.36	1305889	84464632.00
2016/11/21	63.87	64.60	63.86	63.88	635727	40920744.00
2016/11/22	63.88	64.34	63.47	64.15	1058581	67912920.00
2016/11/23	63.95	64.30	63.57	63.74	1159423	74459384.00
2016/11/24	63.63	63.97	62.35	62.35	972035	61758536.00
2016/11/25	61.77	62.58	60.66	62.37	1319947	81653232.00
2016/11/28	62.44	62.62	61.37	61.98	1254201	78075848.00
2016/11/29	61.98	63.54	61.65	62.58	1299526	82415176.00
2016/11/30	62.15	63.15	61.74	62.76	593545	37390576.00
2016/12/01	62.69	64.29	62.37	64.03	1321954	84278760.00
2016/12/02	64.25	64.45	62.75	63.15	1321509	84706048.00
2016/12/05	62.67	64.32	61.68	63.64	1020132	65050096.00
2016/12/06	63.36	63.77	61.65	61.85	743330	46644336.00
2016/12/07	61.85	62.11	61.35	61.71	709929	44002192.00
2016/12/08	61.71	62.53	60.65	60.88	733696	45005988.00
2016/12/09	60.82	60.82	59.46	59.61	945776	56916508.00
2016/12/12	59.61	59.80	53.96	55.85	1585161	91562896.00
2016/12/13	55.96	57.80	55.96	57.01	690752	39536888.00
2016/12/14	56.75	57.50	56.36	57.36	663520	38097884.00
2016/12/15	56.88	57.81	56.61	56.65	711820	41037616.00
2016/12/16	56.74	57.61	56.74	57.27	442451	25488966.00
2016/12/19	57.25	57.37	56.03	56.34	500294	28420768.00
2016/12/20	56.65	56.65	55.83	56.55	449429	25476196.00
2016/12/21	56.46	57.09	56.23	56.59	425683	24232350.00
2016/12/22	56.75	56.83	55.15	55.86	603551	33853520.00
2016/12/23	56.05	56.05	54.75	54.75	568986	31744488.00
2016/12/26	54.65	56.50	53.36	56.48	854853	47395424.00
2016/12/27	56.54	56.54	55.47	55.64	460725	25871052.00
2016/12/28	55.65	55.75	54.45	54.48	687693	38074720.00
2016/12/29	54.64	55.14	53.79	53.86	554127	30265388.00
2016/12/30	53.86	54.33	53.65	53.69	465925	25297656.00
2017/01/03	54.14	55.20	53.75	54.71	521363	28681130.00
2017/01/04	54.86	56.42	54.80	56.31	872939	49036616.00
2017/01/05	56.31	56.52	55.63	55.74	439427	24725992.00
2017/01/06	55.62	55.65	55.16	55.65	413853	23053070.00
2017/01/09	55.65	56.50	55.20	56.44	434322	24466400.00
2017/01/10	56.16	56.30	55.20	55.54	424915	23827248.00
2017/01/11	55.53	55.85	54.43	54.53	356492	19811958.00
2017/01/12	54.55	55.13	53.65	54.05	416649	22772840.00
2017/01/13	54.20	54.49	51.95	51.96	790104	42254704.00
2017/01/16	51.55	51.55	46.73	47.35	2278782	110994984.00
2017/01/17	47.25	47.62	44.24	46.95	1771798	82179792.00
2017/01/18	46.83	48.65	46.01	46.20	1006445	47562756.00
2017/01/19	46.15	46.65	44.96	46.25	628137	29085458.00
2017/01/20	46.15	46.95	45.75	46.55	666230	31385986.00
2017/01/23	46.64	48.04	46.64	47.15	672631	32098948.00
2017/01/24	47.23	47.23	45.80	46.10	538920	25090204.00
2017/01/25	46.10	46.77	45.76	46.62	469674	21888444.00
2017/01/26	46.74	47.32	46.46	47.20	339374	16010864.00
2017/02/03	47.11	47.21	46.28	46.74	254633	11986020.00
2017/02/06	46.74	47.60	46.47	47.30	522108	24845924.00
2017/02/07	47.24	47.27	45.90	46.23	829019	38681536.00
2017/02/08	46.14	47.03	46.03	46.95	702022	32956680.00
2017/02/09	46.81	48.15	46.66	48.14	1458671	69513208.00
2017/02/10	48.10	48.11	46.27	46.55	1541718	73081256.00
2017/02/13	46.65	47.75	46.25	47.55	1345003	64048360.00
2017/02/14	47.49	47.63	47.10	47.45	762569	36384648.00
2017/02/15	47.39	47.80	47.20	47.72	844151	40426856.00
2017/02/16	47.60	47.60	47.13	47.35	443509	21128408.00
2017/02/17	47.45	47.55	46.21	46.30	784755	36924876.00
2017/02/20	46.30	46.75	46.06	46.50	569353	26631330.00
2017/02/21	46.74	47.12	46.42	47.09	657277	31063894.00
2017/02/22	47.19	47.40	46.91	47.36	541339	25736348.00
2017/02/23	47.36	51.53	46.68	49.77	2337752	116254600.00
2017/02/24	49.66	51.41	49.25	49.85	1390945	70394304.00
2017/02/27	49.65	51.15	49.35	50.64	2134169	109202736.00
2017/02/28	50.15	51.35	49.77	50.26	867036	44099928.00
2017/03/01	50.26	50.42	49.45	49.66	767079	38474064.00
2017/03/02	49.92	49.92	48.36	48.45	2277514	111424704.00
2017/03/03	48.43	48.50	47.67	48.42	855275	41470640.00
2017/03/06	48.46	49.43	48.45	49.03	790122	38899492.00
2017/03/07	49.44	50.40	49.03	50.12	994315	50025236.00
2017/03/08	50.15	50.39	49.60	49.85	596665	29949082.00
2017/03/09	49.83	49.94	48.65	48.89	901103	44394296.00
2017/03/10	49.06	49.07	48.64	48.84	466257	22927674.00
2017/03/13	49.02	49.54	48.16	49.45	816733	40227924.00
2017/03/14	49.54	50.15	49.12	49.15	519316	25835508.00
2017/03/15	48.73	49.32	48.73	49.26	423639	20913234.00
2017/03/16	49.43	50.30	49.36	49.56	854844	42711812.00
2017/03/17	49.46	50.02	48.90	49.60	2152923	107230392.00
2017/03/20	49.95	51.46	49.67	51.46	2227124	113239736.00
2017/03/21	50.67	51.08	50.46	50.93	1569995	80304216.00
2017/03/22	50.65	50.68	49.61	49.95	1339747	67450480.00
2017/03/23	50.25	50.50	49.39	49.89	1070890	53880888.00
2017/03/24	49.89	51.15	49.61	50.80	1390959	70871136.00
2017/03/27	50.65	51.05	50.19	50.36	693067	35254372.00
2017/03/28	50.25	51.03	49.65	50.87	836952	42698784.00
2017/03/29	50.85	50.95	49.75	49.82	710280	35892740.00
2017/03/30	49.82	49.89	46.68	47.38	1274296	61526592.00
2017/03/31	47.62	48.00	45.65	47.55	583040	27730306.00
2017/04/05	47.51	48.35	47.51	48.11	534216	25819698.00
2017/04/06	48.44	48.52	47.85	47.95	445485	21562568.00
2017/04/07	48.12	49.06	47.72	48.25	902208	44100940.00
2017/04/10	47.95	48.71	47.25	47.34	1041956	50188868.00
2017/04/11	47.20	48.11	46.65	46.91	1227401	58409232.00
2017/04/12	46.91	47.42	46.65	47.06	603410	28560818.00
2017/04/13	47.25	47.32	46.87	47.09	602214	28586848.00
2017/04/14	47.09	47.09	46.20	46.87	545746	25594352.00
2017/04/17	46.81	46.81	46.07	46.25	303766	14187329.00
2017/04/18	45.55	46.10	44.91	44.93	544342	24954500.00
2017/04/19	44.93	44.93	41.61	42.14	1451366	62090244.00
2017/04/20	42.04	42.76	41.45	41.77	889614	37710728.00
2017/04/21	42.13	43.64	42.13	42.99	1016678	44126464.00
2017/04/24	42.95	42.95	41.65	42.30	523485	22197608.00
2017/04/25	43.64	43.94	42.47	42.53	519543	22630910.00
2017/04/26	42.65	43.85	42.53	43.44	568176	24845914.00
2017/04/27	43.28	44.15	42.40	43.72	461901	20097700.00
2017/04/28	43.97	44.70	43.49	44.52	324603	14320923.00
2017/05/02	44.08	44.89	44.07	44.58	315883	14081101.00
2017/05/03	44.19	44.53	43.20	43.35	374580	16454526.00
2017/05/04	43.35	43.67	42.78	42.99	336799	14544809.00
2017/05/05	42.99	43.05	42.50	42.71	293674	12580663.00
2017/05/08	42.73	42.98	41.87	41.88	350761	14902032.00
2017/05/09	41.78	42.48	41.11	42.33	365460	15310184.00
2017/05/10	42.50	42.75	42.14	42.34	354200	15075895.00
2017/05/11	42.03	42.39	41.46	42.24	403269	16989258.00
2017/05/12	41.90	43.65	41.90	43.60	524713	22717150.00
2017/05/15	43.57	45.78	43.11	45.60	1331850	60240516.00
2017/05/16	45.80	46.95	45.00	46.90	1387323	64450756.00
2017/05/17	46.90	47.10	46.18	46.63	583371	27218984.00
2017/05/18	46.58	46.98	45.96	46.66	556021	25947764.00
2017/05/19	46.66	47.20	46.26	46.89	398900	18669622.00
2017/05/22	46.92	47.23	44.20	44.50	1070986	48756596.00
2017/05/23	45.20	45.68	40.90	41.50	1275360	55320360.00
2017/05/24	41.41	44.90	41.08	43.21	1114423	47626856.00
2017/05/25	42.90	43.50	41.59	42.92	859052	36458952.00
2017/05/26	42.92	43.19	42.39	42.75	255599	10970866.00
2017/05/31	43.36	43.80	41.74	41.89	581850	24986396.00
2017/06/01	41.90	42.76	38.80	39.01	1471743	59494388.00
2017/06/02	38.91	39.90	37.67	39.89	1102281	43060728.00
2017/06/05	39.70	40.33	39.40	39.57	1508697	60362588.00
2017/06/06	39.77	39.85	38.92	39.25	416407	16389663.00
2017/06/07	39.45	40.40	39.07	40.23	829819	33229442.00
2017/06/08	40.21	40.53	39.90	40.06	792439	31821086.00
2017/06/09	40.06	40.12	39.36	39.89	989977	39379732.00
2017/06/12	39.74	39.74	37.78	38.01	1446188	55756616.00
2017/06/13	38.02	38.78	37.79	38.54	1183405	45587096.00
2017/06/14	38.68	38.81	38.10	38.76	1090366	42014648.00
2017/06/15	38.51	40.24	38.44	39.66	2523559	100156696.00
2017/06/16	39.58	39.77	39.04	39.10	1236200	48660704.00
2017/06/19	38.93	39.63	38.86	39.33	717949	28181040.00
2017/06/20	39.43	39.85	38.66	38.78	1474090	57955048.00
2017/06/21	38.78	39.00	38.37	38.96	1124372	43533896.00
2017/06/22	38.95	39.05	38.09	38.22	1040359	40387476.00
2017/06/23	38.60	38.60	36.90	37.68	1023741	38559304.00
2017/06/26	37.76	38.40	37.06	38.25	1089763	41033108.00
2017/06/27	38.14	38.37	37.27	37.71	1358425	51439528.00
2017/06/28	37.74	37.81	37.38	37.45	597583	22505282.00
2017/06/29	37.68	37.87	37.55	37.71	776000	29348006.00
2017/06/30	37.58	37.71	37.19	37.51	549974	20632840.00
2017/07/03	37.51	38.70	37.51	38.66	1812151	69636928.00
2017/07/04	38.59	38.66	38.15	38.29	755305	29063244.00
2017/07/05	38.29	38.59	37.85	38.33	1039954	39820152.00
2017/07/06	38.34	38.53	38.00	38.08	985953	37846000.00
2017/07/07	37.92	38.70	37.92	38.70	1107953	42644608.00
2017/07/10	39.13	41.75	39.12	40.11	3337580	135316096.00
2017/07/11	39.77	40.10	38.76	38.93	1281999	50536168.00
2017/07/12	38.91	38.99	38.29	38.75	998421	38667128.00
2017/07/27	35.23	37.46	35.23	36.90	2391370	87731272.00
2017/07/28	36.35	36.58	35.25	35.45	1973223	70767880.00
2017/07/31	35.80	36.30	35.79	35.86	1045661	37763208.00
2017/08/01	35.60	36.04	35.40	35.80	864140	30969124.00
2017/08/02	35.58	35.88	35.42	35.52	625366	22325450.00
2017/08/03	35.50	36.20	35.49	35.75	770345	27727184.00
2017/08/04	35.70	35.98	35.41	35.41	616400	22053012.00
2017/08/07	35.46	35.90	35.45	35.77	452200	16203293.00
2017/08/08	35.85	36.86	35.48	36.62	1052858	38035744.00
2017/08/09	37.88	40.29	37.22	39.18	4828500	189933792.00
2017/08/10	38.27	38.78	37.40	38.07	2321749	88965520.00
2017/08/11	37.38	37.40	36.20	36.20	1863345	68642944.00
2017/08/14	36.05	36.89	35.96	36.85	1358095	49679140.00
2017/08/15	36.80	36.80	35.90	36.33	1395900	51072724.00
2017/08/16	36.33	37.13	36.21	37.04	1034198	38185208.00
2017/08/17	36.90	37.48	36.71	37.23	773448	28711302.00
2017/08/18	37.20	37.20	36.73	36.78	676705	24999660.00
2017/08/21	36.80	37.10	36.80	36.97	440800	16320781.00
2017/08/22	37.15	37.15	36.77	36.87	556700	20584112.00
2017/08/23	36.90	36.90	36.50	36.60	409383	15044431.00
2017/08/24	36.65	36.75	36.39	36.47	347902	12757803.00
2017/08/25	36.60	37.06	36.40	36.91	519829	19192880.00
2017/08/28	36.98	37.65	36.90	37.38	810928	30327686.00
2017/08/29	37.38	37.70	37.12	37.38	772139	29017758.00
2017/08/30	37.36	38.58	37.20	38.36	1798850	68554704.00
2017/08/31	38.35	38.50	37.95	38.40	830948	31815380.00
2017/09/01	38.49	38.49	38.02	38.22	698444	26748434.00
2017/09/04	38.77	38.80	38.02	38.09	549644	21086874.00
2017/09/05	38.25	38.50	37.94	38.03	592648	22632938.00
2017/09/06	38.06	38.10	37.41	37.84	659730	24937662.00
2017/09/07	37.90	38.43	37.66	37.72	793558	30274748.00
2017/09/08	37.77	38.38	37.63	38.04	804693	30684322.00
2017/09/11	38.26	38.30	37.70	37.96	728701	27665382.00
2017/09/12	37.99	37.99	37.29	37.53	1021200	38480584.00
2017/09/13	37.43	37.65	37.43	37.59	435755	16396674.00
2017/09/14	37.60	37.78	37.42	37.74	596878	22505368.00
2017/09/15	37.70	37.74	37.08	37.23	799428	29896138.00
2017/09/18	37.42	37.89	37.11	37.67	642374	24052804.00
2017/09/19	37.77	38.36	37.40	38.34	1438815	54690104.00
2017/09/20	38.31	38.47	37.92	38.36	1151245	44099624.00
2017/09/21	38.40	38.40	37.65	37.65	760130	28995722.00
2017/09/22	37.57	37.57	36.63	36.91	889821	33014682.00
2017/09/25	36.89	37.18	36.11	36.29	835909	30870740.00
2017/09/26	39.93	39.93	39.93	39.93	2466388	98729512.00
2017/09/27	41.80	43.28	39.95	41.56	8924742	370408064.00
2017/09/28	40.53	42.67	40.01	40.77	5068415	210019824.00
2017/09/29	40.91	41.54	40.08	40.29	2842652	115727736.00
2017/10/09	40.83	41.35	39.76	39.89	2923637	118571448.00
2017/10/10	39.60	41.07	39.55	40.89	2996005	121950928.00
2017/10/11	44.99	44.99	44.99	44.99	1036837	46750980.00
2017/10/12	46.60	46.60	42.08	43.23	6616909	293436064.00
2017/10/13	43.20	44.88	42.40	43.31	4475156	196578368.00
2017/10/16	42.30	42.90	40.43	40.63	3199037	133045032.00
2017/10/17	40.63	41.11	40.17	40.96	1329182	54171212.00
2017/10/18	40.99	41.03	39.78	39.85	1910475	77379520.00
2017/10/19	39.89	41.09	39.68	40.08	2044805	83056056.00
2017/10/20	39.80	40.28	39.70	40.08	1173366	47020600.00
2017/10/23	40.08	41.94	39.60	41.31	1985679	81293352.00
2017/10/24	42.70	44.43	42.28	42.79	4591367	199345120.00
2017/10/25	42.30	43.71	42.01	43.12	2423928	104154640.00
2017/10/26	42.46	42.78	41.76	41.82	2497032	105508544.00
2017/10/27	41.47	42.40	41.47	41.85	1349211	56757152.00
2017/10/30	41.60	41.94	39.29	39.29	2092800	84267576.00
2017/10/31	39.10	41.28	38.99	40.49	1865758	74775136.00
2017/11/01	40.54	40.85	40.10	40.24	1090930	44262124.00
2017/11/02	40.24	40.47	39.72	40.10	1049082	42163504.00
2017/11/03	39.82	40.38	39.70	39.94	832447	33345212.00
2017/11/06	39.83	41.06	39.71	41.01	1405265	57149496.00
2017/11/07	40.90	40.99	40.43	40.71	924431	37672472.00
2017/11/08	40.66	41.45	40.56	40.89	1330580	54669524.00
2017/11/09	40.64	40.64	39.96	40.10	1152375	46466240.00
2017/11/10	40.17	40.52	39.58	39.62	1701917	68046360.00
2017/11/13	39.60	39.87	39.26	39.54	977500	38784952.00
2017/11/14	39.62	40.08	39.46	39.91	1324415	52812460.00
2017/11/15	39.77	39.95	38.30	38.33	1424762	55506692.00
2017/11/16	38.10	40.00	37.80	38.58	836868	32384864.00
2017/11/17	38.60	39.04	36.81	36.90	1223200	46272740.00
2017/11/20	36.80	36.80	35.60	36.63	840684	30505168.00
2017/11/21	36.63	36.97	36.07	36.43	649600	23792824.00
2017/11/22	36.11	36.70	35.40	35.84	1411440	50906300.00
2017/11/23	35.70	35.70	34.30	34.62	1261431	44442552.00
2017/11/24	34.50	34.53	33.81	33.86	980199	33506654.00
2017/11/27	33.86	34.28	33.60	33.69	547200	18622540.00
2017/11/28	33.95	34.45	33.81	34.38	459900	15744090.00
2017/11/29	34.38	34.38	33.71	34.11	362246	12367446.00
2017/11/30	34.09	34.38	33.87	33.99	331500	11347876.00
2017/12/01	33.99	34.39	33.90	34.33	458694	15745820.00
2017/12/04	34.25	34.25	32.96	32.99	625118	21097300.00
2017/12/05	33.11	33.11	30.75	30.90	1235900	39374488.00
2017/12/06	30.89	31.54	30.31	31.29	767317	23822278.00
2017/12/07	31.26	31.68	31.03	31.09	583476	18263744.00
2017/12/08	31.09	31.47	30.82	31.29	696303	21802200.00
2017/12/11	30.94	31.52	30.94	31.48	803838	25297652.00
2017/12/12	31.37	31.81	30.90	30.94	685351	21576800.00
2017/12/13	30.94	31.20	30.71	31.20	476455	14803404.00
2017/12/14	30.90	31.10	30.72	31.00	500800	15538849.00
2017/12/15	30.81	31.40	30.76	31.18	550599	17184460.00
2017/12/18	31.65	31.65	30.71	30.94	530900	16480856.00
2017/12/19	30.95	31.36	30.71	31.13	505438	15792301.00
2017/12/20	31.14	31.32	29.80	29.89	844620	25765306.00
2017/12/21	29.91	29.97	28.91	29.65	935259	27566990.00
2017/12/22	29.65	30.05	29.28	29.30	739993	22071012.00
2017/12/25	29.31	29.42	28.23	28.66	882438	25305262.00
2017/12/26	28.52	29.45	28.48	29.36	1041282	30398100.00
2017/12/27	29.20	29.41	28.82	28.88	703762	20527742.00
2017/12/28	29.11	29.58	28.92	29.03	857298	25117778.00
2017/12/29	28.82	29.35	28.82	29.28	553121	16165225.00
2018/01/02	29.27	29.43	29.10	29.39	628700	18491862.00
2018/01/03	29.48	29.75	29.28	29.59	739990	21925058.00
2018/01/04	29.62	32.19	29.48	31.45	2361272	73523640.00
2018/01/05	30.93	31.70	30.72	30.98	947600	29521740.00
2018/01/08	30.98	31.56	30.60	31.19	791300	24727580.00
2018/01/09	31.20	31.36	30.73	31.14	627800	19533300.00
2018/01/10	31.14	31.14	30.21	30.24	739500	22615660.00
2018/01/11	30.24	30.65	29.98	30.60	507572	15481521.00
2018/01/12	30.43	30.64	30.18	30.37	367000	11192544.00
2018/01/15	30.40	30.40	29.15	29.15	657100	19584288.00
2018/01/16	28.94	29.43	28.82	29.08	646972	18872120.00
2018/01/17	29.15	29.58	28.50	29.47	817500	23865526.00
2018/01/18	29.47	29.60	29.06	29.12	552700	16223452.00
2018/01/19	29.60	29.60	29.10	29.11	600694	17657184.00
2018/01/22	28.80	29.45	28.61	29.35	781594	22792394.00
2018/01/23	29.35	29.47	29.04	29.19	476580	13975342.00
2018/01/24	29.19	30.20	28.80	30.09	1109080	33081794.00
2018/01/25	29.90	31.28	29.65	30.33	1184280	36341560.00
2018/01/26	29.95	30.53	29.94	30.16	584700	17727760.00
2018/01/29	29.70	30.04	29.00	29.22	736700	21746096.00
2018/01/30	29.22	29.33	28.89	28.96	413700	12049354.00
2018/01/31	28.90	28.90	27.91	28.00	763200	21680360.00
2018/02/01	28.05	28.24	25.52	25.57	995812	26796430.00
2018/02/02	25.92	26.20	25.51	25.64	593100	15394187.00
2018/02/05	25.24	25.64	25.08	25.39	376643	9603870.00
2018/02/06	25.11	25.17	23.30	23.40	703800	17263484.00
2018/02/07	24.30	24.30	23.50	24.10	706202	16959242.00
2018/02/08	24.10	24.90	23.91	24.65	364196	8987040.00
2018/02/09	24.03	24.65	23.90	24.62	567580	13781022.00
2018/02/12	24.90	25.33	24.55	25.10	336700	8447328.00
2018/02/13	25.10	25.30	24.92	25.01	308500	7772889.00
2018/02/14	24.90	25.01	24.79	24.90	189228	4733015.00
2018/02/22	24.94	25.24	24.90	25.12	311028	7823968.50
2018/02/23	24.97	25.14	24.79	24.86	252380	6321458.50
2018/02/26	25.18	25.68	25.01	25.65	550180	14078842.00
2018/02/27	25.54	26.00	25.32	25.75	532359	13728509.00
2018/02/28	25.66	25.88	25.25	25.70	392700	10108586.00
2018/03/01	25.54	26.25	25.44	26.25	720365	18831292.00
2018/03/02	26.16	26.58	25.96	26.04	657195	17316532.00
2018/03/05	26.00	26.30	25.63	26.30	419390	10886478.00
2018/03/06	26.32	28.00	26.30	27.10	1029406	28121448.00
2018/03/07	27.90	29.82	27.54	29.55	5033735	147920672.00
2018/03/08	28.96	29.38	28.03	29.13	2948910	85146128.00
2018/03/09	28.76	29.00	28.35	28.90	1771252	51027472.00
2018/03/12	29.08	29.73	28.81	29.20	1747942	51237848.00
2018/03/13	29.14	29.19	28.40	28.47	1011357	29129902.00
2018/03/14	28.40	28.44	27.90	27.91	938300	26425040.00
2018/03/15	27.65	28.27	27.42	27.62	1049390	29258342.00
2018/03/16	27.65	28.01	27.63	27.71	491835	13744774.00
2018/03/19	28.16	28.26	27.75	27.90	586630	16543827.00
2018/03/20	27.82	29.14	27.82	28.93	1921708	55224788.00
2018/03/21	28.52	28.68	27.40	27.62	1700200	48288380.00
2018/03/22	27.48	27.79	26.89	26.91	1132800	31007988.00
2018/03/23	26.40	26.40	24.70	24.70	1437436	37028688.00
2018/03/26	24.80	25.46	23.95	25.27	1121785	28349770.00
2018/03/27	25.40	26.70	25.40	26.27	1488937	39260876.00
2018/03/28	28.91	28.91	28.91	28.91	1494699	43361216.00
2018/03/29	31.81	31.81	31.40	31.81	9568360	305085248.00
2018/03/30	32.89	35.00	32.27	35.00	7635428	261401984.00
2018/04/02	38.51	38.51	35.70	36.90	16656418	624148096.00
2018/04/03	35.56	36.20	34.46	34.75	9889378	348951648.00
2018/04/04	35.50	36.80	33.23	33.58	9259201	325917408.00
2018/04/09	33.05	33.69	31.91	33.19	6126888	202176384.00
2018/04/10	32.69	34.25	31.87	33.52	7073939	233695344.00
2018/04/11	32.90	33.18	32.23	33.15	4630050	152196208.00
2018/04/12	32.70	32.98	31.58	31.64	3952032	128212096.00
2018/04/13	32.15	32.89	31.64	32.10	3157583	102262568.00
2018/04/16	32.47	32.65	31.12	31.34	2335963	74296448.00
2018/04/17	31.75	31.75	29.95	30.55	2507650	77761640.00
2018/04/18	30.57	31.15	29.61	31.10	2558200	77966160.00
2018/04/19	30.90	31.54	30.41	30.82	2277520	70869040.00
2018/04/20	30.60	31.38	29.15	29.29	2368635	72327568.00
2018/04/23	29.18	30.58	28.96	30.08	1917935	57440224.00
2018/04/24	30.37	31.23	30.31	31.22	2368720	73520816.00
2018/04/25	31.03	31.38	30.54	31.28	2006317	62432016.00
2018/04/26	31.28	31.61	30.40	30.42	1878450	58318344.00
2018/04/27	30.08	30.75	29.50	30.29	1702000	51432108.00
2018/05/02	30.29	31.89	30.26	31.35	2398911	75195448.00
2018/05/03	31.19	31.37	30.20	31.25	1781180	55207260.00
2018/05/04	31.72	31.78	30.88	30.90	1369313	42840708.00
2018/05/07	31.11	32.88	31.11	32.63	3153001	101317296.00
2018/05/08	32.69	32.93	32.08	32.60	2380740	77315504.00
2018/05/09	32.47	32.55	31.96	32.13	1782480	57344348.00
2018/05/10	32.26	32.60	32.06	32.53	1667549	54041064.00
2018/05/11	32.53	32.64	30.68	30.70	2227717	70489032.00
2018/05/14	30.60	30.86	30.30	30.75	1034080	31744402.00
2018/05/15	30.99	31.05	30.48	31.05	878100	27048040.00
2018/05/16	31.06	32.53	30.58	32.33	2241663	71128152.00
2018/05/17	32.25	32.28	31.00	31.36	1996052	63209940.00
2018/05/18	30.90	31.25	30.50	31.25	1295404	39988424.00
2018/05/21	31.28	31.95	31.02	31.75	1230978	38804980.00
2018/05/22	31.65	32.21	31.43	32.08	1743900	55840396.00
2018/05/23	32.00	32.37	31.32	31.34	1299211	41266808.00
2018/05/24	31.39	31.67	31.10	31.41	767599	24118954.00
2018/05/25	31.48	31.48	30.70	30.75	1080235	33436188.00
2018/05/28	30.53	33.24	30.00	32.03	2683401	85547672.00
2018/05/29	32.19	34.44	31.92	33.37	6127856	205509248.00
2018/05/30	32.02	32.11	30.03	30.20	3668835	113366952.00
2018/05/31	30.46	33.22	29.88	32.84	4947915	159073024.00
2018/06/01	32.80	35.87	32.50	33.95	6619998	226070064.00
2018/06/04	33.56	34.00	32.70	33.30	3160547	105075872.00
2018/06/05	33.03	34.53	33.00	33.35	4009956	134839472.00
2018/06/06	33.30	33.30	32.28	32.72	2482681	81153400.00
2018/06/07	32.70	33.15	32.05	32.11	1655731	54055936.00
2018/06/08	32.11	32.11	30.75	31.31	1830641	57280796.00
2018/06/11	31.50	31.50	30.11	30.27	1485700	45589912.00
2018/06/12	30.36	30.68	29.35	30.24	1599132	47962432.00
2018/06/13	30.20	30.20	29.50	29.50	966129	28856054.00
2018/06/14	29.30	29.99	29.10	29.49	896900	26522512.00
2018/06/15	29.53	29.75	26.88	27.20	1701100	47747216.00
2018/06/19	27.00	27.00	24.48	24.80	1618996	41562588.00
2018/06/20	25.05	26.17	24.81	25.85	1287196	32810990.00
2018/06/21	25.85	26.58	25.13	25.30	1242200	32112388.00
2018/06/22	24.91	25.99	24.80	25.89	806401	20694032.00
2018/06/25	26.15	26.68	25.93	26.05	930687	24440202.00
2018/06/26	25.69	26.45	25.46	26.23	737490	19216936.00
2018/06/27	26.60	26.60	25.71	25.80	770596	20105372.00
2018/06/28	26.05	26.15	25.50	25.58	583400	15029902.00
2018/06/29	25.59	26.61	25.58	26.52	872200	22866060.00
2018/07/02	26.50	26.82	25.76	26.09	1041100	27420452.00
2018/07/03	25.88	26.62	25.61	26.62	1144300	29945834.00
2018/07/04	26.50	26.51	25.70	25.83	722000	18822336.00
2018/07/05	25.61	25.96	25.10	25.25	556600	14259919.00
2018/07/06	25.25	25.84	24.70	25.40	608100	15436139.00
2018/07/09	25.65	26.36	25.57	26.31	1055332	27541282.00
2018/07/10	26.28	27.20	26.02	26.91	1300974	34711000.00
2018/07/11	26.05	26.90	25.50	25.91	1132174	29432990.00
2018/07/12	25.92	26.85	25.83	26.70	956274	25356932.00
2018/07/13	26.53	27.15	26.52	26.80	1156100	31070366.00
2018/07/16	26.30	26.30	25.28	25.86	1331800	34212536.00
2018/07/17	25.85	25.91	25.26	25.60	794650	20244032.00
2018/07/18	25.60	25.88	25.50	25.58	653382	16787528.00
2018/07/19	25.34	25.68	24.77	24.92	982991	24634300.00
2018/07/20	24.53	25.34	24.53	25.27	700100	17578648.00
2018/07/23	24.92	24.92	23.00	23.74	1679980	39739220.00
2018/07/24	23.64	24.35	23.54	24.27	1003100	24090744.00
2018/07/25	26.70	26.70	26.70	26.70	296000	7903200.00
2018/07/26	29.37	29.37	29.37	29.37	307261	9024256.00
2018/07/27	31.88	32.20	29.63	29.80	8473783	263896816.00
2018/07/30	29.46	29.85	26.94	27.30	4713964	133097536.00
2018/07/31	27.03	27.36	26.52	26.80	2184965	58798604.00
2018/08/01	26.88	27.50	26.62	26.96	1389728	37417368.00
2018/08/02	26.69	26.69	25.01	25.86	1637800	42171668.00
2018/08/03	25.80	26.19	25.01	25.03	985100	25164286.00
2018/08/06	24.77	26.26	24.71	25.39	1336880	34238980.00
2018/08/07	25.38	25.86	25.14	25.81	987001	25287458.00
2018/08/08	25.85	25.85	24.89	24.94	1011907	25525968.00
2018/08/09	25.00	25.89	24.85	25.59	975817	24898882.00
2018/08/10	25.76	26.90	25.52	26.28	1345317	35244248.00
2018/08/13	25.80	26.28	25.07	25.93	964700	24816424.00
2018/08/14	25.85	26.18	25.84	26.02	750817	19523020.00
2018/08/15	26.00	26.10	25.28	25.34	754400	19280616.00
2018/08/16	25.26	25.63	24.65	25.22	635602	16025663.00
2018/08/17	25.29	25.59	24.82	24.95	616190	15442674.00
2018/08/20	24.95	25.28	24.72	25.28	540808	13502675.00
2018/08/21	25.28	25.70	25.04	25.60	628500	16007399.00
2018/08/22	25.63	25.88	25.32	25.32	506200	12947712.00
2018/08/23	25.30	25.76	25.19	25.52	478300	12221641.00
2018/08/24	25.35	25.64	24.96	25.13	656900	16629810.00
2018/08/27	25.30	25.86	25.08	25.79	737000	18838684.00
2018/08/28	25.50	25.50	25.20	25.36	900000	22805236.00
2018/08/29	25.38	25.38	24.73	24.94	680700	17020858.00
2018/08/30	24.81	25.05	24.51	24.52	476100	11789387.00
2018/08/31	24.40	24.67	24.38	24.41	317400	7776568.00
2018/09/03	24.20	24.44	23.80	24.26	446300	10752529.00
2018/09/04	24.05	25.00	24.05	24.99	555500	13674383.00
2018/09/05	24.74	25.15	24.28	24.50	401457	9947993.00
2018/09/06	24.29	24.66	24.11	24.29	315000	7683753.00
2018/09/07	24.31	24.67	24.24	24.44	317200	7758551.00
2018/09/10	24.48	24.65	24.03	24.13	284100	6915800.00
2018/09/11	24.02	24.64	24.02	24.41	234800	5711425.00
2018/09/12	24.30	24.70	24.30	24.44	224100	5486643.00
2018/09/13	24.36	24.69	24.30	24.54	222300	5438223.00
2018/09/14	24.59	24.66	24.08	24.12	214300	5227981.00
2018/09/17	24.18	24.37	23.68	23.78	380300	9054479.00
2018/09/18	26.16	26.16	24.81	25.02	1402820	35520928.00
2018/09/19	24.72	25.07	24.66	24.89	685200	17057658.00
2018/09/20	25.06	25.06	24.61	24.61	379120	9400322.00
2018/09/21	24.80	25.50	24.69	25.23	719200	18119994.00
2018/09/25	25.05	25.17	24.87	25.02	426600	10666023.00
2018/09/26	25.05	25.25	24.97	25.05	377690	9479098.00
2018/09/27	25.10	27.56	25.10	26.00	1507300	39823600.00
2018/09/28	26.00	26.47	25.81	26.41	756437	19825434.00
2018/10/08	26.21	26.21	25.62	25.72	592009	15300156.00
2018/10/09	25.90	26.52	25.73	26.45	595246	15523491.00
2018/10/10	26.46	27.20	26.26	26.88	971000	26113694.00
2018/10/11	26.00	26.28	25.00	26.05	1304507	33508324.00
2018/10/12	25.90	27.01	25.00	26.82	1334392	34943456.00
2018/10/15	26.62	29.00	26.62	27.72	1512032	42455832.00
2018/10/16	27.38	28.15	27.05	27.45	833480	23009072.00
2018/10/17	27.98	28.06	26.72	26.90	796854	21685666.00
2018/10/18	26.80	27.10	26.17	26.70	575400	15378047.00
2018/10/19	26.40	27.85	25.93	27.12	1058993	28463024.00
2018/10/22	27.12	28.72	27.12	28.28	1384093	38866184.00
2018/10/23	28.11	29.48	28.05	28.69	1832359	52938304.00
2018/10/24	28.42	28.97	27.49	28.14	1262600	35403448.00
2018/10/25	28.50	30.85	28.19	29.11	2991836	87851368.00
2018/10/26	29.00	29.30	28.62	29.00	1161240	33599000.00
2018/10/29	29.01	29.02	27.80	28.00	946481	26649108.00
2018/10/30	27.88	28.20	27.26	27.68	1206600	33473528.00
2018/10/31	27.80	28.74	27.70	28.55	1069800	30234086.00
2018/11/01	28.70	28.80	27.88	28.00	1141796	32188350.00
2018/11/02	28.11	28.43	27.81	28.30	1023100	28787920.00
2018/11/05	28.25	28.53	27.45	28.08	1158378	32416320.00
2018/11/06	28.06	28.86	27.55	28.86	1418818	40437008.00
2018/11/07	28.90	29.22	28.50	28.50	1054817	30495064.00
2018/11/08	28.54	28.88	28.02	28.02	832190	23679344.00
2018/11/09	27.87	28.05	27.48	27.48	789647	21844934.00
2018/11/12	27.21	27.72	27.07	27.60	672972	18471928.00
2018/11/13	27.38	27.80	27.23	27.63	818158	22538726.00
2018/11/14	27.80	28.30	27.56	27.88	1044650	29256424.00
2018/11/15	27.70	27.87	27.30	27.60	1091679	30065772.00
2018/11/16	27.72	28.39	27.60	27.68	1207661	33773636.00
2018/11/19	27.65	27.65	26.50	26.65	2039512	54734640.00
2018/11/20	26.44	26.57	26.18	26.33	901934	23803666.00
2018/11/21	26.06	26.45	26.01	26.38	568937	14963917.00
2018/11/22	26.38	26.49	26.20	26.49	553499	14582659.00
2018/11/23	26.55	26.55	25.52	25.57	805800	20891916.00
2018/11/26	25.30	25.82	25.30	25.55	353400	9048474.00
2018/11/27	25.79	25.85	25.43	25.69	434800	11154793.00
2018/11/28	25.69	25.89	25.40	25.86	471658	12105009.00
2018/11/29	25.91	26.09	25.30	25.31	461300	11859214.00
2018/11/30	25.04	25.80	25.04	25.66	488357	12403019.00
2018/12/03	25.95	26.42	25.95	26.40	757011	19912512.00
2018/12/04	26.38	26.48	26.21	26.40	465700	12277342.00
2018/12/05	27.49	28.20	26.98	27.01	2310227	63721452.00
2018/12/06	26.33	27.01	25.66	25.76	1386607	36451740.00
2018/12/07	25.60	25.76	25.05	25.12	1191100	30032956.00
2018/12/10	25.10	25.32	25.05	25.16	488998	12301899.00
2018/12/11	25.34	25.62	25.18	25.43	508000	12933315.00
2018/12/12	25.45	25.62	25.33	25.42	226900	5772448.50
2018/12/13	25.48	25.63	25.26	25.34	385000	9810093.00
2018/12/14	25.31	25.47	25.09	25.11	384067	9687154.00
2018/12/17	25.07	25.34	25.03	25.29	220530	5554595.50
2018/12/18	25.40	26.03	25.40	25.77	658300	16933328.00
2018/12/19	25.72	25.72	25.20	25.23	385613	9775851.00
2018/12/20	25.23	25.43	25.10	25.29	238415	6016994.50
2018/12/21	25.29	25.45	25.15	25.43	389763	9860490.00
2018/12/24	25.43	25.52	25.20	25.50	294654	7490766.50
2018/12/25	25.50	25.50	25.03	25.25	386729	9727693.00
2018/12/26	25.36	25.49	25.24	25.41	365800	9298314.00
2018/12/27	25.73	25.77	24.74	24.80	452700	11425130.00
2018/12/28	24.95	24.95	24.23	24.25	484450	11845959.00
2019/01/02	24.49	24.49	24.08	24.09	299400	7255372.50
2019/01/03	24.30	24.44	24.09	24.20	266800	6464208.00
数据来源:通达信
