300261 雅本化学 日线 前复权
      日期	    开盘	    最高	    最低	    收盘	    成交量	    成交额
2011/09/06	3.09	3.24	2.89	2.96	14650102	409046688.00
2011/09/07	3.02	3.28	2.98	3.28	10661773	306013088.00
2011/09/08	3.35	3.63	3.34	3.54	11465038	357872320.00
2011/09/09	3.46	3.55	3.28	3.33	7134179	220096576.00
2011/09/13	3.22	3.50	3.15	3.44	6577305	198328400.00
2011/09/14	3.44	3.60	3.33	3.58	6456971	202543328.00
2011/09/15	3.54	3.67	3.46	3.47	6049890	193099056.00
2011/09/16	3.40	3.44	3.19	3.23	5480321	163396848.00
2011/09/19	3.16	3.18	3.00	3.02	3461154	97084296.00
2011/09/20	2.96	3.08	2.88	3.08	3817532	103734760.00
2011/09/21	3.04	3.41	3.04	3.28	5142763	148800704.00
2011/09/22	3.21	3.25	2.95	2.95	3784435	106899272.00
2011/09/23	2.83	3.01	2.80	2.93	2533098	66723460.00
2011/09/26	2.86	2.98	2.81	2.83	1954688	51302056.00
2011/09/27	2.88	2.90	2.83	2.88	1750172	45678120.00
2011/09/28	2.89	2.91	2.57	2.60	3210051	79933000.00
2011/09/29	2.56	2.62	2.44	2.47	1945040	45015584.00
2011/09/30	2.47	2.50	2.38	2.42	1298812	29119964.00
2011/10/10	2.44	2.50	2.37	2.43	1329782	30029810.00
2011/10/11	2.50	2.65	2.45	2.52	2677693	62503740.00
2011/10/12	2.43	2.67	2.41	2.64	2640255	62514564.00
2011/10/13	2.64	2.80	2.62	2.68	2487556	61338580.00
2011/10/14	2.66	2.72	2.63	2.72	1566926	38220704.00
2011/10/17	2.73	2.86	2.68	2.80	2384795	60934580.00
2011/10/18	2.78	2.81	2.56	2.58	2121814	52276652.00
2011/10/19	2.60	2.67	2.54	2.57	1492048	35651072.00
2011/10/20	2.55	2.62	2.53	2.60	1587287	37521668.00
2011/10/21	2.55	2.65	2.40	2.43	1288542	29460644.00
2011/10/24	2.44	2.48	2.27	2.47	1793385	39061168.00
2011/10/25	2.42	2.65	2.42	2.60	2455417	57652240.00
2011/10/26	2.55	2.68	2.54	2.61	2377813	57034592.00
2011/10/27	2.59	2.71	2.58	2.67	2393421	58427788.00
2011/10/28	2.71	2.74	2.61	2.68	2265628	55137476.00
2011/10/31	2.68	2.76	2.65	2.72	2023324	50042080.00
2011/11/01	2.66	2.76	2.66	2.71	1708419	42218992.00
2011/11/02	2.64	2.84	2.60	2.81	2710050	67369152.00
2011/11/03	2.81	2.93	2.73	2.73	2909982	75189096.00
2011/11/04	2.73	2.80	2.68	2.75	1598305	39886672.00
2011/11/07	2.71	2.83	2.70	2.79	1708123	43494328.00
2011/11/08	2.79	2.81	2.64	2.66	1370991	34002216.00
2011/11/10	2.69	2.76	2.61	2.72	3169743	77929880.00
2011/11/11	2.68	2.71	2.59	2.60	1723416	41711680.00
2011/11/14	2.63	2.89	2.62	2.89	4105064	104354216.00
2011/11/15	2.93	2.93	2.84	2.87	3170948	82906264.00
2011/11/16	2.86	2.89	2.78	2.84	2249741	58000088.00
2011/11/17	2.85	3.01	2.82	2.93	4023742	106707904.00
2011/11/18	2.86	2.92	2.79	2.87	1732102	44975496.00
2011/11/21	2.85	2.90	2.63	2.68	1889708	46549792.00
2011/11/22	2.64	2.69	2.59	2.68	1013431	24564692.00
2011/11/23	2.69	2.76	2.68	2.70	1188242	29559842.00
2011/11/24	2.65	2.72	2.60	2.69	845066	20588490.00
2011/11/25	2.68	2.72	2.50	2.53	1836363	43588304.00
2011/11/28	2.52	2.55	2.46	2.49	856715	19668406.00
2011/11/29	2.58	2.58	2.46	2.53	2001516	46041648.00
2011/11/30	2.49	2.50	2.29	2.32	1539774	34077116.00
2011/12/01	2.40	2.43	2.35	2.38	1259004	27853260.00
2011/12/02	2.35	2.37	2.29	2.30	697801	14931198.00
2011/12/05	2.27	2.30	2.23	2.23	631918	13216437.00
2011/12/06	2.23	2.30	2.20	2.29	617838	12927312.00
2011/12/07	2.27	2.31	2.26	2.31	571811	12142987.00
2011/12/08	2.27	2.36	2.23	2.31	790780	16874750.00
2011/12/09	2.28	2.31	2.25	2.28	539582	11425171.00
2011/12/12	2.28	2.30	2.22	2.22	402501	8419608.00
2011/12/13	2.19	2.22	2.04	2.05	756001	14697110.00
2011/12/14	2.06	2.08	1.97	1.99	527706	10014408.00
2011/12/15	1.99	2.00	1.93	1.95	531113	9828799.00
2011/12/16	1.98	2.03	1.93	2.02	565882	10512705.00
2011/12/19	2.03	2.06	1.93	2.06	930525	17424002.00
2011/12/20	2.00	2.08	1.98	1.99	699969	13324508.00
2011/12/21	2.01	2.05	1.92	1.92	536907	10064038.00
2011/12/22	1.88	1.90	1.74	1.81	994584	17037606.00
2011/12/23	1.79	1.84	1.77	1.79	634287	10840023.00
2011/12/26	1.79	1.81	1.75	1.76	540083	9129368.00
2011/12/27	1.73	1.77	1.62	1.63	840535	13595791.00
2011/12/28	1.59	1.62	1.49	1.59	1175439	17522710.00
2011/12/29	1.55	1.59	1.54	1.54	711966	10718559.00
2011/12/30	1.56	1.60	1.54	1.59	964344	14666413.00
2012/01/04	1.61	1.62	1.49	1.49	1029578	15511051.00
2012/01/05	1.46	1.49	1.34	1.35	2288183	31612950.00
2012/01/06	1.36	1.43	1.32	1.42	1304682	17427030.00
2012/01/09	1.40	1.50	1.37	1.49	2530155	35591860.00
2012/01/10	1.48	1.60	1.47	1.57	2900094	42940056.00
2012/01/11	1.56	1.62	1.54	1.57	1828642	27815510.00
2012/01/12	1.56	1.59	1.53	1.55	1459073	21925308.00
2012/01/13	1.54	1.55	1.37	1.37	3290687	45840572.00
2012/01/16	1.33	1.36	1.29	1.29	1750878	22905196.00
2012/01/17	1.31	1.44	1.31	1.44	2759649	37439520.00
2012/01/18	1.46	1.46	1.32	1.34	2503025	34207292.00
2012/01/19	1.34	1.50	1.31	1.50	2910346	40985032.00
2012/01/20	1.60	1.67	1.58	1.62	7233524	113691184.00
2012/01/30	1.59	1.81	1.59	1.81	8701505	144218736.00
2012/01/31	1.77	1.79	1.73	1.78	5242175	87864160.00
2012/02/01	1.76	1.82	1.73	1.81	5531986	93681944.00
2012/02/02	1.78	1.84	1.77	1.82	4788735	82006232.00
2012/02/03	1.80	1.90	1.79	1.83	5304653	92313232.00
2012/02/06	1.83	1.97	1.81	1.92	6060187	108106304.00
2012/02/07	1.92	1.97	1.86	1.88	4642551	83437544.00
2012/02/08	1.90	1.94	1.85	1.93	4152546	74665536.00
2012/02/09	1.93	2.01	1.88	1.90	5001183	91577776.00
2012/02/10	1.87	1.95	1.84	1.95	4510937	80659936.00
2012/02/13	1.91	1.98	1.91	1.93	4003163	73092960.00
2012/02/14	1.91	2.14	1.91	1.99	6975081	132173008.00
2012/02/15	1.95	2.01	1.94	2.01	3650684	67959616.00
2012/02/16	2.00	2.16	1.99	2.10	5105604	99781016.00
2012/02/17	2.12	2.14	2.01	2.07	3148553	60709740.00
2012/02/20	2.10	2.14	2.01	2.07	4647245	90429056.00
2012/02/21	2.06	2.10	2.01	2.09	2894152	55709448.00
2012/02/22	2.08	2.14	2.06	2.11	3021195	59304440.00
2012/02/23	2.09	2.31	2.09	2.20	4455016	91309608.00
2012/02/24	2.19	2.19	2.15	2.17	2454227	49457560.00
2012/02/27	2.16	2.19	2.13	2.16	2429709	48800752.00
2012/02/28	2.15	2.16	2.04	2.06	2343802	45809376.00
2012/02/29	2.05	2.10	2.03	2.04	1480556	28539974.00
2012/03/01	2.05	2.11	2.03	2.08	1507549	29211906.00
2012/03/02	2.07	2.17	2.06	2.15	2068126	40965232.00
2012/03/05	2.17	2.18	2.08	2.08	2086653	41239132.00
2012/03/06	2.07	2.14	2.05	2.11	2073502	40768344.00
2012/03/07	2.12	2.12	2.03	2.05	1820569	35291800.00
2012/03/08	2.05	2.13	2.05	2.11	2512267	49165248.00
2012/03/09	2.11	2.21	2.10	2.20	3407203	68511096.00
2012/03/12	2.20	2.26	2.15	2.20	2361698	48293628.00
2012/03/13	2.22	2.22	2.16	2.22	1741186	35530548.00
2012/03/14	2.27	2.36	2.11	2.15	5606003	118412440.00
2012/03/15	2.15	2.18	1.95	2.02	3115404	59820252.00
2012/03/16	1.99	2.08	1.99	2.07	1898179	36426468.00
2012/03/19	2.03	2.09	2.03	2.08	1553365	29870004.00
2012/03/20	2.07	2.07	1.97	1.98	1400403	26486718.00
2012/03/21	1.99	2.02	1.94	1.98	878519	16350915.00
2012/03/22	1.97	2.01	1.97	1.98	599937	11216167.00
2012/03/23	1.99	1.99	1.87	1.90	1178381	21411836.00
2012/03/26	1.91	1.92	1.81	1.84	1068417	18818356.00
2012/03/27	1.84	1.87	1.83	1.84	724905	12683195.00
2012/03/28	1.84	1.84	1.66	1.67	1630623	26793238.00
2012/03/29	1.67	1.70	1.64	1.70	1082354	17412686.00
2012/03/30	1.70	1.89	1.68	1.87	2937412	50690932.00
2012/04/05	1.85	1.97	1.83	1.93	2354679	42552780.00
2012/04/06	1.91	1.94	1.88	1.93	1218251	22007416.00
2012/04/09	1.93	1.98	1.87	1.92	1276077	23336326.00
2012/04/10	1.92	1.96	1.83	1.94	1101583	19679990.00
2012/04/11	1.90	2.05	1.88	2.02	1938550	36385588.00
2012/04/12	2.01	2.04	1.97	2.03	1342317	25322540.00
2012/04/13	2.03	2.06	1.99	2.00	951134	18007068.00
2012/04/16	2.00	2.00	1.97	1.97	721018	13411557.00
2012/04/17	1.97	2.05	1.95	2.00	1380683	26102788.00
2012/04/18	2.02	2.04	1.99	2.03	1326600	25154130.00
2012/04/19	2.04	2.13	2.02	2.12	2007033	38919240.00
2012/04/23	2.12	2.12	2.03	2.07	1986197	38397072.00
2012/04/24	2.06	2.08	1.84	1.95	2130308	38588440.00
2012/04/25	1.92	1.95	1.87	1.93	879729	15981957.00
2012/04/26	1.93	1.95	1.88	1.89	578484	10412344.00
2012/04/27	1.90	1.98	1.88	1.96	694606	12679275.00
2012/05/02	2.01	2.06	1.97	2.03	798120	15007420.00
2012/05/03	2.03	2.09	2.03	2.06	819588	15829176.00
2012/05/04	2.06	2.14	2.01	2.09	1591695	19046768.00
2012/05/07	2.09	2.10	2.03	2.10	1335998	15897892.00
2012/05/08	2.11	2.17	2.08	2.15	1745339	21368274.00
2012/05/09	2.12	2.12	2.05	2.08	1605786	19295516.00
2012/05/10	2.06	2.18	2.06	2.15	1770192	21792048.00
2012/05/11	2.12	2.15	2.06	2.10	1463210	17757316.00
2012/05/14	2.12	2.33	2.10	2.33	4602330	59947844.00
2012/05/15	2.33	2.42	2.26	2.39	6075079	81357080.00
2012/05/16	2.35	2.40	2.30	2.33	3160001	42341104.00
2012/05/17	2.30	2.33	2.22	2.30	3226968	42030376.00
2012/05/18	2.28	2.29	2.22	2.22	2060170	26537992.00
2012/05/21	2.24	2.24	2.13	2.15	1973224	24513846.00
2012/05/22	2.15	2.33	2.15	2.29	2478442	31812682.00
2012/05/23	2.27	2.31	2.21	2.23	1724050	22154026.00
2012/05/24	2.20	2.26	2.15	2.20	1254014	15907591.00
2012/05/25	2.18	2.22	2.14	2.15	926928	11566160.00
2012/05/28	2.15	2.24	2.14	2.23	1146382	14440688.00
2012/05/29	2.21	2.35	2.21	2.33	2547779	33452732.00
2012/05/30	2.32	2.55	2.31	2.40	3839728	53831360.00
2012/05/31	2.38	2.51	2.36	2.40	2279777	31428942.00
2012/06/01	2.35	2.47	2.35	2.42	1481403	20369766.00
2012/06/04	2.36	2.54	2.34	2.47	2976590	41694080.00
2012/06/05	2.43	2.57	2.43	2.57	3867301	55171836.00
2012/06/06	2.61	2.66	2.48	2.51	2906888	41986220.00
2012/06/07	2.51	2.58	2.41	2.44	2373447	33471876.00
2012/06/08	2.49	2.50	2.35	2.40	3661947	50377972.00
2012/06/11	2.40	2.50	2.36	2.49	2150841	29899810.00
2012/06/12	2.47	2.64	2.47	2.56	3127801	45241908.00
2012/06/13	2.57	2.67	2.53	2.66	2975593	44044120.00
2012/06/14	2.66	2.69	2.58	2.61	2142790	31806092.00
2012/06/15	2.63	2.74	2.63	2.71	2385244	36289424.00
2012/06/18	2.70	2.74	2.64	2.70	1914065	29092516.00
2012/06/19	2.66	2.69	2.59	2.60	1331431	19767938.00
2012/06/20	2.61	2.67	2.59	2.63	909894	13577422.00
2012/06/21	2.61	2.64	2.55	2.57	840839	12268671.00
2012/06/25	2.57	2.59	2.41	2.43	1190080	16794856.00
2012/06/26	2.43	2.43	2.31	2.42	625083	8492237.00
2012/06/27	2.39	2.50	2.37	2.39	846645	11746929.00
2012/06/28	2.40	2.45	2.40	2.40	713693	9834513.00
2012/06/29	2.37	2.52	2.37	2.52	825659	11510724.00
2012/07/02	2.53	2.60	2.52	2.56	676762	9838438.00
2012/07/03	2.56	2.62	2.50	2.52	800603	11574281.00
2012/07/04	2.52	2.55	2.45	2.45	637262	9035569.00
2012/07/05	2.45	2.45	2.31	2.35	1112897	14988096.00
2012/07/06	2.38	2.50	2.36	2.48	1312030	18234702.00
2012/07/09	2.47	2.57	2.44	2.47	1300540	18616752.00
2012/07/10	2.46	2.50	2.43	2.47	628632	8803176.00
2012/07/11	2.47	2.60	2.47	2.59	1552121	22540090.00
2012/07/12	2.59	2.66	2.57	2.65	1971326	29253724.00
2012/07/13	2.65	2.72	2.60	2.71	1884616	28547874.00
2012/07/16	2.70	2.72	2.49	2.49	1535094	22703118.00
2012/07/17	2.48	2.53	2.42	2.52	785806	11087332.00
2012/07/18	2.50	2.53	2.45	2.52	830280	11689336.00
2012/07/19	2.50	2.63	2.49	2.62	931331	13537575.00
2012/07/20	2.60	2.67	2.55	2.56	973446	14453333.00
2012/07/23	2.54	2.54	2.42	2.45	1026155	14347510.00
2012/07/24	2.43	2.53	2.43	2.50	550932	7758614.00
2012/07/25	2.49	2.53	2.46	2.47	381498	5378791.50
2012/07/26	2.46	2.56	2.45	2.49	697413	9904459.00
2012/07/27	2.52	2.52	2.46	2.50	394845	5572170.50
2012/07/30	2.51	2.60	2.49	2.54	835799	12068410.00
2012/07/31	2.53	2.60	2.50	2.52	1069759	15519090.00
2012/08/01	2.50	2.62	2.44	2.62	1231709	17588642.00
2012/08/02	2.60	2.63	2.57	2.63	1147680	16920616.00
2012/08/03	2.62	2.75	2.62	2.74	3522922	53898472.00
2012/08/06	2.75	2.83	2.70	2.83	1775505	27746070.00
2012/08/07	2.82	2.86	2.77	2.80	1355319	21459456.00
2012/08/08	2.80	2.82	2.68	2.74	982215	15181572.00
2012/08/09	2.74	2.83	2.71	2.83	1032738	16248081.00
2012/08/10	2.83	2.83	2.72	2.73	1077486	16721898.00
2012/08/13	2.74	2.99	2.69	2.91	2652938	42487184.00
2012/08/14	2.87	3.02	2.87	2.99	3132293	52077840.00
2012/08/15	2.96	2.99	2.85	2.92	1217676	20028806.00
2012/08/16	2.90	2.95	2.88	2.90	693058	11292718.00
2012/08/17	2.88	2.95	2.82	2.87	1030566	16644746.00
2012/08/20	2.84	2.91	2.75	2.88	1425876	22768404.00
2012/08/21	2.90	2.96	2.86	2.93	923688	15132513.00
2012/08/22	2.91	3.01	2.84	2.91	1982226	32737818.00
2012/08/23	2.88	2.93	2.75	2.78	2943081	46669776.00
2012/08/24	2.82	2.82	2.69	2.71	1207205	18696746.00
2012/08/27	2.72	2.74	2.66	2.72	778064	11938354.00
2012/08/28	2.69	2.79	2.69	2.75	668534	10359596.00
2012/08/29	2.77	2.83	2.73	2.82	1141736	17862626.00
2012/08/30	2.81	2.84	2.70	2.74	1228546	19146660.00
2012/08/31	2.74	2.82	2.69	2.71	783600	12038232.00
2012/09/03	2.71	2.76	2.70	2.74	853779	13181015.00
2012/09/04	2.75	2.93	2.74	2.89	2436970	38924508.00
2012/09/05	2.88	3.12	2.85	3.06	2886420	47957988.00
2012/09/06	3.01	3.10	3.01	3.09	2047607	35025948.00
2012/09/07	3.09	3.13	3.03	3.09	2116438	36403116.00
2012/09/10	3.06	3.07	2.99	3.01	2285600	38755844.00
2012/09/11	3.02	3.08	2.90	3.08	3336901	55499304.00
2012/09/12	3.03	3.24	3.02	3.20	2698586	47614700.00
2012/09/13	3.17	3.53	3.13	3.36	2742221	50689236.00
2012/09/14	3.37	3.46	3.25	3.37	2513922	46785308.00
2012/09/17	3.37	3.37	3.27	3.31	1244618	22978676.00
2012/09/18	3.31	3.32	3.08	3.14	1835036	33088484.00
2012/09/19	3.15	3.17	3.06	3.15	2142660	37387780.00
2012/09/20	3.13	3.17	3.04	3.09	1254939	21783464.00
2012/09/21	3.05	3.41	3.05	3.39	2126918	38216272.00
2012/09/24	3.35	3.45	3.23	3.35	1732759	32206724.00
2012/09/25	3.33	3.36	3.12	3.17	1282779	23055882.00
2012/09/26	3.13	3.19	2.83	2.83	3131663	51672020.00
2012/09/27	2.84	2.99	2.64	2.88	7522529	117763120.00
2012/09/28	2.78	3.03	2.77	3.00	4273037	70109864.00
2012/10/08	2.99	3.05	2.94	3.02	1610253	27053082.00
2012/10/09	3.02	3.13	3.02	3.13	2165748	37170228.00
2012/10/10	3.11	3.24	3.08	3.21	2038168	36286152.00
2012/10/11	3.20	3.22	3.03	3.09	2291043	39893464.00
2012/10/12	3.09	3.13	2.98	3.07	1328224	22661682.00
2012/10/15	3.03	3.10	3.00	3.09	1066560	18247950.00
2012/10/16	3.10	3.12	3.02	3.07	786967	13549682.00
2012/10/17	3.09	3.09	3.02	3.07	426089	7318230.00
2012/10/18	3.09	3.14	3.06	3.14	1348492	23540272.00
2012/10/19	3.13	3.15	3.05	3.08	565069	9776148.00
2012/10/22	3.06	3.07	3.00	3.04	544680	9269869.00
2012/10/23	3.04	3.07	2.97	2.98	583099	9839319.00
2012/10/24	3.00	3.06	2.96	3.06	815956	13862765.00
2012/10/25	3.07	3.08	2.99	3.02	706860	11994264.00
2012/10/26	3.00	3.01	2.85	2.85	1389961	22694754.00
2012/10/29	2.86	2.90	2.73	2.90	713070	11344224.00
2012/10/30	2.90	2.92	2.83	2.83	455146	7335052.00
2012/10/31	2.86	2.90	2.83	2.90	356040	5736782.50
2012/11/01	2.90	2.94	2.86	2.93	689543	11271539.00
2012/11/02	2.91	3.03	2.89	3.02	877759	14754429.00
2012/11/05	3.02	3.02	2.92	2.95	858564	14227952.00
2012/11/06	2.93	2.93	2.80	2.85	1164321	18632648.00
2012/11/07	2.85	2.87	2.81	2.84	1000050	15985759.00
2012/11/08	2.82	2.82	2.71	2.72	923013	14298610.00
2012/11/09	2.71	2.75	2.64	2.66	847287	12871047.00
2012/11/12	2.66	2.73	2.64	2.69	420796	6410918.00
2012/11/13	2.66	2.71	2.64	2.66	383547	5779981.50
2012/11/14	2.66	2.72	2.60	2.70	506056	7632620.50
2012/11/15	2.66	2.72	2.63	2.64	468510	7032399.50
2012/11/16	2.65	2.71	2.64	2.67	178422	2679715.50
2012/11/19	2.66	2.68	2.60	2.66	253962	3783638.00
2012/11/20	2.66	2.68	2.60	2.61	234162	3495772.00
2012/11/21	2.61	2.64	2.50	2.56	1148674	16562055.00
2012/11/22	2.55	2.57	2.53	2.56	558375	8068044.50
2012/11/23	2.58	2.58	2.55	2.55	211400	3070832.50
2012/11/26	2.55	2.55	2.50	2.54	165890	2375991.00
2012/11/27	2.49	2.53	2.44	2.45	305640	4285965.00
2012/11/28	2.45	2.45	2.27	2.27	583019	7744367.00
2012/11/29	2.27	2.31	2.26	2.28	329400	4297470.00
2012/11/30	2.28	2.43	2.24	2.31	205919	2701161.25
2012/12/03	2.30	2.49	2.30	2.44	1277191	17541330.00
2012/12/04	2.40	2.48	2.37	2.47	389908	5381138.50
2012/12/05	2.43	2.60	2.43	2.53	798879	11514552.00
2012/12/06	2.51	2.59	2.51	2.58	488119	7075651.00
2012/12/07	2.60	2.62	2.56	2.61	432308	6371365.00
2012/12/10	2.61	2.76	2.61	2.71	846049	12943522.00
2012/12/11	2.71	2.78	2.65	2.68	983467	15087446.00
2012/12/12	2.70	2.71	2.65	2.67	317074	4790537.50
2012/12/13	2.67	2.71	2.63	2.64	397079	5956954.50
2012/12/14	2.64	2.75	2.64	2.72	1289991	19609240.00
2012/12/17	2.72	2.72	2.61	2.65	712394	10648043.00
2012/12/18	2.65	2.69	2.62	2.62	384788	5755013.00
2012/12/19	2.62	2.67	2.59	2.64	253149	3769665.25
2012/12/20	2.64	2.64	2.58	2.61	463582	6838969.50
2012/12/21	2.60	2.67	2.58	2.64	993056	14712953.00
2012/12/24	2.64	2.72	2.61	2.71	723037	10884666.00
2012/12/25	2.70	2.75	2.67	2.74	796817	12225481.00
2012/12/26	2.73	2.81	2.71	2.81	1141512	17687480.00
2012/12/27	2.80	2.82	2.69	2.70	978056	15134531.00
2012/12/28	2.70	2.73	2.66	2.70	556974	8449440.00
2012/12/31	2.69	2.95	2.66	2.95	1811241	28606300.00
2013/01/04	2.99	2.99	2.87	2.92	2009113	32916830.00
2013/01/07	2.94	2.96	2.84	2.90	1351380	21933704.00
2013/01/08	2.88	3.00	2.87	2.94	1476202	24453134.00
2013/01/09	2.90	2.93	2.87	2.88	769548	12500085.00
2013/01/10	2.87	2.95	2.87	2.90	633524	10338232.00
2013/01/11	2.90	2.91	2.86	2.86	699231	11335764.00
2013/01/14	2.86	3.01	2.84	2.95	1355634	22310904.00
2013/01/15	2.94	2.99	2.91	2.99	1469096	24340672.00
2013/01/16	2.98	3.03	2.94	3.01	1453706	24375370.00
2013/01/17	3.02	3.02	2.95	2.95	754907	12590135.00
2013/01/18	2.94	3.01	2.92	2.99	669851	11173908.00
2013/01/21	3.01	3.30	3.01	3.19	3529854	62564400.00
2013/01/22	3.22	3.26	3.09	3.17	1877817	33214098.00
2013/01/23	3.12	3.17	3.07	3.15	1139370	19898210.00
2013/01/24	3.15	3.24	2.96	3.03	2972235	51469420.00
2013/01/25	3.00	3.04	2.96	3.02	637508	10739640.00
2013/01/28	2.96	3.22	2.96	3.15	1403755	24487392.00
2013/01/29	3.13	3.20	3.11	3.16	898195	15783601.00
2013/01/30	3.13	3.17	3.00	3.02	1720898	29326912.00
2013/01/31	3.02	3.03	2.71	2.82	3297469	52614208.00
2013/02/01	2.76	2.90	2.74	2.89	1868310	29730000.00
2013/02/04	2.88	2.90	2.78	2.86	1829925	29101650.00
2013/02/05	2.79	2.95	2.77	2.94	1156267	18882194.00
2013/02/06	2.90	2.96	2.90	2.94	885277	14586573.00
2013/02/07	2.91	3.00	2.91	2.94	663559	10992813.00
2013/02/08	2.92	2.97	2.92	2.95	750929	12428778.00
2013/02/18	2.94	3.12	2.94	3.11	1994262	34125944.00
2013/02/19	3.09	3.10	3.04	3.07	1296279	22198360.00
2013/02/20	3.06	3.16	3.06	3.16	1301672	22727438.00
2013/02/21	3.16	3.22	3.10	3.17	1446571	25562268.00
2013/02/22	3.16	3.22	3.09	3.09	1179598	20925574.00
2013/02/25	3.09	3.10	3.05	3.09	601257	10337981.00
2013/02/26	3.06	3.11	2.94	2.98	1249922	21273076.00
2013/02/27	2.97	3.03	2.94	2.99	595764	9966629.00
2013/02/28	2.98	3.07	2.98	3.04	645388	10971427.00
2013/03/01	3.02	3.08	3.00	3.08	1100740	18768102.00
2013/03/04	3.07	3.07	2.94	2.97	727150	12239302.00
2013/03/05	2.96	3.08	2.94	3.08	735719	12548120.00
2013/03/06	3.09	3.18	3.06	3.15	1095022	19208626.00
2013/03/07	3.14	3.24	3.08	3.12	1036024	18278180.00
2013/03/08	3.12	3.17	3.00	3.02	687045	11786001.00
2013/03/11	3.02	3.06	2.98	3.02	282960	4800860.00
2013/03/12	3.01	3.15	2.94	3.03	1401131	24101480.00
2013/03/13	3.05	3.05	2.95	3.03	382847	6440761.00
2013/03/14	2.98	3.13	2.98	3.12	568704	9836577.00
2013/03/15	3.11	3.24	3.07	3.21	1966953	35107320.00
2013/03/18	3.20	3.28	3.17	3.20	1395912	25133062.00
2013/03/19	3.19	3.31	3.19	3.25	1158272	21027898.00
2013/03/20	3.25	3.29	3.21	3.29	1064694	19306038.00
2013/03/21	3.30	3.30	3.22	3.28	952442	17273826.00
2013/03/22	3.25	3.29	3.21	3.28	660458	11972762.00
2013/03/25	3.30	3.43	3.28	3.35	1185062	22314844.00
2013/03/26	3.34	3.41	3.26	3.39	765417	14200146.00
2013/03/27	3.39	3.43	3.29	3.31	444901	8278131.00
2013/03/28	3.33	3.33	3.14	3.15	1220264	21888852.00
2013/03/29	3.20	3.28	3.10	3.11	926164	16460719.00
2013/04/01	3.17	3.20	3.11	3.17	423542	7495920.50
2013/04/02	3.23	3.23	3.02	3.04	1420895	24563502.00
2013/04/03	3.03	3.06	2.92	2.96	969090	16059260.00
2013/04/08	2.94	3.09	2.92	3.06	728186	12396749.00
2013/04/09	3.07	3.13	3.07	3.07	346718	6010754.50
2013/04/10	3.07	3.11	3.02	3.08	575126	9831540.00
2013/04/11	3.11	3.11	3.07	3.09	174576	3010738.00
2013/04/12	3.09	3.14	3.05	3.06	357400	6177579.00
2013/04/15	3.05	3.08	2.94	2.96	434568	7272233.00
2013/04/16	2.92	3.00	2.92	2.99	305963	5114858.50
2013/04/17	2.99	3.04	2.97	3.04	404299	6804829.00
2013/04/18	3.03	3.07	2.96	3.05	168900	2866483.00
2013/04/19	3.08	3.20	3.07	3.19	999443	17591800.00
2013/04/22	3.16	3.24	3.14	3.22	1140332	20405586.00
2013/04/23	3.20	3.22	2.97	2.99	2025271	34586608.00
2013/04/24	2.98	3.07	2.96	3.03	1713663	28984434.00
2013/04/25	3.02	3.03	2.92	2.92	1399311	23131112.00
2013/04/26	2.92	2.93	2.87	2.89	623423	10119521.00
2013/05/02	2.88	2.94	2.85	2.88	484583	7864610.00
2013/05/03	2.88	2.95	2.88	2.91	694754	11414373.00
2013/05/06	2.94	2.98	2.94	2.96	800747	13283119.00
2013/05/07	2.95	2.98	2.85	2.87	1413538	22956256.00
2013/05/08	2.86	2.93	2.86	2.88	794941	12884800.00
2013/05/09	2.89	2.98	2.86	2.98	2312605	37894092.00
2013/05/10	2.98	3.01	2.93	2.98	1572084	26081910.00
2013/05/13	2.98	2.99	2.94	2.97	1047024	17386366.00
2013/05/14	2.98	2.98	2.88	2.91	1160710	19029676.00
2013/05/15	2.92	3.02	2.89	3.01	1664471	27798888.00
2013/05/16	3.00	3.02	2.96	3.00	1556499	26044646.00
2013/05/17	2.99	2.99	2.94	2.98	2312785	38554396.00
2013/05/20	2.99	3.08	2.98	3.06	2325255	39670992.00
2013/05/21	3.07	3.08	3.02	3.07	1779476	30452546.00
2013/05/22	3.07	3.08	3.02	3.05	1609263	27471754.00
2013/05/23	3.06	3.09	3.02	3.09	1438625	24677372.00
2013/05/24	3.13	3.20	3.09	3.19	2561724	44963564.00
2013/05/27	3.19	3.32	3.17	3.27	3835218	69834744.00
2013/05/28	3.27	3.29	3.16	3.21	2051118	36672544.00
2013/05/29	3.21	3.22	3.16	3.17	1458934	25939612.00
2013/05/30	3.21	3.26	3.16	3.21	3041676	33810836.00
2013/05/31	3.20	3.24	3.11	3.12	2646107	29086354.00
2013/06/03	3.12	3.44	3.11	3.36	10272054	119559272.00
2013/06/04	3.34	3.34	3.14	3.17	5626732	62457204.00
2013/06/05	3.16	3.50	3.11	3.50	4818244	56902772.00
2013/06/06	3.65	3.71	3.50	3.58	11361614	140051712.00
2013/06/07	3.55	3.76	3.40	3.40	8899981	109278664.00
2013/06/13	3.23	3.23	3.05	3.09	6516718	69439864.00
2013/06/14	3.10	3.24	3.00	3.16	5768868	61860700.00
2013/06/17	3.12	3.16	3.03	3.06	4280944	45477192.00
2013/06/18	3.07	3.07	2.91	3.01	3727595	38570904.00
2013/06/19	3.00	3.01	2.90	2.94	2150973	21944544.00
2013/06/20	2.95	3.05	2.89	2.90	2439116	25141540.00
2013/06/21	2.79	2.80	2.60	2.72	3690966	34456564.00
2013/06/24	2.66	2.66	2.45	2.48	2805523	25094666.00
2013/06/25	2.48	2.54	2.28	2.49	3108775	26633864.00
2013/06/26	2.49	2.60	2.43	2.58	2589297	22969870.00
2013/06/27	2.58	2.62	2.46	2.47	2770224	24627446.00
2013/06/28	2.47	2.49	2.36	2.40	1549636	13110250.00
2013/07/01	2.40	2.47	2.36	2.47	1269282	10774468.00
2013/07/02	2.48	2.59	2.47	2.56	2143175	19055366.00
2013/07/03	2.55	2.69	2.46	2.66	2655266	23819682.00
2013/07/04	2.66	2.66	2.56	2.61	2098948	19141948.00
2013/07/05	2.59	2.64	2.54	2.55	1562254	14081630.00
2013/07/08	2.49	2.58	2.34	2.34	1686406	14182006.00
2013/07/09	2.34	2.44	2.32	2.42	1159278	9623624.00
2013/07/10	2.42	2.50	2.39	2.50	1428866	12261402.00
2013/07/11	2.50	2.65	2.49	2.57	2830486	25294016.00
2013/07/12	2.57	2.60	2.52	2.56	1733543	15540321.00
2013/07/15	2.59	2.60	2.52	2.60	2221453	19907594.00
2013/07/16	2.60	2.69	2.58	2.65	2302202	21242712.00
2013/07/17	2.66	2.66	2.52	2.55	2490737	22434554.00
2013/07/18	2.52	2.60	2.47	2.55	1808869	15919843.00
2013/07/19	2.53	2.59	2.43	2.43	1862911	16383711.00
2013/07/22	2.40	2.46	2.34	2.46	1174791	9945178.00
2013/07/23	2.47	2.72	2.47	2.72	5308824	49169608.00
2013/07/24	2.72	2.82	2.64	2.79	4877258	46281184.00
2013/07/25	2.74	2.78	2.61	2.62	3422797	31886694.00
2013/07/26	2.64	2.68	2.57	2.66	1826900	16740092.00
2013/07/29	2.64	2.76	2.61	2.68	2154391	20198026.00
2013/07/30	2.65	2.78	2.57	2.66	2234308	20753498.00
2013/07/31	2.66	2.71	2.62	2.64	1529053	14181023.00
2013/08/01	2.63	2.74	2.63	2.72	2907592	27275916.00
2013/08/02	2.71	2.85	2.71	2.76	4350210	42160644.00
2013/08/05	2.77	2.89	2.76	2.88	3773022	37027860.00
2013/08/06	2.87	2.91	2.83	2.85	2670833	26561564.00
2013/08/07	2.82	2.89	2.78	2.79	2538968	24876544.00
2013/08/08	2.79	2.85	2.78	2.81	1602251	15680365.00
2013/08/09	2.79	3.05	2.79	3.03	6361956	64746816.00
2013/08/12	3.00	3.03	2.92	2.98	4290842	44004940.00
2013/08/13	2.98	3.11	2.96	3.03	3885044	41018544.00
2013/08/14	3.03	3.08	2.91	2.96	4437290	45909292.00
2013/08/15	2.96	2.96	2.86	2.86	3485281	35062764.00
2013/08/16	2.94	2.94	2.80	2.80	2367298	23590528.00
2013/08/19	2.73	2.86	2.73	2.84	1437919	14065701.00
2013/08/20	2.84	2.86	2.77	2.82	1620951	15906544.00
2013/08/21	2.83	2.95	2.82	2.94	2449669	24707828.00
2013/08/22	2.95	3.00	2.92	2.97	3041940	31271842.00
2013/08/23	2.97	2.97	2.86	2.91	2022700	20436416.00
2013/08/26	2.90	2.98	2.88	2.97	1731434	17620982.00
2013/08/27	2.97	3.00	2.93	2.96	1561122	16015593.00
2013/08/28	2.92	3.00	2.89	2.95	2671292	27396002.00
2013/08/29	2.94	2.99	2.90	2.92	1281391	12994747.00
2013/08/30	2.96	2.96	2.80	2.80	2911174	28893894.00
2013/09/02	2.80	2.88	2.79	2.87	856616	8461034.00
2013/09/03	2.88	2.93	2.85	2.93	1329930	13328772.00
2013/09/04	2.90	3.02	2.84	2.97	2646981	26833746.00
2013/09/05	2.95	2.95	2.88	2.91	1666812	16785098.00
2013/09/06	2.93	2.93	2.86	2.87	1130299	11279628.00
2013/09/09	2.87	2.91	2.85	2.88	1236734	12365985.00
2013/09/10	2.88	2.91	2.86	2.87	1153958	11515361.00
2013/09/11	2.87	2.87	2.77	2.77	1768601	17169082.00
2013/09/12	2.77	2.86	2.74	2.77	1174956	11425405.00
2013/09/13	2.78	2.83	2.77	2.80	607997	5895880.00
2013/09/16	2.79	2.91	2.79	2.86	1358168	13502939.00
2013/09/17	2.85	2.89	2.85	2.86	827648	8247419.00
2013/09/18	2.88	2.96	2.85	2.95	2174149	22095558.00
2013/09/23	3.00	3.00	2.91	2.95	1492666	15223398.00
2013/09/24	2.97	2.97	2.90	2.94	1403842	14261034.00
2013/09/25	2.94	2.97	2.91	2.94	1001574	10187842.00
2013/09/26	2.94	3.00	2.92	2.97	1512414	15495120.00
2013/09/27	2.97	3.06	2.94	2.97	2260040	23509260.00
2013/09/30	2.93	3.00	2.89	2.96	1026270	10514181.00
2013/10/08	2.96	2.97	2.91	2.96	1058963	10817852.00
2013/10/09	2.93	3.09	2.91	3.09	2370411	24733824.00
2013/10/10	3.08	3.09	3.00	3.01	1522224	16052394.00
2013/10/11	3.02	3.07	2.98	3.03	1451496	15145613.00
2013/10/14	3.00	3.22	3.00	3.17	2896148	31365858.00
2013/10/15	3.17	3.48	3.13	3.41	4463313	51461804.00
2013/10/16	3.38	3.54	3.35	3.42	4711039	55512352.00
2013/10/17	3.43	3.60	3.37	3.50	3979984	47722236.00
2013/10/18	3.46	3.53	3.37	3.43	2594025	30740746.00
2013/10/21	3.38	3.52	3.30	3.47	3154927	37123704.00
2013/10/22	3.47	3.49	3.33	3.39	1851150	21637958.00
2013/10/23	3.37	3.47	3.21	3.23	2345696	26756886.00
2013/10/24	3.25	3.39	3.22	3.25	1066528	12012662.00
2013/10/25	3.25	3.28	3.15	3.22	1494647	16521640.00
2013/10/28	3.21	3.25	3.19	3.25	679076	7550144.00
2013/10/29	3.31	3.31	3.00	3.09	1447513	15648767.00
2013/10/30	3.09	3.11	3.00	3.09	1916823	20312022.00
2013/10/31	3.05	3.17	3.05	3.13	1019037	10973845.00
2013/11/01	3.13	3.23	3.07	3.22	1536109	16837648.00
2013/11/04	3.22	3.28	3.16	3.22	1061468	11866763.00
2013/11/05	3.18	3.34	3.17	3.34	1343539	15283896.00
2013/11/06	3.31	3.34	3.23	3.24	1178202	13332425.00
2013/11/07	3.24	3.27	3.06	3.08	1348072	14623830.00
2013/11/08	3.06	3.13	3.06	3.11	705406	7543836.50
2013/11/11	3.10	3.23	3.08	3.22	662039	7259271.00
2013/11/12	3.22	3.30	3.15	3.26	1041261	11623186.00
2013/11/13	3.21	3.26	3.16	3.16	880200	9744409.00
2013/11/14	3.16	3.39	3.10	3.35	2138483	24136204.00
2013/11/15	3.34	3.42	3.31	3.41	2347488	27255994.00
2013/11/18	3.40	3.47	3.35	3.40	2137335	25060560.00
2013/11/19	3.40	3.51	3.35	3.47	2658368	31378804.00
2013/11/20	3.46	3.55	3.43	3.47	1612825	19307454.00
2013/11/21	3.47	3.47	3.36	3.38	2498046	29205682.00
2013/11/22	3.37	3.42	3.36	3.40	1146512	13387164.00
2013/11/25	3.40	3.50	3.36	3.42	1826485	21570590.00
2013/11/26	3.46	3.46	3.40	3.42	1198555	14128993.00
2013/11/27	3.41	3.50	3.37	3.47	1929478	22810260.00
2013/11/28	3.48	3.83	3.46	3.83	4685937	59861440.00
2013/11/29	3.99	4.18	3.91	4.07	8776389	120207352.00
2013/12/02	3.67	3.97	3.65	3.65	8410207	107372680.00
2013/12/03	3.55	3.68	3.46	3.61	4675962	57297116.00
2013/12/04	3.60	3.85	3.58	3.64	5181319	66480492.00
2013/12/05	3.55	3.63	3.46	3.56	3703376	44977620.00
2013/12/06	3.50	3.59	3.43	3.54	2932105	35363912.00
2013/12/09	3.51	3.60	3.51	3.59	1999438	24489828.00
2013/12/10	3.58	3.63	3.44	3.46	2264104	27298162.00
2013/12/11	3.46	3.50	3.40	3.46	1459079	17361694.00
2013/12/12	3.46	3.60	3.45	3.54	1541695	18843942.00
2013/12/13	3.49	3.63	3.49	3.61	1507074	18472186.00
2013/12/16	3.61	3.70	3.56	3.65	2012405	25132454.00
2013/12/17	3.66	3.67	3.56	3.60	1034513	12750272.00
2013/12/18	3.56	3.58	3.35	3.45	2603136	31018646.00
2013/12/19	3.44	3.46	3.37	3.40	1689719	19793322.00
2013/12/20	3.37	3.40	3.23	3.27	2195206	24993398.00
2013/12/23	3.24	3.34	3.20	3.33	1143822	13004706.00
2013/12/24	3.32	3.39	3.29	3.38	1040916	12024073.00
2013/12/25	3.39	3.45	3.35	3.44	910900	10730817.00
2013/12/26	3.40	3.45	3.31	3.32	929186	10814316.00
2013/12/27	3.42	3.46	3.32	3.42	879918	10323326.00
2013/12/30	3.44	3.50	3.42	3.46	907897	10818763.00
2013/12/31	3.49	3.63	3.49	3.52	1667838	20371892.00
2014/01/02	3.49	3.60	3.43	3.57	1842179	22243440.00
2014/01/03	3.54	3.60	3.49	3.59	1804404	22006018.00
2014/01/06	3.58	3.62	3.44	3.45	1567310	18968612.00
2014/01/07	3.49	3.55	3.45	3.54	1263512	15196911.00
2014/01/08	3.54	3.63	3.54	3.59	1937091	23910956.00
2014/01/09	3.59	3.63	3.46	3.48	1754439	21513772.00
2014/01/10	3.57	3.57	3.25	3.29	1800044	20977218.00
2014/01/13	3.30	3.33	3.19	3.22	1315559	14792945.00
2014/01/14	3.19	3.29	3.16	3.26	1606817	17966080.00
2014/01/15	3.25	3.29	3.21	3.29	893025	10045571.00
2014/01/16	3.33	3.33	3.20	3.23	1166481	13067911.00
2014/01/17	3.20	3.24	3.15	3.16	1171251	12890860.00
2014/01/20	3.13	3.17	3.11	3.14	816066	8841858.00
2014/01/21	3.13	3.30	3.10	3.28	1401234	15706747.00
2014/01/22	3.28	3.35	3.28	3.34	1131173	12936332.00
2014/01/23	3.34	3.36	3.26	3.31	1694690	19341756.00
2014/01/24	3.31	3.39	3.30	3.35	1374875	15886658.00
2014/01/27	3.32	3.36	3.27	3.30	1772589	20241478.00
2014/01/28	3.30	3.34	3.26	3.33	1165704	13260817.00
2014/01/29	3.34	3.41	3.31	3.38	1752211	20307192.00
2014/01/30	3.36	3.42	3.32	3.33	1064600	12256764.00
2014/02/07	3.25	3.47	3.22	3.44	2202537	25611706.00
2014/02/10	3.42	3.57	3.41	3.51	2185596	26302722.00
2014/02/11	3.55	3.56	3.43	3.51	1484104	17783798.00
2014/02/12	3.50	3.60	3.47	3.58	1864051	22724078.00
2014/02/13	3.58	3.61	3.46	3.48	1633778	19897480.00
2014/02/14	3.47	3.54	3.41	3.52	1596267	19122680.00
2014/02/17	3.53	3.66	3.51	3.60	2518968	31178616.00
2014/02/18	3.65	3.65	3.55	3.62	1792303	22164668.00
2014/02/19	3.60	3.77	3.52	3.77	4026142	50689448.00
2014/02/20	3.77	3.77	3.63	3.67	2598292	32793548.00
2014/02/21	3.64	3.68	3.51	3.57	2486651	30581972.00
2014/02/24	3.54	3.61	3.51	3.58	1442988	17565248.00
2014/02/25	3.60	3.66	3.44	3.48	3088325	37641592.00
2014/02/26	3.43	3.46	3.30	3.43	1632956	18924062.00
2014/02/27	3.41	3.47	3.29	3.31	1853651	21694164.00
2014/02/28	3.28	3.39	3.22	3.38	1292888	14695021.00
2014/03/03	3.34	3.46	3.28	3.43	791219	9307329.00
2014/03/04	3.43	3.45	3.38	3.43	761004	8967980.00
2014/03/05	3.43	3.46	3.41	3.43	617524	7295033.50
2014/03/06	3.46	3.47	3.36	3.43	785503	9230033.00
2014/03/07	3.46	3.48	3.41	3.44	579783	6864195.50
2014/03/10	3.40	3.43	3.25	3.31	1105748	12835927.00
2014/03/11	3.31	3.32	3.23	3.24	937169	10524500.00
2014/03/12	3.24	3.30	3.22	3.29	744684	8363926.50
2014/03/13	3.31	3.42	3.28	3.39	1223901	14210011.00
2014/03/14	3.37	3.41	3.33	3.37	457603	5286198.50
2014/03/17	3.34	3.54	3.34	3.54	1035868	12350788.00
2014/03/18	3.55	3.67	3.51	3.59	1893684	23509450.00
2014/03/19	3.65	3.65	3.54	3.57	937561	11449759.00
2014/03/20	3.57	3.62	3.43	3.43	887684	10760909.00
2014/03/21	3.49	3.49	3.31	3.47	1065511	12464860.00
2014/03/24	3.47	3.64	3.45	3.60	1521560	18660834.00
2014/03/25	3.58	3.66	3.54	3.61	1190245	14740521.00
2014/03/26	3.58	3.67	3.57	3.59	875702	10865327.00
2014/03/27	3.55	3.64	3.54	3.57	1870902	23089602.00
2014/03/28	3.55	3.55	3.22	3.26	4680051	53562768.00
2014/03/31	3.25	3.30	3.17	3.21	1451572	16077853.00
2014/04/01	3.21	3.30	3.19	3.29	755787	8438193.00
2014/04/02	3.31	3.31	3.22	3.26	691342	7765706.50
2014/04/03	3.22	3.28	3.22	3.28	637934	7165171.00
2014/04/04	3.29	3.36	3.25	3.34	731619	8385679.00
2014/04/08	3.34	3.39	3.30	3.34	519243	5984300.50
2014/04/09	3.34	3.40	3.33	3.37	550120	6359651.50
2014/04/10	3.37	3.43	3.34	3.42	1130561	13197251.00
2014/04/11	3.39	3.44	3.34	3.38	614183	7188938.00
2014/04/14	3.34	3.41	3.34	3.41	596415	6959558.00
2014/04/15	3.40	3.41	3.37	3.40	344770	4027079.50
2014/04/16	3.40	3.44	3.36	3.43	844748	9929292.00
2014/04/17	3.45	3.47	3.42	3.43	585565	6917209.50
2014/04/18	3.39	3.43	3.39	3.43	489786	5746331.50
2014/04/21	3.40	3.43	3.32	3.34	896748	10420052.00
2014/04/22	3.29	3.35	3.25	3.34	493739	5632870.00
2014/04/23	3.34	3.36	3.24	3.32	357874	4050172.50
2014/04/24	3.32	3.33	3.27	3.30	319123	3623768.75
2014/04/25	3.28	3.32	3.25	3.25	389801	4421390.00
2014/04/28	3.25	3.25	3.17	3.18	567113	6256534.50
2014/04/29	3.23	3.24	3.19	3.23	317846	3523836.50
2014/04/30	3.23	3.38	3.23	3.38	856873	9892882.00
2014/05/05	3.32	3.54	3.32	3.54	2383924	28473046.00
2014/05/06	3.53	3.78	3.52	3.68	4163627	52854768.00
2014/05/07	3.70	3.73	3.61	3.69	2320247	29338248.00
2014/05/08	3.68	3.78	3.58	3.60	1714891	21623024.00
2014/05/09	3.60	3.74	3.57	3.70	2757683	34687888.00
2014/05/12	3.76	3.77	3.67	3.75	2385564	30502428.00
2014/05/13	3.76	3.79	3.69	3.74	1777894	17485386.00
2014/05/14	3.73	3.94	3.69	3.93	3360480	34054036.00
2014/05/15	4.00	4.04	3.80	3.84	2768809	28316776.00
2014/05/16	3.77	3.95	3.76	3.84	2545554	25750856.00
2014/05/19	3.83	4.03	3.81	3.97	2874275	29683744.00
2014/05/20	3.96	4.10	3.92	4.10	3162506	33245860.00
2014/05/21	4.06	4.16	4.01	4.10	2387069	25608078.00
2014/05/22	4.08	4.13	3.81	3.93	3709609	39068900.00
2014/05/23	3.97	4.03	3.85	4.01	2248280	23270532.00
2014/05/26	4.04	4.28	3.93	4.20	4820525	52665004.00
2014/05/27	4.19	4.38	4.16	4.25	4198778	47203476.00
2014/05/28	4.25	4.32	4.14	4.29	2802633	31011492.00
2014/05/29	4.25	4.28	4.12	4.22	2570224	28119414.00
2014/05/30	4.18	4.28	4.12	4.19	2330666	25463894.00
2014/06/03	4.21	4.33	4.17	4.27	1921640	21387990.00
2014/06/04	4.26	4.26	4.06	4.14	2452679	26441908.00
2014/06/05	4.11	4.25	4.06	4.20	2366371	25681030.00
2014/06/06	4.21	4.21	4.04	4.09	1617549	17467648.00
2014/06/09	4.06	4.12	3.99	4.03	2134544	22561634.00
2014/06/10	4.03	4.10	3.99	4.10	1136956	12094957.00
2014/06/11	4.10	4.52	4.06	4.52	6938222	79768440.00
2014/06/12	4.51	4.58	4.42	4.54	3941613	46339348.00
2014/06/13	4.52	4.54	4.46	4.49	2114066	24841212.00
2014/06/16	4.51	4.69	4.46	4.64	4647000	55855204.00
2014/06/17	4.62	4.71	4.50	4.52	2558615	30567700.00
2014/06/18	4.48	4.53	4.40	4.46	1786448	20778626.00
2014/06/19	4.44	4.51	4.20	4.27	2229045	25496592.00
2014/06/20	4.33	4.34	4.19	4.31	2085405	23319434.00
2014/06/23	4.36	4.57	4.31	4.49	1672653	19478420.00
2014/06/24	4.52	4.54	4.36	4.46	1238429	14434243.00
2014/06/25	4.46	4.49	4.35	4.37	1074558	12350999.00
2014/06/26	4.32	4.44	4.32	4.38	1734416	19865006.00
2014/06/27	4.37	4.55	4.34	4.52	1946886	22796696.00
2014/06/30	4.53	4.67	4.45	4.55	1965269	23422140.00
2014/07/01	4.55	4.62	4.46	4.57	1412103	16805724.00
2014/07/02	4.57	4.77	4.53	4.73	3855481	47223352.00
2014/07/03	4.72	4.97	4.68	4.92	5455449	69496336.00
2014/07/04	4.87	4.98	4.83	4.83	3704117	47348092.00
2014/07/07	4.83	5.06	4.77	5.01	3531545	45428920.00
2014/07/08	5.01	5.02	4.82	4.98	2260171	29080806.00
2014/07/09	4.94	4.98	4.79	4.86	2082509	26487022.00
2014/07/10	4.86	4.94	4.79	4.85	1241529	15750738.00
2014/07/11	4.82	5.07	4.82	4.98	2099473	27339462.00
2014/07/14	4.98	5.17	4.92	5.14	1681834	22187500.00
2014/07/15	5.14	5.36	5.05	5.28	2033183	27717552.00
2014/07/16	5.24	5.33	5.06	5.14	1672048	22458020.00
2014/07/17	5.18	5.18	4.86	4.99	1968616	25393556.00
2014/07/18	4.95	5.07	4.84	4.88	1470490	18842580.00
2014/07/21	4.91	5.02	4.79	4.96	1234657	15756368.00
2014/07/22	4.93	5.03	4.90	5.01	981882	12723661.00
2014/07/23	5.00	5.06	4.75	4.81	1635380	20854528.00
2014/07/24	4.79	4.82	4.55	4.77	2799716	33915564.00
2014/07/25	4.75	4.87	4.66	4.83	1365587	16971002.00
2014/07/28	4.80	4.89	4.80	4.85	1014929	12810555.00
2014/07/29	4.88	5.07	4.85	5.02	2045313	26599524.00
2014/07/30	5.00	5.07	4.95	5.05	939153	12232787.00
2014/07/31	4.96	5.07	4.96	4.99	1181089	15367157.00
2014/08/01	4.99	4.99	4.82	4.88	1497615	19081988.00
2014/08/04	4.80	5.09	4.80	5.08	1870917	24419746.00
2014/08/05	5.17	5.18	5.00	5.08	719372	9463528.00
2014/08/06	5.15	5.15	5.00	5.09	859453	11373951.00
2014/08/07	5.09	5.32	5.07	5.13	1161718	15706976.00
2014/08/08	5.11	5.26	5.11	5.20	590078	8002349.50
2014/08/11	5.19	5.25	5.07	5.24	1258032	16849438.00
2014/08/12	5.24	5.30	5.15	5.24	779544	10599715.00
2014/08/13	5.22	5.26	5.03	5.17	1118797	14934450.00
2014/08/14	5.15	5.17	4.87	4.90	2530018	32976124.00
2014/08/15	4.87	5.20	4.87	5.19	2464350	32559058.00
2014/08/18	5.21	5.49	5.21	5.45	3045741	42368512.00
2014/08/19	5.45	5.56	5.39	5.45	1470601	20864106.00
2014/08/20	5.47	5.54	5.31	5.39	1606132	22716102.00
2014/08/21	5.46	5.46	5.27	5.37	916033	12757246.00
2014/08/22	5.44	5.48	5.33	5.45	958113	13496160.00
2014/08/25	5.46	5.56	5.32	5.38	1369020	19195054.00
2014/08/26	5.31	5.43	5.21	5.25	1529671	21046280.00
2014/08/27	5.21	5.33	5.20	5.26	591537	8135639.00
2014/08/28	5.27	5.37	5.22	5.27	818246	11243311.00
2014/08/29	5.24	5.38	5.24	5.34	798764	10976770.00
2014/09/01	5.31	5.37	5.17	5.27	1862112	25388684.00
2014/09/02	5.26	5.28	5.22	5.28	1999631	27323390.00
2014/09/03	5.27	5.54	5.25	5.53	3273551	45958644.00
2014/09/04	5.51	5.53	5.38	5.44	2037180	28668524.00
2014/09/05	5.38	5.44	5.33	5.40	2043956	28586974.00
2014/09/09	5.40	5.43	5.31	5.41	1486764	20815726.00
2014/09/10	5.40	5.73	5.40	5.64	2471222	35947584.00
2014/09/11	5.64	5.69	5.41	5.52	1544085	22150098.00
2014/09/12	5.52	5.58	5.46	5.54	1477057	21227942.00
2014/09/15	5.51	5.57	5.48	5.56	1742749	25080038.00
2014/09/16	5.53	6.13	5.51	5.78	6206019	94570456.00
2014/09/17	5.82	5.83	5.67	5.77	2025303	30252376.00
2014/09/18	5.77	6.17	5.72	6.12	2612127	40824144.00
2014/09/19	6.06	6.23	6.00	6.21	1829549	28893486.00
2014/09/22	6.23	6.29	6.06	6.16	1409785	22483516.00
2014/09/23	6.21	6.21	5.90	6.14	1307071	20525398.00
2014/09/24	6.07	6.17	5.99	6.08	1298631	20517562.00
2014/09/25	6.15	6.35	6.10	6.18	1290713	20916248.00
2014/09/26	6.06	6.21	6.05	6.15	958376	15204380.00
2014/09/29	6.16	6.29	6.10	6.14	1249982	20010158.00
2014/09/30	6.08	6.27	6.08	6.14	830394	13225821.00
2014/10/08	6.15	6.41	6.11	6.41	1935038	31332264.00
2014/10/09	6.44	6.70	6.32	6.59	1732079	29222596.00
2014/10/10	6.49	6.57	6.49	6.52	1176698	19858982.00
2014/10/13	6.52	6.52	6.32	6.45	1144303	18913312.00
2014/10/14	6.42	6.52	6.33	6.44	806010	13348500.00
2014/10/15	6.43	6.44	6.28	6.37	913020	15036444.00
2014/10/16	6.38	6.38	6.13	6.20	1214924	19736126.00
2014/10/17	6.20	6.20	5.57	5.88	3981281	59463148.00
2014/10/20	5.82	5.89	5.70	5.86	1300810	19674174.00
2014/10/21	5.91	6.01	5.83	5.86	1806036	27774018.00
2014/10/22	5.93	5.95	5.66	5.76	1503157	22586384.00
2014/10/23	5.76	5.77	5.61	5.64	1668871	24534896.00
2014/10/24	5.66	5.90	5.61	5.75	1004205	15104677.00
2014/10/27	5.64	5.98	5.64	5.87	983501	15009301.00
2014/10/28	5.87	6.15	5.87	6.13	1437642	22551830.00
2014/10/29	6.15	6.25	6.06	6.22	1542718	24722782.00
2014/10/30	6.27	6.27	6.10	6.14	872862	13951975.00
2014/10/31	6.12	6.21	6.10	6.16	1136470	18090474.00
2014/11/03	6.16	6.32	6.10	6.15	760481	12127733.00
2014/11/04	6.13	6.32	6.03	6.32	1457540	23559800.00
2014/11/05	6.37	6.37	6.07	6.29	1057254	17028066.00
2014/11/06	6.27	6.40	6.19	6.36	1046204	17153596.00
2014/11/07	6.36	6.43	6.27	6.40	1557247	25636406.00
2014/11/10	6.51	6.51	6.12	6.18	1193072	19207612.00
2014/11/11	6.18	6.28	5.83	5.91	2059603	31726132.00
2014/11/12	5.87	6.06	5.84	6.05	1792013	27722962.00
2014/11/13	6.05	6.13	5.94	6.04	2200753	34417124.00
2014/11/14	6.06	6.06	5.90	6.00	1050976	16291633.00
2014/11/17	6.00	6.03	5.92	6.03	857908	13360797.00
2014/11/18	6.02	6.02	5.82	5.94	1735035	26468680.00
2014/11/19	5.93	6.09	5.92	5.95	1519862	23567650.00
2014/11/20	5.89	5.99	5.87	5.92	861230	13224009.00
2014/11/21	5.91	5.97	5.86	5.95	628383	9666265.00
2014/11/24	5.99	6.10	5.93	6.00	1725575	26855254.00
2014/11/25	6.00	6.07	5.92	6.03	1065719	16572205.00
2014/11/26	6.07	6.08	5.97	6.00	1153772	17914562.00
2014/11/27	6.01	6.39	5.98	6.24	4369575	70311760.00
2014/11/28	6.18	6.51	6.13	6.34	3624639	59729328.00
2014/12/01	6.40	6.40	5.98	6.05	2646211	41791108.00
2014/12/02	6.05	6.31	6.01	6.26	2018577	32330968.00
2014/12/03	6.24	6.25	6.02	6.14	1842354	29094988.00
2014/12/04	6.09	6.15	6.04	6.13	1466496	23154856.00
2014/12/05	6.06	6.10	5.64	5.83	4003391	60604460.00
2014/12/08	5.78	5.81	5.57	5.69	2484301	36533636.00
2014/12/09	5.62	5.75	5.39	5.50	2687801	38454900.00
2014/12/10	5.41	5.67	5.41	5.52	1908570	27435186.00
2014/12/11	5.51	5.58	5.43	5.49	1749783	24953570.00
2014/12/12	5.50	5.66	5.49	5.62	1294440	18755144.00
2014/12/15	5.69	5.85	5.62	5.78	1537280	23015938.00
2014/12/16	5.82	5.84	5.63	5.64	1387852	20593072.00
2014/12/17	5.64	5.64	5.46	5.50	1337999	19215484.00
2014/12/18	5.56	5.77	5.48	5.59	1395785	20387292.00
2014/12/19	5.59	5.63	5.26	5.39	2201335	31072306.00
2014/12/22	5.41	5.50	4.84	5.00	4285816	56536124.00
2014/12/23	5.00	5.01	4.76	4.83	1622385	20685552.00
2014/12/24	4.90	5.08	4.74	5.07	4229166	53688288.00
2014/12/25	5.05	5.12	4.96	5.07	1153993	15098616.00
2014/12/26	5.05	5.20	4.94	5.03	1290034	16989640.00
2014/12/29	5.14	5.14	4.94	5.02	1012141	13250120.00
2014/12/30	5.11	5.11	4.79	4.83	1512300	19249738.00
2014/12/31	4.87	4.98	4.76	4.95	798572	10161540.00
2015/01/05	5.01	5.01	4.77	4.93	982545	12486242.00
2015/01/06	4.91	5.17	4.84	5.13	1451910	19049076.00
2015/01/07	5.13	5.22	5.03	5.07	824681	10906326.00
2015/01/08	5.07	5.14	5.03	5.10	678799	9024221.00
2015/01/09	5.13	5.17	5.02	5.02	978017	12942471.00
2015/01/12	4.97	4.97	4.85	4.89	518266	6610483.50
2015/01/13	4.94	5.08	4.94	5.05	619758	8087596.00
2015/01/14	5.05	5.06	4.97	5.05	550990	7185372.00
2015/01/15	5.05	5.18	4.98	5.16	1016895	13533120.00
2015/01/16	5.16	5.22	5.11	5.17	832894	11218559.00
2015/01/19	5.07	5.28	5.00	5.08	1236862	16616442.00
2015/01/20	5.04	5.31	5.04	5.29	1295843	17563876.00
2015/01/21	5.29	5.57	5.29	5.45	1500819	21261366.00
2015/01/22	5.53	5.54	5.41	5.53	925462	13209451.00
2015/01/23	5.53	5.58	5.41	5.54	998600	14251896.00
2015/01/26	5.58	5.84	5.55	5.76	1377432	20447928.00
2015/01/27	5.76	6.25	5.69	6.14	2983313	45817192.00
2015/01/28	6.10	6.23	6.08	6.12	1972171	31417864.00
2015/01/29	6.09	6.09	5.78	5.98	1477817	22838162.00
2015/01/30	5.97	6.10	5.94	6.02	1053308	16468112.00
2015/02/02	6.01	6.07	5.82	5.93	1128704	17451066.00
2015/02/03	5.88	6.05	5.88	5.93	1351768	20883646.00
2015/02/04	5.96	6.00	5.87	5.95	1191170	18319160.00
2015/02/05	5.98	5.99	5.89	5.90	783851	12069718.00
2015/02/06	5.90	5.90	5.62	5.72	836054	12487492.00
2015/02/09	5.72	5.72	5.57	5.69	523266	7642545.00
2015/02/10	5.69	5.82	5.63	5.81	522588	7777618.50
2015/02/11	5.82	5.86	5.73	5.78	1205446	18101702.00
2015/02/12	5.80	5.86	5.76	5.82	501310	7544485.50
2015/02/13	5.86	6.00	5.79	5.93	1029722	15857406.00
2015/02/16	6.13	6.13	5.88	5.89	1496302	23111986.00
2015/02/17	5.83	6.08	5.83	6.00	1827147	28428468.00
2015/02/25	6.00	6.53	6.00	6.39	2408149	38962696.00
2015/02/26	6.33	6.48	6.27	6.29	870728	14325282.00
2015/02/27	6.22	6.37	6.22	6.29	670517	10942444.00
2015/03/02	6.38	6.51	6.34	6.43	1117783	18640466.00
2015/03/03	6.43	6.52	6.19	6.25	1029200	16969736.00
2015/03/04	6.32	6.33	6.22	6.25	843814	13691511.00
2015/03/05	6.31	6.35	6.13	6.19	1216338	19511514.00
2015/03/06	6.19	6.25	6.10	6.12	1130260	18009650.00
2015/03/09	6.04	6.18	6.04	6.17	1125658	17825106.00
2015/03/10	6.08	6.35	6.08	6.18	1590604	25598184.00
2015/03/11	6.19	6.29	6.12	6.12	981330	15670940.00
2015/03/12	6.19	6.21	6.02	6.03	852700	13466134.00
2015/03/13	6.06	6.27	6.06	6.20	1052663	16867410.00
2015/03/16	6.29	6.34	6.18	6.31	2027792	33001560.00
2015/03/17	6.36	6.49	6.29	6.47	2560426	42523508.00
2015/03/18	6.51	6.91	6.49	6.84	3490210	61333928.00
2015/03/19	6.79	6.85	6.67	6.73	2055664	35793136.00
2015/03/20	6.79	6.79	6.60	6.72	1281232	22147776.00
2015/03/23	6.84	6.84	6.46	6.81	4474359	76467888.00
2015/03/24	6.73	6.73	6.49	6.65	2697442	46189996.00
2015/03/25	6.65	6.96	6.58	6.89	3668634	64410860.00
2015/03/26	6.87	6.93	6.57	6.72	2322601	40655960.00
2015/03/27	6.67	6.83	6.67	6.72	1173761	20514170.00
2015/03/30	6.72	6.89	6.65	6.74	2769777	48327960.00
2015/03/31	6.77	7.42	6.61	7.16	5378074	97744344.00
2015/04/01	7.40	7.89	7.40	7.89	4189795	84297840.00
2015/04/02	8.70	8.70	8.30	8.70	9484132	211624832.00
2015/04/03	8.54	9.06	8.22	8.42	11308607	248226832.00
2015/04/07	8.54	8.73	8.23	8.66	8319130	181833248.00
2015/04/08	8.53	9.51	7.95	9.51	9891569	222059248.00
2015/04/09	9.33	9.87	8.55	9.01	5836951	138877760.00
2015/04/10	8.88	9.33	8.62	8.99	3557512	82524272.00
2015/04/13	9.02	9.09	8.65	8.89	4118787	94001848.00
2015/04/14	8.89	8.99	8.66	8.67	3117800	70730208.00
2015/04/15	8.50	8.64	7.97	8.03	3416653	73147608.00
2015/04/16	8.05	8.40	7.84	8.06	3158406	66302692.00
2015/04/17	8.11	8.32	7.95	8.19	2555028	53519244.00
2015/04/20	8.03	8.34	7.86	7.91	3682402	76640264.00
2015/04/21	7.88	8.18	7.80	8.16	4223529	87653088.00
2015/04/22	8.16	8.64	8.15	8.50	5476630	119132648.00
2015/04/23	8.46	8.66	8.32	8.52	3844994	83994336.00
2015/04/24	8.49	8.49	8.15	8.25	3108929	66261360.00
2015/04/27	8.31	8.40	8.10	8.14	2375964	50422660.00
2015/04/28	8.15	8.15	7.67	7.75	2800355	56797988.00
2015/04/29	7.76	8.04	7.76	7.97	1589324	32428698.00
2015/04/30	7.97	8.27	7.95	8.10	1755079	36871176.00
2015/05/04	8.10	8.27	7.99	8.17	2451160	51558696.00
2015/05/05	8.15	8.22	7.86	7.93	1418142	29339032.00
2015/05/06	7.75	8.19	7.68	7.92	3262603	66972844.00
2015/05/07	7.75	7.99	7.67	7.69	1588639	32016640.00
2015/05/08	7.75	7.99	7.71	7.98	2862142	57938736.00
2015/05/11	7.99	8.74	7.94	8.47	5589584	120599608.00
2015/05/12	8.34	8.66	8.33	8.46	3519945	76878352.00
2015/05/13	8.51	8.92	8.38	8.68	7573565	168911536.00
2015/05/14	8.61	9.57	8.60	9.57	12739455	297326624.00
2015/05/15	9.99	9.99	9.40	9.47	17545357	439314176.00
2015/05/18	9.33	9.82	9.02	9.76	9267471	228156000.00
2015/05/19	9.80	9.90	9.46	9.54	7181434	176884672.00
2015/05/20	9.61	10.07	9.61	9.93	11547735	293314176.00
2015/05/21	9.90	10.94	9.89	10.94	12038785	332766400.00
2015/05/22	11.44	11.44	10.51	10.57	9584030	264155456.00
2015/05/25	10.33	11.09	9.99	10.48	10349250	277975232.00
2015/05/26	10.48	11.15	10.48	10.82	9045298	252852656.00
2015/05/27	11.38	11.91	11.03	11.91	22129896	662154496.00
2015/05/28	11.97	12.60	11.22	11.35	14768166	455991264.00
2015/05/29	11.50	12.29	10.79	11.63	11113134	328962784.00
2015/06/01	11.77	12.81	11.77	12.80	15898088	510038816.00
2015/06/02	12.76	12.88	12.27	12.80	13539496	436617600.00
2015/06/03	12.59	12.80	11.71	12.64	11612505	364463520.00
2015/06/04	12.29	12.37	11.37	11.85	6831674	206670144.00
2015/06/05	12.17	12.23	11.30	11.82	8454589	254344912.00
2015/06/08	11.65	11.65	10.62	10.75	14802869	412875968.00
2015/06/09	10.82	11.11	10.51	10.79	10530428	291276768.00
2015/06/10	11.18	11.70	10.79	11.65	11159375	326434080.00
2015/06/11	11.66	12.41	11.65	12.19	11429935	355207520.00
2015/06/12	12.19	13.08	12.09	12.87	9625418	312016896.00
2015/06/15	12.99	13.87	12.49	12.54	11021803	375743680.00
2015/06/16	12.57	12.67	11.30	11.85	7846454	240809248.00
2015/06/17	11.62	13.05	11.22	12.78	7917785	245313440.00
2015/06/18	12.60	13.28	12.09	12.49	9980283	328766752.00
2015/06/19	12.09	12.60	11.38	11.66	4623109	141956432.00
2015/06/23	11.70	12.08	10.48	11.41	7131525	203822496.00
2015/06/24	11.42	11.93	11.19	11.68	4768449	142053808.00
2015/06/25	11.68	11.99	10.59	10.79	3813239	110530248.00
2015/06/26	10.72	10.72	9.70	9.70	5482503	140110976.00
2015/06/29	9.88	9.92	8.72	8.72	4324900	98689312.00
2015/06/30	7.83	9.52	7.83	9.21	8778943	192218480.00
2015/07/01	9.05	9.76	8.28	8.28	6184147	144551888.00
2015/07/02	8.33	8.50	7.44	7.44	12918406	256487872.00
2015/07/03	6.98	7.41	6.68	6.68	8944105	120818720.00
2015/07/06	7.31	7.31	6.00	6.00	9938194	125731680.00
2015/07/07	5.43	5.72	5.39	5.39	3636173	39135728.00
2015/07/08	4.84	5.76	4.84	5.52	27091884	281444864.00
2015/07/09	5.37	6.09	5.37	6.09	9541560	112860240.00
2015/07/10	6.66	6.71	6.38	6.71	5116143	67849392.00
2015/07/13	7.38	7.39	6.81	7.39	15292297	222121408.00
2015/07/14	7.47	8.09	7.17	7.69	22157666	338071936.00
2015/07/15	7.32	7.55	6.91	6.91	7180333	101051936.00
2015/07/16	6.91	7.47	6.21	7.17	9462431	129591896.00
2015/07/17	7.20	7.90	7.17	7.84	9023378	136707440.00
2015/07/20	7.98	8.37	7.58	7.97	7832742	124634736.00
2015/07/21	7.83	8.20	7.64	7.86	7100406	111241376.00
2015/07/22	7.82	8.08	7.71	8.03	6679933	104301368.00
2015/07/23	8.02	8.50	7.93	8.30	7560178	122236240.00
2015/07/24	8.32	8.81	7.89	8.09	7761229	129917688.00
2015/07/27	7.85	8.17	7.27	7.27	6694284	101554344.00
2015/07/28	6.58	7.32	6.53	6.53	12758426	168329776.00
2015/07/29	6.61	6.86	6.14	6.81	6728961	86366160.00
2015/07/30	6.75	6.99	6.44	6.46	4878387	65348768.00
2015/07/31	6.31	6.50	6.04	6.18	4761765	59496676.00
2015/08/03	6.04	6.18	5.56	5.67	5444817	63263844.00
2015/08/04	5.64	6.25	5.64	6.25	6098870	72617784.00
2015/08/05	6.40	6.82	6.24	6.51	9519127	124508472.00
2015/08/06	6.35	6.70	6.28	6.59	3823809	49792508.00
2015/08/07	6.75	7.03	6.62	7.01	6010897	82072704.00
2015/08/10	7.10	7.72	6.90	7.72	8068312	116634080.00
2015/08/11	7.91	7.91	7.41	7.51	7739503	116704392.00
2015/08/12	7.54	7.71	7.38	7.38	4144170	61585644.00
2015/08/13	7.25	7.62	7.24	7.58	3971213	58522304.00
2015/08/14	7.63	8.08	7.63	7.85	6515577	100899728.00
2015/08/17	7.83	8.01	7.59	7.83	4491626	69312344.00
2015/08/18	7.83	7.99	7.04	7.04	6179492	92305840.00
2015/08/19	6.61	7.17	6.47	7.13	5355793	72699064.00
2015/08/20	7.06	7.30	6.84	6.85	4284818	60185880.00
2015/08/21	6.65	7.00	6.21	6.21	4187460	54412760.00
2015/08/24	6.10	6.10	5.58	5.58	5545920	62186540.00
2015/08/25	5.01	5.63	5.01	5.01	8796667	90585896.00
2015/08/26	5.10	5.52	4.86	5.32	10058274	107478040.00
2015/08/27	5.47	5.86	5.37	5.86	9017612	102150512.00
2015/08/28	6.10	6.42	5.92	6.33	5816065	70278704.00
2015/08/31	6.13	6.33	5.96	6.02	3895772	47162760.00
2015/09/01	5.85	6.08	5.47	5.53	3114931	35193896.00
2015/09/02	5.27	6.03	5.07	5.58	3143892	35434368.00
2015/09/07	5.78	6.04	5.64	5.71	4390144	50717364.00
2015/09/08	5.58	6.14	5.46	6.03	6026573	68668912.00
2015/09/09	6.01	6.60	6.01	6.55	7586122	94765872.00
2015/09/10	6.44	6.62	6.28	6.40	4125812	52805348.00
2015/09/11	6.40	6.59	6.33	6.54	4324403	55762700.00
2015/09/14	6.81	7.06	5.98	6.04	10172965	133613480.00
2015/09/15	5.77	6.29	5.57	5.66	5726229	68044800.00
2015/12/08	6.24	6.24	6.24	6.24	23650	293023.50
2015/12/09	6.87	6.87	6.87	6.87	9201	125409.63
2015/12/10	7.57	7.57	7.57	7.57	196660	2947933.50
2015/12/11	8.34	8.34	8.34	8.34	965976	15928944.00
2015/12/14	9.19	9.19	8.09	8.44	20248586	350162784.00
2015/12/15	8.04	8.86	8.03	8.71	12002176	201553776.00
2015/12/16	8.60	8.68	8.37	8.50	9694516	162316016.00
2015/12/17	8.47	8.81	8.31	8.79	9960956	168564208.00
2015/12/18	8.62	8.70	8.49	8.55	6567245	111313168.00
2015/12/21	8.52	8.86	8.33	8.72	8760776	148093744.00
2015/12/22	8.59	8.70	8.32	8.56	8843450	148307568.00
2015/12/23	8.49	8.97	8.34	8.39	10646981	181942512.00
2015/12/24	8.37	8.37	7.58	8.04	11090687	174342560.00
2015/12/25	8.08	8.12	7.83	8.10	7719379	121984088.00
2015/12/28	8.23	8.23	7.79	7.81	7987800	125996520.00
2015/12/29	7.68	7.93	7.66	7.81	4306278	66166072.00
2015/12/30	7.90	8.00	7.81	7.95	6711240	104867432.00
2015/12/31	8.11	8.11	7.60	7.63	7319160	112932848.00
2016/01/04	7.55	7.57	6.85	6.85	6226615	88207432.00
2016/01/05	6.56	6.85	6.29	6.64	8807569	114665744.00
2016/01/06	6.70	7.29	6.56	7.15	10827545	148174672.00
2016/01/07	6.98	7.88	6.92	7.57	10828795	163074016.00
2016/01/08	8.09	8.33	7.07	8.04	25057664	394572416.00
2016/01/11	7.58	8.68	7.27	7.88	22058503	355118016.00
2016/01/12	8.04	8.63	7.78	8.60	20768620	341347328.00
2016/01/13	8.54	8.54	7.72	7.72	14797782	239652976.00
2016/01/14	6.97	7.99	6.94	7.78	13393418	194712576.00
2016/01/15	7.56	8.01	7.01	7.17	9525406	142825008.00
2016/01/26	7.22	7.89	6.91	7.51	16929849	256879600.00
2016/01/27	7.09	7.28	6.74	6.74	7056610	95258952.00
2016/01/28	6.29	7.37	6.17	6.81	11158832	149429424.00
2016/01/29	6.84	7.22	6.82	6.99	6260389	87083216.00
2016/02/01	6.93	7.01	6.50	6.66	4464285	59910936.00
2016/02/02	6.72	7.32	6.61	7.08	6293781	87899696.00
2016/02/03	6.95	7.80	6.89	7.80	9540671	140909552.00
2016/02/04	7.73	8.04	7.61	7.83	9774581	151553648.00
2016/02/05	7.78	8.21	7.63	7.83	5832759	91250688.00
2016/02/15	7.52	8.29	7.38	8.09	7665028	120716744.00
2016/02/16	8.09	8.91	7.99	8.91	10088836	168601440.00
2016/02/17	8.91	9.80	8.78	9.54	17237533	320649600.00
2016/02/18	9.53	9.60	9.17	9.22	8373176	154411040.00
2016/02/19	9.13	9.47	8.97	9.03	8793188	158983872.00
2016/02/22	9.10	9.37	8.96	9.20	9335463	168779584.00
2016/02/23	9.14	9.19	8.52	8.73	11968125	209019232.00
2016/02/24	8.70	9.11	8.55	9.09	10577257	184875104.00
2016/02/25	8.96	9.06	8.17	8.17	9932143	165360112.00
2016/02/26	8.03	8.21	7.52	7.80	10172473	157447616.00
2016/02/29	7.73	7.82	7.01	7.01	7527361	106259744.00
2016/03/01	6.81	7.45	6.55	7.33	9237932	129282616.00
2016/03/02	7.32	7.73	7.22	7.65	10076625	149482864.00
2016/03/03	7.58	8.18	7.50	7.62	9407631	146096928.00
2016/03/04	7.61	7.68	6.90	7.11	7665947	110504904.00
2016/03/07	7.14	7.61	7.14	7.31	7040264	103581840.00
2016/03/08	7.32	7.65	6.82	7.57	6501337	93903312.00
2016/03/09	7.55	7.80	7.31	7.52	5834077	87794192.00
2016/03/10	7.49	7.68	7.32	7.35	3973496	58941712.00
2016/03/11	7.06	7.41	7.06	7.35	3062947	43750376.00
2016/03/14	7.52	8.05	7.42	7.88	6375051	98946200.00
2016/03/15	7.79	8.27	7.79	7.90	6014446	95494160.00
2016/03/16	8.01	8.08	7.63	7.71	3274101	50691352.00
2016/03/17	7.71	8.31	7.70	8.31	5995444	96227104.00
2016/03/18	8.31	8.74	8.26	8.52	7453449	125636320.00
2016/03/21	8.55	8.95	8.39	8.83	6931613	118998304.00
2016/03/22	8.70	8.83	8.55	8.71	4818810	82698920.00
2016/03/23	8.68	8.68	8.34	8.60	4767789	80213320.00
2016/03/24	8.54	8.70	8.30	8.49	3375752	56746284.00
2016/03/25	8.38	8.75	8.35	8.70	3487956	59473380.00
2016/03/28	8.68	8.99	8.49	8.50	3739007	64754596.00
2016/03/29	8.50	8.55	7.99	7.99	3851019	62479912.00
2016/03/30	8.09	8.34	7.84	8.32	5230855	84111424.00
2016/03/31	8.28	8.54	8.19	8.34	5058819	83390848.00
2016/04/01	8.19	8.30	7.87	8.09	3720008	59230728.00
2016/04/05	8.18	8.50	8.09	8.41	3727252	61529392.00
2016/04/06	8.41	8.75	8.32	8.39	4616134	77551840.00
2016/04/07	8.52	8.72	8.29	8.57	9963392	168375104.00
2016/04/08	8.60	9.43	8.60	9.43	19861377	360362784.00
2016/04/11	9.16	9.71	9.06	9.59	16602847	305299968.00
2016/04/12	9.41	9.48	8.98	9.13	9450623	171256384.00
2016/04/13	9.05	9.58	9.00	9.17	10049286	183453472.00
2016/04/14	9.17	9.20	8.96	9.10	5437976	97390856.00
2016/04/15	9.12	9.14	8.75	8.91	6310035	110996048.00
2016/04/18	8.88	9.08	8.75	9.03	5283912	93405184.00
2016/04/19	9.01	9.11	8.72	8.96	6524000	114338360.00
2016/04/20	9.04	9.04	8.06	8.37	11098747	185669872.00
2016/04/21	8.38	8.49	8.17	8.44	4761850	78891896.00
2016/04/22	8.27	8.65	8.27	8.60	3820720	64419148.00
2016/04/25	8.53	8.60	8.18	8.48	2887512	47817620.00
2016/04/26	8.44	8.60	8.34	8.55	1983214	33298388.00
2016/04/27	8.53	8.81	8.50	8.62	4033759	69063880.00
2016/04/28	8.59	8.68	8.27	8.47	3832292	64054788.00
2016/04/29	8.41	8.45	7.94	8.31	2472540	40732728.00
2016/05/03	8.40	8.69	8.32	8.66	3878252	65837784.00
2016/05/04	8.66	8.73	8.54	8.62	3282308	56031984.00
2016/05/05	8.58	8.89	8.49	8.82	4508741	77454240.00
2016/05/06	8.94	8.94	8.21	8.21	6731495	113439168.00
2016/05/09	8.00	8.09	7.38	7.38	8822335	133682408.00
2016/05/10	7.27	7.52	7.17	7.40	2612024	38416072.00
2016/05/11	7.47	7.55	7.28	7.37	1989194	29170630.00
2016/05/12	7.25	7.36	7.06	7.30	1696982	24250692.00
2016/05/13	7.34	7.50	7.27	7.37	1567211	22947336.00
2016/05/16	7.33	7.57	7.16	7.49	1827435	26621986.00
2016/05/17	7.45	7.56	7.27	7.44	3340418	48774592.00
2016/05/18	7.43	7.68	6.98	7.16	3911560	55801396.00
2016/05/19	7.14	7.63	7.04	7.09	3985077	57384656.00
2016/05/20	6.84	7.11	6.81	7.03	3403412	46863612.00
2016/05/23	7.02	7.11	7.02	7.09	1787341	25021930.00
2016/05/24	7.08	7.08	6.90	6.95	1830929	25274808.00
2016/05/25	6.97	7.08	6.92	6.94	1923173	26709388.00
2016/05/26	6.97	6.99	6.55	6.97	3954226	52781296.00
2016/05/27	6.89	6.96	6.83	6.93	2379420	32503840.00
2016/05/30	6.93	7.20	6.87	7.17	3448264	48428972.00
2016/05/31	7.19	7.49	7.17	7.42	3514358	51326960.00
2016/06/01	7.44	7.65	7.43	7.46	4235369	48353676.00
2016/06/02	7.46	7.52	7.36	7.47	3051843	34480464.00
2016/06/03	7.48	7.52	7.35	7.42	2902425	32770426.00
2016/06/06	7.43	7.57	7.30	7.49	3863416	43719704.00
2016/06/07	7.41	7.51	7.37	7.40	1915185	21587428.00
2016/06/08	7.37	7.44	7.34	7.40	1728158	19446262.00
2016/06/13	7.23	7.33	6.93	6.96	2685030	29303594.00
2016/06/14	6.97	7.03	6.88	6.95	1651653	17453952.00
2016/06/15	6.94	7.29	6.81	7.19	3740903	40415508.00
2016/06/16	7.16	7.31	7.00	7.02	4032098	43942216.00
2016/06/17	7.14	7.35	7.08	7.13	3529326	38562776.00
2016/06/20	7.20	7.85	7.01	7.85	6164574	70523592.00
2016/06/21	8.03	8.32	7.78	7.89	9953920	121274784.00
2016/06/22	8.03	8.37	7.68	8.22	7907484	98496856.00
2016/06/23	8.07	8.22	7.89	7.96	5035373	61253852.00
2016/06/24	7.96	8.04	7.37	7.76	6026957	70894688.00
2016/06/27	7.59	8.24	7.59	8.09	5537163	67291456.00
2016/06/28	8.16	8.16	7.96	8.04	2897678	35350544.00
2016/06/29	8.01	8.19	7.94	8.02	2597416	31739202.00
2016/06/30	8.02	8.07	7.91	8.01	2244492	27193770.00
2016/07/01	8.35	8.82	8.14	8.21	7371072	94251952.00
2016/07/04	8.13	8.65	7.97	8.53	9723256	124483008.00
2016/07/05	8.43	8.81	8.43	8.53	6878784	90528376.00
2016/07/06	8.51	8.79	8.45	8.73	4744447	62170828.00
2016/07/07	8.73	8.84	8.50	8.61	3386844	44393288.00
2016/07/08	8.59	8.63	8.39	8.45	2927520	37737208.00
2016/07/11	8.42	8.55	8.31	8.31	2492345	31834482.00
2016/07/12	8.33	8.48	8.15	8.42	2725713	34421180.00
2016/07/13	8.42	8.54	8.27	8.35	3138209	39784256.00
2016/07/14	8.41	8.56	8.30	8.42	2374454	30354706.00
2016/07/15	8.37	8.37	7.97	8.05	8209071	100974608.00
2016/07/18	8.11	8.11	7.81	7.98	3168513	38294516.00
2016/07/19	8.01	8.06	7.89	8.03	2091081	25359440.00
2016/07/20	8.03	8.09	7.96	8.03	2478489	30232490.00
2016/07/21	8.06	8.10	7.97	8.00	1911844	23373594.00
2016/07/22	7.98	8.07	7.89	7.91	1502618	18174796.00
2016/07/25	7.89	7.95	7.81	7.83	3104604	37059752.00
2016/07/26	7.79	7.98	7.73	7.97	2174324	26116844.00
2016/07/27	7.96	8.01	7.55	7.61	4348702	51448344.00
2016/07/28	7.63	7.71	7.55	7.69	1989555	23098980.00
2016/07/29	7.65	7.69	7.47	7.48	1724042	19777098.00
2016/08/01	7.48	7.48	7.09	7.09	4139019	45415572.00
2016/08/02	7.09	7.61	7.03	7.59	4334358	48875964.00
2016/08/03	7.59	7.65	7.45	7.45	3215967	36993688.00
2016/08/04	7.46	7.65	7.45	7.59	2388582	27387506.00
2016/08/05	7.59	7.67	7.53	7.55	2024505	23429418.00
2016/08/08	7.57	7.81	7.46	7.75	2057104	24130834.00
2016/08/09	7.66	7.79	7.61	7.67	2233589	26134332.00
2016/08/10	7.70	7.79	7.65	7.67	2224869	26147272.00
2016/08/11	7.65	8.01	7.64	7.87	3744143	44733216.00
2016/08/12	7.77	7.92	7.77	7.85	1834260	21837728.00
2016/08/15	7.76	8.13	7.74	8.03	4367972	53043084.00
2016/08/16	8.02	8.03	7.82	7.97	5542667	66674676.00
2016/08/17	7.97	7.97	7.77	7.88	2547950	30444844.00
2016/08/18	7.88	7.88	7.59	7.64	5436847	63478520.00
2016/08/19	7.60	7.67	7.35	7.46	5114362	58057036.00
2016/08/22	7.45	7.52	7.40	7.45	2926849	33194990.00
2016/08/23	7.45	7.56	7.35	7.48	3001605	34096280.00
2016/08/24	7.48	7.54	7.43	7.52	2062442	23552008.00
2016/08/25	7.47	7.61	7.43	7.60	2703468	30879164.00
2016/08/26	7.57	7.66	7.53	7.59	1857298	21488340.00
2016/08/29	7.63	7.71	7.56	7.57	2239500	25965662.00
2016/08/30	7.54	7.61	7.43	7.47	1911419	21742692.00
2016/08/31	7.46	7.51	7.42	7.46	1555344	17629962.00
2016/09/01	7.43	7.47	7.36	7.37	1850030	20850924.00
2016/09/02	7.38	7.43	7.33	7.39	1291680	14510965.00
2016/09/05	7.45	7.47	7.35	7.37	1219872	13736183.00
2016/09/06	7.41	7.47	7.26	7.45	2493942	27926062.00
2016/09/07	7.45	7.56	7.40	7.56	3044441	34771360.00
2016/09/08	7.57	7.60	7.48	7.53	2057977	23549576.00
2016/09/09	7.53	7.84	7.49	7.64	4882362	57421176.00
2016/09/12	7.57	7.57	7.30	7.35	2688655	30205232.00
2016/09/13	7.50	7.56	7.36	7.47	1353087	15321472.00
2016/09/14	7.44	7.47	7.34	7.39	1149900	12959686.00
2016/09/19	7.39	7.57	7.36	7.51	1967639	22428974.00
2016/09/20	7.51	7.52	7.43	7.44	996354	11284709.00
2016/09/21	7.52	7.52	7.45	7.47	821432	9350077.00
2016/09/22	7.52	7.63	7.45	7.54	2024480	23272212.00
2016/09/23	7.53	7.59	7.50	7.51	1139092	13038691.00
2016/09/26	7.55	7.55	7.39	7.39	1897738	21602920.00
2016/09/27	7.39	7.53	7.33	7.47	1624831	18320654.00
2016/09/28	7.52	7.71	7.45	7.61	2691619	31042072.00
2016/09/29	7.63	7.66	7.54	7.54	1744588	20176316.00
2016/09/30	7.58	7.63	7.54	7.59	862472	9961082.00
2016/10/10	7.59	8.03	7.59	7.93	4964158	59308936.00
2016/10/11	7.89	8.09	7.83	7.93	4373764	53140056.00
2016/10/12	7.92	7.96	7.85	7.92	1756208	21127884.00
2016/10/13	7.91	8.05	7.89	7.92	1706539	20669312.00
2016/10/14	7.93	8.02	7.80	7.89	1677384	20087744.00
2016/10/17	7.95	7.95	7.71	7.77	1969700	23448346.00
2016/10/18	7.77	7.91	7.71	7.83	1924430	22878544.00
2016/10/19	7.81	7.89	7.66	7.73	2499248	29433488.00
2016/10/20	7.73	7.80	7.69	7.72	2445156	28742130.00
2016/10/21	7.77	8.19	7.67	8.04	10410476	126924160.00
2016/10/24	8.01	8.13	7.87	7.95	4559240	55133360.00
2016/10/25	7.94	7.99	7.86	7.93	2638759	31664912.00
2016/10/26	7.95	7.95	7.77	7.86	2262511	27023434.00
2016/10/27	7.81	7.91	7.76	7.85	1711973	20376210.00
2016/10/28	7.86	7.87	7.72	7.72	2178248	25787782.00
2016/10/31	7.69	7.79	7.64	7.76	1470854	17267188.00
2016/11/01	7.72	7.82	7.71	7.79	2227883	26285110.00
2016/11/02	7.75	7.81	7.67	7.75	2353710	27660900.00
2016/11/03	7.69	7.81	7.69	7.81	3069763	36205544.00
2016/11/04	7.81	8.08	7.69	7.70	3336908	39745420.00
2016/11/07	7.66	7.73	7.57	7.63	2712059	31503790.00
2016/11/08	7.63	7.72	7.60	7.67	1946837	22681770.00
2016/11/09	7.66	7.68	7.44	7.56	2335864	26890574.00
2016/11/10	7.74	7.74	7.53	7.59	2634708	30441586.00
2016/11/11	7.61	7.68	7.58	7.66	2149652	24910092.00
2016/11/14	7.66	7.74	7.61	7.71	2827754	33105530.00
2016/11/15	7.75	7.77	7.58	7.67	3264046	37952404.00
2016/11/16	7.67	7.69	7.63	7.67	3304947	38493664.00
2016/11/17	7.66	7.72	7.61	7.71	2407483	28096678.00
2016/11/18	7.71	7.74	7.63	7.63	1885974	22015644.00
2016/11/21	7.63	7.66	7.59	7.63	2789231	32334482.00
2016/11/22	7.62	7.68	7.59	7.67	2992750	34780972.00
2016/11/23	7.66	7.74	7.65	7.70	3654244	42772564.00
2016/11/24	7.71	7.81	7.60	7.63	3480757	40900408.00
2016/11/25	7.61	7.74	7.54	7.73	3308063	38474772.00
2016/11/28	7.73	7.81	7.62	7.79	3946680	46389612.00
2016/11/29	7.74	7.79	7.64	7.67	3185505	37275604.00
2016/11/30	7.65	7.73	7.61	7.63	2155022	25126938.00
2016/12/01	7.63	7.74	7.63	7.65	1789082	20844670.00
2016/12/02	7.75	7.75	7.47	7.49	2304350	26529072.00
2016/12/05	7.40	7.51	7.36	7.43	1743393	19731736.00
2016/12/06	7.45	7.51	7.39	7.39	1231071	13921453.00
2016/12/07	7.39	7.45	7.31	7.43	2598688	29085068.00
2016/12/08	7.35	7.43	7.27	7.28	2108037	23553240.00
2016/12/09	7.29	7.35	7.26	7.29	2348083	26087732.00
2016/12/12	7.26	7.33	6.89	6.89	3621288	39256944.00
2016/12/13	6.87	6.89	6.51	6.60	4539460	45762112.00
2016/12/14	6.60	6.65	6.51	6.59	2909776	29160278.00
2016/12/15	6.52	6.68	6.52	6.63	1850396	18645834.00
2016/12/16	6.59	6.69	6.59	6.65	1238066	12554416.00
2016/12/19	6.67	6.69	6.56	6.56	2508532	25293818.00
2016/12/20	6.57	6.65	6.50	6.65	1399023	14076748.00
2016/12/21	6.65	6.73	6.63	6.65	2346026	23879080.00
2016/12/22	6.65	6.71	6.51	6.54	3461482	34619964.00
2016/12/23	6.56	6.56	6.19	6.38	3604000	34913256.00
2016/12/26	6.29	6.39	6.13	6.37	2917980	27698520.00
2016/12/27	6.35	6.44	6.30	6.33	2534485	24593320.00
2016/12/28	6.35	6.39	6.23	6.27	2818328	27186886.00
2016/12/29	6.25	6.33	6.23	6.25	1423350	13617795.00
2016/12/30	6.27	6.36	6.25	6.34	1601512	15441201.00
2017/01/03	6.35	6.55	6.35	6.47	3544116	34983720.00
2017/01/04	6.47	6.55	6.41	6.51	2319854	22971648.00
2017/01/05	6.55	6.68	6.50	6.56	2643090	26676758.00
2017/01/06	6.57	6.65	6.46	6.54	2209798	22095060.00
2017/01/09	6.48	6.55	6.43	6.53	1458056	14419256.00
2017/01/10	6.49	6.56	6.47	6.52	1335066	13273825.00
2017/01/11	6.52	6.81	6.49	6.69	3663122	37425300.00
2017/01/12	6.66	6.70	6.49	6.55	2234048	22419450.00
2017/01/13	6.52	6.55	6.16	6.21	2349409	22722920.00
2017/01/16	6.22	6.31	5.59	5.83	4344769	39482236.00
2017/01/17	5.80	5.89	5.50	5.77	3725145	32399142.00
2017/01/18	5.73	5.78	5.61	5.65	2435346	21229404.00
2017/01/19	5.62	6.22	5.59	6.22	4538091	40825652.00
2017/01/20	6.29	6.85	6.16	6.57	9105173	90836504.00
2017/01/23	6.74	6.75	6.33	6.42	6641600	65374272.00
2017/01/24	6.47	6.47	6.11	6.15	4588287	43707148.00
2017/01/25	6.16	6.20	6.09	6.09	3641599	34119204.00
2017/01/26	6.09	6.17	5.97	6.11	3621198	33438874.00
2017/02/03	6.09	6.11	5.99	6.01	4028215	37124364.00
2017/02/06	6.05	6.11	5.99	6.06	3616043	33358886.00
2017/02/07	6.09	6.19	6.02	6.08	2996327	27824938.00
2017/02/08	6.06	6.14	6.03	6.13	2149903	19963042.00
2017/02/09	6.13	6.47	6.11	6.37	5257554	50770168.00
2017/02/10	6.33	6.38	6.19	6.21	3561777	34077056.00
2017/02/13	6.15	6.25	6.09	6.21	3220636	30300004.00
2017/02/14	6.17	6.20	6.07	6.10	2608928	24369514.00
2017/02/15	6.12	6.19	6.07	6.13	2416744	22628610.00
2017/02/16	6.17	6.36	6.17	6.33	3507676	33511508.00
2017/02/17	6.36	6.37	6.15	6.15	2340375	22333752.00
2017/02/20	6.13	6.19	6.09	6.19	1439383	13508159.00
2017/02/21	6.19	6.31	6.19	6.28	1890100	18015614.00
2017/02/22	6.28	6.31	6.22	6.23	1810254	17278612.00
2017/02/23	6.21	6.35	6.11	6.33	2921612	27850242.00
2017/02/24	6.31	6.42	6.25	6.36	2344700	22669964.00
2017/02/27	6.35	6.53	6.27	6.49	3128896	30551124.00
2017/02/28	6.35	6.55	6.35	6.55	4681471	46181648.00
2017/03/01	6.55	6.99	6.43	6.88	8455651	84872408.00
2017/03/02	6.82	6.99	6.69	6.81	6896031	71534528.00
2017/03/03	6.78	6.81	6.70	6.76	5490534	56407900.00
2017/03/06	6.77	6.77	6.64	6.69	3376041	34450876.00
2017/03/07	6.75	6.75	6.59	6.65	2533525	25671102.00
2017/03/08	6.64	6.72	6.62	6.70	2530417	25742450.00
2017/03/09	6.70	6.71	6.51	6.52	2777215	27862738.00
2017/03/10	6.52	6.57	6.46	6.52	1686112	16758570.00
2017/03/13	6.55	6.84	6.55	6.79	5877876	60514640.00
2017/03/14	6.71	6.79	6.63	6.63	3083521	31511070.00
2017/03/15	6.63	6.76	6.50	6.65	3736400	37969264.00
2017/03/16	6.69	6.75	6.65	6.72	2469022	25241272.00
2017/03/17	6.81	6.99	6.77	6.83	11167565	117187440.00
2017/03/20	6.81	7.06	6.79	6.95	5376113	56759188.00
2017/03/21	6.98	6.98	6.85	6.89	2731496	28681642.00
2017/03/22	6.85	6.89	6.73	6.82	2664614	27570504.00
2017/03/23	6.82	6.88	6.76	6.86	2474288	25719392.00
2017/03/24	6.83	6.95	6.83	6.91	2156175	22566588.00
2017/03/27	6.95	7.01	6.89	6.92	3254198	34464960.00
2017/03/28	6.89	6.95	6.76	6.82	1813462	18848430.00
2017/03/29	6.87	6.89	6.57	6.60	2943994	30111514.00
2017/03/30	6.63	6.68	6.47	6.51	2606950	25989420.00
2017/03/31	6.47	6.59	6.41	6.43	2247385	22178180.00
2017/04/05	6.44	6.63	6.40	6.57	3399046	33791180.00
2017/04/06	6.57	6.69	6.51	6.61	2536421	25649630.00
2017/04/07	6.64	6.74	6.57	6.63	2849097	28898828.00
2017/04/10	6.63	6.67	6.48	6.50	2242987	22300534.00
2017/04/11	6.45	6.56	6.39	6.56	2672505	26313080.00
2017/04/12	6.55	6.60	6.48	6.51	1455594	14502420.00
2017/04/13	6.49	6.58	6.49	6.55	1095865	10914022.00
2017/04/14	6.55	6.67	6.50	6.67	2561005	25814406.00
2017/04/17	6.63	6.63	6.15	6.29	4185225	40887872.00
2017/04/18	6.27	6.36	5.98	6.11	3699124	34448108.00
2017/04/19	6.07	6.09	5.88	6.04	1975844	17984534.00
2017/04/20	6.03	6.26	5.97	6.26	1846717	17303854.00
2017/04/21	6.20	6.90	6.20	6.76	10813758	109535448.00
2017/04/24	6.63	6.87	6.41	6.68	8349847	84699128.00
2017/04/25	6.70	7.28	6.57	6.65	12223102	125460056.00
2017/04/26	6.69	6.71	6.31	6.35	9404078	92529520.00
2017/04/27	6.21	6.33	5.93	6.07	7642012	70575648.00
2017/04/28	6.08	6.12	5.99	6.03	4606666	42504440.00
2017/05/02	6.00	6.12	5.95	5.97	4296459	39445308.00
2017/05/03	5.98	6.01	5.87	5.91	4131433	37412296.00
2017/05/04	5.91	5.96	5.81	5.82	2835436	25458332.00
2017/05/05	5.81	6.06	5.77	5.92	3631717	32782556.00
2017/05/08	5.87	5.95	5.84	5.89	1675440	15092253.00
2017/05/09	5.88	6.01	5.85	5.97	2723715	24783362.00
2017/05/10	5.99	6.00	5.83	5.83	2473473	22382066.00
2017/05/11	5.83	5.83	5.42	5.61	6714047	57410968.00
2017/05/12	5.61	5.73	5.55	5.70	2608085	22532086.00
2017/05/15	5.70	5.87	5.70	5.82	1740960	15447255.00
2017/05/16	5.81	5.91	5.71	5.91	1615319	14434856.00
2017/05/17	5.97	6.16	5.85	5.86	3840903	34878364.00
2017/05/18	5.83	5.91	5.79	5.90	2564009	22844826.00
2017/05/19	5.88	5.93	5.86	5.87	1671161	15050128.00
2017/05/22	5.88	6.04	5.88	5.98	4766880	43446136.00
2017/05/23	5.95	6.05	5.87	5.89	2944994	26910204.00
2017/05/24	5.83	5.97	5.79	5.95	1835384	16513071.00
2017/05/25	5.90	6.03	5.89	6.02	2368854	21660412.00
2017/05/26	6.03	6.03	5.98	5.99	976267	8952374.00
2017/05/31	6.00	6.23	5.89	5.92	1916199	17527700.00
2017/06/01	5.93	5.99	5.60	5.61	2749461	24128800.00
2017/06/02	5.61	5.71	5.61	5.71	974395	8446543.00
2017/06/05	5.75	5.79	5.69	5.73	972580	8536991.00
2017/06/06	5.71	5.77	5.69	5.72	881127	7709008.00
2017/06/07	5.75	5.87	5.71	5.85	2224353	19696890.00
2017/06/08	5.83	5.87	5.77	5.85	1181753	10511845.00
2017/06/09	5.85	5.85	5.75	5.81	1528787	13498962.00
2017/06/12	5.78	5.81	5.70	5.71	1097296	9645830.00
2017/06/13	5.69	5.86	5.69	5.83	1955539	17380424.00
2017/06/14	5.87	5.87	5.75	5.83	1508520	13365536.00
2017/06/15	5.83	5.95	5.81	5.92	2146752	19344656.00
2017/06/16	5.90	5.95	5.87	5.95	2095900	18923648.00
2017/06/19	5.94	6.00	5.94	5.97	2352946	21453566.00
2017/06/20	6.09	6.19	6.01	6.05	3538240	32830526.00
2017/06/21	6.08	6.09	5.97	6.02	2101118	19288396.00
2017/06/22	6.05	6.07	5.93	5.94	2585489	23585378.00
2017/06/23	6.05	6.05	5.93	6.01	2445166	22192316.00
2017/06/26	6.01	6.04	5.97	6.03	2313869	21146510.00
2017/06/27	5.99	6.06	5.99	6.01	2499604	22886150.00
2017/06/28	5.99	6.02	5.95	6.01	2509470	22840818.00
2017/06/29	6.03	6.05	6.00	6.03	1621500	14855503.00
2017/06/30	6.09	6.16	5.99	6.11	2548188	23490306.00
2017/07/03	6.19	6.20	6.07	6.14	3097380	28784640.00
2017/07/04	6.15	6.17	6.09	6.12	2038290	18950198.00
2017/07/05	6.24	6.54	6.21	6.31	9890915	95403680.00
2017/07/06	6.26	6.32	6.17	6.21	5774135	54588232.00
2017/07/07	6.16	6.18	6.06	6.11	4714040	43723908.00
2017/07/10	6.11	6.11	5.97	6.01	5224679	47845780.00
2017/07/11	5.99	6.39	5.94	6.27	9820356	91885272.00
2017/07/12	6.32	6.32	5.97	6.08	6436727	59662424.00
2017/07/13	6.05	6.69	5.99	6.49	21947078	213948544.00
2017/07/14	6.43	6.44	6.29	6.33	7535754	72710200.00
2017/07/17	6.23	6.33	6.02	6.09	8650032	80621288.00
2017/07/18	6.03	6.23	6.01	6.18	5908620	55065676.00
2017/07/19	6.12	6.23	6.03	6.20	6780711	63131516.00
2017/07/20	6.18	6.30	6.12	6.21	6327718	59804576.00
2017/07/21	6.12	6.17	6.03	6.05	6285009	58145368.00
2017/07/24	6.01	6.09	5.99	6.09	3335770	30631548.00
2017/07/25	6.09	6.11	6.00	6.05	2665746	24532322.00
2017/07/26	6.05	6.09	5.90	5.90	4756852	43248176.00
2017/07/27	5.91	6.11	5.89	6.09	5361158	48987016.00
2017/07/28	6.14	6.16	6.00	6.03	5157858	47513164.00
2017/07/31	6.04	6.05	5.95	6.04	3471932	31591936.00
2017/08/01	6.06	6.06	5.94	5.99	2805766	25574858.00
2017/08/02	5.97	6.02	5.93	5.94	2928553	26580608.00
2017/08/03	5.93	6.02	5.86	5.96	3118285	28222668.00
2017/08/04	5.95	6.01	5.92	5.93	2364828	21390180.00
2017/08/07	5.96	6.04	5.93	6.03	2392049	21769762.00
2017/08/08	6.00	6.05	5.98	6.01	2403843	21970090.00
2017/08/09	5.97	6.04	5.97	6.01	1489107	13599087.00
2017/08/10	6.03	6.03	5.91	5.94	1950808	17685614.00
2017/08/11	5.94	5.96	5.84	5.85	2385897	21431400.00
2017/08/14	5.89	5.97	5.86	5.96	1466660	13242036.00
2017/08/15	5.97	5.99	5.93	5.97	1481652	13422782.00
2017/08/16	5.99	6.03	5.95	6.01	2262971	20623364.00
2017/08/17	6.03	6.03	5.98	6.01	2888649	26315908.00
2017/08/18	5.99	6.00	5.95	5.97	1656972	15051857.00
2017/08/21	5.99	6.21	5.95	6.07	5236626	48535696.00
2017/08/22	6.09	6.15	6.03	6.07	3723858	34357428.00
2017/08/23	6.05	6.09	5.97	5.99	2478093	22649634.00
2017/08/24	5.97	6.09	5.97	5.99	2438462	22304218.00
2017/08/25	5.99	6.09	5.99	6.03	2453240	22550518.00
2017/08/28	6.05	6.10	6.02	6.07	2509918	23163644.00
2017/08/29	6.10	6.10	6.05	6.09	2075550	19168058.00
2017/08/30	6.07	6.15	6.07	6.11	2762799	25670502.00
2017/08/31	6.12	6.14	6.07	6.13	2535074	23500978.00
2017/09/01	6.15	6.24	6.12	6.23	4235256	39749684.00
2017/09/04	6.23	6.23	6.14	6.15	3633100	34064904.00
2017/09/05	6.11	6.23	6.10	6.19	3338825	31399600.00
2017/09/06	6.18	6.27	6.12	6.26	2918619	27624344.00
2017/09/07	6.29	6.35	6.19	6.21	4275327	40799736.00
2017/09/08	6.21	6.31	6.17	6.27	3173974	30016312.00
2017/09/11	6.27	6.48	6.25	6.40	6188603	60134936.00
2017/09/12	6.40	6.47	6.35	6.38	3617860	35220448.00
2017/09/13	6.33	6.43	6.26	6.41	2627715	25271604.00
2017/09/14	6.42	6.43	6.30	6.31	2371692	22867828.00
2017/09/15	6.29	6.35	6.27	6.29	1310890	12538159.00
2017/09/18	6.33	6.33	6.20	6.25	2953626	27984300.00
2017/09/19	6.22	6.27	6.19	6.26	2195815	20802264.00
2017/09/20	6.25	6.31	6.20	6.31	1645785	15647207.00
2017/09/21	6.27	6.45	6.26	6.35	4215470	40801896.00
2017/09/22	6.35	6.37	6.25	6.34	2011008	19340706.00
2017/09/25	6.29	6.40	6.25	6.38	2170533	20939076.00
2017/09/26	6.37	6.39	6.29	6.33	1703503	16384060.00
2017/09/27	6.33	6.39	6.23	6.33	2434955	23270334.00
2017/09/28	6.33	6.33	6.17	6.33	3177292	30121634.00
2017/09/29	6.28	6.33	6.22	6.33	1850695	17652172.00
2017/10/09	6.36	6.39	6.27	6.33	1600950	15346057.00
2017/10/10	6.33	6.42	6.28	6.42	2867935	27769870.00
2017/10/11	6.45	6.49	6.35	6.39	3538551	34383396.00
2017/10/12	6.40	6.40	6.33	6.37	2154899	20812154.00
2017/10/13	6.37	6.43	6.28	6.39	3082935	29630956.00
2017/10/16	6.34	6.37	6.21	6.24	2798050	26700096.00
2017/10/17	6.29	6.29	6.22	6.25	1433979	13631519.00
2017/10/18	6.25	6.29	6.19	6.25	2723878	25847642.00
2017/10/19	6.25	6.29	6.19	6.25	1916456	18133508.00
2017/10/20	6.24	6.45	6.15	6.45	7089408	67355880.00
2017/10/23	6.39	6.45	6.28	6.33	5109672	49398768.00
2017/10/24	6.31	6.33	6.24	6.31	1870219	17814262.00
2017/10/25	6.27	6.37	6.27	6.32	1967480	18931338.00
2017/10/26	6.32	6.35	6.25	6.31	1221940	11700544.00
2017/10/27	6.33	6.33	6.25	6.29	1538150	14689629.00
2017/10/30	6.29	6.31	6.14	6.24	3470689	32773810.00
2017/10/31	6.20	6.27	6.19	6.23	2295030	21753178.00
2017/11/01	6.23	6.32	6.17	6.23	2380390	22545042.00
2017/11/02	6.19	6.26	6.05	6.12	2217214	20821492.00
2017/11/03	6.12	6.15	5.99	6.11	3156153	29039758.00
2017/11/06	6.11	6.14	6.05	6.09	1810277	16758032.00
2017/11/07	6.09	6.11	6.03	6.09	1382826	12744558.00
2017/11/08	6.09	6.11	6.05	6.08	1185091	10953602.00
2017/11/09	6.09	6.24	6.08	6.13	3123280	29299512.00
2017/11/10	6.13	6.29	6.13	6.18	3492100	33005848.00
2017/11/13	6.19	6.24	6.18	6.21	1841333	17351050.00
2017/11/14	6.18	6.34	6.09	6.24	2341301	22197346.00
2017/11/15	6.25	6.28	6.13	6.15	2394616	22503034.00
2017/11/16	6.15	6.21	6.07	6.10	1166008	10835753.00
2017/11/17	6.13	6.19	5.97	6.05	1966730	18166118.00
2017/11/20	5.97	6.09	5.95	6.04	1303875	11906151.00
2017/11/21	6.08	6.09	5.93	5.93	2269385	20671366.00
2017/11/22	6.00	6.00	5.79	5.85	2901259	25777150.00
2017/11/23	5.85	5.89	5.73	5.75	1949891	17155294.00
2017/11/24	5.75	5.97	5.75	5.97	2048998	18081822.00
2017/11/27	5.91	5.99	5.85	5.90	1434387	12875711.00
2017/11/28	5.90	5.93	5.88	5.93	1197250	10769778.00
2017/11/29	5.94	5.97	5.89	5.96	1159500	10471438.00
2017/11/30	5.86	6.05	5.86	5.99	1207524	11042454.00
2017/12/01	6.02	6.09	5.98	6.06	1195830	10980775.00
2017/12/04	6.03	6.08	6.02	6.06	701227	6440591.00
2017/12/05	6.03	6.08	5.85	5.95	2475500	22459378.00
2017/12/06	5.92	6.04	5.88	6.01	1225233	11060141.00
2017/12/07	6.01	6.02	5.93	5.99	864370	7867180.50
2017/12/08	5.99	6.05	5.92	6.04	983494	8994167.00
2017/12/18	6.12	6.21	5.97	6.00	3315245	30611076.00
2017/12/19	5.96	6.03	5.94	5.95	1539415	13961207.00
2017/12/20	5.94	5.95	5.69	5.79	2424994	21381148.00
2017/12/21	5.81	5.87	5.73	5.81	2379761	20935456.00
2017/12/22	5.77	5.97	5.77	5.95	1418451	12679521.00
2017/12/25	5.95	5.98	5.88	5.93	1304900	11735706.00
2017/12/26	5.92	5.95	5.75	5.91	2012123	17952340.00
2017/12/27	5.92	5.92	5.71	5.73	2405433	21198160.00
2017/12/28	5.73	5.77	5.60	5.65	1817441	15696961.00
2017/12/29	5.65	5.90	5.65	5.78	1909555	16816994.00
2018/01/02	5.79	5.89	5.77	5.82	1558660	13823892.00
2018/01/03	5.83	5.86	5.73	5.82	1874600	16520710.00
2018/01/04	5.79	5.82	5.74	5.75	1529900	13428115.00
2018/01/05	5.75	5.77	5.67	5.71	1287615	11216136.00
2018/01/08	5.76	5.78	5.65	5.69	1271310	11033328.00
2018/01/09	5.71	5.74	5.63	5.65	1436268	12409930.00
2018/01/10	5.69	5.69	5.48	5.53	1943700	16415020.00
2018/01/11	5.55	5.61	5.53	5.58	842591	7138831.00
2018/01/12	5.60	5.60	5.54	5.55	729470	6171358.00
2018/01/15	5.52	5.54	5.32	5.35	2106308	17373692.00
2018/01/16	5.36	5.42	5.31	5.35	859785	7008971.00
2018/01/17	5.37	5.42	5.33	5.35	999400	8161369.00
2018/01/18	5.32	5.37	5.31	5.35	688310	5596943.50
2018/01/19	5.36	5.60	5.36	5.52	2890417	24230024.00
2018/01/22	5.47	5.50	5.35	5.44	1883966	15497291.00
2018/01/23	5.41	5.55	5.41	5.49	1264540	10546509.00
2018/01/24	5.47	5.58	5.47	5.48	2292896	19293838.00
2018/01/25	5.51	5.57	5.41	5.43	2859160	23754726.00
2018/01/26	5.43	5.44	5.38	5.39	2288180	18810112.00
2018/01/29	5.39	5.43	5.35	5.37	970667	7937282.50
2018/01/30	5.43	5.53	5.43	5.51	2341700	19567690.00
2018/01/31	5.52	5.52	5.36	5.37	1531980	12566853.00
2018/02/01	5.35	5.41	4.85	5.15	3387680	26401450.00
2018/02/02	5.07	5.27	4.93	5.10	1535714	11990621.00
2018/02/05	5.05	5.10	4.96	5.06	1320200	10099428.00
2018/02/06	5.19	5.19	4.60	4.94	3349867	25466198.00
2018/02/07	4.92	5.04	4.79	4.97	2034390	15155182.00
2018/02/08	4.89	5.00	4.87	4.93	1106257	8330359.00
2018/02/09	4.80	4.91	4.72	4.89	2032827	14881099.00
2018/02/12	4.88	5.19	4.85	5.16	2083860	15949714.00
2018/02/13	5.18	5.18	5.08	5.17	1064692	8344482.00
2018/02/14	5.15	5.25	5.09	5.21	826510	6525979.00
2018/02/22	5.25	5.25	5.14	5.24	757116	6020302.00
2018/02/23	5.24	5.24	5.19	5.22	505982	4016688.00
2018/02/26	5.24	5.29	5.13	5.22	1404251	11113212.00
2018/02/27	5.27	5.27	5.17	5.21	903774	7165915.50
2018/02/28	5.19	5.19	5.05	5.13	1595865	12464559.00
2018/03/01	5.27	5.49	5.25	5.32	5168944	42170412.00
2018/03/02	5.19	5.27	5.16	5.16	3287500	26055844.00
2018/03/05	5.09	5.15	5.05	5.09	2077431	16126714.00
2018/03/06	5.11	5.13	5.05	5.12	2428151	18862428.00
2018/03/07	5.15	5.49	5.12	5.39	6938665	56646312.00
2018/03/08	5.37	5.37	5.26	5.32	4206620	33923932.00
2018/03/09	5.29	5.37	5.25	5.36	4924875	39758696.00
2018/03/12	5.33	5.47	5.33	5.41	4049515	33303504.00
2018/03/13	5.41	5.41	5.28	5.35	3882405	31431214.00
2018/03/14	5.31	5.31	5.22	5.24	2344164	18802540.00
2018/03/15	5.21	5.27	5.14	5.22	1626730	12904853.00
2018/03/16	5.19	5.35	5.16	5.23	1505890	12098212.00
2018/03/19	5.23	5.31	5.22	5.29	1761142	14151867.00
2018/03/20	5.25	5.34	5.19	5.33	2384901	19261258.00
2018/03/21	5.33	5.35	5.28	5.32	1799428	14596514.00
2018/03/22	5.26	5.37	5.26	5.35	1725287	14054900.00
2018/03/23	5.12	5.28	4.96	4.96	3216181	25175022.00
2018/03/26	4.80	5.16	4.80	5.09	1824797	13789294.00
2018/03/27	5.14	5.23	5.11	5.21	1568420	12385170.00
2018/03/28	5.16	5.27	5.11	5.13	1072581	8453059.00
2018/03/29	5.13	5.31	5.13	5.27	1745318	13956737.00
2018/03/30	5.25	5.34	5.23	5.32	1378631	11148149.00
2018/04/02	5.35	5.36	5.27	5.31	1221913	9871171.00
2018/04/03	5.25	5.29	5.13	5.21	1438748	11401809.00
2018/04/04	5.25	5.28	5.16	5.17	1211290	9657174.00
2018/04/09	5.17	5.19	5.02	5.12	1688553	13094365.00
2018/04/10	5.17	5.17	5.05	5.11	1247797	9681658.00
2018/04/11	5.12	5.19	5.10	5.14	1759121	13782448.00
2018/04/12	5.11	5.27	5.09	5.26	2313294	18339786.00
2018/04/13	5.26	5.35	5.21	5.23	1847197	14869652.00
2018/04/16	5.18	5.24	5.10	5.10	1301591	10197198.00
2018/04/17	5.10	5.17	5.01	5.06	1982129	15383939.00
2018/04/18	5.14	5.15	5.00	5.10	2026083	15670538.00
2018/04/19	5.05	5.12	5.03	5.09	1847667	14302845.00
2018/04/20	5.09	5.22	5.03	5.03	2489683	19456542.00
2018/04/23	4.99	5.07	4.89	4.99	1655510	12557304.00
2018/04/24	4.95	5.10	4.93	5.06	1952703	14986469.00
2018/04/25	5.11	5.21	5.06	5.20	2907137	22916362.00
2018/04/26	5.20	5.23	5.10	5.10	1226521	9607357.00
2018/04/27	5.15	5.17	5.08	5.16	1080552	8444832.00
2018/05/02	5.15	5.23	5.09	5.23	2043670	16106080.00
2018/05/03	5.19	5.33	5.16	5.31	2660492	21412138.00
2018/05/04	5.28	5.31	5.25	5.27	1221009	9794685.00
2018/05/07	5.28	5.47	5.27	5.43	3428869	28105528.00
2018/05/08	5.43	5.47	5.39	5.45	1517566	12542649.00
2018/05/09	5.40	5.51	5.39	5.47	1713117	14181564.00
2018/05/10	5.44	5.50	5.37	5.43	2731102	22543378.00
2018/05/11	5.45	5.45	5.36	5.41	1434300	11788720.00
2018/05/14	5.31	5.43	5.28	5.43	2434715	19855118.00
2018/05/15	5.39	5.43	5.37	5.42	1495437	12306910.00
2018/05/16	5.43	5.49	5.41	5.41	1819007	15096007.00
2018/05/17	5.41	5.57	5.39	5.51	2539201	21312736.00
2018/05/18	5.52	5.69	5.51	5.53	2648787	22525604.00
2018/05/21	5.57	5.66	5.49	5.63	2222998	18909192.00
2018/05/22	5.63	5.66	5.50	5.59	2184033	18549698.00
2018/05/23	5.56	5.84	5.55	5.71	3071935	26843964.00
2018/05/24	5.74	5.81	5.63	5.69	2099270	18178576.00
2018/05/25	5.64	5.78	5.59	5.71	2437592	21169662.00
2018/05/28	5.69	5.76	5.53	5.71	3489203	30167646.00
2018/05/29	5.65	5.83	5.65	5.76	3176480	27748958.00
2018/05/30	5.75	5.79	5.62	5.71	2486619	21598438.00
2018/05/31	5.71	5.75	5.59	5.64	2180587	18754840.00
2018/06/01	5.63	5.63	5.49	5.54	2023540	17072654.00
2018/06/04	5.59	5.60	5.46	5.54	2069727	17355352.00
2018/06/05	5.54	5.62	5.51	5.56	1668606	14098731.00
2018/06/06	5.57	5.61	5.47	5.51	2042104	17184564.00
2018/06/07	5.55	5.56	5.39	5.41	2047057	17026896.00
2018/06/08	5.45	5.45	5.34	5.39	1524086	12504813.00
2018/06/11	5.41	5.51	5.37	5.48	1252500	10363696.00
2018/06/12	5.48	5.55	5.45	5.52	1766313	14799245.00
2018/06/13	5.51	5.53	5.32	5.39	1295400	10688225.00
2018/06/14	5.45	5.45	5.35	5.39	903600	7407657.00
2018/06/15	5.36	5.41	5.10	5.18	1317453	10526442.00
2018/06/19	5.21	5.21	4.71	4.81	2026602	15152657.00
2018/06/20	4.85	4.89	4.72	4.89	1890734	13874500.00
2018/06/21	4.87	4.91	4.68	4.75	1560723	7528957.00
2018/06/22	4.77	4.82	4.71	4.79	1351691	6490757.00
2018/06/25	4.84	4.84	4.63	4.75	1697488	8124904.50
2018/06/26	4.73	4.74	4.51	4.74	1264986	5963858.00
2018/06/27	4.72	4.79	4.66	4.71	906520	4311233.00
2018/06/28	4.72	4.76	4.61	4.66	846250	3991526.00
2018/06/29	4.69	4.77	4.57	4.75	1558355	7352579.00
2018/07/02	4.75	5.23	4.74	4.96	4631777	23764210.00
2018/07/03	4.93	5.13	4.82	5.04	2903401	14534096.00
2018/07/04	5.02	5.02	4.79	4.86	1618814	7955494.50
2018/07/05	5.16	5.16	4.87	4.98	2101650	10624902.00
2018/07/06	4.86	5.03	4.83	4.98	2196000	10953038.00
2018/07/09	5.00	5.01	4.92	4.96	1760232	8803245.00
2018/07/10	5.01	5.04	4.94	4.97	1216750	6094870.00
2018/07/11	4.93	4.93	4.77	4.84	1501065	7319656.00
2018/07/12	4.86	4.95	4.76	4.92	1383870	6846010.00
2018/07/13	4.94	4.95	4.87	4.92	792100	3914810.75
2018/07/16	4.92	4.99	4.86	4.91	1459622	7223177.50
2018/07/17	4.91	4.92	4.82	4.86	1369255	6704315.50
2018/07/18	4.88	4.90	4.81	4.81	1638685	7995690.50
2018/07/19	4.80	4.85	4.71	4.76	1624345	7831221.00
2018/07/20	4.76	4.77	4.68	4.77	1868400	8922875.00
2018/07/23	4.78	5.25	4.69	4.94	4097395	20371574.00
2018/07/24	4.94	5.24	4.77	4.99	3528091	17754308.00
2018/07/25	4.99	5.08	4.98	5.04	3350039	16997944.00
2018/07/26	5.07	5.07	4.96	5.00	1860991	9376640.00
2018/07/27	5.02	5.15	4.96	5.12	3891850	19979650.00
2018/07/30	5.14	5.14	5.00	5.04	2193800	11154804.00
2018/07/31	5.07	5.12	5.05	5.09	1947100	9978517.00
2018/08/01	5.11	5.20	4.97	5.06	2502300	12703486.00
2018/08/02	5.04	5.04	4.83	4.95	1555100	7700980.00
2018/08/03	4.98	5.05	4.79	4.91	2055778	10183045.00
2018/08/06	4.92	4.94	4.62	4.74	1652115	7907623.50
2018/08/07	4.72	4.83	4.52	4.83	1831518	8692276.00
2018/08/08	4.75	4.86	4.66	4.75	1688895	8091734.50
2018/08/09	4.75	4.88	4.72	4.83	1312758	6383528.50
2018/08/10	4.78	4.94	4.77	4.82	1021795	4961488.00
2018/08/13	4.81	4.83	4.72	4.75	1900217	9115654.00
2018/08/14	4.76	4.76	4.65	4.68	1345635	6370484.00
2018/08/15	4.71	4.71	4.53	4.60	1533050	7134077.50
2018/08/16	4.62	4.64	4.52	4.61	471385	2188615.75
2018/08/17	4.65	4.67	4.50	4.57	711535	3280587.00
2018/08/20	4.57	4.57	4.40	4.55	1378150	6239942.00
2018/08/21	4.56	4.60	4.45	4.53	1970650	8960936.00
2018/08/22	4.52	4.52	4.37	4.41	2085985	9293930.00
2018/08/23	4.43	4.48	4.36	4.41	1517285	6759264.00
2018/08/24	4.39	4.51	4.31	4.50	2138111	9513601.00
2018/08/27	4.50	4.56	4.48	4.53	1810550	8241033.50
2018/08/28	4.54	4.56	4.47	4.56	1261499	5760741.50
2018/08/29	4.55	4.56	4.50	4.54	1023950	4671546.50
2018/08/30	4.56	4.70	4.54	4.64	3527170	16463458.00
2018/08/31	4.65	4.66	4.53	4.60	1129450	5218992.00
2018/09/03	4.60	4.60	4.37	4.53	1742795	7881360.00
2018/09/04	4.52	4.61	4.43	4.61	1657582	7540363.00
2018/09/05	4.60	4.60	4.46	4.54	893032	4090331.50
2018/09/06	4.52	4.57	4.46	4.53	998300	4552683.00
2018/09/07	4.51	4.57	4.43	4.49	1280600	5793899.50
2018/09/10	4.50	4.77	4.50	4.61	3458962	16125159.00
2018/09/11	4.53	4.62	4.45	4.50	1812425	8210902.50
2018/09/12	4.47	4.50	4.39	4.41	1846800	8233232.00
2018/09/13	4.43	4.52	4.41	4.46	1514200	6803386.00
2018/09/14	4.48	4.48	4.39	4.44	1156150	5158880.00
2018/09/17	4.43	4.43	4.29	4.37	1705600	7481561.50
2018/09/18	4.38	4.41	4.30	4.40	1185200	5209071.50
2018/09/19	4.37	4.45	4.33	4.43	1705220	7578204.00
2018/09/20	4.42	4.44	4.36	4.39	1334750	5921278.00
2018/09/21	4.40	4.44	4.39	4.44	1585690	7059117.50
2018/09/25	4.42	4.77	4.42	4.71	7973864	37400448.00
2018/09/26	4.71	4.89	4.64	4.77	4576837	21913172.00
2018/09/27	4.79	4.80	4.70	4.73	2548113	12218609.00
2018/09/28	4.74	4.77	4.67	4.70	1522982	7233571.00
2018/10/08	4.70	4.76	4.62	4.73	2228155	10587791.00
2018/10/09	4.73	4.95	4.68	4.91	3589228	17581088.00
2018/10/10	4.89	4.92	4.77	4.80	2430716	11779061.00
2018/10/11	4.72	4.72	4.55	4.67	3076768	14423316.00
2018/10/12	4.75	4.75	4.50	4.67	2594445	12148765.00
2018/10/15	4.66	4.68	4.53	4.62	1571789	7311226.00
2018/10/16	4.53	4.63	4.44	4.50	1462000	6689581.50
2018/10/17	4.55	4.64	4.47	4.64	1920572	8833503.00
2018/10/18	4.65	4.65	4.49	4.59	1216900	5584230.00
2018/10/19	4.55	4.74	4.49	4.74	2730529	12928141.00
2018/10/22	4.74	4.92	4.74	4.90	3373569	16583988.00
2018/10/23	4.89	4.98	4.76	4.76	5124389	25073168.00
2018/10/24	4.76	4.88	4.69	4.81	3012807	14548055.00
2018/10/25	4.69	4.82	4.65	4.79	1887957	9064997.00
2018/10/26	4.85	4.91	4.80	4.82	3221489	15742386.00
2018/10/29	4.80	4.93	4.78	4.84	2862718	14014540.00
2018/10/30	4.84	4.87	4.71	4.83	2148705	10387026.00
2018/10/31	4.82	4.90	4.79	4.84	2174388	10601307.00
2018/11/01	4.84	4.94	4.82	4.92	4882165	24033672.00
2018/11/02	4.98	4.98	4.87	4.91	4197918	20801438.00
2018/11/05	4.91	4.99	4.90	4.95	2739918	13549069.00
2018/11/06	4.95	4.95	4.85	4.86	2368050	11549268.00
2018/11/07	4.89	4.89	4.81	4.84	2845134	13827191.00
2018/11/08	4.86	4.88	4.82	4.87	4756050	23138568.00
2018/11/09	4.84	4.91	4.84	4.88	2252045	10980389.00
2018/11/12	4.84	4.98	4.84	4.96	5105095	25259422.00
2018/11/13	4.93	5.28	4.93	5.28	10725145	55620896.00
2018/11/14	5.19	5.28	5.19	5.23	4285297	22418938.00
2018/11/15	5.27	5.27	5.20	5.22	2624177	13695145.00
2018/11/16	5.25	5.44	5.23	5.34	4530444	23981924.00
2018/11/19	5.33	5.34	5.22	5.27	3650805	19233222.00
2018/11/20	5.20	5.26	5.15	5.17	2577420	13359471.00
2018/11/21	5.16	5.22	5.13	5.18	2305200	11934358.00
2018/11/22	5.22	5.22	5.03	5.06	4577240	23402434.00
2018/11/23	5.07	5.08	4.64	4.74	11371743	54467748.00
2018/11/26	4.73	4.85	4.70	4.78	4353490	20752324.00
2018/11/27	4.80	4.87	4.77	4.87	2989182	14451747.00
2018/11/28	4.82	4.94	4.82	4.90	4078950	19968272.00
2018/11/29	4.91	4.95	4.78	4.83	2924117	14269242.00
2018/11/30	4.85	5.05	4.85	5.04	6211294	30717470.00
2018/12/03	5.37	5.52	5.22	5.40	13453527	72445840.00
2018/12/04	5.45	5.62	5.38	5.52	7961916	43905800.00
2018/12/05	5.42	5.54	5.36	5.45	7304396	39775840.00
2018/12/06	5.47	5.49	5.30	5.36	4594332	24758134.00
2018/12/07	5.40	5.59	5.36	5.39	5578175	30405276.00
2018/12/10	5.46	5.50	5.32	5.39	5097988	27530410.00
2018/12/11	5.41	5.48	5.29	5.35	4009409	21582832.00
2018/12/12	5.40	5.40	5.29	5.35	2888871	15407137.00
2018/12/13	5.36	5.36	5.25	5.28	3264698	17364960.00
2018/12/14	5.29	5.55	5.23	5.36	5882021	31597746.00
2018/12/17	5.29	5.30	4.99	5.09	6891600	35122056.00
2018/12/18	5.11	5.15	5.03	5.15	3667076	18628218.00
2018/12/19	5.14	5.17	4.91	4.97	3144140	15794433.00
2018/12/20	4.97	5.04	4.93	5.02	3252800	16258479.00
2018/12/21	5.01	5.08	4.97	5.08	2433800	12247539.00
2018/12/24	5.08	5.08	5.01	5.08	3335610	16845936.00
2018/12/25	5.06	5.09	4.80	5.08	3475759	17382654.00
2018/12/26	5.07	5.11	4.88	4.93	4059667	20187082.00
2018/12/27	4.97	5.02	4.88	4.94	2018950	9967352.00
2018/12/28	4.93	5.20	4.76	5.14	5873800	29092128.00
2019/01/02	5.11	5.11	4.91	4.98	2886200	14330352.00
2019/01/03	4.92	4.98	4.79	4.85	2713057	13195656.00
数据来源:通达信
