300658 延江股份 日线 前复权
      日期	    开盘	    最高	    最低	    收盘	    成交量	    成交额
2017/06/02	15.33	18.43	15.33	18.43	8511	234128.81
2017/06/05	20.30	20.30	20.30	20.30	4200	129150.00
2017/06/06	22.35	22.35	22.35	22.35	2700	91341.00
2017/06/07	24.61	24.61	24.61	24.61	10492	390407.31
2017/06/08	27.09	27.09	27.09	27.09	36492	1493617.50
2017/06/09	29.81	29.81	28.14	29.27	12959080	572271168.00
2017/06/12	27.48	28.87	26.32	26.32	9420061	387127648.00
2017/06/13	27.13	28.33	26.73	26.92	7911425	326921792.00
2017/06/14	27.07	28.13	26.52	27.07	6424889	265796144.00
2017/06/15	26.57	29.35	26.00	28.13	8404333	346466528.00
2017/06/16	27.73	28.33	27.05	27.15	4819124	200074832.00
2017/06/19	27.12	28.24	27.01	27.38	4346013	181435040.00
2017/06/20	27.32	27.79	26.14	26.33	5018384	203441904.00
2017/06/21	25.99	26.25	24.81	25.20	5259088	201985568.00
2017/06/22	25.29	25.68	24.88	25.25	4154024	158654368.00
2017/06/23	25.07	25.85	24.88	25.24	3265744	125521032.00
2017/06/26	25.15	25.36	24.31	24.93	2823657	105929032.00
2017/06/27	24.93	25.43	24.78	24.96	2002222	76100616.00
2017/06/28	24.85	25.77	24.47	25.59	3100086	118211384.00
2017/06/29	25.47	25.73	25.14	25.25	1994832	76382336.00
2017/06/30	25.20	26.14	24.98	25.69	2635403	102259760.00
2017/07/03	25.71	26.85	25.57	26.51	3679438	146829904.00
2017/07/04	26.42	26.67	26.06	26.37	1866058	74256680.00
2017/07/05	26.57	26.93	26.35	26.71	2791957	112279600.00
2017/07/06	26.57	26.69	25.80	25.99	3091119	122421896.00
2017/07/07	26.05	26.91	25.81	26.64	3386933	135834944.00
2017/07/10	26.03	26.25	24.93	24.97	3820647	146595376.00
2017/07/11	25.03	25.17	24.46	24.52	1525780	57144704.00
2017/07/12	24.47	24.85	24.31	24.81	1605689	59455556.00
2017/07/13	24.98	25.05	23.67	23.83	2619647	96130368.00
2017/07/14	22.47	23.01	21.44	21.44	4767099	157907792.00
2017/07/17	21.45	21.45	19.79	19.96	3516207	109376352.00
2017/07/18	19.93	20.62	19.93	20.39	1829434	56150568.00
2017/07/19	20.13	20.33	20.01	20.25	1935626	59089524.00
2017/07/20	20.13	20.61	20.01	20.10	1857226	57231516.00
2017/07/21	20.03	20.17	19.74	19.81	1275953	38430604.00
2017/07/24	19.85	20.83	19.85	20.71	2616396	81236376.00
2017/07/25	20.57	20.58	20.25	20.51	1272177	39325596.00
2017/07/26	20.51	20.56	19.95	20.00	1330412	40709044.00
2017/07/27	20.01	20.77	19.80	20.59	2268400	70073216.00
2017/07/28	20.53	20.57	20.27	20.27	1494998	46166740.00
2017/07/31	20.14	20.35	19.97	20.15	1226258	37406588.00
2017/08/01	20.10	20.63	20.04	20.57	1574149	48700788.00
2017/08/02	20.55	20.60	20.10	20.10	1305006	40297104.00
2017/08/03	20.05	20.52	19.87	20.16	1123612	34368140.00
2017/08/04	20.16	20.20	19.89	19.94	864590	26216220.00
2017/08/07	20.10	20.37	19.97	20.17	704080	21556094.00
2017/08/08	20.16	20.29	19.97	20.21	875812	26719106.00
2017/08/09	20.21	20.47	20.07	20.24	933245	28661390.00
2017/08/10	20.30	20.73	20.25	20.57	1535131	47749148.00
2017/08/11	20.43	20.61	20.23	20.25	833204	25747084.00
2017/08/14	20.25	20.86	20.14	20.82	1454646	45455944.00
2017/08/15	20.85	21.35	20.70	21.11	1618284	51601168.00
2017/08/16	21.00	22.17	21.00	22.03	2549782	83318056.00
2017/08/17	21.81	22.02	21.61	21.87	1481005	48796732.00
2017/08/18	21.65	21.99	21.47	21.50	908576	29763104.00
2017/08/21	21.44	21.62	21.22	21.56	1166772	37879300.00
2017/08/22	21.56	21.63	21.25	21.27	867392	28169270.00
2017/08/23	21.32	21.79	21.21	21.51	808576	26299210.00
2017/08/24	21.49	22.11	21.31	21.70	1842776	60643952.00
2017/08/25	21.67	21.96	21.51	21.93	1186286	39237480.00
2017/08/28	22.12	22.67	21.97	22.45	2149979	72693704.00
2017/08/29	22.37	22.96	22.24	22.35	1874518	63877048.00
2017/08/30	22.39	22.47	21.52	21.62	1885986	62490684.00
2017/08/31	21.70	22.75	21.62	22.65	2222139	74980904.00
2017/09/01	22.64	23.65	22.59	23.28	3141225	110695664.00
2017/09/04	23.03	23.79	22.81	23.40	2070848	72780712.00
2017/09/05	23.29	23.60	23.00	23.48	1568790	55208916.00
2017/09/06	23.33	23.39	22.87	23.05	1124973	39255728.00
2017/09/07	23.13	23.24	22.71	22.85	1001968	34853352.00
2017/09/08	22.75	22.99	22.41	22.75	814110	28023282.00
2017/09/11	22.74	23.10	22.47	23.01	942859	32689514.00
2017/09/12	23.05	23.09	22.52	22.57	1069622	36846804.00
2017/09/13	22.68	22.79	22.43	22.57	1111837	37939680.00
2017/09/14	22.47	22.78	22.13	22.40	1127774	38208404.00
2017/09/15	22.27	22.37	21.99	22.05	632847	21174312.00
2017/09/18	22.04	22.31	21.94	22.27	529502	17761260.00
2017/09/19	22.19	22.43	22.13	22.23	614335	20718058.00
2017/09/20	22.33	22.67	22.20	22.66	946367	32208880.00
2017/09/21	22.55	22.65	22.03	22.11	1013010	34265296.00
2017/09/22	22.11	22.67	21.87	22.65	943699	31858792.00
2017/09/25	22.57	22.85	22.27	22.29	723368	24695698.00
2017/09/26	22.29	22.36	21.88	21.97	650397	21688442.00
2017/09/27	21.93	22.13	21.85	22.01	581050	19372198.00
2017/09/28	21.90	22.16	21.90	22.00	409210	13655650.00
2017/09/29	22.17	22.35	22.03	22.33	435144	14636525.00
2017/10/09	22.76	22.76	22.33	22.37	525312	17881722.00
2017/10/10	22.37	23.00	22.37	22.99	1206524	41632280.00
2017/10/11	22.87	23.19	22.74	22.89	859290	29768300.00
2017/10/12	22.87	23.20	22.80	22.99	756076	26300018.00
2017/10/13	23.11	23.51	23.07	23.21	1357319	47880736.00
2017/10/16	23.09	23.25	22.24	22.28	1284083	43916352.00
2017/10/17	22.43	22.60	22.21	22.57	595080	20205888.00
2017/10/18	22.61	22.61	22.05	22.07	643356	21702784.00
2017/10/19	21.99	22.39	21.99	22.15	594558	19970966.00
2017/10/20	22.02	22.84	22.02	22.67	705371	23925138.00
2017/10/23	22.69	22.88	22.52	22.80	537707	18486984.00
2017/10/24	22.81	22.97	22.52	22.67	500084	17148434.00
2017/10/25	22.71	23.19	22.68	23.17	1165696	40640604.00
2017/10/26	23.27	23.51	23.06	23.43	1515281	53540168.00
2017/10/27	23.53	23.53	22.97	23.13	954866	33459142.00
2017/10/30	23.05	23.05	22.47	22.63	759644	26057040.00
2017/10/31	22.83	23.01	22.52	22.97	1069161	36859676.00
2017/11/01	22.83	23.23	22.67	23.19	1119927	39069236.00
2017/11/02	23.17	25.00	22.92	24.58	3967134	145037040.00
2017/11/03	24.29	24.86	23.94	24.14	1770920	65302124.00
2017/11/06	24.16	24.69	24.02	24.62	1396496	51541740.00
2017/11/07	24.47	24.67	24.06	24.45	1235032	45440064.00
2017/11/08	24.53	24.83	24.35	24.47	1120325	41623860.00
2017/11/09	24.47	24.52	23.93	24.26	1080526	39503804.00
2017/11/10	24.30	24.45	24.11	24.27	894079	32867898.00
2017/11/13	24.53	24.91	24.17	24.86	1528822	56799648.00
2017/11/14	24.72	24.83	24.33	24.33	1187538	44072652.00
2017/11/15	24.27	24.46	23.55	23.79	1015577	36717828.00
2017/11/16	23.99	23.99	23.06	23.06	928612	32968066.00
2017/11/17	23.05	23.05	21.15	21.31	1987413	65342052.00
2017/11/20	21.13	21.59	20.94	21.56	650902	20977254.00
2017/11/21	21.39	21.55	20.88	21.28	968800	31061104.00
2017/11/22	21.15	21.47	20.87	21.16	669666	21382774.00
2017/11/23	21.13	21.23	20.84	20.86	496400	15793747.00
2017/11/24	20.80	21.17	20.80	20.96	311052	9907215.00
2017/11/27	20.83	21.12	20.83	21.00	271792	8644803.00
2017/11/28	20.93	21.40	20.93	21.09	534820	17100040.00
2017/11/29	21.02	21.20	20.50	21.11	522155	16548115.00
2017/11/30	21.11	21.29	20.90	21.19	317260	10133970.00
2017/12/01	21.13	21.35	21.01	21.23	380864	12253400.00
2017/12/04	21.23	21.23	20.53	20.53	516000	16201956.00
2017/12/05	20.34	20.72	20.05	20.25	601622	18565442.00
2017/12/06	20.18	20.72	20.05	20.57	340300	10508321.00
2017/12/07	20.61	20.71	20.23	20.41	301564	9339358.00
2017/12/08	20.47	20.67	20.29	20.49	318700	9927048.00
2017/12/11	20.63	20.65	20.34	20.35	458310	14201382.00
2017/12/12	20.35	20.63	20.10	20.31	466500	14356848.00
2017/12/13	20.36	20.46	20.13	20.27	438700	13450756.00
2017/12/14	20.25	20.25	19.85	19.93	743500	22500842.00
2017/12/15	19.93	20.23	19.82	19.97	411910	12495310.00
2017/12/18	20.05	20.05	19.67	19.80	337083	10097864.00
2017/12/19	19.71	19.92	19.68	19.85	187663	5632792.50
2017/12/20	19.77	19.90	19.30	19.45	318300	9443280.00
2017/12/21	19.44	20.47	19.00	19.87	956884	28814806.00
2017/12/22	19.73	19.95	19.51	19.66	369100	10993313.00
2017/12/25	19.47	19.64	19.07	19.36	267902	7801060.00
2017/12/26	19.15	19.81	19.15	19.75	301822	8961762.00
2017/12/27	19.55	19.79	19.49	19.60	201600	5998593.00
2017/12/28	19.49	19.90	19.49	19.81	327738	9820061.00
2017/12/29	19.81	19.86	19.67	19.75	148502	4444679.50
2018/01/02	19.90	19.90	19.64	19.72	178700	5349024.00
2018/01/03	19.67	19.84	19.67	19.80	357265	10701419.00
2018/01/04	19.90	19.90	19.70	19.73	204900	6134415.00
2018/01/05	19.83	19.84	19.71	19.76	240810	7220614.00
2018/01/08	19.82	19.82	19.58	19.73	206610	6164450.00
2018/01/09	19.62	20.65	19.61	20.21	794441	24388830.00
2018/01/10	20.07	20.18	19.35	19.48	562510	16813944.00
2018/01/11	19.49	19.79	19.30	19.67	319475	9495103.00
2018/01/12	19.67	19.79	19.46	19.47	310300	9184572.00
2018/01/15	19.40	19.40	18.47	18.80	500806	14473159.00
2018/01/16	18.66	19.05	18.64	18.93	217602	6235963.50
2018/01/17	18.93	19.44	18.77	19.15	272400	7880378.00
2018/01/18	19.29	19.29	19.05	19.18	158300	4599062.00
2018/01/19	19.13	19.37	19.11	19.22	301551	8797211.00
2018/01/22	19.29	19.65	19.25	19.45	350305	10341475.00
2018/01/23	19.27	19.57	19.27	19.33	231310	6786497.00
2018/01/24	19.25	19.85	19.13	19.80	684586	20313902.00
2018/01/25	19.82	19.87	19.48	19.49	309694	9219380.00
2018/01/26	19.53	19.53	18.80	18.89	517300	14948235.00
2018/01/29	19.03	19.05	18.70	18.85	276281	7885185.00
2018/01/30	18.85	18.90	18.60	18.80	229874	6537550.00
2018/01/31	18.72	18.80	18.13	18.21	344210	9597432.00
2018/02/01	18.21	18.27	17.27	17.37	546884	14669664.00
2018/02/02	17.59	17.59	17.01	17.25	278996	7289285.00
2018/02/05	17.01	17.18	16.83	17.17	186292	4813594.50
2018/02/06	16.99	16.99	16.23	16.30	395100	9975552.00
2018/02/07	16.47	16.86	16.00	16.55	257194	6419765.00
2018/02/08	16.36	16.77	16.35	16.57	154794	3899809.75
2018/02/09	16.40	16.40	15.90	16.04	284860	6975361.50
2018/02/12	16.48	16.70	16.07	16.51	291000	7255512.00
2018/02/13	16.63	16.72	16.35	16.52	201310	5056912.50
2018/02/14	16.25	16.59	15.99	16.32	127520	3168643.50
2018/02/22	16.33	16.53	16.33	16.53	112593	2816024.75
2018/02/23	16.57	16.75	16.42	16.73	144785	3648246.00
2018/02/26	16.80	17.33	16.77	17.19	377900	9790673.00
2018/02/27	17.20	17.23	16.96	16.99	209278	5423379.50
2018/02/28	17.05	17.23	16.73	17.09	300598	7798983.00
2018/03/01	16.93	17.27	16.93	17.26	263712	6858185.50
2018/03/02	17.13	17.41	17.00	17.07	237610	6195613.50
2018/03/05	17.04	17.24	16.92	17.15	345284	8934163.00
2018/03/06	17.10	17.56	17.10	17.39	439184	11567798.00
2018/03/07	17.27	17.43	17.18	17.28	257484	6765999.50
2018/03/08	17.28	18.13	17.28	17.71	711131	19092764.00
2018/03/09	17.91	18.30	17.62	18.10	809721	22134428.00
2018/03/12	18.87	18.87	18.21	18.27	1081861	30316544.00
2018/03/13	18.19	18.19	17.72	17.99	643394	17515900.00
2018/03/14	17.80	18.02	17.80	17.90	317300	8620058.00
2018/03/15	17.67	17.81	17.00	17.17	619492	16285968.00
2018/03/16	17.29	17.46	17.19	17.28	252192	6629205.50
2018/03/19	17.40	17.63	17.21	17.54	374407	9958353.00
2018/03/20	17.54	17.54	17.17	17.47	455100	11993224.00
2018/03/21	17.59	18.17	17.47	17.57	636900	17194224.00
2018/03/22	17.63	17.97	17.61	17.77	830300	22432576.00
2018/03/23	17.25	17.47	16.17	16.37	759792	19459706.00
2018/03/26	15.99	17.04	15.87	17.00	677056	16851012.00
2018/03/27	17.35	17.37	16.99	17.25	801703	20918818.00
2018/03/28	17.02	17.54	16.94	17.51	991711	25960426.00
2018/03/29	17.50	17.69	17.34	17.61	949672	25256990.00
2018/03/30	16.83	17.48	16.47	17.41	2380518	61574036.00
2018/04/02	17.31	17.39	17.07	17.07	1365696	35560520.00
2018/04/03	17.00	17.27	16.70	17.23	1306877	33890868.00
2018/04/04	17.35	18.97	17.20	18.00	2903868	79578792.00
2018/04/09	17.69	18.27	17.53	18.27	1704024	46327740.00
2018/04/10	18.17	18.17	17.73	17.93	1327276	36053028.00
2018/04/11	17.93	18.47	17.89	18.31	1916770	52784232.00
2018/04/12	18.27	18.59	17.99	18.19	1236916	34330192.00
2018/04/13	18.19	18.31	17.73	18.01	1130906	30922388.00
2018/04/16	17.99	18.00	17.21	17.66	723702	19389996.00
2018/04/17	17.65	17.78	17.07	17.28	630119	16692365.00
2018/04/18	17.43	17.47	16.97	17.38	726810	18995108.00
2018/04/19	17.37	17.57	17.27	17.29	438400	11561706.00
2018/04/20	17.29	17.43	16.40	16.46	630400	16131391.00
2018/04/23	16.46	16.62	16.17	16.48	336754	8400280.00
2018/04/24	16.47	17.07	16.40	17.00	559245	14338160.00
2018/04/25	16.87	17.22	16.75	16.91	490194	12648422.00
2018/04/26	16.60	16.86	16.36	16.37	602086	15120263.00
2018/04/27	16.44	16.47	15.80	15.87	568095	13972242.00
2018/05/02	15.79	15.89	15.35	15.51	582866	13824354.00
2018/05/03	15.57	15.86	15.07	15.85	763699	17944192.00
2018/05/04	15.83	15.83	15.60	15.70	425246	10140267.00
2018/05/07	15.77	16.11	15.65	16.00	970710	23490888.00
2018/05/08	16.00	16.19	15.92	16.13	805294	19656312.00
2018/05/09	16.19	16.57	16.05	16.52	1053092	26093380.00
2018/05/10	17.14	17.47	16.69	16.87	1781893	45731584.00
2018/05/11	17.12	17.33	16.58	16.63	1449895	37454084.00
2018/05/14	16.99	17.10	16.54	16.73	917784	23272458.00
2018/05/15	16.49	16.96	16.49	16.87	876246	22359990.00
2018/05/16	17.35	17.49	16.66	16.83	1886876	32232942.00
2018/05/17	16.97	18.51	16.86	18.51	3709760	67627400.00
2018/05/18	18.50	18.50	17.05	17.50	6231351	110733616.00
2018/05/21	17.43	17.70	17.17	17.60	3670973	64039236.00
2018/05/22	19.36	19.36	19.36	19.36	2826456	54720188.00
2018/05/23	21.30	21.30	21.30	21.30	4212010	89715816.00
2018/05/24	21.00	23.43	20.56	23.43	23081410	516163424.00
2018/05/25	22.88	25.77	22.02	24.05	24453725	585811776.00
2018/05/28	23.38	24.46	21.65	21.65	18353946	422407968.00
2018/05/29	21.14	21.43	19.52	19.72	16537331	339528096.00
2018/05/30	19.19	19.48	18.08	18.28	11105950	208706624.00
2018/05/31	18.60	19.47	18.31	19.29	14425699	272330848.00
2018/06/01	18.80	18.99	17.89	18.41	10868472	201055808.00
2018/06/04	18.46	18.73	18.00	18.60	6550658	120842576.00
2018/06/05	18.68	19.13	18.43	19.07	8604714	162053952.00
2018/06/06	18.95	19.27	18.58	19.19	7924976	149731792.00
2018/06/07	19.03	19.09	18.34	18.42	6554593	122109280.00
2018/06/08	18.25	18.73	18.10	18.60	4191158	77270640.00
2018/06/11	18.45	18.64	17.81	18.01	3632750	66089996.00
2018/06/12	17.91	18.57	17.20	18.54	6136788	110950400.00
2018/06/13	18.36	18.48	17.66	17.69	4096615	74076176.00
2018/06/14	17.65	18.04	17.42	17.47	2819300	49917004.00
2018/06/15	17.38	17.72	16.05	16.23	4277474	71336064.00
2018/06/19	15.97	16.07	14.61	14.61	3425276	52342824.00
2018/06/20	14.61	15.17	14.41	14.87	2786338	41265144.00
2018/06/21	14.89	15.07	14.02	14.10	2821250	40899380.00
2018/06/22	13.78	14.65	13.78	14.36	3208575	45862572.00
2018/06/25	14.55	15.80	14.29	15.80	3982674	60307680.00
2018/06/26	16.00	16.48	15.36	16.11	7708789	124267696.00
2018/06/27	16.68	16.98	15.79	15.85	7415733	121700576.00
2018/06/28	15.42	16.68	15.42	15.90	6039626	96964408.00
2018/06/29	15.60	15.88	14.31	15.83	5861891	89850488.00
2018/07/02	15.58	15.78	15.01	15.50	4057024	62845200.00
2018/07/03	15.95	17.05	15.92	17.05	4581366	76177032.00
2018/07/04	16.88	16.88	15.79	16.04	7469982	122204152.00
2018/07/05	16.23	16.31	15.01	15.15	4452100	69442176.00
2018/07/06	15.09	15.78	14.81	15.24	3906938	59980448.00
2018/07/09	15.40	15.69	15.27	15.69	3427550	53269128.00
2018/07/10	15.69	16.48	15.45	16.42	6080082	97847888.00
2018/07/11	16.11	16.20	15.45	15.90	4673050	74354536.00
2018/07/12	16.39	17.11	16.12	16.35	8397983	139339744.00
2018/07/13	15.57	15.87	15.20	15.55	6281647	98079688.00
2018/07/16	15.43	15.88	15.37	15.73	2784968	43526568.00
2018/07/17	15.60	16.38	15.25	15.59	2784915	43206804.00
2018/07/18	15.62	16.73	15.40	15.91	7571115	122283328.00
2018/07/19	15.95	17.30	15.47	16.48	10774806	175281024.00
2018/07/20	16.30	16.86	16.10	16.28	7860450	128667496.00
2018/07/23	16.05	16.18	15.56	15.90	4473003	70850616.00
2018/07/24	16.00	16.58	15.85	16.45	6247694	101276672.00
2018/07/25	16.25	16.50	16.11	16.12	4236850	68772816.00
2018/07/26	16.02	16.02	15.60	15.65	3358924	52894808.00
2018/07/27	15.65	15.87	15.10	15.11	3046535	47044356.00
2018/07/30	15.10	15.24	14.10	14.52	3007768	44417768.00
2018/07/31	14.44	15.21	14.38	14.97	2493115	36917392.00
2018/08/01	14.81	15.09	14.63	14.71	2658568	39672724.00
2018/08/02	14.90	14.90	13.66	14.09	1971697	27777154.00
2018/08/03	14.45	15.00	14.02	14.40	2329430	33843588.00
2018/08/06	14.18	15.08	13.68	14.75	3908047	57358184.00
2018/08/07	14.48	14.95	14.20	14.92	2206985	32354472.00
2018/08/08	14.73	14.99	14.25	14.28	1589685	23383604.00
2018/08/09	14.30	14.72	14.20	14.57	1268985	18480646.00
2018/08/10	14.89	16.03	14.66	16.03	4924335	77354368.00
2018/08/13	16.66	17.63	16.33	16.50	17477177	298886848.00
2018/08/14	17.57	18.15	17.19	18.15	22282866	400261184.00
2018/08/15	16.87	17.29	16.34	16.34	18719991	310523872.00
2018/08/16	15.86	17.20	15.80	16.30	13875391	229179488.00
2018/08/17	16.62	16.80	15.22	15.55	11369312	180636784.00
2018/08/20	15.43	15.43	14.20	14.62	8902091	130132840.00
2018/08/21	14.50	15.09	14.33	14.75	6922312	101931400.00
2018/08/22	14.59	14.70	14.20	14.24	5519564	79556056.00
2018/08/23	14.30	14.87	14.23	14.46	5312900	76899568.00
2018/08/24	14.52	14.68	14.25	14.31	3958450	57086904.00
2018/08/27	14.17	14.55	14.01	14.55	4888125	70216760.00
2018/08/28	14.99	15.29	14.51	14.60	6284975	93218760.00
2018/08/29	14.35	14.57	14.32	14.40	3424740	49341612.00
2018/08/30	14.38	14.67	14.23	14.49	3679802	53229624.00
2018/08/31	14.53	14.54	13.80	13.86	3727188	52822776.00
2018/09/03	13.84	13.84	13.00	13.40	3941225	52500040.00
2018/09/04	13.31	13.55	13.28	13.49	2160775	29033360.00
2018/09/05	13.40	13.75	13.33	13.47	2656016	35913656.00
2018/09/06	13.18	13.45	13.09	13.10	2558117	33853756.00
2018/09/07	13.12	13.37	13.05	13.12	2286981	30194492.00
2018/09/10	13.20	13.73	13.13	13.18	3218335	43030592.00
2018/09/11	13.49	13.80	13.36	13.48	3397815	45929528.00
2018/09/12	13.20	13.49	13.10	13.40	2248198	29892746.00
2018/09/13	13.45	13.54	13.21	13.53	2074350	27800664.00
2018/09/14	13.50	13.53	13.17	13.23	1756950	23412446.00
2018/09/17	13.12	13.19	12.92	12.95	1433650	18651706.00
2018/09/18	13.02	13.32	12.96	13.32	1603900	21042140.00
2018/09/19	13.27	13.86	13.16	13.40	2545200	34288320.00
2018/09/20	13.31	13.56	13.23	13.40	1981300	26522520.00
2018/09/21	13.40	14.52	13.40	13.84	4657200	64590600.00
2018/09/25	13.66	13.68	13.40	13.59	2496300	33850708.00
2018/09/26	13.51	13.65	13.47	13.61	2033200	27597830.00
2018/09/27	13.62	13.69	13.07	13.08	2162050	28865694.00
2018/09/28	13.17	13.29	13.10	13.29	1168788	15442009.00
2018/10/08	12.98	13.49	12.95	13.19	2112400	27949724.00
2018/10/09	13.26	13.37	13.10	13.26	1771688	23465960.00
2018/10/10	13.20	13.55	13.20	13.45	2312641	30964696.00
2018/10/11	13.09	13.23	12.11	12.24	3544138	44810124.00
2018/10/12	11.97	12.23	11.21	11.92	2594578	30350246.00
2018/10/15	11.89	12.16	11.63	11.75	1462488	17405876.00
2018/10/16	11.85	11.85	11.22	11.38	1685238	19295322.00
2018/10/17	11.43	11.66	10.50	11.15	1775803	19887958.00
2018/10/18	11.25	11.40	10.94	11.02	1805492	20140766.00
2018/10/19	10.79	11.37	10.59	11.25	1844792	20364720.00
2018/10/22	11.40	11.93	11.30	11.63	2715230	31543342.00
2018/10/23	11.62	11.85	11.49	11.54	2012900	23448652.00
2018/10/24	11.44	11.69	11.32	11.48	1382900	15902142.00
2018/10/25	11.08	11.47	10.95	11.40	1815550	20363508.00
2018/10/26	11.47	11.95	11.44	11.90	3897488	45782164.00
2018/10/29	11.68	11.71	11.31	11.42	2260400	26077990.00
2018/10/30	11.28	11.75	11.28	11.73	2301873	26648744.00
2018/10/31	11.78	12.08	11.66	11.81	3167100	37501796.00
2018/11/01	11.85	12.12	11.75	11.79	2697250	32067392.00
2018/11/02	11.80	12.05	11.80	12.05	2916923	34877940.00
2018/11/05	12.20	12.28	11.81	12.07	2923738	35247000.00
2018/11/06	11.91	12.10	11.75	12.05	2200050	26233026.00
2018/11/07	12.00	12.16	11.92	11.93	1615603	19441962.00
2018/11/08	12.00	12.18	11.86	12.00	1634515	19665460.00
2018/11/09	11.94	12.25	11.89	12.12	1925550	23215506.00
2018/11/12	12.02	12.53	12.00	12.43	2639600	32538814.00
2018/11/13	12.22	12.72	12.22	12.57	2813950	35122008.00
2018/11/14	12.64	12.94	12.42	12.83	3291745	41924316.00
2018/11/15	12.75	13.13	12.60	13.00	4023619	51734688.00
2018/11/16	13.03	13.15	12.91	12.99	2480450	32209856.00
2018/11/19	12.95	13.05	12.75	12.95	1771200	22861694.00
2018/11/20	12.90	13.10	12.50	12.50	2348081	30056400.00
2018/11/21	12.51	12.94	12.38	12.89	2721005	34504956.00
2018/11/22	12.87	13.04	12.73	12.90	1459650	18757384.00
2018/11/23	12.93	12.95	11.80	12.00	2256263	27821536.00
2018/11/26	11.97	12.10	11.52	11.69	1571757	18605846.00
2018/11/27	11.83	11.92	11.63	11.80	873203	10287947.00
2018/11/28	11.87	11.93	11.62	11.92	998308	11803615.00
2018/11/29	11.95	12.11	11.65	11.65	1185950	14181473.00
2018/11/30	11.69	11.76	11.31	11.63	1276750	14754464.00
2018/12/03	11.97	12.20	11.82	12.10	1624700	19579016.00
2018/12/04	12.01	12.22	11.96	12.17	1370200	16584588.00
2018/12/05	11.88	12.43	11.88	12.20	2012931	24601042.00
2018/12/06	12.20	12.34	11.89	11.90	1239874	14908127.00
2018/12/07	12.05	12.17	11.92	12.08	947214	11433381.00
2018/12/10	12.30	12.38	11.55	11.70	1124058	13229109.00
2018/12/11	11.72	11.87	11.72	11.86	801095	9456699.00
2018/12/12	11.85	12.06	11.85	11.94	955703	11451712.00
2018/12/13	12.05	12.21	11.92	12.10	1248045	15091112.00
2018/12/14	12.16	12.26	11.80	11.85	1226889	14792474.00
2018/12/17	11.70	11.94	11.66	11.90	806553	9534295.00
2018/12/18	11.88	12.00	11.66	11.79	757881	8946075.00
2018/12/19	11.75	11.86	11.63	11.63	722474	8477621.00
2018/12/20	11.61	11.90	11.60	11.90	1065173	12555835.00
2018/12/21	12.55	12.92	12.23	12.28	7750057	97286264.00
2018/12/24	11.90	12.08	11.82	11.96	4448463	53065224.00
2018/12/25	11.78	11.78	11.20	11.58	3085330	35412784.00
2018/12/26	11.55	11.74	11.46	11.60	1902000	22145702.00
2018/12/27	11.76	11.80	10.50	11.37	1683002	19558896.00
2018/12/28	11.40	11.56	11.26	11.31	1034498	11814486.00
2019/01/02	11.31	11.41	11.25	11.39	974997	11061536.00
2019/01/03	11.27	11.43	11.20	11.22	1090219	12302983.00
数据来源:通达信
