300159 新研股份 日线 前复权
      日期	    开盘	    最高	    最低	    收盘	    成交量	    成交额
2011/01/07	5.23	6.08	5.18	5.84	7594885	778534976.00
2011/01/10	5.69	5.92	5.63	5.86	2797325	296114048.00
2011/01/11	5.91	6.15	5.46	5.62	2389680	255696928.00
2011/01/12	5.52	5.73	5.47	5.55	1321574	135838976.00
2011/01/13	5.35	5.62	5.29	5.36	1308405	129677528.00
2011/01/14	5.35	5.37	5.01	5.20	1391732	132160000.00
2011/01/17	5.12	5.12	4.84	5.01	1035203	94794752.00
2011/01/18	4.90	5.13	4.85	4.93	463487	42581616.00
2011/01/19	4.90	5.15	4.90	5.12	517184	48100860.00
2011/01/20	5.11	5.11	4.84	4.85	486682	44516016.00
2011/01/21	4.81	4.97	4.61	4.94	736103	64540600.00
2011/01/24	4.88	4.98	4.70	4.78	327289	29362032.00
2011/01/25	4.80	4.80	4.52	4.72	465002	39716192.00
2011/01/26	4.72	4.95	4.72	4.84	313267	27878798.00
2011/01/27	4.81	4.88	4.66	4.85	189701	16794474.00
2011/01/28	4.85	4.95	4.79	4.93	251808	22691576.00
2011/01/31	4.92	5.06	4.91	4.98	201265	18496054.00
2011/02/01	4.95	5.01	4.76	4.78	237573	21114270.00
2011/02/09	4.73	4.88	4.72	4.77	188482	16643580.00
2011/02/10	4.80	5.27	4.80	5.27	575116	53984348.00
2011/02/11	5.30	5.49	5.21	5.27	575338	56288836.00
2011/02/14	5.27	5.82	5.19	5.82	691562	70282520.00
2011/02/15	5.78	5.94	5.74	5.82	589686	62964328.00
2011/02/16	5.82	6.11	5.75	6.03	518055	56449932.00
2011/02/17	6.02	6.14	5.86	5.97	460755	49927800.00
2011/02/18	5.97	6.53	5.93	5.97	788451	89514904.00
2011/02/21	5.91	6.20	5.86	6.16	393188	42905180.00
2011/02/22	6.11	6.14	5.63	5.72	541836	57564792.00
2011/02/23	5.73	5.83	5.61	5.67	342692	35733324.00
2011/02/24	5.69	5.83	5.50	5.70	421970	43619792.00
2011/02/25	5.63	6.06	5.59	5.87	390986	41927264.00
2011/02/28	5.88	6.14	5.82	5.91	318514	34619612.00
2011/03/01	5.91	6.00	5.65	5.66	305748	32305924.00
2011/03/02	5.57	5.64	5.45	5.49	373560	37765624.00
2011/03/03	5.46	5.66	5.36	5.40	258783	25940128.00
2011/03/04	5.40	5.52	5.29	5.49	257468	25381226.00
2011/03/07	5.47	5.57	5.35	5.42	234546	23219676.00
2011/03/08	5.45	5.57	5.36	5.47	406963	40867968.00
2011/03/09	5.46	5.51	5.38	5.46	218054	21732530.00
2011/03/10	5.47	5.66	5.46	5.51	289282	29450688.00
2011/03/11	5.46	5.54	5.36	5.49	310610	30974662.00
2011/03/14	5.49	5.51	5.38	5.40	224659	22323610.00
2011/03/15	5.41	5.44	5.18	5.29	321295	31128490.00
2011/03/16	5.29	5.35	5.26	5.32	153463	14918274.00
2011/03/17	5.32	5.39	5.24	5.25	172356	16751841.00
2011/03/18	5.29	5.35	5.27	5.35	127635	12419787.00
2011/03/21	5.37	5.45	5.32	5.35	281357	27796650.00
2011/03/22	5.37	5.40	5.30	5.34	144433	14131425.00
2011/03/23	5.33	5.74	5.33	5.69	622066	63025748.00
2011/03/24	5.64	5.76	5.60	5.62	332105	34474796.00
2011/03/25	5.64	5.71	5.53	5.62	341833	35067736.00
2011/03/28	5.57	5.57	5.04	5.04	1137351	108373832.00
2011/03/29	4.91	5.00	4.82	4.95	665435	59825612.00
2011/03/30	4.92	4.93	4.75	4.80	495884	43962900.00
2011/03/31	4.80	4.89	4.78	4.80	204951	18232818.00
2011/04/01	4.83	4.92	4.76	4.90	293674	26282182.00
2011/04/06	4.83	4.87	4.66	4.72	316707	27897820.00
2011/04/07	4.73	4.86	4.71	4.83	234535	20785202.00
2011/04/08	4.87	4.94	4.82	4.85	503721	45226404.00
2011/04/11	4.85	4.89	4.66	4.67	501070	43898160.00
2011/04/12	4.65	4.72	4.61	4.62	329612	28212716.00
2011/04/13	4.61	4.69	4.60	4.66	570681	49016104.00
2011/04/14	4.66	4.68	4.63	4.66	417861	35892516.00
2011/04/15	4.65	4.81	4.62	4.77	340644	29652798.00
2011/04/18	4.69	4.71	4.66	4.69	256754	22140470.00
2011/04/19	4.64	4.81	4.64	4.73	394718	34486568.00
2011/04/21	4.80	4.94	4.80	4.89	423842	37981244.00
2011/04/22	4.84	4.90	4.68	4.76	292819	25676096.00
2011/04/25	4.74	4.81	4.61	4.64	221632	19069130.00
2011/04/26	4.58	4.66	4.55	4.56	221796	18834442.00
2011/04/27	4.66	4.66	4.50	4.52	181877	15363562.00
2011/04/28	4.61	4.61	4.05	4.26	398123	31295192.00
2011/04/29	4.22	4.27	3.92	4.22	359912	12563810.00
2011/05/03	4.16	4.24	4.12	4.21	270086	9519560.00
2011/05/04	4.18	4.20	3.92	3.97	725942	24539182.00
2011/05/05	3.98	4.02	3.92	4.00	402517	13513368.00
2011/05/06	3.99	4.00	3.87	3.93	379743	12529727.00
2011/05/09	3.93	4.03	3.93	3.96	267130	8939829.00
2011/05/10	3.98	4.04	3.94	4.02	349442	11732510.00
2011/05/11	4.02	4.16	3.98	4.15	353765	12161307.00
2011/05/12	4.10	4.29	4.10	4.14	480374	16941616.00
2011/05/13	4.16	4.28	4.16	4.22	359613	12767767.00
2011/05/16	4.27	4.27	4.12	4.13	185835	6499083.50
2011/05/17	4.12	4.18	4.01	4.15	201662	6902250.50
2011/05/18	4.16	4.27	4.06	4.12	181906	6337442.00
2011/05/19	4.07	4.16	4.07	4.09	124100	4286328.50
2011/05/20	4.09	4.09	3.95	3.96	203932	6874959.50
2011/05/23	3.96	3.96	3.80	3.87	391585	12702348.00
2011/05/24	3.91	4.11	3.82	4.03	641930	21517702.00
2011/05/25	4.03	4.11	3.98	4.00	265879	9039270.00
2011/05/26	3.98	4.07	3.80	3.80	159660	5344076.50
2011/05/27	3.82	3.96	3.78	3.80	345973	11219329.00
2011/05/30	3.83	3.98	3.80	3.88	610669	20166392.00
2011/05/31	3.88	3.95	3.83	3.95	264142	8671215.00
2011/06/01	3.99	4.01	3.92	3.96	435872	14483840.00
2011/06/02	3.87	4.02	3.81	3.95	413568	13693024.00
2011/06/03	3.98	4.10	3.92	4.10	435376	14800476.00
2011/06/07	4.11	4.16	4.10	4.14	329002	11395474.00
2011/06/08	4.10	4.11	4.03	4.09	196030	6694506.50
2011/06/09	4.11	4.11	3.97	4.06	235793	7996213.50
2011/06/10	4.00	4.10	3.86	4.10	239309	8019867.50
2011/06/13	3.99	4.12	3.99	4.10	175388	6012245.50
2011/06/14	4.06	4.12	4.05	4.09	250213	8575084.00
2011/06/16	4.03	4.03	3.96	3.97	154522	5174770.50
2011/06/17	3.97	4.03	3.88	3.94	162026	5394097.00
2011/06/20	3.96	3.96	3.64	3.65	371189	11786248.00
2011/06/21	3.61	3.69	3.48	3.48	1070570	32031530.00
2011/06/22	3.48	3.55	3.47	3.51	281968	8377367.00
2011/06/23	3.51	3.61	3.46	3.59	332675	10009924.00
2011/06/24	3.53	3.78	3.53	3.77	514522	16074334.00
2011/06/27	3.70	3.88	3.70	3.80	359954	11560895.00
2011/06/28	3.80	3.82	3.71	3.79	426113	13477266.00
2011/06/29	3.77	3.81	3.75	3.76	216306	6903235.50
2011/06/30	3.73	3.82	3.73	3.78	484415	15413509.00
2011/07/01	3.76	3.85	3.75	3.78	370974	11840089.00
2011/07/04	3.81	3.97	3.78	3.95	409331	13380026.00
2011/07/05	3.95	4.13	3.95	4.07	425390	14586823.00
2011/07/06	4.05	4.11	3.96	4.07	436122	14938921.00
2011/07/07	4.05	4.20	4.05	4.11	365239	12659664.00
2011/07/08	4.17	4.17	4.07	4.09	117527	4042644.50
2011/07/11	4.08	4.11	4.03	4.09	226600	7761665.50
2011/07/12	4.05	4.05	3.93	3.94	274831	9182612.00
2011/07/13	3.94	4.07	3.94	4.04	350030	11747380.00
2011/07/14	4.05	4.35	4.05	4.31	826398	29548722.00
2011/07/15	4.30	4.39	4.23	4.36	847876	30712046.00
2011/07/18	4.36	4.38	4.18	4.20	459467	16476825.00
2011/07/19	4.17	4.22	4.04	4.06	754967	25961834.00
2011/07/20	4.05	4.15	4.03	4.06	183318	6273837.00
2011/07/21	4.11	4.11	4.00	4.07	486057	16502651.00
2011/07/22	4.07	4.34	4.06	4.24	838831	29610232.00
2011/07/25	4.23	4.23	3.97	3.98	431454	14834165.00
2011/07/26	4.02	4.02	3.83	3.96	444176	14788560.00
2011/07/27	3.83	4.02	3.83	4.02	421610	14113696.00
2011/07/28	3.98	4.04	3.92	4.03	305880	10270352.00
2011/07/29	4.04	4.04	3.96	3.98	196897	6595611.00
2011/08/01	3.92	4.04	3.92	4.00	173868	5849204.00
2011/08/02	4.05	4.41	3.98	4.23	890833	31457600.00
2011/08/03	4.13	4.48	4.13	4.36	1183297	43152468.00
2011/08/04	4.36	4.39	4.21	4.24	398912	14298861.00
2011/08/05	4.11	4.23	4.05	4.17	403203	14052517.00
2011/08/08	4.16	4.16	3.73	3.95	511406	16995726.00
2011/08/09	3.82	4.00	3.62	3.98	376462	12274771.00
2011/08/10	4.04	4.17	4.04	4.08	523765	18114800.00
2011/08/11	3.98	4.31	3.92	4.30	878767	30902420.00
2011/08/12	4.36	4.43	4.30	4.41	823421	30161182.00
2011/08/15	4.46	4.52	4.41	4.49	613386	22969588.00
2011/08/16	4.49	4.49	4.34	4.34	473808	17426752.00
2011/08/17	4.34	4.42	4.30	4.37	360291	13184215.00
2011/08/18	4.33	4.34	4.19	4.21	307192	10974951.00
2011/08/19	4.11	4.40	4.06	4.40	350129	12381856.00
2011/08/22	4.37	4.52	4.36	4.42	544048	20223452.00
2011/08/23	4.52	4.66	4.43	4.50	1272527	48397076.00
2011/08/24	4.45	4.67	4.45	4.58	971371	37142224.00
2011/08/25	4.56	4.70	4.46	4.54	862013	32727020.00
2011/08/26	4.52	4.61	4.47	4.55	335860	12711656.00
2011/08/29	4.54	4.58	4.46	4.51	505538	19061412.00
2011/08/30	4.55	4.55	4.30	4.33	456321	16918350.00
2011/08/31	4.32	4.35	4.15	4.23	531738	18828464.00
2011/09/01	4.23	4.34	4.21	4.30	285379	10237426.00
2011/09/02	4.32	4.32	4.18	4.23	223402	7906287.00
2011/09/05	4.17	4.21	4.12	4.17	244479	8540094.00
2011/09/06	4.24	4.24	4.11	4.17	146548	5099434.50
2011/09/07	4.23	4.28	4.16	4.28	168887	5993054.50
2011/09/08	4.31	4.40	4.24	4.35	364699	13282694.00
2011/09/09	4.35	4.37	4.26	4.26	100040	3611290.00
2011/09/13	4.25	4.25	4.11	4.13	131345	4565037.00
2011/09/14	4.26	4.41	4.13	4.17	345931	12271350.00
2011/09/15	4.15	4.20	4.13	4.15	339710	11869080.00
2011/09/16	4.14	4.17	4.09	4.16	259674	9019497.00
2011/09/19	4.10	4.12	3.92	3.92	205989	6921833.00
2011/09/20	3.91	3.92	3.78	3.90	469311	15266711.00
2011/09/21	3.88	4.04	3.84	3.99	362859	12021338.00
2011/09/22	3.96	3.96	3.80	3.86	148100	4850472.50
2011/09/23	3.76	3.87	3.76	3.86	180987	5836406.00
2011/09/26	3.88	3.95	3.80	3.80	254041	8247807.50
2011/09/27	3.86	3.89	3.76	3.80	202760	6514598.50
2011/09/28	3.82	3.83	3.69	3.76	162125	5161499.50
2011/09/29	3.70	3.73	3.61	3.67	190064	5880968.50
2011/09/30	3.66	3.66	3.55	3.58	194690	5905844.00
2011/10/10	3.65	3.65	3.52	3.54	135400	4084621.50
2011/10/11	3.73	3.77	3.53	3.56	249944	7677485.50
2011/10/12	3.56	3.69	3.52	3.65	634594	19367276.00
2011/10/13	3.66	3.72	3.63	3.67	548478	17020776.00
2011/10/14	3.71	3.73	3.63	3.68	321975	10001255.00
2011/10/17	3.69	3.79	3.69	3.75	520122	16423885.00
2011/10/18	3.74	3.87	3.64	3.64	1153684	36783048.00
2011/10/19	3.65	3.69	3.33	3.40	1057160	31392648.00
2011/10/20	3.38	3.38	3.04	3.04	2166415	57269860.00
2011/10/21	3.04	3.09	2.98	3.07	393331	10269997.00
2011/10/24	3.04	3.11	2.98	3.06	543331	14185246.00
2011/10/25	3.07	3.29	3.07	3.22	903081	24524034.00
2011/10/26	3.19	3.32	3.16	3.24	818474	22756010.00
2011/10/27	3.21	3.39	3.21	3.36	899549	25525212.00
2011/10/28	3.39	3.44	3.30	3.41	881145	25281102.00
2011/10/31	3.45	3.78	3.41	3.78	2235492	68670632.00
2011/11/01	3.77	3.98	3.70	3.90	2489313	81761752.00
2011/11/02	3.80	4.00	3.77	4.00	1364385	44935624.00
2011/11/03	4.01	4.28	4.00	4.16	2161110	75779824.00
2011/11/04	4.16	4.28	4.14	4.22	873611	30854528.00
2011/11/07	4.23	4.23	4.05	4.08	1039801	36266668.00
2011/11/08	4.05	4.08	3.94	3.98	924421	31037232.00
2011/11/09	3.98	4.20	3.98	4.16	1021417	34851816.00
2011/11/10	4.11	4.18	4.05	4.13	821097	28457690.00
2011/11/11	4.13	4.13	4.00	4.05	342503	11704863.00
2011/11/14	4.11	4.26	4.05	4.18	803581	28174620.00
2011/11/15	4.17	4.33	4.17	4.27	665153	23794148.00
2011/11/16	4.28	4.30	4.09	4.15	437905	15317592.00
2011/11/17	4.15	4.27	4.06	4.15	576957	20172506.00
2011/11/18	4.16	4.23	4.00	4.03	978851	34082532.00
2011/11/21	3.93	4.00	3.73	3.85	932582	30145546.00
2011/11/22	3.82	3.89	3.70	3.87	468505	15092593.00
2011/11/23	3.88	3.96	3.87	3.87	543639	17953950.00
2011/11/24	3.79	3.96	3.76	3.95	306290	10095267.00
2011/11/25	3.97	4.01	3.91	3.98	213558	7105415.00
2011/11/28	4.03	4.22	4.00	4.18	1311639	45942624.00
2011/11/29	4.23	4.34	4.17	4.26	1249030	44634508.00
2011/11/30	4.21	4.28	3.90	3.96	707740	24001474.00
2011/12/01	4.12	4.13	3.98	4.03	712667	24238754.00
2011/12/02	3.98	3.98	3.83	3.93	408606	13394322.00
2011/12/05	3.92	3.92	3.75	3.76	288396	9236292.00
2011/12/06	3.76	3.82	3.69	3.81	281488	8891626.00
2011/12/07	3.81	4.00	3.77	3.98	594152	19389620.00
2011/12/08	3.92	3.97	3.75	3.90	1011719	32874548.00
2011/12/09	3.81	3.89	3.73	3.81	274501	8853203.00
2011/12/12	3.82	4.00	3.81	3.90	627229	20739604.00
2011/12/13	3.85	3.85	3.76	3.79	461521	14735766.00
2011/12/14	3.77	3.94	3.77	3.77	533690	17213788.00
2011/12/15	3.67	3.67	3.38	3.42	1041530	30707138.00
2011/12/16	3.48	3.66	3.43	3.58	546365	16198845.00
2011/12/19	3.53	3.68	3.49	3.65	421002	12846049.00
2011/12/20	3.65	3.70	3.58	3.64	386940	11893731.00
2011/12/21	3.67	3.77	3.52	3.52	421791	13019442.00
2011/12/22	3.51	3.64	3.15	3.63	806621	23200166.00
2011/12/23	3.55	3.69	3.53	3.64	418287	12819397.00
2011/12/26	3.64	3.77	3.58	3.73	527746	16614090.00
2011/12/27	3.79	3.98	3.42	3.48	1416210	44912420.00
2011/12/28	3.27	3.36	3.20	3.31	907644	25204968.00
2011/12/29	3.28	3.42	3.25	3.37	502046	14294193.00
2011/12/30	3.37	3.44	3.34	3.41	648170	18675314.00
2012/01/04	3.46	3.46	3.33	3.35	393845	11306482.00
2012/01/05	3.30	3.30	3.04	3.07	851079	22848138.00
2012/01/06	3.03	3.12	2.89	3.07	395417	10115590.00
2012/01/09	3.02	3.20	3.01	3.17	481729	12931371.00
2012/01/10	3.25	3.42	3.22	3.30	1168003	32739992.00
2012/01/11	3.30	3.40	3.24	3.38	866685	24554708.00
2012/01/12	3.37	3.41	3.31	3.35	536465	15227017.00
2012/01/13	3.33	3.36	3.05	3.15	662646	17830062.00
2012/01/16	3.11	3.13	2.95	2.95	302527	7828460.50
2012/01/17	2.90	3.18	2.90	3.13	478032	12341336.00
2012/01/18	3.21	3.23	2.80	2.86	1327487	33194980.00
2012/01/19	2.86	2.90	2.76	2.86	968696	23367610.00
2012/01/20	2.86	2.94	2.82	2.93	758005	18869620.00
2012/01/30	2.97	3.04	2.94	2.94	883921	22484426.00
2012/01/31	2.92	2.94	2.83	2.93	615878	15214592.00
2012/02/01	2.93	3.16	2.91	3.07	1322139	34563504.00
2012/02/02	3.17	3.18	3.03	3.08	2729913	71846056.00
2012/02/03	3.08	3.26	3.08	3.19	2773472	75416032.00
2012/02/06	3.18	3.26	3.17	3.22	1642368	44845216.00
2012/02/07	3.18	3.21	3.08	3.12	1234055	32874510.00
2012/02/08	3.06	3.26	3.06	3.22	1327613	36007592.00
2012/02/09	3.21	3.29	3.20	3.25	1028745	28509344.00
2012/02/10	3.22	3.34	3.21	3.28	985867	27442754.00
2012/02/13	3.24	3.36	3.18	3.30	1144762	32038314.00
2012/02/14	3.32	3.38	3.27	3.31	823950	23270428.00
2012/02/15	3.31	3.36	3.28	3.34	806330	22745864.00
2012/02/16	3.34	3.35	3.26	3.29	1059927	29784184.00
2012/02/17	3.29	3.30	3.25	3.28	837957	23274442.00
2012/02/20	3.36	3.36	3.27	3.31	912468	25654272.00
2012/02/21	3.31	3.52	3.31	3.51	2478371	71969912.00
2012/02/22	3.48	3.66	3.44	3.61	1948329	58581324.00
2012/02/23	3.61	3.70	3.51	3.58	1172839	35798780.00
2012/02/24	3.57	3.62	3.52	3.62	1399155	42238180.00
2012/02/27	3.66	3.72	3.60	3.62	1665891	51460264.00
2012/02/28	3.58	3.71	3.53	3.67	1586971	48620664.00
2012/02/29	3.66	3.66	3.53	3.57	1125821	34190888.00
2012/03/01	3.58	3.63	3.55	3.61	706694	21460066.00
2012/03/02	3.65	3.76	3.61	3.76	1221658	38214204.00
2012/03/05	3.76	3.83	3.72	3.76	1258055	39951544.00
2012/03/06	3.78	3.84	3.72	3.82	1313503	41956228.00
2012/03/07	3.83	3.87	3.76	3.80	930666	29952720.00
2012/03/08	3.80	3.83	3.71	3.83	1245530	39637860.00
2012/03/09	3.86	3.87	3.75	3.82	1485668	47647644.00
2012/03/12	3.82	3.98	3.80	3.83	2726670	88863256.00
2012/03/13	3.83	3.83	3.64	3.75	2606184	81545912.00
2012/03/14	3.74	3.79	3.55	3.56	1827170	57069936.00
2012/03/15	3.53	3.63	3.41	3.45	1727141	50795652.00
2012/03/16	3.45	3.57	3.45	3.56	1509816	45015984.00
2012/03/19	3.61	3.64	3.57	3.64	1438161	43881268.00
2012/03/20	3.64	3.64	3.46	3.46	1277417	37933248.00
2012/03/21	3.47	3.52	3.36	3.41	957272	27723852.00
2012/03/22	3.41	3.45	3.38	3.43	589716	17099656.00
2012/03/23	3.43	3.46	3.33	3.35	708400	20426620.00
2012/03/26	3.36	3.40	3.30	3.40	444863	12674909.00
2012/03/27	3.40	3.44	3.35	3.35	433423	12521421.00
2012/03/28	3.36	3.36	3.15	3.16	622327	17211500.00
2012/03/29	3.13	3.22	3.12	3.14	701032	18915880.00
2012/03/30	3.17	3.19	3.12	3.17	488719	13131268.00
2012/04/05	3.18	3.27	3.15	3.25	457989	12539164.00
2012/04/06	3.25	3.34	3.22	3.31	650165	18186724.00
2012/04/09	3.28	3.31	3.24	3.27	413227	11538573.00
2012/04/11	3.29	3.41	3.29	3.31	597767	16908376.00
2012/04/12	3.32	3.36	3.29	3.36	532715	15051544.00
2012/04/13	3.35	3.44	3.33	3.44	1175248	33958204.00
2012/04/16	3.39	3.43	3.37	3.41	320186	9233109.00
2012/04/17	3.42	3.43	3.30	3.30	571535	16242849.00
2012/04/18	3.31	3.38	3.27	3.35	713428	20167568.00
2012/04/19	3.36	3.45	3.34	3.45	1024970	29543418.00
2012/04/20	3.40	3.41	3.36	3.38	1106990	31779760.00
2012/04/23	3.36	3.36	3.17	3.18	1307893	35767240.00
2012/04/24	3.14	3.20	3.11	3.17	820502	22002698.00
2012/04/25	3.15	3.17	3.12	3.13	334280	8955058.00
2012/04/26	3.14	3.15	3.06	3.09	415946	10965008.00
2012/04/27	3.08	3.09	3.01	3.07	471405	12235826.00
2012/05/02	3.08	3.12	3.05	3.11	377098	9948163.00
2012/05/03	3.11	3.11	2.99	3.05	632267	16450283.00
2012/05/04	3.05	3.21	3.02	3.18	959283	25425190.00
2012/05/07	3.17	3.26	3.14	3.23	738457	20119212.00
2012/05/08	3.21	3.29	3.19	3.29	776453	21351242.00
2012/05/09	3.28	3.28	3.13	3.19	810471	22152130.00
2012/05/10	3.22	3.22	3.12	3.16	609867	16439723.00
2012/05/11	3.16	3.20	3.14	3.15	309928	8366530.50
2012/05/14	3.22	3.36	3.18	3.21	1230239	33962200.00
2012/05/15	3.15	3.35	3.07	3.28	3837582	53185780.00
2012/05/16	3.23	3.29	3.18	3.19	1373934	18770754.00
2012/05/17	3.19	3.22	3.12	3.14	1174714	15644637.00
2012/05/18	3.13	3.21	3.12	3.14	1219218	16389657.00
2012/05/21	3.18	3.19	3.10	3.15	722456	9615350.00
2012/05/22	3.15	3.18	3.12	3.18	1199243	15954313.00
2012/05/23	3.18	3.18	3.08	3.16	620871	8223551.00
2012/05/24	3.15	3.16	3.09	3.12	635053	8412171.00
2012/05/25	3.12	3.15	3.05	3.08	442627	5799638.00
2012/05/28	3.06	3.07	2.95	3.07	575849	7392526.00
2012/05/29	3.07	3.13	3.05	3.12	967958	12672069.00
2012/05/30	3.12	3.15	3.10	3.14	881629	11658423.00
2012/05/31	3.14	3.19	3.10	3.16	1025825	13673054.00
2012/06/01	3.16	3.26	3.16	3.22	1354100	18389920.00
2012/06/04	3.13	3.18	3.07	3.09	908263	11994264.00
2012/06/05	3.10	3.12	3.00	3.03	895499	11512974.00
2012/06/06	3.02	3.07	3.01	3.02	476222	6118570.00
2012/06/07	3.06	3.10	3.00	3.02	558003	7158190.00
2012/06/08	3.05	3.06	2.97	3.00	582829	7439493.50
2012/06/11	2.99	3.00	2.90	2.99	1734642	21726258.00
2012/06/12	2.97	2.98	2.91	2.92	1165168	14502001.00
2012/06/13	2.91	2.98	2.91	2.96	1333678	16671894.00
2012/06/14	2.94	3.07	2.94	3.04	2950013	37934884.00
2012/06/15	3.03	3.06	2.95	3.00	1287488	16325850.00
2012/06/18	3.01	3.09	3.01	3.04	1867950	24046884.00
2012/06/19	3.06	3.06	3.01	3.02	785837	10079216.00
2012/06/20	3.03	3.06	2.98	3.05	1087689	13946867.00
2012/06/21	3.03	3.05	2.98	3.00	882986	11283072.00
2012/06/25	2.98	2.99	2.94	2.94	714900	8971532.00
2012/06/26	2.90	2.93	2.84	2.90	541079	6650377.00
2012/06/27	2.90	2.94	2.89	2.91	767579	9514664.00
2012/06/28	2.91	2.92	2.79	2.79	925330	11220890.00
2012/06/29	2.81	2.83	2.74	2.82	621328	7385106.50
2012/07/02	2.82	2.90	2.82	2.88	565725	6894210.00
2012/07/03	2.87	2.93	2.86	2.88	541634	6651210.50
2012/07/04	2.87	2.89	2.77	2.78	1086303	13002325.00
2012/07/05	2.77	2.82	2.70	2.71	1181037	13893334.00
2012/07/06	2.75	2.76	2.59	2.65	1655070	18626552.00
2012/07/09	2.62	2.64	2.54	2.54	909976	10069569.00
2012/07/10	2.54	2.54	2.45	2.49	575398	6143202.50
2012/07/11	2.50	2.53	2.48	2.52	599389	6442275.50
2012/07/12	2.53	2.75	2.50	2.67	1585532	18023504.00
2012/07/13	2.72	2.75	2.66	2.69	1129107	13050376.00
2012/07/16	2.71	2.71	2.52	2.56	1435412	16235138.00
2012/07/17	2.56	2.59	2.50	2.54	856453	9270410.00
2012/07/18	2.51	2.67	2.50	2.67	999228	11072638.00
2012/07/19	2.68	2.83	2.63	2.74	1620614	19046360.00
2012/07/20	2.73	2.79	2.70	2.79	922607	10844360.00
2012/07/23	2.79	2.89	2.73	2.85	961579	11562040.00
2012/07/24	2.83	2.87	2.77	2.86	772461	9290408.00
2012/07/25	2.86	2.86	2.78	2.82	877901	10532659.00
2012/07/26	2.80	2.85	2.75	2.75	676017	8071716.50
2012/07/27	2.79	2.82	2.72	2.81	435000	5118405.00
2012/07/30	2.81	2.85	2.75	2.75	287800	3413198.00
2012/07/31	2.74	2.75	2.59	2.61	404911	4580972.00
2012/08/01	2.70	2.71	2.58	2.67	348600	3946128.00
2012/08/02	2.66	2.66	2.60	2.65	291425	3268207.50
2012/08/03	2.63	2.75	2.63	2.74	349432	4032929.75
2012/08/06	2.74	2.85	2.70	2.82	635544	7518472.00
2012/08/07	2.82	2.91	2.82	2.91	874305	10683871.00
2012/08/08	2.88	2.94	2.84	2.90	364576	4463387.50
2012/08/09	2.86	3.10	2.85	3.08	2259380	28640998.00
2012/08/10	3.05	3.09	3.00	3.05	932125	12000302.00
2012/08/13	3.15	3.24	3.05	3.05	1797256	23841352.00
2012/08/14	3.01	3.14	2.96	3.13	2020082	26275608.00
2012/08/15	3.13	3.13	2.95	2.97	1937518	24719072.00
2012/08/16	2.95	2.97	2.86	2.88	684935	8463006.00
2012/08/17	2.87	2.87	2.70	2.81	1562332	18415558.00
2012/08/20	2.76	2.82	2.71	2.82	930103	10971291.00
2012/08/21	2.80	2.89	2.77	2.82	1049184	12647699.00
2012/08/22	2.88	2.88	2.77	2.80	1310610	15633477.00
2012/08/23	2.78	2.81	2.72	2.78	1157489	13618810.00
2012/08/24	2.78	2.83	2.74	2.75	1045275	12395020.00
2012/08/27	2.73	2.75	2.68	2.68	1174835	13566956.00
2012/08/28	2.67	2.75	2.67	2.71	560472	6478420.50
2012/08/29	2.72	2.80	2.71	2.77	797146	9396415.00
2012/08/30	2.75	2.79	2.60	2.70	763483	8726781.00
2012/08/31	2.70	2.72	2.65	2.70	494757	5654605.50
2012/09/03	2.67	2.72	2.62	2.72	1204463	13860529.00
2012/09/04	2.73	2.79	2.67	2.68	1090343	12732310.00
2012/09/05	2.65	2.72	2.60	2.70	690207	7849692.50
2012/09/06	2.70	2.75	2.67	2.73	673723	7812107.00
2012/09/07	2.77	2.89	2.74	2.84	1584839	19094188.00
2012/09/10	2.86	2.93	2.83	2.91	1200850	14724741.00
2012/09/11	2.89	2.89	2.78	2.85	927912	11216179.00
2012/09/12	2.87	2.89	2.82	2.86	862295	10466569.00
2012/09/13	2.87	3.01	2.87	2.89	1597482	19931286.00
2012/09/14	2.94	2.94	2.79	2.80	1711881	20602304.00
2012/09/17	2.82	2.83	2.64	2.65	1254497	14396455.00
2012/09/18	2.63	2.72	2.61	2.62	701401	7927131.50
2012/09/19	2.63	2.66	2.50	2.56	1128515	12452025.00
2012/09/20	2.55	2.68	2.50	2.51	2065808	22836616.00
2012/09/21	2.47	2.50	2.35	2.35	2344219	24399088.00
2012/09/24	2.34	2.37	2.30	2.35	2005820	20234476.00
2012/09/25	2.35	2.40	2.33	2.34	1042626	10552266.00
2012/09/26	2.34	2.35	2.25	2.29	1229863	12094432.00
2012/09/27	2.29	2.38	2.24	2.35	1181043	11870883.00
2012/09/28	2.35	2.42	2.33	2.39	1507663	15473780.00
2012/10/08	2.39	2.42	2.37	2.38	527969	5418377.00
2012/10/09	2.38	2.56	2.38	2.51	1407378	15019410.00
2012/10/10	2.49	2.60	2.48	2.59	1618292	17711382.00
2012/10/11	2.57	2.59	2.52	2.53	797426	8702519.00
2012/10/12	2.53	2.56	2.50	2.54	582769	6321899.50
2012/10/15	2.52	2.56	2.52	2.56	625256	6784597.00
2012/10/16	2.56	2.64	2.53	2.59	889830	9900401.00
2012/10/17	2.59	2.63	2.56	2.62	614811	6830560.50
2012/10/18	2.63	2.66	2.59	2.62	677661	7615731.50
2012/10/19	2.62	2.70	2.61	2.68	1294328	14720594.00
2012/10/22	2.66	2.70	2.63	2.69	477087	5450284.00
2012/10/23	2.69	2.70	2.58	2.60	525600	5913532.00
2012/10/24	2.59	2.61	2.50	2.52	958251	10406451.00
2012/10/25	2.50	2.56	2.50	2.52	558484	6054734.00
2012/10/26	2.52	2.55	2.45	2.48	339183	3609805.75
2012/10/29	2.49	2.51	2.40	2.42	470791	4930023.50
2012/10/30	2.42	2.46	2.42	2.44	319241	3341095.50
2012/10/31	2.45	2.55	2.45	2.48	722027	7724498.50
2012/11/01	2.49	2.59	2.49	2.56	482520	5281377.50
2012/11/02	2.56	2.63	2.53	2.61	969565	10706761.00
2012/11/05	2.62	2.66	2.60	2.63	658074	7394030.00
2012/11/06	2.62	2.63	2.53	2.59	646617	7108499.00
2012/11/07	2.61	2.67	2.60	2.67	892090	10080313.00
2012/11/08	2.67	2.67	2.53	2.53	832068	9174955.00
2012/11/09	2.52	2.59	2.52	2.52	533375	5825152.00
2012/11/12	2.52	2.61	2.51	2.59	493898	5420413.50
2012/11/13	2.58	2.71	2.55	2.70	3003580	34145416.00
2012/11/14	2.68	2.78	2.65	2.77	1818794	21074848.00
2012/11/15	2.76	2.85	2.66	2.85	2311898	27381072.00
2012/11/16	2.82	3.07	2.78	2.99	5684644	70616544.00
2012/11/19	2.92	3.08	2.85	3.02	4038347	50654388.00
2012/11/20	2.96	3.02	2.88	2.88	2928729	36595692.00
2012/11/21	2.88	3.06	2.88	2.91	3718118	46857676.00
2012/11/22	2.90	3.12	2.87	3.03	4980754	63800000.00
2012/11/23	3.00	3.36	3.00	3.36	8743983	120731264.00
2012/11/26	3.37	3.48	3.25	3.36	10030608	141772304.00
2012/11/27	3.30	3.31	3.12	3.28	7282409	98606296.00
2012/11/28	3.22	3.42	3.10	3.15	8882980	123291544.00
2012/11/29	3.05	3.13	2.92	3.11	6597527	84299448.00
2012/11/30	3.03	3.17	3.01	3.07	5062630	65814088.00
2012/12/03	3.06	3.39	3.03	3.30	8334507	114316296.00
2012/12/04	3.21	3.28	3.06	3.25	6136779	82798952.00
2012/12/05	3.22	3.50	3.15	3.35	9257674	130759408.00
2012/12/06	3.29	3.61	3.28	3.49	7738373	112591688.00
2012/12/07	3.46	3.86	3.45	3.86	14226871	223048304.00
2012/12/10	3.92	4.14	3.75	3.92	16554382	270121376.00
2012/12/11	3.80	3.83	3.69	3.71	8322024	131137616.00
2012/12/12	3.69	3.79	3.63	3.74	6281959	97734400.00
2012/12/13	3.68	3.76	3.61	3.62	5082347	78485088.00
2012/12/14	3.65	3.86	3.65	3.80	9564226	151372256.00
2012/12/17	3.76	3.88	3.66	3.87	7411161	116811936.00
2012/12/18	3.83	4.14	3.67	3.69	10631531	173054192.00
2012/12/19	3.67	3.67	3.50	3.61	4932081	74455400.00
2012/12/20	3.61	3.79	3.56	3.79	7148081	111452336.00
2012/12/21	3.75	3.88	3.64	3.67	5492009	86427800.00
2012/12/24	3.63	3.74	3.62	3.67	5002327	76794720.00
2012/12/25	3.67	3.91	3.62	3.84	7809440	123827448.00
2012/12/26	3.79	3.93	3.75	3.92	6437858	103580544.00
2012/12/27	3.90	3.92	3.68	3.68	5102507	81380208.00
2012/12/28	3.68	3.71	3.54	3.62	4485892	68074448.00
2012/12/31	3.62	3.80	3.58	3.77	4711803	73149272.00
2013/01/04	3.77	3.83	3.67	3.75	4378358	69134288.00
2013/01/07	3.74	4.02	3.64	3.98	7564563	121795264.00
2013/01/08	3.93	3.95	3.82	3.89	4997469	81279688.00
2013/01/09	3.85	4.07	3.83	3.94	6395166	106237024.00
2013/01/10	3.95	3.98	3.82	3.89	3686995	59965040.00
2013/01/11	3.85	3.95	3.72	3.73	3547082	57011028.00
2013/01/14	3.73	3.95	3.69	3.87	5244544	84231416.00
2013/01/15	3.86	4.27	3.86	4.27	10546182	180518208.00
2013/01/16	4.36	4.50	4.20	4.33	11005445	199186976.00
2013/01/17	4.34	4.34	4.12	4.14	4493435	79097688.00
2013/01/18	4.23	4.47	4.19	4.44	7582203	137780416.00
2013/01/21	4.44	4.66	4.33	4.58	6771441	126490616.00
2013/01/22	4.57	4.59	4.28	4.49	5619683	104248704.00
2013/01/23	4.42	4.42	4.23	4.37	4113551	74259920.00
2013/01/24	4.42	4.44	4.06	4.12	4889720	86517808.00
2013/01/25	4.13	4.19	4.05	4.12	2741152	47209308.00
2013/01/28	4.17	4.24	4.07	4.23	5725017	99598992.00
2013/01/29	4.21	4.40	4.17	4.34	5232364	93245536.00
2013/01/30	4.33	4.34	4.10	4.23	5315819	93832720.00
2013/01/31	4.23	4.31	4.18	4.28	3691206	65394184.00
2013/02/01	4.37	4.40	4.07	4.11	8727124	154505616.00
2013/02/04	4.03	4.04	3.69	3.73	6176010	98254736.00
2013/02/05	3.70	3.81	3.65	3.75	3257243	51173000.00
2013/02/06	3.75	3.77	3.68	3.74	3249645	50720644.00
2013/02/07	3.74	3.78	3.68	3.75	2783630	43556908.00
2013/02/08	3.76	3.87	3.75	3.86	3030369	48575812.00
2013/02/18	3.91	3.99	3.89	3.92	3510970	57830744.00
2013/02/19	3.95	3.95	3.77	3.80	2839582	45554356.00
2013/02/20	3.79	3.97	3.77	3.97	4024437	65661684.00
2013/02/21	3.97	4.09	3.90	4.03	6233516	104205008.00
2013/02/22	3.99	4.04	3.93	3.95	2729859	45324876.00
2013/02/25	3.92	4.02	3.88	4.01	3369717	55767432.00
2013/02/26	3.98	4.07	3.92	3.92	3870378	64790880.00
2013/02/27	3.92	3.97	3.64	3.66	4477805	70774912.00
2013/02/28	3.70	3.72	3.65	3.72	3142501	48766464.00
2013/03/01	3.73	3.84	3.72	3.83	3377039	53558160.00
2013/03/04	3.88	4.21	3.88	4.01	9559170	161995616.00
2013/03/05	3.97	4.08	3.95	4.06	5600050	94368288.00
2013/03/06	4.06	4.10	3.98	4.07	4526141	76323256.00
2013/03/07	4.12	4.14	3.99	4.02	3966454	67412104.00
2013/03/08	4.02	4.04	3.87	3.88	2437611	40101632.00
2013/03/11	3.87	3.90	3.76	3.84	1347465	21691196.00
2013/03/12	3.82	3.84	3.57	3.66	2737865	42474604.00
2013/03/13	3.66	3.66	3.50	3.60	2372460	35490088.00
2013/03/14	3.57	3.63	3.57	3.59	1449506	21918732.00
2013/03/15	3.58	3.65	3.55	3.58	1748118	26492416.00
2013/03/18	3.59	3.63	3.51	3.54	1478137	22277348.00
2013/03/19	3.55	3.66	3.43	3.65	2386814	35648140.00
2013/03/20	3.65	3.75	3.61	3.72	2950848	45689824.00
2013/03/21	3.75	3.90	3.73	3.81	4741401	76248712.00
2013/03/22	3.78	3.79	3.74	3.76	1532425	24153364.00
2013/03/25	3.80	3.82	3.72	3.73	1006447	15819434.00
2013/03/26	3.77	3.77	3.63	3.70	1435406	22212020.00
2013/03/27	3.73	3.75	3.63	3.65	1313898	20311910.00
2013/03/28	3.56	3.56	3.48	3.54	1734885	25691208.00
2013/03/29	3.59	3.64	3.52	3.54	1758463	26500142.00
2013/04/01	3.58	3.78	3.57	3.75	3808207	59536460.00
2013/04/02	3.72	3.78	3.71	3.75	2790428	43887060.00
2013/04/03	3.74	3.75	3.65	3.67	1434011	22139618.00
2013/04/08	3.54	3.73	3.48	3.73	1648136	25025916.00
2013/04/09	3.70	3.75	3.63	3.74	1820767	28278556.00
2013/04/10	3.72	3.80	3.65	3.75	2621734	41081936.00
2013/04/11	3.72	3.75	3.67	3.68	1599905	24929100.00
2013/04/12	3.67	3.68	3.55	3.57	1083490	16478525.00
2013/04/15	3.53	3.61	3.52	3.55	681427	10181286.00
2013/04/16	3.49	3.61	3.49	3.59	630373	9407229.00
2013/04/17	3.59	3.59	3.47	3.55	1141039	16921484.00
2013/04/18	3.54	3.56	3.50	3.52	966342	14329248.00
2013/04/19	3.53	3.63	3.42	3.59	2085733	31362050.00
2013/04/22	3.56	3.64	3.54	3.63	1684536	25490734.00
2013/04/23	3.62	3.62	3.47	3.47	1667678	24632648.00
2013/04/24	3.50	3.59	3.48	3.58	1716086	25544070.00
2013/04/25	3.60	3.61	3.46	3.47	1552245	23199270.00
2013/04/26	3.47	3.50	3.35	3.38	1650726	23541006.00
2013/05/02	3.39	3.40	3.28	3.32	824127	11568903.00
2013/05/03	3.32	3.42	3.32	3.39	763793	10882672.00
2013/05/06	3.41	3.55	3.40	3.50	1335785	19557238.00
2013/05/07	3.47	3.53	3.43	3.50	909909	13383766.00
2013/05/08	3.47	3.60	3.46	3.57	1550149	23105908.00
2013/05/09	3.54	3.74	3.54	3.72	3881395	59381392.00
2013/05/10	3.70	3.82	3.66	3.69	2786017	43648456.00
2013/05/13	3.68	3.88	3.68	3.85	2815571	44739232.00
2013/05/14	3.85	3.85	3.77	3.77	1379720	21939292.00
2013/05/15	3.77	3.88	3.77	3.83	1635207	26279340.00
2013/05/16	3.84	3.90	3.71	3.83	2730209	43582020.00
2013/05/17	3.80	3.86	3.73	3.82	2182709	34836060.00
2013/05/20	3.83	3.99	3.82	3.96	3340305	54620812.00
2013/05/21	3.92	4.04	3.92	3.99	2329755	38818212.00
2013/05/22	3.99	3.99	3.57	3.85	2503894	40129500.00
2013/05/23	3.86	3.86	3.73	3.75	1277257	20270630.00
2013/05/24	3.74	3.84	3.73	3.82	1013254	16083607.00
2013/05/27	3.82	3.95	3.75	3.93	2457370	39438380.00
2013/05/28	3.87	3.95	3.82	3.85	2303452	37021664.00
2013/05/29	3.84	4.06	3.73	4.05	3352341	54732840.00
2013/05/30	4.03	4.32	3.99	4.23	4815996	83799944.00
2013/05/31	4.22	4.50	4.17	4.41	4713195	84939448.00
2013/06/03	4.41	4.63	4.36	4.36	3719386	68599688.00
2013/06/04	4.32	4.43	4.07	4.20	2109091	36707172.00
2013/06/05	4.16	4.47	4.16	4.43	2781173	50042336.00
2013/06/06	4.40	4.47	4.21	4.25	1342642	23960740.00
2013/06/07	4.16	4.35	4.16	4.18	1356434	23822628.00
2013/06/13	4.09	4.44	3.75	4.34	2667795	46726888.00
2013/06/14	4.35	4.79	4.35	4.61	4594878	88149496.00
2013/06/17	4.62	4.76	4.47	4.50	3850510	73503032.00
2013/06/18	4.52	4.56	4.43	4.56	1219311	22654090.00
2013/06/19	4.56	4.76	4.43	4.72	2820658	53616812.00
2013/06/20	4.63	4.75	4.46	4.46	1557859	29532364.00
2013/06/21	4.41	4.41	4.23	4.32	1360433	24345532.00
2013/06/24	4.32	4.51	3.88	3.96	2652741	46350232.00
2013/06/25	3.99	4.28	3.76	4.28	3058025	51240664.00
2013/06/26	4.21	4.58	4.18	4.56	3260796	58728268.00
2013/06/27	4.53	4.57	4.33	4.34	2367007	43503096.00
2013/06/28	4.31	4.43	4.01	4.07	2098159	36674468.00
2013/07/01	4.02	4.49	4.02	4.49	2382986	43007672.00
2013/07/02	4.48	4.69	4.45	4.53	2959802	55648112.00
2013/07/03	4.48	4.51	4.28	4.46	2160683	39108712.00
2013/07/04	4.48	4.63	4.36	4.36	2767836	51531120.00
2013/07/05	4.36	4.43	4.19	4.21	1868534	33395774.00
2013/07/08	4.13	4.13	3.94	3.99	2485658	41207012.00
2013/07/09	3.87	4.18	3.87	4.15	4120351	67535288.00
2013/07/10	4.13	4.26	4.04	4.18	1715543	29708274.00
2013/07/11	4.12	4.29	4.06	4.19	1326247	22866224.00
2013/07/12	4.15	4.43	4.15	4.25	2016522	35801240.00
2013/07/15	4.31	4.42	4.21	4.39	1108986	19919736.00
2013/07/16	4.38	4.44	4.22	4.30	1604206	28379500.00
2013/07/17	4.28	4.28	4.08	4.15	1138195	19686096.00
2013/07/18	4.07	4.25	4.07	4.17	798176	13808771.00
2013/07/19	4.19	4.27	4.06	4.06	742565	12826662.00
2013/07/22	3.98	4.18	3.94	4.10	952612	16077902.00
2013/07/23	4.17	4.23	4.08	4.20	890663	15382610.00
2013/07/24	4.16	4.40	4.16	4.40	1739040	30891988.00
2013/07/25	4.43	4.44	4.16	4.21	1236921	21987284.00
2013/07/26	4.12	4.32	4.12	4.27	1261628	22183010.00
2013/07/29	4.29	4.40	4.18	4.23	1168447	20755026.00
2013/07/30	4.22	4.28	4.03	4.15	772637	13216698.00
2013/07/31	4.22	4.22	4.09	4.10	436225	7471124.00
2013/08/01	4.16	4.32	4.09	4.27	892854	15622101.00
2013/08/02	4.27	4.45	4.27	4.41	1819859	32837736.00
2013/08/05	4.42	4.58	4.36	4.47	1229965	22635984.00
2013/08/06	4.48	4.65	4.43	4.44	2087294	38925816.00
2013/08/07	4.43	4.48	4.18	4.26	2212798	39124464.00
2013/08/08	4.24	4.30	4.18	4.27	877228	15440590.00
2013/08/09	4.43	4.48	4.29	4.35	1684165	30397626.00
2013/08/12	4.40	4.47	4.29	4.45	1713914	31064060.00
2013/08/13	4.45	4.63	4.43	4.57	2014979	37821604.00
2013/08/14	4.58	4.78	4.48	4.67	2556800	49103936.00
2013/08/15	4.66	4.70	4.52	4.54	1818131	34315452.00
2013/08/16	4.46	4.56	4.33	4.38	1465937	26883124.00
2013/08/19	4.43	4.53	4.39	4.52	947638	17545562.00
2013/08/20	4.52	4.66	4.47	4.59	1335430	25281670.00
2013/08/21	4.58	4.74	4.52	4.65	1653019	31753410.00
2013/08/22	4.66	4.72	4.61	4.65	1063886	20405494.00
2013/08/23	4.65	4.83	4.52	4.72	2576957	50114660.00
2013/08/26	4.71	4.71	4.45	4.48	6659801	124743864.00
2013/08/27	4.47	4.55	4.44	4.52	3708749	68935152.00
2013/08/28	4.48	4.48	4.27	4.29	4195557	75769992.00
2013/08/29	4.27	4.40	4.17	4.40	2426018	42904932.00
2013/08/30	4.45	4.61	4.40	4.43	4841295	90149088.00
2013/09/02	4.41	4.56	4.18	4.56	3510630	63425156.00
2013/09/03	4.63	4.66	4.50	4.58	3695499	70085080.00
2013/09/04	4.57	5.01	4.53	5.01	9303558	184698240.00
2013/09/05	5.06	5.07	4.81	4.85	6193612	124802160.00
2013/09/06	4.81	4.88	4.74	4.80	3008714	59398652.00
2013/09/09	4.80	4.93	4.71	4.75	3021417	59683052.00
2013/09/10	4.71	4.83	4.66	4.81	3192937	62317828.00
2013/09/11	4.77	4.77	4.46	4.47	4544775	86001872.00
2013/09/12	4.47	4.56	4.42	4.49	1882541	34712676.00
2013/09/13	4.48	4.56	4.40	4.53	1756860	32457778.00
2013/09/16	4.50	4.58	4.48	4.51	1551801	28947926.00
2013/09/17	4.50	4.60	4.42	4.43	1865667	34711388.00
2013/09/18	4.43	4.50	4.41	4.47	973345	17893820.00
2013/09/23	4.47	4.53	4.42	4.51	1315796	24361122.00
2013/09/24	4.52	4.52	4.42	4.44	1909563	35071932.00
2013/09/25	4.45	4.49	4.33	4.33	2649248	47900244.00
2013/09/26	4.30	4.42	4.28	4.33	1169849	21066100.00
2013/09/27	4.33	4.38	4.18	4.19	2088755	36773388.00
2013/09/30	4.24	4.24	4.01	4.08	3337050	56477708.00
2013/10/08	4.08	4.17	4.05	4.17	1803419	30762938.00
2013/10/09	4.17	4.33	4.13	4.32	2071003	36439512.00
2013/10/10	4.32	4.37	4.23	4.24	1428023	25270440.00
2013/10/11	4.24	4.50	4.20	4.43	3374335	61121168.00
2013/10/14	4.38	4.56	4.36	4.47	3354755	61807908.00
2013/10/15	4.41	4.47	4.13	4.18	4125905	72839592.00
2013/10/16	4.17	4.17	3.86	3.95	2904977	48360044.00
2013/10/17	3.98	4.36	3.98	4.25	7010420	123911976.00
2013/10/18	4.21	4.21	3.91	4.04	3596108	59991436.00
2013/10/21	4.05	4.10	3.95	4.08	2925917	49041688.00
2013/10/22	4.12	4.27	4.02	4.17	4164629	71973976.00
2013/10/23	4.15	4.24	3.91	3.97	3110290	51796200.00
2013/10/24	4.00	4.01	3.86	3.90	2118101	34364424.00
2013/10/25	3.91	3.97	3.71	3.76	2000159	31722660.00
2013/10/28	3.79	3.85	3.76	3.77	1202119	18892066.00
2013/10/29	3.74	3.81	3.46	3.61	1836812	27746290.00
2013/10/30	3.63	3.67	3.55	3.67	966333	14618894.00
2013/10/31	3.67	3.68	3.56	3.57	980088	14701302.00
2013/11/01	3.57	3.62	3.52	3.56	643134	9552688.00
2013/11/04	3.63	3.76	3.63	3.69	1799110	27631768.00
2013/11/05	3.66	3.93	3.64	3.90	3273380	51981620.00
2013/11/06	3.87	3.98	3.83	3.85	3062226	49549092.00
2013/11/07	3.87	3.94	3.81	3.86	1726856	27738426.00
2013/11/08	3.76	3.94	3.73	3.83	3160281	50277748.00
2013/11/11	3.78	3.80	3.68	3.71	1936435	30004394.00
2013/11/12	3.71	3.83	3.60	3.79	2874102	44195928.00
2013/11/13	3.73	3.75	3.62	3.62	1515439	23174518.00
2013/11/14	3.68	3.81	3.62	3.75	2687506	41686348.00
2013/11/15	3.72	3.86	3.71	3.86	3065686	48610664.00
2013/11/18	3.95	4.23	3.95	4.15	6835081	116492528.00
2013/11/19	4.11	4.13	4.06	4.09	3086798	52297496.00
2013/11/20	4.10	4.16	4.06	4.14	3090074	52702800.00
2013/11/21	4.11	4.25	4.07	4.22	3980096	68921728.00
2013/11/22	4.23	4.42	4.23	4.27	5080289	90735152.00
2013/11/25	4.20	4.36	4.10	4.11	3475903	60553812.00
2013/11/26	4.11	4.17	4.07	4.15	1895086	32316262.00
2013/11/27	4.15	4.23	4.12	4.20	1933651	33404784.00
2013/11/28	4.20	4.32	4.19	4.22	2343193	41294548.00
2013/11/29	4.29	4.50	4.29	4.49	5680715	104204336.00
2013/12/02	4.25	4.40	4.03	4.07	4793657	83914328.00
2013/12/03	3.99	4.26	3.98	4.23	3269801	56481312.00
2013/12/04	4.25	4.48	4.23	4.35	3450742	62737848.00
2013/12/05	4.33	4.43	4.28	4.35	1507112	27158982.00
2013/12/06	4.31	4.35	4.19	4.25	1186720	20885274.00
2013/12/09	4.25	4.47	4.24	4.41	2511720	45795156.00
2013/12/10	4.43	4.48	4.35	4.42	1419288	25792478.00
2013/12/11	4.39	4.48	4.38	4.41	1679994	30687054.00
2013/12/12	4.41	4.62	4.38	4.56	3211779	60199292.00
2013/12/13	4.56	4.78	4.52	4.70	3952617	75863776.00
2013/12/16	4.80	4.81	4.44	4.48	3679015	69176072.00
2013/12/17	4.45	4.49	4.29	4.30	2334944	42003064.00
2013/12/18	4.33	4.38	4.26	4.30	1471679	26275910.00
2013/12/19	4.26	4.37	4.26	4.29	965249	17221862.00
2013/12/20	4.28	4.38	4.21	4.27	1179599	20870466.00
2013/12/23	4.22	4.23	3.83	3.91	3498513	57294776.00
2013/12/24	3.90	4.10	3.87	4.07	3548869	58707036.00
2013/12/25	4.02	4.12	3.94	4.10	2547815	42741760.00
2013/12/26	4.10	4.23	4.06	4.11	2484033	42637400.00
2013/12/27	4.08	4.18	4.03	4.12	1942551	33052474.00
2013/12/30	4.11	4.23	4.01	4.13	3085591	52692396.00
2013/12/31	4.07	4.20	4.06	4.15	2667181	45821372.00
2014/01/02	4.11	4.19	4.06	4.18	2129869	36508700.00
2014/01/03	4.15	4.15	4.05	4.08	2542064	43013380.00
2014/01/06	4.01	4.01	3.83	3.84	2087315	33713764.00
2014/01/07	3.78	3.97	3.77	3.93	1516380	24501862.00
2014/01/08	3.92	4.05	3.91	3.99	1952952	32283816.00
2014/01/09	3.96	3.96	3.61	3.67	4239736	67096752.00
2014/01/10	3.64	3.73	3.58	3.61	1841868	27856656.00
2014/01/13	3.61	3.70	3.61	3.69	1442525	21961282.00
2014/01/14	3.70	3.80	3.66	3.78	1303579	20178078.00
2014/01/15	3.78	3.82	3.75	3.80	1213047	19077112.00
2014/01/16	3.77	3.85	3.76	3.77	1339510	21136884.00
2014/01/17	3.77	3.77	3.70	3.71	1067230	16539465.00
2014/01/20	3.78	3.86	3.70	3.73	2335673	36680356.00
2014/01/21	3.68	3.78	3.65	3.77	1429417	22164816.00
2014/01/22	3.76	3.88	3.76	3.87	2192021	34832096.00
2014/01/23	3.88	3.98	3.87	3.93	3958548	64433412.00
2014/01/24	3.92	3.97	3.86	3.94	2943503	47782484.00
2014/01/27	3.93	3.99	3.88	3.95	2309433	37888620.00
2014/01/28	3.95	3.98	3.86	3.91	1992529	32277364.00
2014/01/29	3.97	4.04	3.93	3.99	2882655	47662488.00
2014/01/30	3.99	4.14	3.95	4.10	3089451	51933296.00
2014/02/07	4.08	4.20	4.06	4.17	2576146	44238896.00
2014/02/10	4.19	4.23	4.12	4.20	3319681	57310812.00
2014/02/11	4.21	4.21	3.98	4.07	5005115	84688080.00
2014/02/12	4.06	4.16	4.01	4.16	3920400	66532236.00
2014/02/13	4.16	4.36	4.12	4.18	6966882	121878512.00
2014/02/14	4.26	4.27	4.09	4.21	4624527	80200232.00
2014/02/17	4.22	4.36	4.22	4.30	5148793	91266376.00
2014/02/18	4.34	4.41	4.28	4.34	5143010	92462840.00
2014/02/19	4.32	4.38	4.19	4.32	5365064	94701248.00
2014/02/20	4.29	4.30	4.13	4.14	4015551	69680664.00
2014/02/21	4.16	4.24	4.14	4.20	2278047	39478520.00
2014/02/24	4.17	4.24	4.11	4.23	2503573	43321240.00
2014/02/25	4.23	4.32	3.91	3.96	4779344	82096768.00
2014/02/26	3.89	3.93	3.76	3.91	2747314	43932216.00
2014/02/27	3.93	3.98	3.81	3.82	2127478	34353888.00
2014/02/28	3.75	3.87	3.75	3.87	1755886	27701228.00
2014/03/03	3.86	3.99	3.83	3.97	1809808	29502764.00
2014/03/04	3.95	4.02	3.91	3.97	1633301	26837638.00
2014/03/05	4.08	4.22	4.06	4.14	4574440	78430272.00
2014/03/06	4.08	4.23	4.06	4.09	2002237	34045836.00
2014/03/07	4.12	4.21	4.09	4.17	2547736	43824668.00
2014/03/10	4.16	4.26	4.09	4.11	3466390	59890248.00
2014/03/11	4.10	4.23	3.98	4.22	3414257	58556812.00
2014/03/12	4.34	4.48	4.19	4.22	10610037	189394320.00
2014/03/13	4.17	4.21	3.98	4.17	5337751	90806416.00
2014/03/14	4.15	4.42	4.13	4.36	8495987	152267712.00
2014/03/17	4.38	4.55	4.37	4.50	7238009	133558968.00
2014/03/18	4.46	4.47	4.37	4.41	5964463	108718488.00
2014/03/19	4.41	4.44	4.29	4.44	4247400	76362480.00
2014/03/20	4.45	4.56	4.32	4.32	5224504	95880448.00
2014/03/21	4.24	4.41	4.18	4.40	4605027	81756544.00
2014/03/24	4.36	4.40	4.23	4.27	3486296	61829048.00
2014/03/25	4.23	4.32	4.17	4.32	2725676	47896188.00
2014/03/26	4.28	4.46	4.28	4.35	3749829	67669136.00
2014/03/27	4.33	4.35	4.10	4.10	3903495	67980192.00
2014/03/28	4.11	4.15	3.98	3.98	3185741	53251028.00
2014/03/31	3.99	4.06	3.95	3.99	1684973	27916568.00
2014/04/01	3.99	4.10	3.99	4.10	1944432	32659796.00
2014/04/02	4.09	4.10	3.99	4.01	2086389	34781340.00
2014/04/03	4.02	4.06	3.91	3.92	2358929	38959464.00
2014/04/04	3.93	4.02	3.87	4.00	2191724	35933084.00
2014/04/08	3.98	4.07	3.96	4.05	1938250	32249718.00
2014/04/09	4.06	4.13	4.05	4.11	1949100	33057996.00
2014/04/10	4.11	4.15	4.08	4.09	2491478	42353776.00
2014/04/11	4.05	4.10	4.04	4.08	1667094	28045174.00
2014/04/14	4.08	4.25	4.06	4.24	2966338	51246320.00
2014/04/15	4.24	4.28	4.15	4.20	2354012	40930084.00
2014/04/16	4.25	4.47	4.22	4.39	6739262	121104384.00
2014/04/17	4.37	4.41	4.27	4.34	4112189	73603184.00
2014/04/18	4.32	4.33	4.21	4.26	3246305	57227196.00
2014/04/21	4.23	4.33	4.19	4.25	2334957	41032012.00
2014/04/22	4.25	4.28	4.11	4.17	2742687	47395488.00
2014/04/23	4.17	4.24	3.94	3.98	4504848	37347864.00
2014/04/24	3.98	4.00	3.83	3.93	4468096	35670136.00
2014/04/25	3.89	4.06	3.81	3.83	4026219	32562692.00
2014/04/28	3.76	3.99	3.66	3.82	3725979	29334706.00
2014/04/29	3.81	3.95	3.73	3.93	2257955	17876780.00
2014/04/30	3.92	3.97	3.86	3.95	2248920	18097606.00
2014/05/05	3.95	3.96	3.84	3.91	3031566	24192462.00
2014/05/06	3.91	3.94	3.85	3.93	4148734	33068024.00
2014/05/07	3.91	3.92	3.76	3.77	3353783	26244356.00
2014/05/08	3.76	3.83	3.70	3.71	2663903	20557330.00
2014/05/09	3.70	3.72	3.55	3.55	4216766	31180980.00
2014/05/12	3.57	3.64	3.56	3.62	2175771	16095424.00
2014/05/13	3.61	3.68	3.60	3.65	2162103	16140965.00
2014/05/14	3.66	3.67	3.61	3.61	1817093	13547403.00
2014/05/15	3.62	3.66	3.56	3.56	2595548	19215612.00
2014/05/16	3.54	3.59	3.53	3.58	2146500	15663215.00
2014/05/19	3.56	3.70	3.56	3.68	2461167	18349322.00
2014/05/20	3.69	3.75	3.65	3.66	2351051	17826774.00
2014/05/21	3.63	3.68	3.61	3.68	1389497	10392044.00
2014/05/22	3.68	3.75	3.66	3.66	2575723	19542986.00
2014/05/23	3.64	3.69	3.63	3.67	2001971	15037577.00
2014/05/26	3.72	3.79	3.67	3.79	3234257	24820394.00
2014/05/27	3.75	4.00	3.75	3.95	8119091	64871552.00
2014/05/28	3.89	3.95	3.81	3.92	4585902	36342980.00
2014/05/29	3.90	4.04	3.87	3.95	7052687	57155288.00
2014/05/30	3.97	4.35	3.90	4.14	23155303	197841728.00
2014/06/03	4.07	4.09	3.87	3.88	15746169	127164232.00
2014/06/04	3.85	3.86	3.67	3.73	9413631	72215512.00
2014/06/05	3.73	3.78	3.65	3.77	4610034	35247096.00
2014/06/06	3.76	3.79	3.68	3.73	4821544	36942412.00
2014/06/09	3.70	3.73	3.62	3.66	3408488	25681734.00
2014/06/10	3.68	3.75	3.68	3.72	2982670	22718064.00
2014/06/11	3.71	3.72	3.67	3.72	2905245	21993122.00
2014/06/12	3.71	3.80	3.65	3.76	5191256	39656196.00
2014/06/13	3.73	3.79	3.71	3.77	4014419	30942196.00
2014/06/16	3.77	3.83	3.75	3.79	4188596	32456832.00
2014/06/17	3.77	3.80	3.71	3.76	4348723	33315876.00
2014/06/18	3.76	3.76	3.61	3.64	4821176	36326412.00
2014/06/19	3.65	3.66	3.31	3.43	5771947	41383176.00
2014/06/20	3.42	3.47	3.35	3.40	3821284	26657126.00
2014/06/23	3.40	3.49	3.40	3.44	2506576	17827784.00
2014/06/24	3.43	3.48	3.40	3.44	3671511	25906896.00
2014/06/25	3.45	3.45	3.37	3.44	2122374	14859203.00
2014/06/26	3.54	3.54	3.44	3.50	3171146	22776452.00
2014/06/27	3.49	3.54	3.46	3.51	3224496	23156712.00
2014/06/30	3.52	3.55	3.49	3.54	3065555	22175252.00
2014/07/01	3.53	3.59	3.51	3.58	4127187	30069018.00
2014/07/02	3.57	3.60	3.53	3.57	4618420	33709216.00
2014/07/03	3.60	3.60	3.54	3.57	4783914	35038272.00
2014/07/04	3.58	3.58	3.54	3.57	3289247	24014934.00
2014/07/07	3.57	3.63	3.56	3.62	4383165	32301766.00
2014/07/08	3.61	3.64	3.55	3.61	5339205	39210556.00
2014/07/09	3.60	3.60	3.49	3.51	4912851	35731596.00
2014/07/10	3.52	3.56	3.49	3.53	3121236	22573200.00
2014/07/11	3.53	3.56	3.51	3.55	4290064	31079302.00
2014/07/14	3.55	3.61	3.51	3.60	5581034	40723488.00
2014/07/15	3.59	3.66	3.56	3.64	7821229	57994936.00
2014/07/16	3.63	3.66	3.59	3.64	4629311	34386828.00
2014/07/17	3.64	3.66	3.57	3.61	2905653	21566232.00
2014/07/18	3.61	3.63	3.59	3.61	2319198	17190370.00
2014/07/21	3.61	3.62	3.55	3.60	2162793	15895894.00
2014/07/22	3.60	3.64	3.57	3.64	4745178	35243444.00
2014/07/23	3.63	3.64	3.53	3.55	4224151	30975460.00
2014/07/24	3.55	3.55	3.45	3.47	3632985	26019004.00
2014/07/25	3.49	3.55	3.48	3.54	2587129	18683456.00
2014/07/28	3.56	3.65	3.54	3.63	5280875	39060316.00
2014/07/29	3.63	3.70	3.61	3.66	5308624	39912500.00
2014/07/30	3.66	3.70	3.64	3.70	3860998	29111976.00
2014/07/31	3.69	3.83	3.67	3.82	8061387	62054680.00
2014/08/01	3.81	3.91	3.76	3.84	10362972	81564168.00
2014/08/04	3.85	3.90	3.81	3.89	7805008	61585864.00
2014/08/05	3.91	4.00	3.87	3.97	8798919	70873152.00
2014/08/06	3.92	4.02	3.92	3.96	6707023	54329712.00
2014/08/07	3.97	4.07	3.91	3.91	12908499	105512136.00
2014/08/08	3.91	3.96	3.88	3.95	7988143	64109000.00
2014/08/11	3.95	4.07	3.95	4.03	10191987	84132448.00
2014/08/12	4.03	4.06	3.99	4.05	5794052	47876664.00
2014/08/13	4.05	4.13	3.99	4.11	8219248	68054040.00
2014/08/14	4.11	4.16	4.06	4.07	7081908	59544120.00
2014/08/15	4.06	4.11	4.03	4.11	6928224	57726864.00
2014/08/18	4.11	4.18	4.10	4.18	10874470	92228984.00
2014/08/19	4.19	4.21	4.12	4.17	6610574	56300332.00
2014/08/20	4.18	4.18	4.12	4.16	7406662	62806388.00
2014/08/21	4.16	4.18	4.12	4.16	5790409	49065712.00
2014/08/22	4.14	4.28	4.14	4.27	11571536	99883920.00
2014/08/25	4.27	4.28	4.15	4.20	8241060	70706144.00
2014/08/26	4.17	4.21	4.05	4.06	7155800	60227600.00
2014/08/27	4.05	4.19	4.05	4.17	8206815	69439224.00
2014/08/28	4.16	4.19	4.13	4.18	3909893	33235348.00
2014/08/29	4.18	4.28	4.16	4.26	5284334	45669924.00
2014/09/01	4.28	4.35	4.18	4.33	8016027	70187208.00
2014/09/02	4.32	4.35	4.29	4.34	7282990	64352084.00
2014/09/03	4.34	4.38	4.31	4.33	7133822	63223900.00
2014/09/04	4.34	4.47	4.31	4.43	11106397	99120056.00
2014/09/05	4.43	4.46	4.36	4.42	7909797	71110912.00
2014/09/09	4.41	4.42	4.35	4.41	7082124	63497608.00
2014/09/10	4.36	4.44	4.34	4.39	7045098	63090440.00
2014/09/11	4.40	4.45	4.29	4.35	10450226	93342840.00
2014/09/12	4.36	4.67	4.31	4.58	20403084	186469808.00
2014/09/15	4.55	4.60	4.47	4.53	13500989	124285272.00
2014/09/16	4.53	4.60	4.45	4.46	11842238	109097040.00
2014/09/17	4.48	4.55	4.39	4.52	7106722	64912988.00
2014/09/18	4.51	4.61	4.48	4.58	8042104	74589096.00
2014/09/19	4.56	4.64	4.52	4.61	8681153	81365872.00
2014/09/22	4.63	4.68	4.51	4.54	6013603	56067080.00
2014/09/23	4.61	4.79	4.53	4.77	15747562	149422336.00
2014/09/24	4.77	4.99	4.70	4.91	13783179	137560528.00
2014/09/25	4.91	5.41	4.91	5.41	21261360	228442304.00
2014/09/26	5.46	5.59	5.31	5.42	20423021	225284240.00
2014/09/29	5.45	5.96	5.42	5.89	20215282	234647136.00
2014/09/30	5.86	5.86	5.59	5.71	15241562	176571536.00
2014/10/08	5.72	5.73	5.49	5.61	12870162	145869120.00
2014/10/09	5.57	5.65	5.40	5.65	14558878	163724112.00
2014/10/10	5.59	5.67	5.50	5.54	8491345	96144968.00
2014/10/13	5.54	5.54	5.41	5.51	6602188	73485832.00
2014/10/14	5.53	5.57	5.46	5.48	6104602	68361464.00
2014/10/15	5.56	5.81	5.56	5.80	15309112	176964560.00
2014/10/16	5.71	5.84	5.41	5.52	8858944	101913824.00
2014/10/17	5.45	5.53	5.22	5.45	9815031	107309120.00
2014/10/20	5.47	5.66	5.47	5.61	7829992	88616808.00
2014/10/21	5.65	5.78	5.57	5.68	12211001	141184576.00
2014/10/22	5.66	6.14	5.66	5.91	20436228	246027040.00
2014/10/23	5.90	6.01	5.72	5.85	10804109	128202872.00
2014/10/24	5.80	6.11	5.80	6.01	12059701	146862112.00
2014/10/27	6.01	6.01	5.68	5.86	7352384	86679872.00
2014/10/28	5.86	6.10	5.79	6.09	9926454	119894000.00
2014/10/29	6.13	6.46	6.03	6.07	16636339	209995808.00
2014/10/30	6.06	6.61	6.02	6.57	25272571	326395072.00
2014/10/31	6.60	6.69	6.48	6.66	13612355	182017360.00
2014/11/03	6.69	6.72	6.35	6.64	8860054	118608136.00
2014/11/04	6.79	6.79	6.53	6.62	7081773	95856976.00
2014/11/05	6.68	6.76	6.36	6.54	9634500	127021792.00
2014/11/06	6.53	6.62	6.41	6.55	5695386	75393520.00
2014/11/07	6.60	7.01	6.60	6.81	13783387	190274560.00
2014/11/10	6.86	6.98	6.70	6.76	5774238	79866936.00
2014/11/11	6.71	6.90	6.24	6.39	10289362	137669216.00
2014/11/12	6.42	6.57	6.36	6.53	5406599	71206056.00
2014/11/13	6.44	6.76	6.43	6.65	7005343	94618968.00
2014/11/14	6.60	6.75	6.53	6.63	5955437	80189440.00
2014/11/17	6.61	6.99	6.56	6.93	6274368	87106992.00
2014/11/18	6.96	6.96	6.65	6.83	4703916	64863304.00
2014/11/19	6.74	6.94	6.73	6.90	5930545	82115904.00
2014/11/20	6.86	7.14	6.71	6.71	6748953	94305808.00
2014/11/21	6.83	7.01	6.58	6.86	9604603	132141552.00
2014/11/24	6.85	7.31	6.69	7.07	16070188	229909568.00
2014/11/25	7.07	7.23	7.00	7.04	10982689	157665648.00
2014/11/26	7.01	7.66	7.01	7.56	16078365	241342864.00
2014/11/27	7.53	8.19	7.53	8.05	11912752	190387536.00
2014/11/28	8.16	8.27	7.78	8.16	10716146	173880016.00
2015/03/18	8.99	8.99	8.99	8.99	131310	2384589.50
2015/03/19	9.90	9.90	9.90	9.90	95254	1903174.88
2015/03/20	10.90	10.90	10.90	10.90	25845	568073.13
2015/03/23	12.00	12.00	12.00	12.00	32887	795207.69
2015/03/24	13.21	13.21	13.21	13.21	133328	3546524.75
2015/03/25	14.54	14.54	14.54	14.54	334330	9782496.00
2015/03/26	16.00	16.00	16.00	16.00	176369	5677318.00
2015/03/27	17.61	17.61	17.41	17.61	14162247	501295616.00
2015/03/30	18.16	18.84	16.42	17.16	39422622	1390939520.00
2015/03/31	16.82	18.46	16.66	17.55	23712400	841078272.00
2015/04/01	17.41	18.51	17.41	18.38	17302540	627468224.00
2015/04/02	18.66	20.22	18.46	20.22	16259473	638205888.00
2015/04/03	21.35	21.68	19.84	20.91	24289964	1012167808.00
2015/04/07	20.72	22.30	20.51	21.06	16713868	716231296.00
2015/04/08	21.48	21.61	19.35	19.45	16400317	668469056.00
2015/04/09	19.50	20.41	18.41	20.40	14325519	565438592.00
2015/04/10	20.64	21.33	20.11	20.96	10400608	435440864.00
2015/04/13	20.41	21.66	20.41	20.55	15359388	648699904.00
2015/04/14	20.38	21.04	19.78	19.96	8143936	332997632.00
2015/04/15	20.41	20.47	18.66	18.76	11532250	448103808.00
2015/04/16	18.33	20.16	17.92	19.06	8179207	317370688.00
2015/04/17	19.31	20.16	19.06	19.33	9138517	361159360.00
2015/04/20	19.21	19.81	17.96	18.56	9356976	354625792.00
2015/04/21	18.90	20.42	18.41	20.11	8366527	331699424.00
2015/04/22	19.91	21.41	19.76	21.00	8257041	346307904.00
2015/04/23	20.90	21.16	19.90	20.01	8353402	344986656.00
2015/04/24	19.43	19.90	18.00	18.70	14138176	534283488.00
2015/04/27	19.08	19.65	18.86	19.13	7128217	275372352.00
2015/04/28	19.13	19.36	18.16	18.80	5101069	191922560.00
2015/04/29	18.79	20.19	18.43	20.16	6420703	253184720.00
2015/04/30	20.16	20.50	19.40	19.43	6203598	246987776.00
2015/05/04	19.41	19.70	18.71	18.73	6795363	262686960.00
2015/05/05	18.66	19.66	18.66	19.16	5602321	216306144.00
2015/05/06	19.26	19.74	19.00	19.46	7814666	305089600.00
2015/05/07	20.16	20.31	17.51	18.97	14601182	557273344.00
2015/05/08	18.41	19.31	18.32	18.90	8243798	309883520.00
2015/05/11	18.96	20.80	18.31	20.39	18363775	729945600.00
2015/05/12	20.06	22.41	20.05	22.20	15642555	673572992.00
2015/05/13	21.56	22.41	20.42	21.86	12494787	546713088.00
2015/05/14	21.84	23.71	21.34	22.52	11019562	505460352.00
2015/05/15	21.91	23.56	21.11	23.16	12425577	561292096.00
2015/05/18	23.59	24.87	23.59	23.94	9015236	440198016.00
2015/05/19	23.66	24.85	22.91	24.83	9179247	444799936.00
2015/05/20	24.31	27.33	24.31	27.23	10810881	570698368.00
2015/05/21	26.69	29.66	26.18	28.36	7952504	455900032.00
2015/05/22	28.16	29.16	26.13	26.62	13774775	744686592.00
2015/05/25	25.28	26.60	24.42	26.34	11924733	613153088.00
2015/05/26	26.26	28.98	26.01	28.98	12184346	680712256.00
2015/05/27	29.91	31.41	28.16	30.75	10790526	642902912.00
2015/05/28	29.91	31.86	27.67	27.67	9941173	603078784.00
2015/05/29	27.07	29.90	26.43	29.81	10693865	613623424.00
2015/06/01	30.28	32.40	29.41	31.36	7675987	479263456.00
2015/06/02	31.07	31.55	28.99	31.26	9593947	585321536.00
2015/06/03	30.66	31.23	28.92	29.36	10919524	650580928.00
2015/06/04	29.91	30.55	27.01	29.85	7392480	433753184.00
2015/06/05	30.41	30.91	27.41	28.94	9920089	588068608.00
2015/06/08	28.53	28.66	26.61	26.71	7944063	440533920.00
2015/06/09	26.66	27.60	25.31	25.91	8863279	463518816.00
2015/06/10	25.31	28.51	25.01	28.51	18591270	521286432.00
2015/06/11	29.28	30.88	27.91	30.78	23625060	704197760.00
2015/06/12	30.75	30.83	29.07	30.12	18751880	563710464.00
2015/06/15	30.13	30.39	27.10	27.13	22367987	631306496.00
2015/06/16	26.63	26.64	24.41	25.73	15894723	404065504.00
2015/06/17	25.03	26.59	23.74	25.78	12865109	324204224.00
2015/06/18	25.78	26.53	23.99	24.46	10431560	265864880.00
2015/06/19	23.93	24.40	22.01	22.01	13778960	310523104.00
2015/06/23	22.15	23.11	19.94	21.71	9935855	213606608.00
2015/06/24	22.18	23.33	21.93	23.13	12961212	296383456.00
2015/06/25	23.23	23.52	20.83	21.33	10626701	240477568.00
2015/06/26	20.43	20.43	19.19	19.19	9528720	188235536.00
2015/06/29	19.72	19.89	17.26	17.26	9086238	163740560.00
2015/06/30	15.54	18.99	15.53	18.93	24899029	422752608.00
2015/07/01	19.13	20.23	17.04	17.44	17866043	341981984.00
2015/07/02	17.70	18.23	15.69	15.69	17146919	278461312.00
2015/07/03	14.37	16.29	14.11	14.12	23272773	339446720.00
2015/07/06	15.23	15.53	12.70	12.93	35942656	478524384.00
2015/07/07	12.05	12.42	11.63	11.63	14411731	171472800.00
2015/07/08	10.46	12.53	10.46	11.73	80959870	862947968.00
2015/07/09	10.55	12.91	10.55	12.91	38318794	474987648.00
2015/07/10	14.12	14.21	13.95	14.21	31126213	444097824.00
2015/07/13	14.93	15.64	14.71	15.64	31400514	484679648.00
2015/07/14	16.24	17.21	15.54	16.43	41442151	691371712.00
2015/07/15	15.81	16.03	14.78	14.78	26789504	405557184.00
2015/07/16	13.93	16.20	13.30	15.46	25334793	381352416.00
2015/07/17	15.78	17.01	15.48	17.01	23924624	399218880.00
2015/07/20	18.41	18.72	17.38	18.72	27535300	512447904.00
2015/07/21	18.63	20.50	17.93	19.23	27588636	543063616.00
2015/07/22	18.93	20.78	18.46	20.63	29286774	584403200.00
2015/07/23	20.73	21.72	19.58	21.28	33839734	694917248.00
2015/07/24	20.85	21.83	19.57	20.05	26335007	551395648.00
2015/07/27	19.78	20.92	18.04	18.04	26967411	532362400.00
2015/07/28	16.24	19.61	16.23	17.38	30883096	534890688.00
2015/07/29	17.98	19.13	16.69	19.13	22566945	401594912.00
2015/07/30	19.18	20.56	18.93	19.01	30176603	604588544.00
2015/07/31	18.63	19.73	17.10	18.62	17450330	330156544.00
2015/08/03	17.93	18.27	16.75	16.75	18412500	314964640.00
2015/08/04	16.33	18.23	15.49	18.21	32109368	543130432.00
2015/08/05	18.08	18.48	16.93	17.39	24727654	442692512.00
2015/08/06	16.93	17.81	16.53	17.30	13263372	230830464.00
2015/08/07	18.03	19.04	17.57	19.04	25552466	470299072.00
2015/08/10	19.58	20.89	19.07	20.18	30791445	614106944.00
2015/08/11	20.15	21.12	19.89	20.54	27198806	562200256.00
2015/08/12	20.41	21.10	19.96	20.13	23053623	475014528.00
2015/08/20	20.93	21.73	19.93	20.18	30476283	639699328.00
2015/08/21	19.14	19.58	18.16	18.16	23875700	442191808.00
2015/08/24	16.53	16.87	16.34	16.34	3898652	64226340.00
2015/08/25	14.70	14.70	14.70	14.70	1994000	29451380.00
2015/08/26	13.23	15.23	13.22	13.22	37739130	518130752.00
2015/08/27	13.33	13.81	11.93	12.80	22519830	292376160.00
2015/08/28	13.23	14.09	13.00	14.09	22202791	304145568.00
2015/08/31	14.09	14.53	12.93	12.93	20994769	295717120.00
2015/09/01	12.91	12.91	11.63	11.63	17068550	201603712.00
2015/09/02	10.46	11.93	10.46	10.46	24010980	259921648.00
2015/09/07	10.59	11.44	10.59	11.08	20712995	230835024.00
2015/09/08	10.60	12.12	10.60	11.93	14852301	167469568.00
2015/09/09	12.22	13.13	12.22	13.13	22217111	290778208.00
2015/09/10	13.42	14.45	13.11	14.45	30897674	436807296.00
2015/09/11	14.83	14.88	13.69	14.09	30668019	435033920.00
2015/09/14	12.67	12.67	12.67	12.67	2926900	37288704.00
2015/09/15	11.40	11.40	11.40	11.40	902200	10348234.00
2015/09/16	10.25	12.55	10.25	12.55	85249622	926511168.00
2015/09/17	11.94	13.29	11.34	11.76	75595470	919924480.00
2015/09/18	11.43	12.05	11.43	11.76	32651914	385151360.00
2015/09/21	11.58	12.91	11.45	12.89	30771461	383654304.00
2015/09/22	12.82	13.08	12.23	12.54	30382305	386057632.00
2015/09/23	12.23	13.57	11.98	13.12	31528998	407593088.00
2015/09/24	14.44	14.44	14.30	14.44	36114385	523788384.00
2015/09/25	14.31	14.86	13.55	13.82	50083705	719708992.00
2015/09/28	13.88	14.65	13.13	14.37	25452279	358110464.00
2015/09/29	14.03	14.93	13.71	14.51	25748782	372857280.00
2015/09/30	14.92	15.11	14.34	14.74	25520720	377892064.00
2015/10/08	15.33	16.09	14.93	15.16	29504067	455534912.00
2015/10/09	14.98	15.91	14.95	15.67	21334804	334782656.00
2015/10/12	15.67	16.78	15.08	15.31	52303803	837574464.00
2015/10/13	14.93	16.36	14.90	16.03	39550673	630673472.00
2015/10/14	16.33	16.80	16.04	16.20	32910650	543565760.00
2015/10/15	16.20	17.83	15.93	17.83	33217444	565178816.00
2015/10/16	17.93	19.58	17.04	18.73	51758495	931839744.00
2015/10/19	18.73	19.04	17.85	18.09	32404194	597670976.00
2015/10/20	18.09	19.01	17.93	18.41	27689743	514916256.00
2015/10/21	18.23	19.32	16.56	16.56	42572824	765256512.00
2015/10/22	16.18	17.30	15.88	17.24	31251480	526740832.00
2015/10/23	17.23	18.22	16.63	17.91	31357064	543374912.00
2015/10/26	18.31	19.71	17.63	19.33	46176241	867513664.00
2015/10/27	18.83	19.40	17.39	18.92	47477369	878317312.00
2015/10/28	18.51	19.73	18.31	18.43	32072890	608286336.00
2015/10/29	18.66	18.73	17.43	17.79	22594835	408683328.00
2015/10/30	18.24	18.42	17.44	17.89	25453585	459383840.00
2015/11/02	16.93	17.63	16.39	16.64	25928442	445472768.00
2015/11/03	16.92	17.51	16.50	16.76	21453319	365501600.00
2015/11/04	16.83	18.05	16.83	17.94	30018643	525887712.00
2015/11/05	18.23	18.45	17.31	17.52	29252528	524069408.00
2015/11/06	17.52	17.91	17.43	17.78	30352771	539548736.00
2015/11/09	17.75	18.93	17.65	18.51	40259587	731744640.00
2015/11/10	18.35	18.89	17.67	18.79	42213278	776142912.00
2015/11/11	18.83	19.33	18.46	19.03	33097092	630157760.00
2015/11/12	19.05	20.08	18.93	19.47	38090239	744638976.00
2015/11/13	19.03	19.29	18.14	18.23	28331059	528083840.00
2015/11/16	17.71	18.38	17.56	18.31	19761962	356962816.00
2015/11/17	18.48	19.02	17.92	18.10	37070443	687761984.00
2015/11/18	18.23	18.23	16.95	17.10	27879900	491406528.00
2015/11/19	17.03	17.46	16.73	17.35	23248162	399864096.00
2015/11/20	17.34	18.07	17.13	17.60	20382728	361978496.00
2015/11/23	17.73	18.04	17.21	17.40	20891705	370902496.00
2015/11/24	17.40	17.59	16.63	17.54	24858751	426322944.00
2015/11/25	17.70	18.13	17.54	18.12	29528173	529169088.00
2015/11/26	18.40	18.92	17.99	18.18	37965414	703128640.00
2015/11/27	18.33	18.33	16.36	16.52	43841008	767002944.00
2015/11/30	16.38	16.61	14.86	15.94	25925483	409607744.00
2015/12/01	15.83	16.10	15.24	15.47	20848062	330766848.00
2015/12/02	15.68	15.68	13.94	14.64	21213024	315386848.00
2015/12/03	14.48	15.17	14.16	15.08	21060636	314500384.00
2015/12/04	14.95	15.83	14.73	15.23	26480052	403710752.00
2015/12/07	15.12	15.51	14.85	15.36	17819382	272952832.00
2015/12/08	15.21	15.23	14.85	14.95	16578442	250120848.00
2015/12/09	14.94	14.94	14.40	14.45	16581163	243844432.00
2015/12/10	14.49	15.01	14.31	14.69	19143147	280929120.00
2015/12/11	14.53	14.56	14.13	14.18	12294992	176636128.00
2015/12/14	13.94	14.63	13.92	14.56	12362949	177642384.00
2015/12/15	14.93	16.02	14.82	15.33	28692838	447276032.00
2015/12/16	15.51	15.62	15.23	15.25	15414354	238891056.00
2015/12/17	15.38	15.80	15.35	15.55	24278395	378840192.00
2015/12/18	15.55	16.28	15.51	16.03	27312994	436389120.00
2015/12/21	15.93	16.29	15.73	16.05	16658323	267546832.00
2015/12/22	16.11	16.86	15.82	16.67	20981429	342768544.00
2015/12/23	16.43	17.72	16.41	16.89	30745608	529722816.00
2015/12/24	16.92	17.49	16.53	17.11	25557032	440200320.00
2015/12/25	17.15	17.72	17.13	17.28	21087868	368564704.00
2015/12/28	17.40	17.47	16.11	16.13	23776303	399303872.00
2015/12/29	15.93	16.35	15.92	16.09	11988472	193559104.00
2015/12/30	16.23	17.00	16.13	16.84	19740929	331090656.00
2015/12/31	16.85	17.01	16.33	16.53	13711623	229569136.00
2016/01/04	16.88	16.88	14.87	14.89	19398953	313218176.00
2016/01/05	14.18	15.91	14.18	15.48	27130225	415310624.00
2016/01/06	15.58	16.03	15.23	15.88	18270003	287837888.00
2016/01/07	15.61	15.63	14.29	14.29	4345600	64778620.00
2016/01/08	14.73	14.93	12.91	14.02	18454821	264316800.00
2016/01/11	13.70	13.72	12.61	12.61	19769584	259407152.00
2016/01/12	12.76	12.88	11.93	12.43	14936920	186578848.00
2016/01/13	12.63	13.02	12.33	12.44	14988905	191848960.00
2016/01/14	11.84	13.15	11.53	13.08	11146902	141314656.00
2016/01/15	12.93	13.38	12.83	13.08	14416640	189084672.00
2016/01/18	12.93	13.35	12.68	13.18	11919543	156920560.00
2016/01/19	13.03	13.63	12.64	13.56	15949998	211586208.00
2016/01/20	13.43	13.80	12.92	13.14	15791673	211602784.00
2016/01/21	12.55	13.37	12.55	12.63	13924458	181962240.00
2016/01/22	12.79	13.02	12.07	12.53	9382459	117949104.00
2016/01/25	12.64	12.83	12.43	12.64	5894672	75096000.00
2016/01/26	12.45	12.63	11.37	11.37	11454100	136037696.00
2016/01/27	11.41	11.43	10.25	11.29	14285954	153837328.00
2016/01/28	11.28	11.32	10.26	10.53	11400701	125512264.00
2016/01/29	10.75	11.59	10.66	11.59	18315534	208319744.00
2016/02/01	11.47	11.98	11.33	11.69	12504135	145787456.00
2016/02/02	11.71	12.71	11.71	12.35	13566532	167945472.00
2016/02/03	12.22	12.61	11.93	12.51	8933156	110162432.00
2016/02/04	12.43	13.18	12.43	12.68	9792426	125675200.00
2016/02/05	12.62	12.93	12.43	12.58	6255489	79771688.00
2016/02/15	12.02	12.90	11.86	12.72	5590099	70267656.00
2016/02/16	12.83	13.90	12.73	13.68	14275228	193004096.00
2016/02/17	13.68	14.50	13.34	14.18	14653728	208622272.00
2016/02/18	14.21	14.42	13.83	13.97	12260948	173702304.00
2016/02/19	13.83	14.13	13.75	13.91	7632869	106865616.00
2016/02/22	14.03	14.51	14.03	14.40	12874845	185331584.00
2016/02/23	14.43	14.58	13.80	14.02	7815187	111050280.00
2016/02/24	14.02	14.15	13.31	13.65	7965675	109400232.00
2016/02/25	13.96	13.96	12.28	12.71	12356248	162682848.00
2016/02/26	12.75	13.04	12.23	12.56	9783823	124510488.00
2016/02/29	12.59	12.59	11.30	11.56	11433993	133001496.00
2016/03/01	11.56	12.29	11.43	12.11	7166959	85275152.00
2016/03/02	12.05	13.06	11.94	12.97	11540930	145226320.00
2016/03/03	12.97	13.32	12.73	12.75	9399934	123514600.00
2016/03/04	12.92	12.92	11.70	11.86	11932737	146356640.00
2016/03/07	12.01	12.41	11.91	12.08	6981802	85635856.00
2016/03/08	12.11	12.61	11.45	12.57	9339825	113408520.00
2016/03/09	12.16	12.54	12.06	12.13	5089180	62745260.00
2016/03/10	12.15	12.35	11.75	11.79	5010680	60553468.00
2016/03/11	11.79	11.90	11.48	11.74	6564259	77009880.00
2016/03/14	11.86	12.51	11.86	12.36	8695837	107544648.00
2016/03/15	12.36	12.42	11.93	12.12	6606252	80435192.00
2016/03/16	12.44	12.52	11.77	12.13	5863780	71097368.00
2016/03/17	12.08	12.63	11.91	12.61	15074405	187258288.00
2016/03/18	12.61	13.47	12.41	13.13	17748880	232071872.00
2016/03/21	13.53	14.44	13.33	13.78	20563973	284896064.00
2016/03/22	13.56	14.79	13.44	14.52	23659042	341147264.00
2016/03/23	14.45	14.62	13.98	14.49	14485214	207176336.00
2016/03/24	14.14	15.33	14.03	14.39	16329348	241766368.00
2016/03/25	14.42	14.75	14.18	14.49	10291257	149389696.00
2016/03/28	14.49	14.76	13.74	13.95	13235928	191029040.00
2016/03/29	13.93	14.13	13.14	13.47	9530428	129840432.00
2016/03/30	13.70	14.18	13.43	14.09	10561427	146819632.00
2016/03/31	14.08	14.38	13.93	13.99	9134779	129854088.00
2016/04/01	14.05	14.11	13.31	13.59	10324185	141419984.00
2016/04/05	13.61	14.43	13.59	14.43	17847345	251647968.00
2016/04/06	14.23	15.30	14.18	14.77	20306933	303065792.00
2016/04/07	14.83	14.88	14.34	14.38	11256462	163962080.00
2016/04/08	14.53	15.23	14.35	14.79	21778921	324039584.00
2016/04/11	14.72	15.29	14.60	15.21	18762928	283092448.00
2016/04/12	15.25	15.25	14.51	14.73	11388540	169451008.00
2016/04/13	14.79	15.11	14.63	14.65	10175053	152527264.00
2016/04/14	14.71	15.01	14.71	14.92	11439843	170968112.00
2016/04/15	14.90	15.02	14.63	14.83	7708019	114943680.00
2016/04/18	14.93	14.93	14.20	14.33	9388497	136179488.00
2016/04/19	14.43	14.55	13.99	14.31	8537199	121946656.00
2016/04/20	14.31	14.40	13.13	13.53	11216517	153985408.00
2016/04/21	13.52	13.52	12.93	12.99	10679305	141908656.00
2016/04/22	12.90	13.12	12.67	13.09	8806284	114631784.00
2016/04/25	13.00	13.39	12.57	13.37	10354467	135483264.00
2016/04/26	13.14	13.81	13.11	13.80	10595552	144871648.00
2016/04/27	13.74	14.66	13.70	14.48	16624284	239198528.00
2016/04/28	14.43	14.63	13.92	14.26	9814380	141061632.00
2016/04/29	14.31	14.60	14.24	14.35	6579555	95233608.00
2016/05/03	14.35	14.73	14.13	14.58	9152057	133426432.00
2016/05/04	14.61	15.20	14.53	14.93	13618370	205026016.00
2016/05/05	14.83	14.98	14.61	14.74	8308353	123233144.00
2016/05/06	14.75	14.92	13.85	14.08	14064457	202650944.00
2016/05/09	13.82	14.03	13.28	13.33	7776644	106675600.00
2016/05/10	13.44	13.81	13.43	13.73	5125935	70300912.00
2016/05/11	13.83	13.92	13.43	13.84	4275013	58822676.00
2016/05/12	13.63	14.17	13.14	14.17	5942790	82522968.00
2016/05/13	14.21	14.52	13.96	14.23	5617460	80571152.00
2016/05/16	14.23	15.17	13.99	15.15	12728410	187838816.00
2016/05/17	15.11	15.32	14.78	14.80	10405657	156634176.00
2016/05/18	14.73	14.78	13.73	13.87	13445578	190275008.00
2016/05/19	13.88	14.38	13.82	13.99	5917148	84012432.00
2016/05/20	13.86	14.43	13.83	14.36	6681467	95690040.00
2016/05/23	14.36	15.58	14.36	15.17	23171509	352257536.00
2016/05/24	15.12	15.13	14.54	14.73	15240078	225977504.00
2016/05/25	14.88	15.14	14.64	14.93	14963827	224384608.00
2016/05/26	14.88	15.03	14.39	14.88	11544241	170414992.00
2016/05/27	14.83	15.01	14.60	14.62	8841474	131717720.00
2016/05/30	14.44	14.59	14.16	14.26	6995444	101107648.00
2016/05/31	14.26	14.93	14.26	14.82	13494823	199425408.00
2016/06/01	14.85	15.43	14.71	15.18	22313426	336946016.00
2016/06/02	15.07	15.21	14.83	15.03	12074078	181742608.00
2016/06/03	15.05	15.67	15.05	15.48	23580085	364997376.00
2016/06/06	15.70	15.82	15.19	15.41	12599368	194448640.00
2016/06/07	15.42	15.46	15.14	15.44	10397336	159796176.00
2016/06/08	15.52	16.20	15.46	15.99	25549766	408817184.00
2016/06/13	15.72	16.32	15.25	15.29	23836625	378281664.00
2016/06/14	15.13	16.76	14.95	16.52	30443914	487114560.00
2016/06/15	16.15	17.23	16.10	16.90	27964982	470623776.00
2016/06/16	16.73	17.17	16.43	16.61	18124660	304294528.00
2016/06/17	16.56	17.03	16.38	16.52	15848577	266198432.00
2016/06/20	16.51	16.69	16.01	16.47	12816821	210681552.00
2016/06/21	16.53	17.11	16.23	16.44	14642883	245940592.00
2016/06/22	16.29	17.03	16.29	16.94	13185169	222067872.00
2016/06/23	16.93	17.39	16.57	16.83	14309136	245226880.00
2016/06/24	16.93	17.30	16.23	17.09	17949361	306461664.00
2016/06/27	16.82	17.82	16.72	17.78	15586879	272488160.00
2016/06/28	17.53	18.03	17.33	17.79	13625638	241576832.00
2016/06/29	17.80	18.08	17.56	17.77	10105516	180243040.00
2016/06/30	17.80	18.09	17.28	17.98	13410484	238504688.00
2016/07/01	17.99	18.08	17.48	17.83	8576480	153284832.00
2016/07/04	17.53	18.19	17.51	18.03	11139196	200085104.00
2016/07/05	18.06	18.85	17.80	17.93	13123407	241326544.00
2016/07/06	17.93	18.16	17.54	18.06	10579540	189095008.00
2016/07/07	18.07	18.07	17.46	17.52	8816546	156474832.00
2016/07/08	17.46	17.81	17.32	17.43	5773029	101343328.00
2016/07/11	17.70	17.79	16.67	16.98	12769228	220805248.00
2016/07/12	17.08	17.36	16.34	16.95	16384776	274597920.00
2016/07/13	16.83	17.06	16.68	16.99	9845689	166718080.00
2016/07/14	16.96	17.06	16.78	17.00	4797943	81341504.00
2016/07/15	17.00	17.04	16.66	16.86	4008940	67481608.00
2016/07/18	17.06	17.33	16.77	17.14	6580579	112330032.00
2016/07/19	17.01	17.15	16.56	16.66	8654693	145078640.00
2016/07/20	16.67	16.76	16.26	16.28	6669660	110038680.00
2016/07/21	16.26	16.60	16.15	16.42	6595201	108500504.00
2016/07/22	16.44	16.91	16.37	16.67	7941740	132700552.00
2016/07/25	16.67	16.72	16.36	16.61	3641690	60262896.00
2016/07/26	16.60	17.19	16.53	17.15	10120309	171626560.00
2016/07/27	17.04	17.35	16.16	16.90	13272943	225435952.00
2016/07/28	16.56	16.95	16.44	16.67	6731372	112814568.00
2016/07/29	16.68	16.93	16.17	16.19	5397640	88784864.00
2016/08/01	16.19	16.19	15.15	15.41	6770876	104593744.00
2016/08/02	15.41	15.71	15.28	15.71	5317106	82305480.00
2016/08/03	15.54	15.64	15.34	15.57	2468064	38374692.00
2016/08/04	15.52	15.94	15.34	15.73	4152323	65043624.00
2016/08/05	15.73	15.99	15.57	15.84	2980167	47214600.00
2016/08/08	15.74	16.16	15.68	16.13	2773685	44386592.00
2016/08/09	16.13	16.38	16.01	16.21	3685338	60080860.00
2016/08/10	16.41	16.41	15.46	15.64	8346777	131588824.00
2016/08/11	15.54	15.73	15.51	15.52	2561381	40114700.00
2016/08/12	15.51	15.61	15.32	15.54	2381917	36973552.00
2016/08/15	15.60	16.21	15.57	16.01	5770979	92534576.00
2016/08/16	16.04	16.25	16.00	16.01	3258972	52596928.00
2016/08/17	16.01	16.36	15.93	16.21	4755475	77281504.00
2016/08/18	16.21	16.33	16.07	16.17	3325465	53972528.00
2016/08/19	16.16	16.21	16.05	16.15	2537578	40938188.00
2016/08/22	16.07	16.11	15.34	15.37	7364841	114642136.00
2016/08/23	15.53	15.54	15.22	15.45	4786886	73875344.00
2016/08/24	15.45	15.62	15.30	15.43	2320921	35871156.00
2016/08/25	15.34	15.36	14.87	14.96	7520682	113216616.00
2016/08/26	15.04	15.16	14.92	14.93	4208236	63233872.00
2016/08/29	14.93	15.25	14.78	15.11	4879441	73435576.00
2016/08/30	15.01	15.32	15.01	15.12	3178530	48490540.00
2016/08/31	15.22	15.25	14.90	15.12	3870754	58311968.00
2016/09/01	15.12	15.26	14.98	15.07	3174630	48215956.00
2016/09/02	15.05	15.20	14.79	15.18	5067932	76288672.00
2016/09/05	15.13	15.44	14.99	15.19	4477208	68703288.00
2016/09/06	15.25	15.56	15.16	15.53	4605346	70963072.00
2016/09/07	15.31	15.47	15.27	15.35	4977778	76804536.00
2016/09/08	15.35	15.61	15.26	15.61	3250510	50294332.00
2016/09/09	15.61	15.86	15.47	15.77	5917098	93081248.00
2016/09/12	15.46	15.76	15.21	15.76	5847702	90935696.00
2016/09/13	15.74	16.03	15.64	15.91	5058283	80535120.00
2016/09/14	15.76	15.91	15.60	15.69	3193751	50394888.00
2016/09/19	15.68	16.05	15.61	15.87	2803846	44591580.00
2016/09/20	15.87	15.97	15.44	15.97	4854173	76342624.00
2016/09/21	15.86	16.09	15.78	15.96	3780083	60483216.00
2016/09/22	16.00	16.16	15.91	15.92	3738046	60124996.00
2016/09/23	16.00	16.05	15.56	15.80	3753335	59207468.00
2016/09/26	15.76	15.76	15.28	15.45	3800175	59227440.00
2016/09/27	15.28	15.65	15.14	15.29	3967742	60719048.00
2016/09/28	15.48	15.67	15.18	15.65	4759759	73779736.00
2016/09/29	15.65	15.78	15.50	15.63	3411763	53445672.00
2016/09/30	15.48	15.70	15.48	15.67	2852417	44696556.00
2016/10/10	15.84	16.46	15.69	16.36	7127578	115047264.00
2016/10/11	16.35	16.89	16.24	16.71	6608092	110558768.00
2016/10/12	16.69	16.94	16.36	16.75	5137019	85671072.00
2016/10/13	16.77	16.96	16.66	16.80	4436306	74880952.00
2016/10/14	16.80	17.11	16.69	16.95	5832953	99345712.00
2016/10/17	17.06	17.06	16.51	16.85	5926216	99261288.00
2016/10/18	16.72	16.92	16.56	16.81	6184276	104027032.00
2016/10/19	16.69	17.21	16.69	16.77	5102789	86643440.00
2016/10/20	16.94	17.30	16.64	17.08	8050593	137973728.00
2016/10/21	17.05	17.41	16.99	17.32	5347511	92104016.00
2016/10/24	17.33	17.59	17.19	17.33	6660008	115923056.00
2016/10/25	17.48	17.66	17.05	17.17	7433619	128884128.00
2016/10/26	17.20	17.23	16.51	16.80	5251099	88515984.00
2016/10/27	16.80	17.14	16.62	16.75	6061577	102885192.00
2016/10/28	16.84	17.11	16.67	16.96	4819464	81995656.00
2016/10/31	16.78	16.96	16.56	16.90	2830340	47567352.00
2016/11/01	16.91	17.08	16.83	17.04	2682175	45689652.00
2016/11/02	17.14	17.14	16.67	16.86	4597958	77733112.00
2016/11/03	16.86	16.94	16.68	16.76	2425483	40892316.00
2016/11/04	16.76	17.03	16.53	16.73	4691364	78645344.00
2016/11/07	16.71	16.71	15.95	16.05	8575769	139502256.00
2016/11/08	16.20	16.28	15.87	16.04	5703011	91893272.00
2016/11/09	16.07	16.07	15.57	15.85	5250545	83516032.00
2016/11/10	16.06	16.20	15.87	15.93	3742546	60071408.00
2016/11/11	15.99	16.26	15.96	16.21	4185708	67578576.00
2016/11/14	16.06	16.45	16.06	16.10	4694992	76464416.00
2016/11/15	16.09	16.17	15.94	16.09	3044144	48935912.00
2016/11/16	16.12	16.36	16.09	16.24	5278470	86073648.00
2016/11/17	16.17	16.30	16.09	16.21	3498477	56748612.00
2016/11/18	16.23	16.45	16.12	16.42	4814914	78891584.00
2016/11/21	16.34	16.36	15.71	15.81	7437743	119306560.00
2016/11/22	15.86	15.96	15.34	15.61	9532869	149122192.00
2016/11/23	15.62	15.68	15.22	15.34	8996295	138352000.00
2016/11/24	15.26	15.45	15.18	15.36	4921387	75788272.00
2016/11/25	15.36	15.41	15.16	15.38	5561454	85213536.00
2016/11/28	15.39	15.66	15.32	15.59	5861559	91106528.00
2016/11/29	15.57	15.84	15.43	15.79	7225412	113875976.00
2016/11/30	15.76	16.06	15.57	15.96	8031565	127927784.00
2016/12/01	15.99	16.81	15.98	16.72	14569802	241047792.00
2016/12/02	16.81	16.81	15.87	15.98	7879737	128773512.00
2016/12/05	15.88	16.41	15.80	16.06	6808440	110169008.00
2016/12/06	16.16	16.41	15.98	16.25	5290039	86262040.00
2016/12/07	16.30	16.66	16.25	16.63	7907347	131250424.00
2016/12/08	16.66	16.72	16.47	16.62	6907010	114827240.00
2016/12/09	16.56	16.88	16.46	16.56	6970396	116850056.00
2016/12/12	16.56	16.64	15.84	15.89	6455130	104646848.00
2016/12/13	15.79	16.05	15.54	15.89	4807200	76347496.00
2016/12/14	15.89	16.12	15.57	15.99	4595162	73000936.00
2016/12/15	15.96	16.18	15.76	16.13	4758219	76402184.00
2016/12/16	16.14	16.20	15.72	15.86	4365276	69720760.00
2016/12/19	15.85	16.63	15.66	16.27	7987634	129432288.00
2016/12/20	16.02	16.43	16.02	16.31	6516555	106368040.00
2016/12/21	16.34	16.66	16.10	16.37	9532965	156474528.00
2016/12/22	16.23	16.36	15.89	15.92	7098389	114611792.00
2016/12/23	15.91	16.11	14.66	14.80	11094363	170690656.00
2016/12/26	14.81	14.86	13.97	14.71	8046899	116621872.00
2016/12/27	14.66	14.79	14.02	14.02	14005381	199553856.00
2016/12/28	14.06	14.15	13.53	13.64	17040009	234667456.00
2016/12/29	13.59	13.82	13.35	13.68	16324064	221400736.00
2016/12/30	13.64	13.80	13.46	13.54	15307662	208864528.00
2017/01/03	13.60	14.01	13.55	13.93	10886006	151426608.00
2017/01/04	13.87	14.66	13.83	14.52	14461469	208271792.00
2017/01/05	14.53	14.93	14.33	14.33	9687761	141823952.00
2017/01/06	14.21	14.50	14.07	14.40	5994212	86299312.00
2017/01/09	14.29	14.78	14.13	14.65	9244953	134594848.00
2017/01/10	14.65	14.84	14.49	14.59	4110653	60335328.00
2017/01/11	14.57	14.78	14.30	14.46	4314994	62890868.00
2017/01/12	14.42	14.61	14.32	14.38	2801921	40557440.00
2017/01/13	14.50	14.52	13.88	14.02	3999583	57155936.00
2017/01/16	14.04	14.11	12.73	13.44	6088539	83203456.00
2017/01/17	13.46	13.56	12.94	13.45	5252042	70172384.00
2017/01/18	13.45	13.45	12.64	12.88	16464503	212758000.00
2017/01/19	12.80	12.96	12.74	12.89	3379871	43572368.00
2017/01/20	12.89	13.45	12.81	13.00	5740328	75859616.00
2017/01/23	13.02	13.33	12.97	13.14	5372897	70832800.00
2017/01/24	13.07	13.20	12.94	12.95	4277473	55775628.00
2017/01/25	12.93	13.20	12.71	13.05	4760820	61807748.00
2017/01/26	13.06	13.22	13.00	13.11	4148231	54685280.00
2017/02/03	13.18	13.34	13.11	13.30	3352935	44641576.00
2017/02/06	13.44	13.64	13.31	13.54	5985415	81210512.00
2017/02/07	13.51	13.93	13.46	13.60	5488126	75462344.00
2017/02/08	13.60	13.69	13.41	13.58	3696898	50363352.00
2017/02/09	13.57	14.12	13.49	13.81	6225543	86341416.00
2017/02/10	13.81	13.93	13.53	13.69	6888517	94659448.00
2017/02/13	13.76	13.76	13.27	13.50	6553502	88458440.00
2017/02/14	13.51	13.51	13.02	13.14	7852240	103941168.00
2017/02/15	13.15	13.22	13.02	13.09	5916855	77808792.00
2017/02/16	13.08	13.19	13.00	13.13	5709870	75087216.00
2017/02/17	13.06	13.11	12.86	12.95	6395842	83305688.00
2017/02/20	12.96	13.01	12.76	12.86	6345243	81630792.00
2017/02/21	12.90	13.18	12.76	13.11	7862681	102666688.00
2017/02/22	13.14	13.14	12.91	12.96	6626659	86312984.00
2017/02/23	12.94	13.33	12.91	13.33	12907598	170620928.00
2017/02/24	13.35	13.38	13.12	13.23	10829308	143562896.00
2017/02/27	13.25	13.29	12.96	13.06	6226191	82029560.00
2017/02/28	13.04	13.43	13.03	13.41	8982098	119731408.00
2017/03/01	13.38	14.26	13.38	13.94	19304947	269256096.00
2017/03/02	13.84	14.31	13.71	13.99	12351569	173136640.00
2017/03/03	14.04	14.56	13.87	14.56	15942352	228716144.00
2017/03/06	14.76	14.76	14.36	14.55	11267052	164749888.00
2017/03/07	14.58	15.15	14.52	14.86	14699658	218522096.00
2017/03/08	14.82	15.01	14.67	14.93	8752476	130591784.00
2017/03/09	14.91	14.92	14.44	14.66	9239258	135826208.00
2017/03/10	14.61	14.92	14.37	14.46	6122703	89821984.00
2017/03/13	14.69	14.81	14.43	14.76	6348258	93456264.00
2017/03/14	14.84	14.84	14.48	14.72	6006109	88358608.00
2017/03/15	14.71	14.76	14.46	14.50	4577779	66846520.00
2017/03/16	14.50	14.71	14.46	14.57	4943548	72222688.00
2017/03/17	14.64	15.16	14.50	14.72	6980538	103942016.00
2017/03/20	14.73	15.26	14.66	15.15	8694596	131060000.00
2017/03/21	15.15	15.16	14.73	14.85	6278041	94050064.00
2017/03/22	14.84	14.94	14.41	14.43	7831092	115283448.00
2017/03/23	14.66	14.66	14.23	14.56	5861645	84880472.00
2017/03/24	14.51	14.71	14.26	14.66	5731944	83395632.00
2017/03/27	14.65	14.65	14.24	14.52	8300302	119527016.00
2017/03/28	14.57	15.14	14.29	15.06	16034186	238634336.00
2017/03/29	15.06	15.23	14.86	15.10	10324995	156001872.00
2017/03/30	15.03	15.16	14.61	14.92	15856060	235413024.00
2017/03/31	15.07	15.07	14.71	14.81	5636863	83729384.00
2017/04/05	14.63	15.57	14.63	15.56	12322029	188188016.00
2017/04/06	15.45	16.10	15.35	15.71	14397959	229152800.00
2017/04/07	15.60	15.94	15.46	15.81	12877322	203371312.00
2017/04/10	15.69	15.90	15.45	15.71	7967299	125278824.00
2017/04/11	15.48	15.70	14.98	15.63	15339226	235814016.00
2017/04/12	15.46	15.95	15.41	15.61	8015892	126494704.00
2017/04/13	15.56	15.79	15.22	15.43	4555073	70866264.00
2017/04/14	15.46	15.62	15.15	15.23	4904335	75246360.00
2017/04/17	15.16	15.35	14.69	14.86	6872247	103172464.00
2017/04/18	14.96	15.11	14.56	14.69	6465667	95911216.00
2017/04/19	14.72	14.81	13.73	14.70	10167370	146204624.00
2017/04/20	14.74	14.74	14.21	14.54	6076554	87787832.00
2017/04/21	14.56	14.69	14.30	14.61	5483443	79595960.00
2017/04/24	14.61	14.75	14.17	14.19	5917624	85306960.00
2017/04/25	14.06	14.70	13.91	14.70	9290399	133247072.00
2017/04/26	14.66	14.91	14.46	14.71	7086730	104901872.00
2017/04/27	14.80	14.88	14.51	14.85	4994042	73809896.00
2017/04/28	15.21	15.21	14.84	14.97	6280734	94134104.00
2017/05/02	14.96	15.16	14.71	15.06	4281515	64461480.00
2017/05/03	15.21	15.73	15.12	15.61	11389439	177401456.00
2017/05/04	15.46	15.69	15.26	15.39	7360142	114563760.00
2017/05/05	15.46	15.46	14.59	15.06	12100588	181652208.00
2017/05/08	14.96	15.04	14.49	14.90	6337088	93696632.00
2017/05/09	14.76	15.14	14.76	15.07	6201366	92929848.00
2017/05/10	15.07	15.19	14.86	15.03	4563154	68645840.00
2017/05/11	15.05	15.05	14.56	15.04	7924849	117441456.00
2017/05/12	15.10	15.55	14.96	15.23	12471474	190447776.00
2017/05/15	15.13	15.96	15.06	15.55	7412091	114854464.00
2017/05/16	15.86	15.97	15.46	15.92	12132883	192170416.00
2017/05/17	15.81	16.46	15.81	16.13	8970647	144530784.00
2017/05/18	16.06	16.35	15.81	15.81	7749045	124766992.00
2017/05/19	15.75	16.24	15.55	15.81	8455243	134607552.00
2017/05/22	15.81	16.16	15.74	15.96	12853770	206067168.00
2017/05/23	15.93	16.23	15.72	15.95	9817453	157214896.00
2017/05/24	15.73	15.94	15.51	15.91	9459713	149449376.00
2017/05/25	15.90	16.09	15.75	15.91	8853663	141625744.00
2017/05/26	15.84	15.89	15.56	15.76	4683666	73786184.00
2017/05/31	15.75	15.81	15.06	15.06	7158996	110270952.00
2017/06/01	15.05	15.06	14.36	14.39	9105046	132994384.00
2017/06/02	14.31	14.66	14.17	14.55	3688169	53309844.00
2017/06/05	14.56	14.80	14.40	14.62	3949445	57735868.00
2017/06/06	14.62	14.74	14.34	14.43	2868049	41698708.00
2017/06/07	14.44	14.70	14.39	14.67	4498483	65744792.00
2017/06/08	14.66	14.66	14.27	14.33	4563291	65947040.00
2017/06/09	14.14	14.38	14.11	14.24	5192561	74108752.00
2017/06/12	14.33	14.36	14.20	14.25	5869419	83956152.00
2017/06/13	14.35	14.35	14.15	14.21	6041036	86220976.00
2017/06/14	14.18	14.30	14.09	14.14	5238066	74346096.00
2017/06/15	14.17	14.17	14.06	14.06	4630554	65470448.00
2017/06/16	14.11	14.11	13.64	13.77	4410204	60976016.00
2017/06/19	13.75	14.01	13.65	13.95	5877133	81300640.00
2017/06/20	13.98	14.32	13.92	14.12	5447615	77394368.00
2017/06/21	14.12	14.23	13.81	13.90	3371978	47147040.00
2017/06/22	13.94	13.94	13.37	13.37	4761117	65124180.00
2017/06/23	13.50	13.54	13.05	13.31	4179678	55635380.00
2017/06/26	13.16	13.37	12.65	13.37	13990112	181238912.00
2017/06/27	13.15	13.25	12.97	13.10	6252937	81938400.00
2017/06/28	13.07	13.07	12.82	12.89	3816860	49374524.00
2017/06/29	12.89	13.29	12.88	13.13	6072288	79849176.00
2017/06/30	13.07	13.23	13.03	13.21	3526706	46500272.00
2017/07/03	13.27	13.29	13.08	13.29	3227775	42636204.00
2017/07/04	13.26	13.26	12.98	13.12	3090298	40703580.00
2017/07/05	13.12	13.17	13.06	13.17	2381263	31329310.00
2017/07/06	13.24	13.24	13.06	13.19	3399771	44882336.00
2017/07/07	13.13	13.23	13.09	13.20	2585540	34205068.00
2017/07/10	13.25	13.25	13.05	13.23	3155024	41637388.00
2017/07/11	13.02	13.22	12.67	12.92	11512737	148429792.00
2017/07/12	12.86	12.93	12.73	12.87	3318015	42568476.00
2017/07/13	12.81	13.07	12.79	13.04	5419401	70543152.00
2017/07/14	13.18	13.18	12.65	12.87	8949248	114920856.00
2017/07/17	12.67	12.78	11.86	12.46	8833448	109799040.00
2017/07/18	12.23	12.54	11.97	12.54	6775002	83259128.00
2017/07/19	12.32	12.43	12.15	12.33	5435337	66761424.00
2017/07/20	12.19	12.41	12.13	12.24	6214851	76291192.00
2017/07/21	12.10	12.22	11.87	12.22	8262446	100081928.00
2017/07/24	12.22	12.22	11.95	12.02	5570948	67177880.00
2017/07/25	12.06	12.06	11.65	11.75	12045600	142324272.00
2017/07/26	11.68	11.74	11.18	11.42	15129172	173753424.00
2017/07/27	11.42	11.70	11.12	11.68	15219322	174908112.00
2017/07/28	11.62	11.81	11.45	11.65	12529996	145983968.00
2017/07/31	11.71	11.76	11.53	11.54	7347281	85648400.00
2017/08/01	11.55	11.61	11.25	11.41	11473055	130687792.00
2017/08/02	11.46	11.52	11.30	11.46	6275218	71802928.00
2017/08/03	11.64	11.65	11.33	11.62	8182509	94578128.00
2017/08/04	11.77	12.12	11.64	12.10	17505454	209147568.00
2017/08/07	12.72	12.72	12.18	12.51	20888362	261564816.00
2017/08/08	12.60	12.60	12.10	12.22	16433729	201151360.00
2017/08/09	12.24	12.31	12.05	12.16	10519435	127851432.00
2017/08/10	12.24	12.52	12.12	12.27	19498476	240200032.00
2017/08/11	12.27	12.35	12.12	12.13	15454340	189661952.00
2017/08/14	12.22	12.55	12.13	12.47	20624324	256037168.00
2017/08/15	12.49	12.86	12.43	12.86	20813437	263747216.00
2017/08/16	12.97	12.97	12.72	12.79	13726995	176075808.00
2017/08/17	12.79	13.10	12.77	12.86	13468128	174882912.00
2017/08/18	12.96	13.04	12.67	12.77	12184205	156539472.00
2017/08/21	12.92	13.07	12.69	12.87	13907624	179317520.00
2017/08/22	12.92	12.92	12.26	12.35	16086474	202282208.00
2017/08/23	12.44	12.52	12.17	12.40	15444621	191236032.00
2017/08/24	12.40	12.45	12.22	12.25	13785206	169984736.00
2017/08/25	12.31	12.38	12.21	12.34	13932800	171836448.00
2017/08/28	12.40	12.50	12.27	12.42	15857611	197298480.00
2017/08/29	12.46	12.49	12.07	12.20	16106608	198320096.00
2017/08/30	12.30	12.39	12.13	12.27	12186096	149574608.00
2017/08/31	12.32	12.37	12.16	12.23	11685603	143471440.00
2017/09/01	12.28	12.35	12.02	12.28	19127719	233329920.00
2017/09/04	12.28	12.55	12.19	12.41	20094076	249479200.00
2017/09/05	12.41	12.52	12.23	12.40	15150492	188151696.00
2017/09/06	12.47	12.47	12.25	12.34	13285744	164155328.00
2017/09/07	12.31	12.77	12.31	12.44	17637668	220157280.00
2017/09/08	12.42	12.48	12.34	12.42	10137280	126147496.00
2017/09/11	12.52	12.52	12.25	12.37	15113863	187250160.00
2017/09/12	12.37	12.37	12.17	12.23	13831192	170175232.00
2017/09/13	12.23	12.25	12.04	12.20	11368855	138284352.00
2017/09/14	12.17	12.28	12.04	12.05	12433330	151163712.00
2017/09/15	12.20	12.21	12.01	12.13	10888334	132184216.00
2017/09/18	12.17	12.19	11.95	12.14	13068787	158390256.00
2017/09/19	12.17	12.34	12.09	12.31	13880885	170074512.00
2017/09/20	12.33	12.41	12.25	12.38	16715642	206735616.00
2017/09/21	12.40	12.60	12.28	12.32	12441489	154918112.00
2017/09/22	12.39	12.39	12.08	12.30	9817130	120191904.00
2017/09/25	12.42	12.52	12.27	12.29	9451560	117247768.00
2017/09/26	12.29	12.37	11.87	11.97	13254048	160481456.00
2017/09/27	11.96	12.06	11.91	12.01	6606759	79310120.00
2017/09/28	12.03	12.04	11.90	12.00	5024714	60320008.00
2017/09/29	12.01	12.05	11.94	12.03	5607758	67431728.00
2017/10/09	12.12	12.24	12.06	12.16	8666596	105462432.00
2017/10/10	12.16	12.24	12.09	12.22	9413049	114845128.00
2017/10/11	12.25	12.26	12.16	12.23	7588603	92966632.00
2017/10/12	12.21	12.35	12.20	12.23	9069671	111518216.00
2017/10/13	12.23	12.33	12.21	12.26	5981301	73478032.00
2017/10/16	12.26	12.26	11.92	12.01	9332525	112790640.00
2017/10/17	11.97	12.03	11.89	11.96	5275191	63224500.00
2017/10/18	12.03	12.05	11.88	11.91	5898066	70701688.00
2017/10/19	12.05	12.05	11.81	11.99	8469100	101179352.00
2017/10/20	11.99	12.01	11.92	12.00	4804673	57618612.00
2017/10/23	12.00	12.24	11.92	12.05	7312949	88535648.00
2017/10/24	12.01	12.32	11.99	12.10	7675587	92879584.00
2017/10/25	12.09	12.10	11.89	11.97	7032205	84382496.00
2017/10/26	12.05	12.05	11.81	11.91	10661982	127290720.00
2017/10/27	11.95	11.95	11.79	11.85	5999726	71266576.00
2017/10/30	11.77	12.04	11.50	11.67	10702406	125497712.00
2017/10/31	11.70	11.70	11.37	11.58	8811934	101661280.00
2017/11/01	11.53	11.55	11.40	11.51	8559697	98360664.00
2017/11/02	11.66	11.66	11.42	11.54	7533278	86973272.00
2017/11/03	11.62	11.62	11.47	11.54	6102857	70510776.00
2017/11/06	11.52	11.52	11.35	11.42	8723393	99692504.00
2017/11/07	11.45	11.52	11.30	11.47	6144398	70312504.00
2017/11/08	11.48	11.52	11.40	11.42	4838908	55555164.00
2017/11/09	11.43	11.61	11.39	11.61	8974934	103907960.00
2017/11/10	11.73	11.89	11.63	11.73	8373394	98646280.00
2017/11/13	11.73	11.83	11.66	11.69	4836282	56923728.00
2017/11/14	11.75	11.94	11.67	11.84	9638600	114536008.00
2017/11/15	11.87	11.93	11.71	11.77	5455431	64618820.00
2017/11/16	11.90	11.90	11.55	11.67	5763764	67505288.00
2017/11/17	11.67	11.67	11.22	11.40	7745500	88698624.00
2017/11/20	11.37	11.37	10.92	11.16	4591016	51267280.00
2017/11/21	11.24	11.24	10.10	10.99	13011689	140212240.00
2017/11/22	10.73	10.82	10.37	10.37	11476496	120959632.00
2018/03/22	9.33	10.10	9.33	9.33	84549939	795107008.00
2018/03/23	8.39	9.21	8.39	8.71	87600714	753959488.00
2018/03/26	8.59	9.26	8.59	9.15	60332886	538381120.00
2018/03/27	9.15	10.07	8.98	9.76	59009062	562023680.00
2018/03/28	9.57	10.10	9.48	9.75	36092954	356060480.00
2018/03/29	9.80	10.04	9.66	9.78	24370083	240569712.00
2018/03/30	9.88	10.15	9.73	10.14	28075687	281909824.00
2018/04/02	10.23	10.51	10.07	10.17	29765695	306963456.00
2018/04/03	9.92	10.29	9.86	10.23	20154830	202954048.00
2018/04/04	10.37	10.63	9.90	9.95	27496936	282891968.00
2018/04/09	9.87	10.18	9.80	10.07	20858645	210228576.00
2018/04/10	10.08	10.25	9.73	10.02	18430301	184601216.00
2018/04/11	10.15	10.15	9.65	9.73	23042448	227094576.00
2018/04/12	9.71	9.85	9.70	9.71	11897790	116476752.00
2018/04/13	9.73	9.87	9.65	9.67	9558815	93540376.00
2018/04/16	9.67	9.68	9.34	9.47	21160608	200715744.00
2018/04/17	9.47	9.51	8.82	8.82	25990128	239038864.00
2018/04/18	8.88	9.06	8.82	8.98	21216430	190311408.00
2018/04/19	8.96	9.74	8.94	9.53	30376609	283603776.00
2018/04/20	9.48	9.99	9.40	9.57	37288234	364175936.00
2018/04/23	9.77	9.77	9.19	9.42	17451033	165415200.00
2018/04/24	9.47	9.72	9.28	9.69	19573012	186231280.00
2018/04/25	9.57	9.85	9.55	9.63	18822477	183642624.00
2018/04/26	9.64	9.70	9.41	9.43	11502625	109987632.00
2018/04/27	9.47	9.59	9.34	9.51	11262620	107270896.00
2018/05/02	9.51	9.63	9.44	9.59	10036746	96073944.00
2018/05/03	9.59	9.84	9.51	9.78	12634909	122850128.00
2018/05/04	9.75	9.89	9.70	9.72	11347623	111487680.00
2018/05/07	9.74	9.85	9.67	9.74	13245710	129573616.00
2018/05/08	9.74	9.91	9.64	9.74	16088728	157773280.00
2018/05/09	9.67	10.07	9.65	10.00	23946486	238362224.00
2018/05/10	9.97	10.42	9.95	10.22	23797805	244950608.00
2018/05/11	10.21	10.36	10.01	10.27	15885170	162144672.00
2018/05/14	10.31	10.31	9.92	9.98	14657127	148606400.00
2018/05/15	9.97	10.08	9.78	9.98	11278933	112420456.00
2018/05/16	9.92	10.05	9.81	9.83	9670424	96158040.00
2018/05/17	9.83	9.96	9.78	9.86	7521226	74283208.00
2018/05/18	9.84	9.87	9.44	9.57	13195191	127440320.00
2018/05/21	9.65	9.72	9.50	9.65	10748807	103730552.00
2018/05/22	9.64	9.66	9.33	9.48	11462350	108968080.00
2018/05/23	9.46	9.46	9.17	9.20	11178394	104193040.00
2018/05/24	9.17	9.55	9.16	9.52	13131497	123628456.00
2018/05/25	9.49	9.51	9.20	9.30	11736729	109805928.00
2018/05/28	9.22	9.27	8.90	9.16	11171097	101660600.00
2018/05/29	8.98	9.17	8.93	8.96	8280152	75004432.00
2018/05/30	8.82	8.94	8.70	8.73	9938000	88047488.00
2018/05/31	8.80	8.80	8.02	8.33	24332565	204274736.00
2018/06/01	8.31	8.55	8.11	8.33	16229935	136538192.00
2018/06/04	8.32	8.45	8.09	8.25	9468821	78707080.00
2018/06/05	8.25	8.29	8.06	8.24	12760651	104701752.00
2018/06/06	8.19	8.23	7.95	8.05	15675844	126903896.00
2018/06/07	8.11	8.20	8.05	8.14	13104553	106988280.00
2018/06/08	8.21	8.21	7.64	8.05	25371167	200114672.00
2018/06/11	7.94	8.23	7.83	8.20	20029686	162648832.00
2018/06/12	8.16	8.24	8.02	8.11	11657412	94916488.00
2018/06/13	8.09	8.09	7.82	7.99	10626133	84902496.00
2018/06/14	7.96	8.08	7.90	7.95	7729908	62170184.00
2018/06/15	7.82	7.96	7.37	7.51	20419098	155853728.00
2018/06/19	7.40	7.45	6.76	6.82	19259921	135812128.00
2018/06/20	6.80	6.92	6.57	6.81	10670536	73073016.00
2018/06/21	6.83	6.88	6.13	6.22	19019072	121887024.00
2018/06/22	6.17	6.62	6.08	6.57	18645989	119408248.00
2018/06/25	6.74	7.23	6.74	6.87	24115642	170110432.00
2018/06/26	6.85	7.12	6.69	6.91	14512764	101092000.00
2018/06/27	6.94	7.04	6.86	6.96	9457917	66029788.00
2018/06/28	6.88	6.97	6.53	6.60	14503596	97875552.00
2018/06/29	6.60	7.10	6.56	7.05	13577465	93132832.00
2018/07/02	7.04	7.22	6.83	6.94	15545225	109460408.00
2018/07/03	6.95	7.12	6.84	7.09	12541138	87966272.00
2018/07/04	7.03	7.05	6.89	6.93	10958912	76661800.00
2018/07/05	6.95	7.04	6.73	6.80	8848880	61238544.00
2018/07/06	7.00	7.11	6.81	6.91	13833191	96763824.00
2018/07/09	6.89	7.03	6.89	6.95	11578560	80911208.00
2018/07/10	6.96	6.99	6.79	6.88	8849280	61164388.00
2018/07/11	6.76	6.80	6.55	6.75	11501474	76854896.00
2018/07/12	6.71	7.15	6.71	7.03	18292918	127521080.00
2018/07/13	7.01	7.13	6.98	7.07	9363716	66036160.00
2018/07/16	7.06	7.09	6.98	7.04	5990900	42035868.00
2018/07/17	7.05	7.47	7.01	7.44	23398085	170407872.00
2018/07/18	7.37	8.18	7.35	7.99	34015993	265243984.00
2018/07/19	7.89	8.13	7.78	8.03	17316094	136663648.00
2018/07/20	7.99	8.09	7.80	8.02	10639889	84907720.00
2018/07/23	8.01	8.31	7.99	8.10	12563058	102615912.00
2018/07/24	8.08	8.55	8.05	8.37	17501136	145872928.00
2018/07/25	8.31	8.71	8.29	8.36	17073018	145098416.00
2018/07/26	8.33	8.50	8.17	8.24	12932822	107086608.00
2018/07/27	8.27	8.40	8.22	8.24	10414281	86718864.00
2018/07/30	8.21	8.34	8.08	8.18	7877596	64669980.00
2018/07/31	8.19	8.23	8.10	8.14	5546806	45246644.00
2018/08/01	8.18	8.23	7.99	7.99	8053510	65206172.00
2018/08/02	8.03	8.15	7.67	8.14	11920940	93979640.00
2018/08/03	8.09	8.13	7.50	7.54	15563650	120430016.00
2018/08/06	7.60	7.78	7.35	7.39	9821284	74149248.00
2018/08/07	7.35	7.52	7.30	7.47	9233941	68571968.00
2018/08/08	7.46	7.47	7.13	7.20	10364115	75182304.00
2018/08/09	7.21	7.76	7.12	7.64	11554961	86975440.00
2018/08/10	7.64	7.84	7.58	7.64	7103236	54532728.00
2018/08/13	7.63	7.73	7.50	7.70	7710984	58618544.00
2018/08/14	7.68	7.78	7.62	7.70	5525443	42450260.00
2018/08/15	7.68	7.72	7.43	7.63	12272652	93159752.00
2018/08/16	7.55	7.69	7.40	7.40	8468306	63590504.00
2018/08/17	7.39	7.59	7.33	7.33	5746860	42883128.00
2018/08/20	7.33	7.55	7.13	7.28	6454281	47210552.00
2018/08/21	7.30	7.64	7.26	7.44	8202178	61374208.00
2018/08/22	7.44	7.55	7.41	7.45	4743497	35458188.00
2018/08/23	7.45	7.55	7.33	7.52	4667400	34900904.00
2018/08/24	7.48	7.50	7.30	7.37	4667931	34382296.00
2018/08/27	7.36	7.57	7.36	7.47	9115003	68097368.00
2018/08/28	7.48	7.54	7.31	7.40	7565265	55940956.00
2018/08/29	7.40	7.48	7.30	7.42	5744021	42428928.00
2018/08/30	7.40	7.42	7.25	7.29	4624591	33908472.00
2018/08/31	7.29	7.38	7.12	7.34	3942370	28592924.00
2018/09/03	7.29	7.37	7.15	7.32	3982046	28937068.00
2018/09/04	7.32	7.58	7.30	7.50	11101101	83118840.00
2018/09/05	7.41	7.52	7.36	7.38	5462345	40594624.00
2018/09/06	7.35	7.38	7.19	7.22	5202649	37919608.00
2018/09/07	7.22	7.39	7.14	7.15	7993393	58107020.00
2018/09/10	7.15	7.24	6.87	7.09	7127559	50629272.00
2018/09/11	7.03	7.17	6.94	7.11	4078679	28770148.00
2018/09/12	7.08	7.24	7.07	7.12	5803477	41622580.00
2018/09/13	7.20	7.22	7.00	7.13	6711877	47678536.00
2018/09/14	7.15	7.20	7.04	7.05	6446749	46029980.00
2018/09/17	6.98	7.06	6.78	6.80	6592910	45403180.00
2018/09/18	6.81	7.33	6.65	7.25	15259599	106458176.00
2018/09/19	7.23	7.64	7.19	7.59	21040472	157683952.00
2018/09/20	7.56	7.97	7.56	7.75	16907323	131787400.00
2018/09/21	7.78	7.90	7.65	7.75	12884653	99912752.00
2018/09/25	7.75	7.81	7.65	7.79	11313244	87534688.00
2018/09/26	7.77	7.82	7.60	7.70	12560408	96394224.00
2018/09/27	7.75	7.76	7.46	7.54	13034136	98483144.00
2018/09/28	7.56	7.68	7.33	7.64	17773323	132548944.00
2018/10/08	7.46	7.49	6.97	7.36	18704686	135160432.00
2018/10/09	7.32	7.35	7.00	7.14	12791332	91628648.00
2018/10/10	7.14	7.32	7.14	7.30	7866996	57213032.00
2018/10/11	7.05	7.61	6.97	7.29	20896298	151284304.00
2018/10/12	7.36	7.46	7.04	7.40	14422103	104880472.00
2018/10/15	7.34	7.58	7.28	7.39	11808380	87363992.00
2018/10/16	7.43	7.50	6.84	7.07	28527976	201306304.00
2018/10/17	7.05	7.10	6.36	6.36	11665300	77531080.00
2018/10/18	5.85	6.03	5.72	5.72	23985848	138926240.00
2018/10/19	5.50	5.70	5.27	5.35	29102803	158001856.00
2018/10/22	5.44	5.89	5.44	5.73	34329291	197406528.00
2018/10/23	5.73	5.90	5.67	5.78	17178947	99627808.00
2018/10/24	5.76	5.87	5.71	5.78	9559627	55434356.00
2018/10/25	5.57	5.68	5.37	5.60	13546081	74871808.00
2018/10/26	5.66	5.73	5.52	5.57	8475226	47822980.00
2018/10/29	5.60	5.65	5.25	5.30	20090734	108758584.00
2018/10/30	5.34	5.72	5.32	5.67	17987978	99565960.00
2018/10/31	5.70	5.72	5.58	5.61	13444222	75695776.00
2018/11/01	5.67	5.78	5.62	5.63	11309095	64339740.00
2018/11/02	5.77	5.93	5.67	5.91	18596617	108273088.00
2018/11/05	5.91	5.97	5.81	5.88	13272835	77915600.00
2018/11/06	5.89	5.98	5.73	5.95	15185260	88533848.00
2018/11/07	5.91	6.06	5.88	5.90	14616991	87277984.00
2018/11/08	5.95	5.97	5.79	5.80	7846390	46120544.00
2018/11/09	5.79	6.09	5.76	5.92	14007551	83198904.00
2018/11/12	5.80	6.07	5.80	6.05	13503276	80560960.00
2018/11/13	6.01	6.34	5.98	6.28	21196614	131715032.00
2018/11/14	6.30	6.39	6.22	6.25	11886661	74908240.00
2018/11/15	6.27	6.41	6.23	6.35	12111179	76459976.00
2018/11/16	6.35	6.55	6.24	6.48	16988991	108620440.00
2018/11/19	6.45	6.52	6.25	6.34	13711740	87216648.00
2018/11/20	6.31	6.43	6.12	6.15	12806044	80330208.00
2018/11/21	6.10	6.20	5.98	6.17	14006793	85486304.00
2018/11/22	6.18	6.27	6.12	6.18	10489928	65076448.00
2018/11/23	6.19	6.22	5.74	5.87	15752449	93594552.00
2018/11/26	5.87	5.94	5.74	5.81	8611249	50198908.00
2018/11/27	5.82	5.90	5.69	5.79	9804834	56815356.00
2018/11/28	5.77	5.84	5.61	5.83	12287004	70486992.00
2018/11/29	5.84	5.86	5.50	5.51	15530800	88263672.00
2018/11/30	5.49	5.57	5.39	5.55	10015027	55052848.00
2018/12/03	5.70	5.90	5.64	5.78	14206639	82042264.00
2018/12/04	5.81	5.85	5.71	5.81	10009972	57975924.00
2018/12/05	5.71	5.85	5.65	5.77	10238065	58824568.00
2018/12/06	5.71	5.79	5.61	5.61	9271587	52728148.00
2018/12/07	5.63	5.72	5.58	5.68	5833800	32970564.00
2018/12/10	5.64	5.74	5.57	5.62	7731321	43598312.00
2018/12/11	5.64	5.65	5.55	5.62	6437192	36033688.00
2018/12/12	5.64	5.79	5.61	5.72	11687400	66675344.00
2018/12/13	5.84	5.85	5.57	5.65	17244242	98163128.00
2018/12/14	5.62	5.62	5.29	5.33	18688100	101459296.00
2018/12/17	5.27	5.28	4.93	5.09	29234992	148457280.00
2018/12/18	5.01	5.13	4.99	5.06	17496294	88364736.00
2018/12/19	5.06	5.08	4.86	4.93	17908657	88830656.00
2018/12/20	4.88	4.97	4.84	4.88	19861693	97182936.00
2018/12/21	4.87	4.88	4.66	4.82	19605754	93796296.00
2018/12/24	4.78	4.88	4.77	4.86	11627373	56276188.00
2018/12/25	4.81	4.81	4.59	4.68	18658797	87259872.00
2018/12/26	4.76	4.86	4.72	4.76	18536166	88856624.00
2018/12/27	4.85	4.89	4.64	4.66	13700160	65270028.00
2018/12/28	4.66	4.70	4.57	4.61	13968478	64637556.00
2019/01/02	4.63	4.70	4.61	4.64	12785904	59493480.00
2019/01/03	4.69	4.94	4.63	4.80	25874775	124829096.00
数据来源:通达信
