300663 科蓝软件 日线 前复权
      日期	    开盘	    最高	    最低	    收盘	    成交量	    成交额
2017/06/08	5.79	6.96	5.79	6.96	7560	78538.20
2017/06/09	7.67	7.67	7.67	7.67	2300	26496.00
2017/06/12	8.43	8.43	8.43	8.43	8330	105541.10
2017/06/13	9.28	9.28	9.28	9.28	4702	65545.88
2017/06/14	10.21	10.21	10.21	10.21	6660	102097.80
2017/06/15	11.23	11.23	11.23	11.23	8714	146918.05
2017/06/16	12.36	12.36	12.36	12.36	31053	576033.13
2017/06/19	13.61	13.61	13.61	13.61	73649	1503176.13
2017/06/20	14.97	14.97	14.97	14.97	98291	2206633.00
2017/06/21	16.47	16.47	16.47	16.47	289942	7161567.50
2017/06/22	18.13	18.13	18.13	18.13	1269730	34498564.00
2017/06/23	18.69	19.30	17.38	17.48	19797962	544294272.00
2017/06/26	16.80	17.78	16.35	16.61	13034264	328382112.00
2017/06/27	16.49	17.68	16.37	16.61	11549868	293783456.00
2017/06/28	16.29	16.29	15.59	15.67	9074765	215953904.00
2017/06/29	15.81	15.96	15.55	15.65	4983055	117729504.00
2017/06/30	15.47	16.32	15.34	15.89	7514641	179546928.00
2017/07/03	15.80	16.05	15.72	15.97	3848101	91764680.00
2017/07/04	16.07	17.33	15.87	16.80	10768924	266870016.00
2017/07/05	16.84	18.48	16.80	18.48	7048637	188058992.00
2017/07/06	19.48	20.33	19.15	20.33	18650295	550526592.00
2017/07/07	19.82	20.28	19.28	19.58	15293357	452646016.00
2017/07/10	19.59	20.24	18.20	18.28	12465839	361118336.00
2017/07/11	18.04	18.85	17.76	17.92	9221978	252736144.00
2017/07/12	18.07	18.75	17.68	18.46	8386155	230211360.00
2017/07/13	18.13	18.21	16.83	17.26	8869588	230099248.00
2017/07/14	17.03	17.33	16.41	16.46	5640149	141924672.00
2017/07/17	16.03	16.27	14.81	14.81	6833870	156274768.00
2017/07/18	14.40	14.98	14.12	14.70	5164114	112659480.00
2017/07/19	14.59	14.70	13.85	14.64	4803423	103605872.00
2017/07/20	14.52	15.12	14.40	14.40	4977086	110347880.00
2017/07/21	14.34	14.99	14.14	14.54	4642172	102334088.00
2017/07/24	14.31	14.90	13.67	14.74	4403906	94995112.00
2017/07/25	14.62	15.06	14.59	15.03	4084213	90796056.00
2017/07/26	14.98	15.20	14.17	14.42	5113592	112445536.00
2017/07/27	14.42	15.58	14.26	15.34	6700206	150859424.00
2017/07/28	15.12	15.25	14.80	14.83	4882808	109662672.00
2017/07/31	14.78	15.12	14.54	14.74	3600979	80178768.00
2017/08/01	14.72	14.83	14.26	14.49	3675523	79825616.00
2017/08/02	14.38	14.58	13.92	13.93	3460177	73863416.00
2017/08/03	13.84	14.33	13.77	13.89	2796394	58883848.00
2017/08/04	13.93	14.10	13.34	13.44	3238730	66630780.00
2017/08/07	13.47	13.83	13.47	13.60	2012729	41250116.00
2017/08/08	13.55	14.25	13.25	14.05	4933296	102009048.00
2017/08/09	13.87	13.89	13.52	13.65	2833549	58154252.00
2017/08/10	13.39	13.70	13.34	13.42	1910424	38682792.00
2017/08/11	13.43	13.73	13.27	13.29	2200452	44509264.00
2017/08/14	13.33	13.71	13.27	13.63	2374108	48381548.00
2017/08/15	14.10	14.92	14.07	14.47	5965601	129398304.00
2017/08/16	14.47	15.19	14.26	15.00	6400563	142254192.00
2017/08/17	14.80	15.97	14.48	15.65	8198839	187534448.00
2017/08/18	15.41	15.55	14.94	15.02	4637753	105880192.00
2017/08/21	15.08	15.59	15.08	15.51	4218600	97327672.00
2017/08/22	15.58	16.01	15.12	15.20	4347852	101227536.00
2017/08/23	14.92	16.37	14.80	16.09	7271242	169882096.00
2017/08/24	16.05	16.49	15.34	15.47	8491788	203236704.00
2017/08/25	15.26	16.33	15.17	15.97	6063124	144116608.00
2017/08/28	16.21	17.58	16.11	17.18	10015604	255106576.00
2017/08/29	16.77	17.92	16.61	16.71	10922599	279827392.00
2017/08/30	16.45	17.18	15.96	16.36	7077781	175369488.00
2017/08/31	16.22	18.00	16.22	18.00	8870466	230123504.00
2017/09/01	18.13	19.75	18.06	18.48	12358122	345816384.00
2017/09/04	19.34	20.33	18.91	19.18	17447468	519799776.00
2017/09/05	18.93	19.01	17.56	18.68	11403016	315271520.00
2017/09/06	18.35	20.18	18.19	19.14	10387599	297694816.00
2017/09/07	19.13	21.06	18.91	21.06	17131756	530019840.00
2017/09/08	19.80	20.15	18.95	18.96	15170076	442827616.00
2017/09/11	18.92	19.07	18.23	18.98	7102794	200025200.00
2017/09/12	19.00	19.01	17.71	18.11	7962702	218896064.00
2017/09/13	18.14	18.44	17.94	18.27	3413597	93125144.00
2017/09/14	18.27	18.57	17.94	17.96	4946988	135066368.00
2017/09/15	17.87	18.14	17.52	17.55	4197137	111992952.00
2017/09/18	17.34	17.78	17.07	17.62	3257687	85107680.00
2017/09/19	17.54	18.18	17.54	17.75	3997193	107346776.00
2017/09/20	17.64	18.35	17.48	18.15	3966228	107395792.00
2017/09/21	18.06	18.99	18.01	18.22	5279422	146417072.00
2017/09/22	18.01	18.95	17.67	18.85	6895790	191530368.00
2017/09/25	18.61	20.21	18.57	19.38	8714235	253228416.00
2017/09/26	19.21	19.21	17.48	17.71	6919404	188009536.00
2017/09/27	17.37	18.30	17.37	17.93	3679573	98905736.00
2017/09/28	17.94	18.97	17.93	18.31	4262799	117991328.00
2017/09/29	18.41	18.65	17.82	18.10	3650433	98703792.00
2017/10/09	18.42	18.57	18.02	18.15	2530192	69265536.00
2017/10/10	18.19	19.54	18.13	19.29	6916637	197027936.00
2017/10/11	19.13	19.44	18.40	18.58	5107418	144248992.00
2017/10/12	18.41	18.95	18.06	18.40	3264100	90689664.00
2017/10/13	18.21	18.97	17.81	18.71	4112439	114057488.00
2017/10/16	18.61	18.74	17.43	17.51	4408809	118655184.00
2017/10/17	17.74	17.80	17.46	17.60	1738436	45941756.00
2017/10/18	17.61	17.78	16.66	16.73	3168657	81555496.00
2017/10/19	16.57	17.20	16.54	16.78	2076564	52380052.00
2017/10/20	16.81	17.11	16.75	17.02	1280857	32548562.00
2017/10/23	16.86	17.51	16.86	17.45	1696897	43906968.00
2017/10/24	17.39	17.56	16.78	17.32	1833605	47333048.00
2017/10/25	17.28	17.54	17.20	17.52	1846540	48235280.00
2017/10/26	17.54	17.55	17.14	17.34	1768900	46002620.00
2017/10/27	17.29	17.65	17.29	17.40	1944260	50988548.00
2017/10/30	17.26	17.52	16.27	16.31	2167973	54285140.00
2017/10/31	16.24	16.59	16.19	16.47	1210420	29793858.00
2017/11/01	16.49	17.16	16.37	16.89	2081706	52631900.00
2017/11/02	16.90	17.34	16.79	16.86	1421466	36378092.00
2017/11/03	16.83	17.17	16.47	16.64	1277147	32153236.00
2017/11/06	16.88	17.80	16.80	17.48	3665643	95807224.00
2017/11/07	17.38	17.68	17.22	17.59	2850986	74545976.00
2017/11/08	17.48	17.88	17.48	17.66	2840593	75369704.00
2017/11/09	17.66	18.40	17.54	18.18	3840091	104064824.00
2017/11/10	18.17	18.32	17.85	18.04	2843655	77051400.00
2017/11/13	18.12	18.15	17.74	17.90	2066938	55447872.00
2017/11/14	17.89	18.41	17.75	17.94	3297878	89567952.00
2017/11/15	17.94	18.32	17.67	17.72	2574860	69322488.00
2017/11/16	17.71	17.71	16.75	16.90	2634500	67752776.00
2017/11/17	16.84	16.92	15.21	15.21	3718926	88469928.00
2017/11/20	15.27	15.53	14.88	15.40	1312239	30045030.00
2017/11/21	15.40	15.44	14.58	14.96	1784640	40190480.00
2017/11/22	14.87	15.34	14.87	15.06	1115980	25254426.00
2017/11/23	14.94	15.30	14.40	14.53	1355252	30451756.00
2017/11/24	14.54	14.78	14.46	14.46	1324940	28986886.00
2017/11/27	14.39	14.59	13.73	13.87	1319932	27837712.00
2017/11/28	13.87	14.19	13.84	14.16	1634093	34311324.00
2017/11/29	14.10	15.53	14.10	14.47	2290993	49792368.00
2017/11/30	14.56	14.66	14.20	14.36	1449500	31368328.00
2017/12/01	14.35	14.58	14.22	14.36	1148279	24839754.00
2017/12/04	14.24	14.32	13.74	13.89	1673700	34973796.00
2017/12/05	13.89	14.80	13.33	13.59	1586738	33398802.00
2017/12/06	13.49	13.80	13.21	13.71	1500700	30353888.00
2017/12/07	13.71	13.95	13.47	13.77	1089100	22413448.00
2017/12/08	13.67	14.28	13.67	14.14	1417093	29955848.00
2017/12/11	14.30	14.84	14.30	14.48	1822004	39746464.00
2017/12/12	14.34	14.45	13.84	13.87	1422987	30200966.00
2017/12/13	13.80	14.34	13.80	14.18	1012600	21473678.00
2017/12/14	14.20	14.26	13.95	14.15	938619	19868934.00
2017/12/15	14.16	14.32	14.00	14.25	955572	20333412.00
2017/12/18	14.26	14.34	13.81	13.93	931159	19562924.00
2017/12/19	14.00	14.52	13.99	14.30	1523592	32707636.00
2017/12/20	14.29	14.42	14.01	14.10	1071052	22866620.00
2017/12/21	13.87	14.22	13.85	14.10	1111524	23462912.00
2017/12/22	13.97	14.12	13.85	13.89	1107006	23140018.00
2017/12/25	13.73	13.84	13.27	13.57	1238413	25042558.00
2017/12/26	13.57	14.10	13.47	13.97	1626806	33819652.00
2017/12/27	13.87	14.09	13.87	13.87	1258698	26352568.00
2017/12/28	13.81	14.34	13.70	13.99	1348711	28474024.00
2017/12/29	14.04	14.24	13.94	14.18	1028560	21772582.00
2018/01/02	14.24	14.47	14.05	14.26	966579	20657046.00
2018/01/03	14.29	14.34	14.17	14.26	1034460	22132988.00
2018/01/04	14.28	14.32	14.04	14.04	850400	18057040.00
2018/01/05	14.20	14.94	14.13	14.36	2172100	47280148.00
2018/01/08	14.42	14.60	14.16	14.46	1563760	33748624.00
2018/01/09	14.42	14.54	14.28	14.36	1267984	27346792.00
2018/01/10	14.67	15.80	14.54	15.80	3214830	73566832.00
2018/01/11	17.21	17.38	16.59	17.38	8736172	224882448.00
2018/01/12	18.01	19.13	18.01	19.13	8536980	239191920.00
2018/01/15	20.11	21.05	20.11	21.05	4017860	124305664.00
2018/01/16	23.15	23.15	22.09	23.15	15866776	546907008.00
2018/01/17	22.09	22.99	20.83	20.83	16946616	548008896.00
2018/01/18	20.83	21.67	20.36	21.16	15107108	477652704.00
2018/01/19	20.59	23.28	20.36	21.57	21578511	728394688.00
2018/01/22	20.16	20.34	19.41	19.41	5096400	150479568.00
2018/01/23	18.35	19.33	17.78	18.52	13288695	365065280.00
2018/01/24	18.32	19.00	18.04	18.51	10679859	296471584.00
2018/01/25	18.15	20.15	17.95	19.44	14599955	415754560.00
2018/01/26	18.82	19.52	18.09	18.09	10547628	296871552.00
2018/01/29	17.94	19.48	17.44	18.96	11764892	322581184.00
2018/01/30	18.61	18.66	17.56	17.68	8140362	222149536.00
2018/01/31	17.67	18.11	16.68	16.88	7311414	189826576.00
2018/02/01	16.92	17.31	16.42	17.04	5214187	132395632.00
2018/02/02	17.12	17.68	16.56	17.14	6535719	169000160.00
2018/02/05	15.45	15.79	15.43	15.43	2386200	55460872.00
2018/02/06	13.88	14.50	13.88	13.88	8912278	187354032.00
2018/02/07	14.19	14.42	13.34	14.25	6511837	136657632.00
2018/02/08	14.24	14.75	14.03	14.30	5349610	115471360.00
2018/02/09	13.67	15.54	13.32	14.92	7380747	159402752.00
2018/02/12	14.95	15.59	14.62	15.40	6081312	138741856.00
2018/02/13	15.16	15.61	15.02	15.37	5402228	123707760.00
2018/02/14	15.19	15.52	14.55	14.65	2817915	62661284.00
2018/02/22	14.92	15.89	14.87	15.24	3563195	82330192.00
2018/02/23	14.87	15.24	14.86	15.10	3050625	68857248.00
2018/02/26	15.37	16.27	15.22	15.99	5196079	123530632.00
2018/02/27	15.92	17.60	15.92	17.60	4274026	110003904.00
2018/02/28	18.00	19.36	17.78	18.49	13837933	390703328.00
2018/03/01	17.54	20.32	17.54	19.36	12366607	344861184.00
2018/03/02	18.88	19.13	17.98	18.09	8363125	232381040.00
2018/03/05	18.18	19.10	18.18	18.59	7635005	213791072.00
2018/03/06	18.67	18.81	18.02	18.35	6380849	176201040.00
2018/03/07	18.35	18.60	18.00	18.49	5695307	156602896.00
2018/03/08	18.30	20.27	18.23	19.03	10398947	300278304.00
2018/03/09	19.01	19.87	18.40	19.23	9181342	263246304.00
2018/03/12	19.35	20.28	19.03	20.28	9689152	287802560.00
2018/03/13	19.71	21.85	19.52	20.43	10130259	310759360.00
2018/03/14	19.86	20.24	18.88	19.08	6913398	203614192.00
2018/03/15	18.71	19.88	18.45	19.33	5326856	152988368.00
2018/03/16	19.13	19.56	18.62	18.63	4046039	115812240.00
2018/03/19	18.75	19.11	18.68	18.73	3271017	92750136.00
2018/03/20	18.60	18.78	17.71	18.61	4950139	135070464.00
2018/03/21	19.08	20.35	18.88	18.97	7045897	207368896.00
2018/03/22	18.40	20.52	18.36	20.01	8753740	257781680.00
2018/03/23	19.23	19.46	18.00	18.00	6274100	176133040.00
2018/03/26	17.14	19.00	16.69	18.82	5012813	134895664.00
2018/03/27	18.81	19.98	18.77	19.56	6661983	193992432.00
2018/03/28	19.01	20.92	18.88	19.87	7941597	236202848.00
2018/03/29	19.90	20.40	19.19	19.51	5494672	162428896.00
2018/03/30	19.86	20.99	19.73	20.45	7728809	235695376.00
2018/04/02	20.82	21.69	20.04	20.59	7865618	244451744.00
2018/04/03	19.75	20.16	19.59	20.02	4635053	137997936.00
2018/04/04	20.35	20.54	19.61	19.62	3373100	101084120.00
2018/04/09	19.42	20.22	19.13	19.98	3365093	99905280.00
2018/04/10	20.12	20.12	18.68	19.37	4901433	142746128.00
2018/04/11	19.81	21.31	19.54	20.65	10150466	313912096.00
2018/04/12	20.44	22.72	20.24	22.72	11007704	357804384.00
2018/04/13	24.21	25.00	23.36	23.91	13420638	488221952.00
2018/04/16	24.10	26.31	24.10	26.31	14397860	552930240.00
2018/04/17	27.17	27.62	23.67	23.67	8779553	328479968.00
2018/04/18	21.34	23.26	21.30	22.43	12114064	397442848.00
2018/04/19	22.01	23.02	21.02	21.29	9540666	317393632.00
2018/04/20	20.91	21.65	19.72	20.08	7074893	220225024.00
2018/04/23	20.07	20.78	19.51	20.09	5187127	156894336.00
2018/04/24	20.02	22.10	19.68	22.10	7342432	229660768.00
2018/04/25	21.49	23.67	21.43	23.07	10940633	368005888.00
2018/04/26	24.03	25.38	23.08	24.27	13375709	492103200.00
2018/04/27	24.76	25.29	22.22	22.89	8990720	317117216.00
2018/05/02	22.21	23.04	21.87	22.28	4799113	160727040.00
2018/05/03	22.69	24.51	22.43	24.51	8711918	309197632.00
2018/05/04	24.03	25.29	23.49	24.69	10398824	379917184.00
2018/05/07	24.67	25.12	23.61	24.75	7792817	287047328.00
2018/05/08	24.36	25.01	24.06	25.01	6589403	243223808.00
2018/05/09	25.03	27.49	24.96	26.22	10960503	428751552.00
2018/05/10	25.50	25.88	24.48	25.53	7837873	295480224.00
2018/05/11	25.43	25.43	24.03	24.03	4500532	166667072.00
2018/05/14	24.11	24.59	23.68	24.25	3921620	141679600.00
2018/05/15	24.36	25.03	24.31	24.83	4823300	178597504.00
2018/05/16	24.49	25.08	23.77	23.92	4440300	162452240.00
2018/05/17	23.76	24.32	23.09	23.40	3699200	131213904.00
2018/05/18	23.69	23.79	23.07	23.53	2845600	99841792.00
2018/05/21	23.63	24.50	23.42	24.25	3794900	136976080.00
2018/05/22	24.05	25.16	23.84	25.00	5476780	201179184.00
2018/05/23	24.69	25.33	24.34	24.60	5482569	203684640.00
2018/05/24	24.48	25.06	24.43	24.83	3722653	138300432.00
2018/05/25	24.63	24.63	22.90	23.24	5242012	185170016.00
2018/05/28	23.16	23.16	21.89	21.89	3079183	103294856.00
2018/05/29	21.74	23.01	21.74	22.14	2807218	94864936.00
2018/05/30	21.12	21.87	19.92	20.09	3038525	95395232.00
2018/05/31	20.48	21.11	20.16	20.90	2255720	69824560.00
2018/06/01	20.68	21.13	19.89	20.28	1812505	55751056.00
2018/06/04	20.06	20.83	20.06	20.47	1333420	41104216.00
2018/06/05	20.75	22.39	20.30	21.35	5222609	112018584.00
2018/06/06	21.20	22.10	20.97	21.70	5302101	114429528.00
2018/06/07	21.44	21.67	20.68	20.74	4351262	91452240.00
2018/06/08	20.33	22.81	20.33	22.81	10257518	226414624.00
2018/06/11	22.40	23.58	22.03	23.08	10790449	248858080.00
2018/06/12	22.64	22.86	21.10	22.30	6913770	153680080.00
2018/06/13	21.87	22.46	20.50	21.05	5748736	124373992.00
2018/06/14	20.90	23.16	20.80	23.16	11626612	265422768.00
2018/06/15	22.95	22.95	21.26	21.92	11060930	245147856.00
2018/06/19	20.27	20.72	19.73	19.73	5679078	113871040.00
2018/06/20	18.41	20.32	18.41	19.52	5839351	113632912.00
2018/06/21	19.29	20.52	19.15	19.70	6206202	123365176.00
2018/06/22	19.30	20.18	18.88	19.79	4552596	89992880.00
2018/06/25	19.99	20.33	19.71	20.06	4434564	88761856.00
2018/06/26	19.68	20.96	19.28	20.52	6815937	139069536.00
2018/06/27	20.75	20.91	20.09	20.50	5060594	103336808.00
2018/06/28	20.30	20.87	19.70	19.78	4236678	86261192.00
2018/06/29	19.58	20.95	19.51	20.60	5655589	115370872.00
2018/07/02	20.65	21.00	19.78	20.08	4616304	93855008.00
2018/07/03	19.09	20.79	18.20	20.18	8994972	174541536.00
2018/07/04	19.45	19.89	18.63	18.69	5621091	108355440.00
2018/07/05	18.26	19.20	17.80	17.80	4009298	74711464.00
2018/07/06	18.00	18.50	17.52	17.86	4208086	75992384.00
2018/07/09	18.20	18.47	18.00	18.30	3088895	56301788.00
2018/07/10	18.45	19.18	18.15	19.05	5246051	98349232.00
2018/07/11	18.49	18.65	17.60	18.09	4496253	81903176.00
2018/07/12	18.07	18.99	18.03	18.69	4397786	81841368.00
2018/07/13	18.44	18.79	18.18	18.20	3428907	63262280.00
2018/07/16	18.37	18.78	18.03	18.57	3035975	56106792.00
2018/07/17	18.40	18.80	18.39	18.69	3741452	69724640.00
2018/07/18	18.60	19.00	18.38	18.39	3681884	68968456.00
2018/07/19	18.10	18.54	17.60	17.68	2948032	52872784.00
2018/07/20	17.68	18.50	17.62	18.35	3596213	65415620.00
2018/07/23	18.83	18.96	18.36	18.52	4086868	76267616.00
2018/07/24	18.10	18.72	18.10	18.52	3681329	68072496.00
2018/07/25	18.54	19.24	18.38	18.96	6444727	122289288.00
2018/07/26	18.90	19.10	18.17	18.24	4288114	79097144.00
2018/07/27	17.50	17.52	16.42	16.42	6698694	111930752.00
2018/07/30	15.71	15.97	14.84	15.07	5715766	86765400.00
2018/07/31	15.15	15.45	14.97	15.18	2629043	39960372.00
2018/08/01	15.18	15.33	14.61	14.66	2730431	40841384.00
2018/08/02	15.11	15.33	14.30	14.94	3820269	56817292.00
2018/08/03	14.78	14.90	14.18	14.20	2203204	32106088.00
2018/08/06	14.15	14.59	14.05	14.23	2148335	30733422.00
2018/08/07	14.58	14.64	14.02	14.61	2510340	36274656.00
2018/08/08	14.60	14.61	13.92	14.00	2278070	32422664.00
2018/08/09	13.93	15.40	13.83	14.86	5397105	80008672.00
2018/08/10	14.60	15.15	14.58	15.00	3410881	50800788.00
2018/08/13	14.67	15.58	14.51	15.40	4104005	62080176.00
2018/08/14	15.27	15.35	14.94	15.06	2786884	42050860.00
2018/08/15	15.00	15.11	14.45	14.50	2093849	30923468.00
2018/08/16	14.31	14.98	14.18	14.64	2686112	39549852.00
2018/08/17	14.59	16.00	14.59	14.85	3995650	60763980.00
2018/08/20	14.33	15.40	14.33	15.37	4928785	74046208.00
2018/08/21	15.22	16.50	15.02	16.24	8235760	130769880.00
2018/08/22	15.75	15.98	15.31	15.45	4871352	76423792.00
2018/08/23	15.58	15.75	15.20	15.61	3859005	60173800.00
2018/08/24	15.42	15.79	15.20	15.25	2734913	42337544.00
2018/08/27	15.09	15.80	15.09	15.57	2734455	42379456.00
2018/08/28	15.66	16.32	15.50	15.93	5398799	85925224.00
2018/08/29	15.80	16.26	15.71	15.95	3696266	59251624.00
2018/08/30	15.68	15.95	15.16	15.18	3198708	49537120.00
2018/08/31	15.26	15.79	15.25	15.42	3114585	48346492.00
2018/09/03	15.51	16.13	15.02	16.00	4623932	72382720.00
2018/09/04	16.03	16.38	15.60	16.19	6292793	100654312.00
2018/09/05	16.08	16.15	15.50	15.60	4170430	66012776.00
2018/09/06	17.16	17.16	17.16	17.16	3222250	55293808.00
2018/09/07	18.00	18.88	17.78	18.37	20570338	381189696.00
2018/09/10	17.46	17.68	16.57	16.66	13142289	225078384.00
2018/09/11	16.74	17.40	16.41	17.25	8747494	148793504.00
2018/09/12	16.95	17.90	16.82	17.19	7878674	136016272.00
2018/09/13	17.45	17.88	17.00	17.77	9257820	162197280.00
2018/09/14	17.50	17.71	16.55	16.85	7377206	126735176.00
2018/09/17	16.69	17.18	16.35	17.02	5171895	87384024.00
2018/09/18	16.61	17.36	16.61	17.30	5208827	88729008.00
2018/09/19	17.09	17.98	16.80	17.50	8212409	143004640.00
2018/09/20	17.35	17.44	16.86	17.01	5050168	86489488.00
2018/09/21	17.00	17.24	16.80	17.04	3666901	62372628.00
2018/09/25	16.85	17.49	16.76	17.44	4879334	84210376.00
2018/09/26	17.36	17.43	17.00	17.15	3583289	61650456.00
2018/09/27	17.05	17.76	17.05	17.17	4684404	81342776.00
2018/09/28	17.01	17.39	16.50	16.77	4276237	71680096.00
2018/10/08	16.41	16.41	15.09	15.11	4719248	72997392.00
2018/10/09	15.09	15.36	14.60	14.98	3146141	47062092.00
2018/10/10	15.00	15.12	14.75	15.08	2074481	31147960.00
2018/10/11	14.25	14.48	13.57	13.57	3726858	51906460.00
2018/10/12	13.35	13.93	12.90	13.73	3176445	43060808.00
2018/10/15	13.68	14.00	13.50	13.61	2222168	30614172.00
2018/10/16	13.60	13.95	13.29	13.43	2171621	29590756.00
2018/10/17	13.79	14.23	13.47	14.12	4051737	56443016.00
2018/10/18	13.85	14.39	13.50	13.93	3983809	55585004.00
2018/10/19	13.45	14.60	13.33	14.55	4484601	63913104.00
2018/10/22	14.55	15.37	14.45	15.12	6028323	90810408.00
2018/10/23	15.18	15.77	14.81	14.92	5340593	80933064.00
2018/10/24	14.78	15.01	14.44	14.45	2955870	43407784.00
2018/10/25	13.70	14.29	13.58	14.15	2438678	34108420.00
2018/10/26	14.55	14.86	14.15	14.21	2515038	36223992.00
2018/10/29	14.32	14.59	14.05	14.07	1919679	27562332.00
2018/10/30	14.10	14.29	13.58	14.20	2619199	36704276.00
2018/10/31	14.11	14.57	14.11	14.37	2499286	35889216.00
2018/11/01	14.54	15.02	14.50	14.63	4271199	62742068.00
2018/11/02	14.90	15.10	14.65	15.10	4797871	71763704.00
2018/11/05	14.98	15.22	14.53	14.97	4517377	67166616.00
2018/11/06	14.85	15.25	14.40	14.94	4199694	62120168.00
2018/11/07	14.81	15.18	14.71	14.98	4164127	62484040.00
2018/11/08	15.13	15.14	14.62	14.67	3090140	45829204.00
2018/11/09	14.70	14.89	14.45	14.45	2053640	30110924.00
2018/11/12	14.27	15.09	14.27	14.97	3637894	53968996.00
2018/11/13	14.88	15.20	14.68	15.05	4710990	70768648.00
2018/11/14	15.09	15.17	14.83	14.98	3750602	56115280.00
2018/11/15	14.98	15.84	14.91	15.67	6921832	106418784.00
2018/11/16	15.63	15.85	15.38	15.71	4767551	74462192.00
2018/11/19	16.25	16.77	15.80	15.91	7414506	120317216.00
2018/11/20	15.67	16.29	15.47	15.54	3947975	62657824.00
2018/11/21	15.41	15.49	14.95	15.32	3342644	50864884.00
2018/11/22	15.50	16.66	15.50	16.05	8216879	132537448.00
2018/11/23	16.09	16.57	15.50	16.46	7676337	124542504.00
2018/11/26	16.51	16.59	15.67	16.08	4527920	72539056.00
2018/11/27	16.19	16.39	15.82	16.24	4063745	65724924.00
2018/11/28	16.22	16.48	15.90	16.48	3839513	62249752.00
2018/11/29	16.48	16.64	15.60	15.61	3612734	58151808.00
2018/11/30	15.49	15.77	15.20	15.59	2072074	32118374.00
2018/12/03	15.95	16.20	15.80	16.16	2990724	47861180.00
2018/12/04	16.15	16.19	15.83	15.96	2380568	38071580.00
2018/12/05	15.71	15.96	15.60	15.72	1741808	27502112.00
2018/12/06	15.60	15.72	15.00	15.03	2577951	39541192.00
2018/12/07	15.05	15.28	14.73	14.81	1533013	22918086.00
2018/12/10	14.61	14.90	14.61	14.80	1125324	16627281.00
2018/12/11	14.95	15.00	14.67	14.76	917902	13576998.00
2018/12/12	14.81	14.88	14.40	14.57	1429692	20846246.00
2018/12/13	14.67	14.82	14.43	14.72	1462359	21437014.00
2018/12/14	14.72	14.72	13.92	14.02	2333108	33185022.00
2018/12/17	13.91	14.10	13.81	13.95	1684167	23494462.00
2018/12/18	13.80	14.26	13.80	14.02	1948712	27326600.00
2018/12/19	14.16	14.24	14.01	14.06	1751904	24739136.00
2018/12/20	14.02	15.10	14.02	14.92	3495488	50658488.00
2018/12/21	14.60	14.83	14.39	14.55	2626970	38353800.00
2018/12/24	14.43	14.72	14.37	14.53	1680017	24460596.00
2018/12/25	14.30	14.74	13.88	14.68	2854492	40745008.00
2018/12/26	14.58	14.79	14.50	14.51	1932979	28316514.00
2018/12/27	14.78	14.82	13.90	13.90	2275345	32612714.00
2018/12/28	14.00	14.17	13.80	13.85	1507400	21029892.00
2019/01/02	13.89	14.13	13.76	13.83	1325634	18445526.00
2019/01/03	13.80	13.93	13.40	13.53	1421446	19450914.00
数据来源:通达信
