300570 太辰光 日线 前复权
      日期	    开盘	    最高	    最低	    收盘	    成交量	    成交额
2016/12/06	13.30	16.04	13.30	16.04	6685	192536.66
2016/12/07	17.69	17.69	17.69	17.69	300	9786.00
2016/12/08	19.50	19.50	19.50	19.50	5555	199313.41
2016/12/09	21.50	21.50	21.50	21.50	6500	256555.00
2016/12/12	23.69	23.69	23.69	23.69	13950	605709.00
2016/12/13	26.10	26.10	26.10	26.10	15000	716400.00
2016/12/14	28.76	28.76	28.76	28.76	9999	525347.44
2016/12/15	31.67	31.67	31.67	31.67	18999	1097952.25
2016/12/16	34.89	34.89	34.89	34.89	35272	2242241.00
2016/12/19	38.42	38.42	38.42	38.42	214647	15010265.00
2016/12/20	38.42	42.24	36.17	39.46	16879414	1180378112.00
2016/12/21	37.35	38.21	35.47	35.47	11489301	764303680.00
2016/12/22	34.57	36.20	34.14	34.65	7947212	507986400.00
2016/12/23	34.24	34.45	31.66	31.72	8184930	492386624.00
2016/12/26	31.12	32.33	30.25	31.98	5408749	309277952.00
2016/12/27	31.84	32.27	31.08	31.41	4235933	243910352.00
2016/12/28	31.24	31.46	30.72	30.87	3272487	185399168.00
2016/12/29	30.87	31.37	30.49	30.49	3466643	196079376.00
2016/12/30	30.26	30.67	29.86	30.29	3330536	183874864.00
2017/01/03	30.46	31.39	30.30	31.18	4121895	232493504.00
2017/01/04	31.11	31.71	30.77	31.37	4199002	239724656.00
2017/01/05	31.45	32.34	30.82	30.90	4452501	257852304.00
2017/01/06	30.40	30.40	28.57	28.67	5041570	271608000.00
2017/01/09	28.03	28.82	28.01	28.37	2102991	109060136.00
2017/01/10	28.46	29.00	28.19	28.35	1966686	102924920.00
2017/01/11	28.46	28.56	26.65	26.79	3469477	174469312.00
2017/01/12	26.90	27.49	26.29	26.51	2420356	118949280.00
2017/01/13	26.57	26.66	25.06	25.17	3037201	142474624.00
2017/01/16	24.89	24.89	22.72	23.76	3705647	164018080.00
2017/01/17	23.47	26.19	23.46	26.12	6761524	313510112.00
2017/01/18	25.59	25.67	24.56	24.57	4253264	195471776.00
2017/01/19	24.29	25.65	23.79	24.82	3856785	175967328.00
2017/01/20	24.62	25.95	24.47	25.51	3762311	175900016.00
2017/01/23	25.41	26.06	25.30	25.78	2640441	124446488.00
2017/01/24	25.66	25.66	24.69	24.75	2638146	121002632.00
2017/01/25	24.57	25.51	24.50	25.30	2190733	101080160.00
2017/01/26	25.29	25.82	25.00	25.32	1942651	90098712.00
2017/02/03	25.37	25.37	24.50	24.90	1966042	89438680.00
2017/02/06	25.35	26.22	25.30	26.22	3620264	171314864.00
2017/02/07	26.24	26.28	25.58	25.90	2661076	126049384.00
2017/02/08	25.68	27.07	25.59	26.64	3600609	173246784.00
2017/02/09	26.55	26.96	26.37	26.64	2867065	140065200.00
2017/02/10	26.64	26.79	25.71	26.16	2974129	142292768.00
2017/02/13	25.99	27.03	25.90	26.74	2948102	143433056.00
2017/02/14	26.68	26.85	26.34	26.79	2480444	120853208.00
2017/02/15	26.63	27.65	26.57	26.79	4431676	219819392.00
2017/02/16	26.51	26.72	25.90	26.33	2709875	130046848.00
2017/02/17	26.35	26.77	25.77	25.84	2632260	126127776.00
2017/02/20	25.51	25.67	23.54	24.37	4375619	196086752.00
2017/02/21	24.25	24.97	24.25	24.80	2214649	100081960.00
2017/02/22	24.85	24.96	24.36	24.69	1967288	88784840.00
2017/02/23	24.68	25.50	24.57	25.26	2863912	131402328.00
2017/02/24	25.24	27.82	25.13	27.12	7567637	370713120.00
2017/02/27	27.12	27.82	26.62	27.60	6615530	330889088.00
2017/02/28	27.24	27.59	26.82	27.52	3581702	178683472.00
2017/03/01	27.57	27.90	26.91	26.96	4277262	213995440.00
2017/03/02	27.00	27.26	26.51	26.96	3572345	176192496.00
2017/03/03	26.76	27.32	26.35	27.13	2788410	137568320.00
2017/03/06	27.13	28.42	27.07	28.34	4748403	241882016.00
2017/03/07	28.37	28.99	28.07	28.62	5026821	262156176.00
2017/03/08	28.49	28.74	27.86	28.16	3391390	175150784.00
2017/03/09	28.01	28.10	27.34	27.42	3153906	159127232.00
2017/03/10	27.24	28.32	27.24	28.25	3564637	181810688.00
2017/03/13	28.18	28.78	27.62	28.76	3714763	191797648.00
2017/03/14	28.57	29.06	28.21	28.34	4078096	213414960.00
2017/03/15	28.12	29.10	27.73	28.96	4272971	222490400.00
2017/03/16	28.94	30.06	28.90	29.39	5782418	311817184.00
2017/03/17	29.45	30.27	28.49	28.52	5975683	321666080.00
2017/03/20	28.19	29.44	28.12	29.44	3580298	188220368.00
2017/03/21	29.37	29.74	29.11	29.61	3441400	185184864.00
2017/03/22	29.29	30.09	28.86	29.85	4375207	235416176.00
2017/03/23	29.83	30.75	28.94	30.36	6694473	367333760.00
2017/03/24	30.10	30.52	29.85	30.19	3986493	219875808.00
2017/03/27	30.19	30.22	29.43	29.61	3162205	171483344.00
2017/03/28	29.56	29.76	28.38	28.49	3397628	180582592.00
2017/03/29	28.44	28.72	26.59	26.69	3977035	198950736.00
2017/03/30	26.69	26.71	25.36	25.61	2871660	136254800.00
2017/03/31	25.78	26.00	25.40	25.80	1562526	73547488.00
2017/04/05	25.96	26.47	25.89	26.43	1700628	81574616.00
2017/04/06	26.42	26.96	26.26	26.52	1648410	80305232.00
2017/04/07	26.46	26.55	25.80	25.87	1713440	81939816.00
2017/04/10	25.64	25.64	23.71	23.93	3372715	151290368.00
2017/04/11	23.85	24.80	23.79	24.80	2043110	90706824.00
2017/04/12	25.16	25.82	24.81	25.01	2286737	106197184.00
2017/04/13	24.85	25.57	24.85	25.16	1289250	59759056.00
2017/04/14	25.01	25.29	24.51	24.57	1373137	62618780.00
2017/04/17	23.46	23.93	22.72	23.65	1586075	68356440.00
2017/04/18	23.65	23.98	23.29	23.30	1014600	44002064.00
2017/04/19	23.46	23.94	23.10	23.91	1458785	63334264.00
2017/04/20	23.75	24.11	23.24	23.76	1231100	53529784.00
2017/04/21	23.69	24.01	23.66	23.69	786170	34284740.00
2017/04/24	23.67	23.72	22.98	23.35	940250	40181468.00
2017/04/25	23.31	24.22	23.31	23.73	1081544	47253060.00
2017/04/26	23.95	24.22	23.74	24.02	1231779	54214308.00
2017/04/27	24.12	24.84	23.47	24.76	2098370	93149536.00
2017/04/28	24.64	24.86	24.57	24.70	1195650	54090744.00
2017/05/02	24.68	25.07	24.40	24.73	1084058	49028988.00
2017/05/03	24.72	24.85	24.22	24.61	1003169	45164772.00
2017/05/04	24.34	24.67	23.85	23.95	1122101	50065720.00
2017/05/05	23.82	24.18	23.40	23.61	1766244	76916536.00
2017/05/08	23.37	23.61	23.10	23.10	985072	42211388.00
2017/05/09	22.88	23.60	22.80	23.43	1017799	43364160.00
2017/05/10	23.46	23.84	23.11	23.12	1263268	54440728.00
2017/05/11	22.82	23.30	22.19	23.24	1405814	58841672.00
2017/05/12	23.24	23.44	22.92	23.24	873314	37154668.00
2017/05/15	23.28	23.45	23.14	23.22	627746	26783606.00
2017/05/16	23.29	24.06	22.93	24.06	1520350	65784800.00
2017/05/17	24.07	24.45	23.96	24.18	1581040	70129544.00
2017/05/18	24.01	24.47	23.84	24.20	1214873	53850152.00
2017/05/19	24.18	24.30	23.66	23.78	1079633	47310936.00
2017/05/22	23.73	23.76	22.24	22.35	1588551	66828568.00
2017/05/23	22.35	22.40	20.47	20.62	2000439	78537720.00
2017/05/24	20.71	21.04	20.24	20.94	972369	37081764.00
2017/05/25	20.94	21.21	20.24	20.96	1086310	41337132.00
2017/05/26	21.00	21.38	20.86	21.31	947540	36753268.00
2017/05/31	22.06	22.18	21.31	21.33	1329858	53195512.00
2017/06/01	21.14	21.26	19.90	19.90	1340167	50578060.00
2017/06/02	19.61	20.79	19.61	20.66	942466	35180672.00
2017/06/05	20.96	21.19	20.81	20.94	904609	34942164.00
2017/06/06	20.79	21.06	20.76	21.00	460910	17710008.00
2017/06/07	20.96	22.25	20.91	22.07	1863952	74515392.00
2017/06/08	22.06	22.34	21.79	21.98	1717079	69630600.00
2017/06/09	21.81	22.10	21.57	22.03	1009976	40572820.00
2017/06/12	21.49	21.71	20.79	20.90	1391689	54357124.00
2017/06/13	20.75	22.10	20.75	21.83	1540185	61271680.00
2017/06/14	21.80	22.10	21.57	21.79	1170596	46907696.00
2017/06/15	21.71	22.72	21.71	22.50	1737951	71431472.00
2017/06/16	22.28	22.66	22.24	22.54	1049837	43235176.00
2017/06/19	22.35	22.56	22.19	22.46	917670	37642800.00
2017/06/20	22.61	22.61	21.79	22.04	1295533	52921496.00
2017/06/21	22.07	22.38	21.74	21.98	976870	39459584.00
2017/06/22	22.10	22.23	21.53	21.57	1200762	48367612.00
2017/06/23	21.96	21.99	20.90	21.70	1027483	40445548.00
2017/06/26	21.89	22.07	21.60	22.07	1060551	42612388.00
2017/06/27	22.20	22.39	21.99	22.17	953097	38834920.00
2017/06/28	21.87	22.10	21.58	21.88	1144287	45691240.00
2017/06/29	21.96	22.07	21.79	21.96	1174690	47334056.00
2017/06/30	21.74	21.88	21.26	21.73	2059461	44849296.00
2017/07/03	22.16	22.16	21.63	21.97	2351482	52003196.00
2017/07/04	21.83	22.15	21.48	21.58	1739564	38230068.00
2017/07/05	21.53	21.96	21.30	21.91	2239003	49205272.00
2017/07/06	21.88	22.12	21.50	21.69	2285653	50479788.00
2017/07/07	22.44	23.76	22.17	22.28	4609451	104865480.00
2017/07/10	21.86	22.18	21.46	21.46	3073109	67427752.00
2017/07/11	21.33	21.68	20.90	20.96	1652480	35542920.00
2017/07/12	20.99	21.18	20.40	21.16	1578233	33111510.00
2017/07/13	20.90	21.33	20.76	21.03	1315136	27920370.00
2017/07/14	20.83	20.83	20.15	20.20	2058108	42509984.00
2017/07/17	20.18	20.18	18.16	18.16	2842610	53719284.00
2017/07/18	18.15	18.28	17.28	17.90	2166802	39023608.00
2017/07/19	17.89	18.03	17.43	17.97	1560970	28188580.00
2017/07/20	17.93	18.25	17.69	17.76	1813180	32926148.00
2017/07/21	17.76	17.92	17.28	17.37	1516940	26974266.00
2017/07/24	17.26	17.52	16.81	17.29	1768932	30716596.00
2017/07/25	17.24	17.43	17.08	17.22	1248343	21797696.00
2017/07/26	17.21	17.38	16.92	17.04	1162855	20136212.00
2017/07/27	17.00	17.86	16.94	17.71	2745587	48708916.00
2017/07/28	17.67	17.77	17.44	17.45	1558785	27735272.00
2017/07/31	17.39	17.73	17.25	17.52	1169642	20761856.00
2017/08/01	17.52	17.57	17.28	17.49	1335240	23544552.00
2017/08/02	17.49	17.49	16.98	17.01	1245252	21717398.00
2017/08/03	17.03	17.49	16.93	17.21	1334440	23278456.00
2017/08/04	17.26	17.27	16.98	17.07	1205300	20913550.00
2017/08/07	17.09	17.43	17.09	17.23	1058294	18513196.00
2017/08/08	17.13	17.41	17.06	17.37	1229433	21481014.00
2017/08/09	17.34	17.58	17.34	17.45	1159726	20496852.00
2017/08/10	17.46	18.93	17.43	18.38	5389866	100033408.00
2017/08/11	18.02	18.33	17.74	17.93	2665363	48555104.00
2017/08/14	17.92	18.33	17.83	18.18	2146363	39459152.00
2017/08/15	18.18	18.56	18.08	18.39	2257895	41835952.00
2017/08/16	18.29	18.85	18.11	18.62	2725598	51209328.00
2017/08/17	18.62	18.70	18.42	18.52	1825383	34259976.00
2017/08/18	18.33	18.33	18.06	18.07	1801735	33165342.00
2017/08/21	18.11	18.41	18.05	18.35	1191341	22072364.00
2017/08/22	18.46	18.46	18.05	18.07	1163695	21460532.00
2017/08/23	18.06	18.23	17.81	18.14	1200063	21912066.00
2017/08/24	18.08	18.51	17.86	18.32	2210972	40804232.00
2017/08/25	18.31	19.04	18.13	18.85	4045493	76868008.00
2017/08/28	18.81	19.66	18.59	19.43	4645334	90004024.00
2017/08/29	19.33	19.46	18.91	19.25	3615232	70187328.00
2017/08/30	19.08	19.28	18.76	18.84	2379298	45726536.00
2017/08/31	18.94	19.35	18.89	19.23	2240397	43389088.00
2017/09/01	19.36	19.41	18.94	19.17	2228846	43119564.00
2017/09/04	19.18	19.37	18.95	19.10	1888828	36612504.00
2017/09/05	19.03	19.36	19.03	19.21	1653493	32087306.00
2017/09/06	19.20	19.20	18.86	19.18	1966946	37857772.00
2017/09/07	19.25	20.28	19.12	19.73	5043028	101198912.00
2017/09/08	19.60	19.94	19.39	19.58	2751509	54645008.00
2017/09/11	19.59	19.91	19.54	19.90	2507971	50089512.00
2017/09/12	20.05	20.14	19.38	19.43	2886243	57806236.00
2017/09/13	19.40	19.51	19.07	19.41	1821446	35527636.00
2017/09/14	19.33	19.44	18.94	19.05	2014534	39010388.00
2017/09/15	19.08	19.12	18.79	18.84	1301440	24920128.00
2017/09/18	18.97	19.21	18.97	19.17	1322818	25545230.00
2017/09/19	19.15	20.41	19.13	19.90	4819908	97099240.00
2017/09/20	19.65	20.97	19.65	20.79	6422808	132072320.00
2017/09/21	20.66	20.76	20.10	20.10	4202162	86600408.00
2017/09/22	20.18	21.74	19.99	21.43	8707270	185807680.00
2017/09/25	21.77	23.60	21.73	23.60	8419078	196882432.00
2017/09/26	24.86	25.65	22.78	22.81	18972811	461891840.00
2017/09/27	23.19	24.00	20.91	23.52	13409761	310162496.00
2017/09/28	22.98	23.44	21.96	22.07	11785886	269869376.00
2017/09/29	22.16	24.30	21.99	24.30	11054996	260093712.00
2017/10/09	25.78	26.75	25.42	26.75	6458809	170589488.00
2017/10/10	27.28	28.55	26.25	27.61	25887333	717982976.00
2017/10/11	26.54	26.73	25.10	25.42	16427417	429545184.00
2017/10/12	25.16	27.85	25.03	26.93	18468608	499680928.00
2017/10/13	26.48	26.58	25.21	25.90	12178740	316496320.00
2017/10/16	25.32	25.64	23.38	23.47	11344906	278417280.00
2017/10/17	23.44	24.37	23.44	23.66	6802676	164189088.00
2017/10/18	24.03	24.87	23.20	23.85	8239087	200944752.00
2017/10/19	24.08	24.56	23.41	24.56	8000511	194345040.00
2017/10/20	24.29	24.46	23.66	24.27	5745614	139683584.00
2017/10/23	23.99	24.78	23.64	24.73	7138016	174892208.00
2017/10/24	24.48	24.48	22.98	23.26	7736011	184530608.00
2017/10/25	23.03	23.61	23.00	23.37	4124261	96804936.00
2017/10/26	23.38	24.02	23.25	23.52	5087049	121575328.00
2017/10/27	23.18	23.50	22.07	22.13	6698882	152970640.00
2017/10/30	22.14	22.47	21.14	21.39	5227849	114134928.00
2017/10/31	21.57	21.93	21.52	21.80	4179079	91672920.00
2017/11/01	21.81	23.35	21.59	22.83	7612931	174008656.00
2017/11/02	22.38	23.34	22.33	23.05	6552890	151173008.00
2017/11/03	22.88	23.27	22.44	22.94	4299787	98995840.00
2017/11/06	23.04	23.63	22.65	23.63	6208250	146283040.00
2017/11/07	23.28	23.44	22.50	22.74	5784041	133083392.00
2017/11/08	22.69	23.15	22.33	22.40	4656656	107361088.00
2017/11/09	22.09	22.47	21.72	22.42	4220736	94114944.00
2017/11/10	22.20	24.68	22.13	24.68	8703271	208803488.00
2017/11/13	25.78	26.08	25.03	25.65	17760874	458220864.00
2017/11/14	25.57	26.65	24.97	25.17	14551439	380150240.00
2017/11/15	24.91	26.57	24.91	26.28	15343514	402425792.00
2017/11/16	25.58	25.78	24.29	24.56	11366715	286192896.00
2017/11/17	23.79	23.98	22.08	22.09	10410403	240722400.00
2017/11/20	21.69	22.26	20.33	21.99	6120428	132352544.00
2017/11/21	22.00	24.21	21.99	23.71	12426632	295794112.00
2017/11/22	23.08	24.27	22.58	23.71	10004815	236118112.00
2017/11/23	23.86	24.61	22.58	22.68	8351877	200003744.00
2017/11/24	22.41	24.34	22.41	23.66	11136977	266301104.00
2017/11/27	23.59	23.76	21.27	21.27	9602911	214336672.00
2017/11/28	20.69	22.02	20.69	21.88	5827522	126440808.00
2017/11/29	21.67	22.08	20.79	21.14	5401788	115920104.00
2017/11/30	21.19	21.36	19.98	20.06	5199880	108981576.00
2017/12/01	19.79	20.99	19.71	20.32	5522358	114168656.00
2017/12/04	19.79	19.79	18.39	18.48	7412153	143583312.00
2017/12/05	18.37	19.15	17.39	17.62	5111084	93879040.00
2017/12/06	17.38	18.49	17.38	18.38	4797560	87029520.00
2017/12/07	18.36	19.23	18.14	19.08	6450758	122524368.00
2017/12/08	18.80	20.08	18.72	19.29	6978159	137066480.00
2017/12/11	19.13	19.49	19.10	19.24	4068110	79186752.00
2017/12/12	18.88	18.88	18.06	18.19	5509454	102427648.00
2017/12/13	18.10	20.03	18.10	20.03	9105980	180660064.00
2017/12/14	20.33	21.44	20.09	20.97	15712783	329168192.00
2017/12/15	20.77	21.24	20.45	21.03	11029390	232345360.00
2017/12/18	20.87	20.98	20.14	20.55	6659248	138131904.00
2017/12/19	20.73	21.59	20.39	21.57	10276068	217704928.00
2017/12/20	21.16	21.24	20.39	20.67	6831226	144002304.00
2017/12/21	20.64	21.56	20.44	21.06	8915762	190400368.00
2017/12/22	20.83	20.96	20.35	20.68	5972998	124543184.00
2017/12/25	20.48	20.62	19.31	19.53	5622653	111929440.00
2017/12/26	19.63	20.14	19.58	19.95	4577653	92168360.00
2017/12/27	19.82	20.14	19.53	19.60	4792602	96027184.00
2017/12/28	19.28	21.58	19.23	20.60	12823021	272521792.00
2017/12/29	20.73	21.28	20.43	20.87	10898277	230581216.00
2018/01/02	20.87	21.38	20.78	21.19	8094482	172635424.00
2018/01/03	21.27	21.96	20.86	21.29	10650882	230373552.00
2018/01/04	21.00	21.59	20.93	21.15	7643885	164292304.00
2018/01/05	21.04	21.48	20.67	20.75	5802326	123242432.00
2018/01/08	20.99	21.20	20.50	21.20	5680214	120000248.00
2018/01/09	20.98	21.73	20.79	21.45	7548035	162119536.00
2018/01/10	21.17	21.32	20.51	20.94	5723171	121251136.00
2018/01/11	20.70	21.57	20.53	21.23	7243598	155330608.00
2018/01/12	20.98	21.02	20.33	20.34	5820339	121340144.00
2018/01/15	20.15	20.15	18.78	18.90	5106494	99799256.00
2018/01/16	18.78	19.42	18.68	19.40	3238208	62836116.00
2018/01/17	19.63	20.18	19.29	19.65	4131818	82455992.00
2018/01/18	19.40	19.98	19.29	19.54	2949375	58542512.00
2018/01/19	19.49	19.91	19.30	19.34	2419040	47934788.00
2018/01/22	19.29	19.80	18.75	19.66	3332860	65261080.00
2018/01/23	19.65	19.86	19.27	19.39	2343046	46202892.00
2018/01/24	19.21	19.90	19.19	19.82	3927568	78122064.00
2018/01/25	19.81	20.16	19.48	19.48	3686680	73778304.00
2018/01/26	19.64	19.76	19.03	19.09	3706882	72483704.00
2018/01/29	19.11	19.34	18.86	18.94	2345700	45046864.00
2018/01/30	19.02	19.08	18.60	18.67	1788653	33960480.00
2018/01/31	18.70	18.75	17.46	17.49	3273653	59394484.00
2018/02/01	17.73	17.83	16.83	17.17	2416474	42740740.00
2018/02/02	17.18	17.51	16.80	17.25	1765811	30775034.00
2018/02/05	16.98	17.81	16.88	17.44	1767839	31293752.00
2018/02/06	16.58	17.43	15.97	16.17	2683806	45408248.00
2018/02/07	16.68	16.68	15.69	16.47	2141126	35331964.00
2018/02/08	16.28	17.46	16.28	17.09	2569371	44348808.00
2018/02/09	16.49	16.87	16.10	16.28	2254604	37709896.00
2018/02/12	16.62	16.90	16.29	16.69	1342052	22730098.00
2018/02/13	16.79	16.99	16.56	16.57	1597106	27143892.00
2018/02/14	16.29	16.67	16.29	16.60	754326	12632409.00
2018/02/22	16.82	17.14	16.68	16.97	1405112	24099200.00
2018/02/23	16.97	17.14	16.79	17.07	1540433	26489546.00
2018/02/26	17.26	18.33	17.11	17.86	3756192	67331496.00
2018/02/27	17.78	18.28	17.68	17.91	3801866	69306096.00
2018/02/28	17.73	17.96	17.41	17.74	2686460	48127372.00
2018/03/01	17.49	18.24	17.49	18.23	3404430	62027984.00
2018/03/02	18.04	18.50	17.73	17.79	3101400	56677916.00
2018/03/05	17.80	18.16	17.70	18.08	1872566	34016564.00
2018/03/06	18.15	18.75	18.01	18.53	4260300	79347448.00
2018/03/07	18.36	18.76	18.09	18.17	2491426	46073760.00
2018/03/08	18.08	18.34	18.06	18.32	2423940	44724556.00
2018/03/09	18.33	19.78	18.19	19.46	7421419	142802080.00
2018/03/12	19.25	19.72	19.11	19.39	6253249	122349688.00
2018/03/13	19.28	19.37	18.81	19.02	3232599	62348024.00
2018/03/14	18.81	19.15	18.73	18.78	2352320	45040452.00
2018/03/15	18.74	18.84	17.78	18.29	3335718	61568980.00
2018/03/16	18.13	18.30	18.00	18.04	2024645	37193960.00
2018/03/19	18.04	18.44	18.03	18.30	2044290	37865860.00
2018/03/20	18.02	18.24	17.78	18.20	1900380	34698468.00
2018/03/21	18.28	18.77	18.03	18.08	3029720	56720652.00
2018/03/22	18.00	18.46	17.84	18.24	2614809	48102156.00
2018/03/23	17.72	17.72	16.39	16.39	4694404	79966832.00
2018/03/26	15.93	16.74	15.59	16.57	2553040	41963752.00
2018/03/27	16.76	17.44	16.76	17.12	2964428	51370152.00
2018/03/28	16.71	17.95	16.60	17.12	3187920	55652620.00
2018/03/29	17.05	17.48	17.02	17.27	2307630	40338052.00
2018/03/30	17.38	18.24	17.36	18.08	4720321	85383472.00
2018/04/02	18.33	18.77	17.96	18.46	5908440	109684240.00
2018/04/03	18.00	18.34	17.91	18.23	3666520	67260288.00
2018/04/04	18.36	18.74	17.87	17.90	3799499	70439128.00
2018/04/09	17.77	18.63	17.64	18.45	4658096	86280664.00
2018/04/10	18.73	18.75	17.55	17.86	4624939	84246016.00
2018/04/11	17.98	19.13	17.89	18.65	6641720	124553528.00
2018/04/12	18.49	19.29	18.35	18.63	5635095	106678600.00
2018/04/13	18.63	19.03	18.28	18.35	3930840	74207560.00
2018/04/16	18.19	18.93	18.10	18.73	3658782	68656920.00
2018/04/17	20.63	20.63	20.08	20.63	20395172	425214944.00
2018/04/18	22.72	22.72	21.30	22.72	22029654	501973248.00
2018/04/19	25.01	25.01	22.44	22.48	40006026	983288064.00
2018/04/20	21.08	21.45	20.21	20.21	24290176	512307776.00
2018/04/23	19.93	20.82	19.44	19.78	16261887	331619936.00
2018/04/24	20.07	21.05	19.75	20.67	18437866	380196864.00
2018/04/25	20.16	22.76	20.02	21.62	29624364	645601472.00
2018/04/26	20.98	21.07	19.98	20.08	17684899	368256928.00
2018/04/27	20.39	20.86	20.04	20.21	10725635	221362880.00
2018/05/02	20.10	20.86	19.68	20.13	9943820	203641024.00
2018/05/03	19.98	20.62	19.08	20.51	11025193	221895376.00
2018/05/04	20.26	20.57	19.98	20.11	8357675	171265152.00
2018/05/07	20.17	20.75	19.94	20.65	9000980	186113952.00
2018/05/08	20.68	21.03	20.49	20.95	9524778	199626896.00
2018/05/09	20.96	20.98	20.21	20.50	8334045	173090832.00
2018/05/10	20.59	20.91	20.34	20.72	8259716	172416576.00
2018/05/11	20.86	20.86	19.88	19.90	7164593	146521824.00
2018/05/14	19.83	20.63	19.78	19.98	6172879	126204952.00
2018/05/15	19.88	19.90	19.11	19.70	7302344	143421744.00
2018/05/16	19.38	19.70	19.26	19.33	4613570	90660056.00
2018/05/17	19.63	19.96	19.43	19.61	4720521	94051568.00
2018/05/18	19.48	19.57	19.04	19.45	4301838	84064376.00
2018/05/21	19.66	20.28	19.49	20.14	7205304	145742960.00
2018/05/22	20.26	21.48	20.13	20.58	15248400	320651904.00
2018/05/23	20.18	20.36	19.90	20.11	9706380	197485120.00
2018/05/24	19.99	20.27	19.91	19.92	5628360	114224920.00
2018/05/25	19.75	19.78	19.33	19.48	5205930	102989096.00
2018/05/28	19.41	21.18	19.41	20.41	11648798	239456784.00
2018/05/29	20.29	21.08	20.14	20.22	11140640	231817520.00
2018/05/30	19.50	19.50	18.18	18.18	10055716	188335232.00
2018/05/31	18.37	18.49	18.09	18.26	5452326	100809680.00
2018/06/01	17.98	18.07	17.27	17.58	5493614	98458768.00
2018/06/04	17.70	17.98	17.58	17.68	2558987	46071064.00
2018/06/05	17.76	18.32	17.76	18.24	3739434	68471848.00
2018/06/06	18.53	18.53	18.18	18.31	3960366	73470392.00
2018/06/07	18.33	18.53	17.59	17.75	4515718	82543976.00
2018/06/08	18.13	18.93	17.99	18.33	8507611	159289344.00
2018/06/11	17.78	18.00	17.55	17.81	4993755	89733464.00
2018/06/12	17.88	18.08	17.35	18.01	4198679	75526760.00
2018/06/13	17.78	18.57	17.67	17.81	4727089	86768400.00
2018/06/14	17.62	18.33	17.61	18.16	3859980	70395344.00
2018/06/15	18.28	18.63	17.46	17.78	4992520	90701784.00
2018/06/19	17.53	17.54	15.98	15.98	4271538	71900488.00
2018/06/20	15.49	16.34	15.49	16.10	3725674	60458768.00
2018/06/21	15.96	16.16	14.60	14.72	4823558	74929296.00
2018/06/22	14.72	15.28	14.48	15.17	3194058	48954092.00
2018/06/25	15.27	15.54	15.03	15.19	3016944	46738412.00
2018/06/26	14.79	15.83	14.59	15.67	3596721	56192808.00
2018/06/27	15.53	15.83	15.43	15.51	2859240	45230776.00
2018/06/28	15.73	15.87	15.42	15.42	3083254	49004004.00
2018/06/29	15.54	16.11	15.28	16.01	4203347	67272640.00
2018/07/02	15.89	16.15	15.04	15.33	4254699	67601352.00
2018/07/03	15.46	16.89	15.30	16.89	7225315	121288120.00
2018/07/04	17.78	18.52	17.16	17.19	17202709	310604768.00
2018/07/05	16.58	16.97	16.01	16.09	10087431	168038432.00
2018/07/06	16.13	16.88	15.95	16.35	8045141	133918800.00
2018/07/09	16.35	16.87	16.34	16.79	6216938	104902600.00
2018/07/10	16.74	17.02	16.49	16.99	6039158	102411952.00
2018/07/11	16.59	16.60	15.43	15.99	6443906	104812272.00
2018/07/12	17.61	17.61	17.39	17.61	6632692	118251360.00
2018/07/13	17.67	18.16	17.45	17.75	15416372	277457312.00
2018/07/16	17.78	18.98	17.78	17.98	14163389	263047360.00
2018/07/17	17.88	18.26	17.49	17.99	8842822	159357488.00
2018/07/18	17.81	17.95	17.09	17.13	8321526	146804944.00
2018/07/19	17.04	17.57	16.79	17.00	6112210	106478360.00
2018/07/20	17.00	17.73	16.82	17.47	7054118	124126064.00
2018/07/23	17.23	17.85	17.01	17.65	6274812	111269248.00
2018/07/24	17.58	17.87	17.43	17.71	5487835	98082488.00
2018/07/25	17.81	17.96	17.51	17.58	4979360	89248144.00
2018/07/26	17.53	17.54	17.08	17.21	4234300	73938824.00
2018/07/27	17.18	17.35	17.10	17.16	3098785	53322976.00
2018/07/30	16.96	17.16	16.41	16.46	3815013	63785868.00
2018/07/31	16.40	16.90	16.36	16.61	3375951	56292768.00
2018/08/01	16.73	16.92	16.30	16.36	3110932	51801268.00
2018/08/02	16.27	16.40	15.23	15.89	4396210	69151040.00
2018/08/03	15.86	15.96	15.50	15.50	2318100	36392940.00
2018/08/06	15.47	15.69	15.11	15.21	1909466	29395688.00
2018/08/07	15.39	15.87	15.31	15.87	3223223	50464980.00
2018/08/08	15.90	16.05	15.51	15.69	2841887	44919184.00
2018/08/09	15.51	16.75	15.49	16.42	5734410	93847232.00
2018/08/10	16.40	16.82	16.18	16.70	5183320	85442632.00
2018/08/13	16.32	17.39	16.22	17.14	6810315	115579632.00
2018/08/14	16.95	17.10	16.68	16.90	4346133	73220600.00
2018/08/15	16.75	17.00	16.31	16.55	3743946	62422664.00
2018/08/16	16.30	17.52	16.02	16.95	8954934	152574816.00
2018/08/17	17.11	17.28	16.42	16.45	5191938	87254448.00
2018/08/20	16.58	18.10	16.30	18.10	9200868	158778576.00
2018/08/21	18.51	18.89	17.82	18.18	19995791	366709184.00
2018/08/22	17.77	18.50	17.69	17.90	11415749	206356912.00
2018/08/23	17.73	18.83	17.68	18.44	13122108	240039504.00
2018/08/24	18.10	18.40	17.67	17.80	8552286	153898128.00
2018/08/27	17.75	18.97	17.65	18.40	11840850	217549216.00
2018/08/28	18.30	18.85	18.09	18.31	9034708	166696112.00
2018/08/29	18.16	18.19	17.85	18.13	6029518	108649792.00
2018/08/30	18.19	18.35	17.32	17.48	6876280	121396392.00
2018/08/31	17.38	17.80	17.26	17.28	5371373	94106608.00
2018/09/03	17.18	17.18	16.17	16.96	6788326	112616232.00
2018/09/04	16.89	17.67	16.71	17.56	7208867	123883064.00
2018/09/05	17.32	17.95	17.11	17.15	7761026	135664192.00
2018/09/06	16.93	17.58	16.88	17.28	5276220	91154512.00
2018/09/07	17.44	17.64	16.50	16.64	6471840	110120584.00
2018/09/10	16.33	16.59	15.86	15.90	4598860	74418320.00
2018/09/11	15.95	16.68	15.87	16.44	4864964	79429400.00
2018/09/12	16.35	16.75	16.32	16.50	3333940	55046916.00
2018/09/13	16.79	17.18	16.51	17.06	5554357	93609120.00
2018/09/14	17.03	17.04	16.48	16.51	4232306	70745376.00
2018/09/17	16.36	16.64	16.12	16.49	3221920	52910388.00
2018/09/18	16.42	17.02	16.11	17.02	4978166	82752616.00
2018/09/19	16.92	17.50	16.72	17.18	6807330	116629080.00
2018/09/20	17.06	17.36	16.90	16.94	3890233	66458192.00
2018/09/21	17.02	17.55	16.90	17.42	5091624	87831424.00
2018/09/25	17.20	17.48	17.16	17.42	2989440	51841944.00
2018/09/26	17.49	17.55	17.00	17.18	4792480	82579816.00
2018/09/27	17.20	17.25	16.54	16.61	3986000	67304864.00
2018/09/28	16.68	16.84	16.38	16.80	2887419	48072324.00
2018/10/08	16.10	16.37	15.90	15.95	3303940	53326004.00
2018/10/09	16.11	16.20	15.61	15.80	2479500	39458972.00
2018/10/10	15.82	16.25	15.80	16.10	2410149	38673888.00
2018/10/11	15.45	15.56	14.49	14.50	4787802	71721568.00
2018/10/12	14.70	15.07	14.20	14.99	3607778	53133264.00
2018/10/15	15.18	15.75	15.02	15.06	3487882	53627560.00
2018/10/16	15.10	15.46	14.91	15.07	2879546	43503524.00
2018/10/17	15.45	15.55	14.70	15.43	3984968	60612120.00
2018/10/18	15.26	15.35	14.78	14.86	2583000	38975472.00
2018/10/19	14.59	15.51	14.48	15.39	3670751	55684840.00
2018/10/22	15.65	16.30	15.45	16.02	5234764	83229464.00
2018/10/23	15.90	16.02	15.50	15.58	3732891	58696788.00
2018/10/24	15.52	15.75	15.35	15.47	2439778	37892380.00
2018/10/25	14.80	15.47	14.70	15.31	2686262	40340656.00
2018/10/26	15.40	16.10	15.25	15.63	3823882	59949400.00
2018/10/29	15.51	16.09	15.46	15.81	3671464	58221804.00
2018/10/30	15.86	15.89	15.14	15.72	3352340	52278764.00
2018/10/31	15.63	16.18	15.62	15.89	3711415	59104288.00
2018/11/01	16.06	16.36	15.88	15.91	5405121	87249080.00
2018/11/02	16.32	16.45	15.96	16.27	5778713	93580312.00
2018/11/05	16.15	16.39	15.90	16.13	4376682	70659360.00
2018/11/06	15.93	16.03	15.65	15.95	3289886	51990676.00
2018/11/07	15.96	16.46	15.85	16.15	5223980	84660096.00
2018/11/08	16.23	16.32	15.93	15.97	3563780	57532840.00
2018/11/09	15.86	17.00	15.71	16.37	8189714	134923520.00
2018/11/12	16.32	16.87	16.25	16.72	6345432	105473688.00
2018/11/13	16.42	16.76	16.36	16.65	5840027	96782304.00
2018/11/14	16.61	16.85	16.51	16.55	4489520	74739696.00
2018/11/15	16.70	17.10	16.52	17.10	7059201	118977840.00
2018/11/16	17.07	17.28	16.87	17.14	6194738	105518520.00
2018/11/19	17.05	17.96	16.98	17.65	9652771	168999776.00
2018/11/20	17.42	18.10	17.25	17.27	6415760	113163080.00
2018/11/21	17.02	17.81	17.01	17.80	6020200	105527640.00
2018/11/22	17.88	17.94	17.55	17.79	3244940	57548888.00
2018/11/23	17.81	18.09	16.71	16.81	4812920	83071584.00
2018/11/26	16.86	17.39	16.77	17.27	3706750	63411188.00
2018/11/27	17.25	18.23	17.20	17.80	7552098	134902464.00
2018/11/28	18.00	18.48	17.71	18.26	8848576	160666864.00
2018/11/29	18.35	18.58	17.41	17.41	6533371	116866080.00
2018/11/30	17.49	18.06	17.23	18.05	5304498	93889792.00
2018/12/03	18.58	18.91	18.20	18.42	9965056	185254272.00
2018/12/04	18.31	18.47	18.11	18.35	3549375	64995684.00
2018/12/05	17.85	18.35	17.82	17.96	3359944	60581816.00
2018/12/06	17.50	17.50	16.65	16.82	8943344	152524272.00
2018/12/07	16.87	17.41	16.84	17.17	4864194	83539856.00
2018/12/10	17.01	17.94	17.01	17.81	7752165	136357536.00
2018/12/11	17.65	18.13	17.65	18.04	5075230	90942232.00
2018/12/12	18.16	18.26	17.58	17.72	3424400	60865068.00
2018/12/13	17.80	18.14	17.64	17.96	4151023	74451408.00
2018/12/14	17.87	17.89	17.08	17.23	3552379	62158088.00
2018/12/17	17.14	17.38	17.00	17.26	2383137	41006716.00
2018/12/18	17.10	17.45	17.01	17.20	2294006	39597908.00
2018/12/19	17.29	17.80	17.13	17.25	3718537	65102808.00
2018/12/20	16.99	17.78	16.92	17.69	4620883	80712672.00
2018/12/21	17.63	17.82	17.13	17.33	5037334	87970848.00
2018/12/24	17.33	18.38	17.32	18.12	8363926	150551120.00
2018/12/25	17.86	19.80	17.71	19.10	15599632	290875808.00
2018/12/26	18.84	19.04	18.48	18.59	9726334	181923712.00
2018/12/27	18.79	19.08	18.38	18.46	7956265	148872944.00
2018/12/28	18.40	18.65	18.12	18.36	5018800	92280456.00
2019/01/02	18.50	19.13	18.36	18.80	7587234	142587616.00
2019/01/03	18.60	18.62	17.55	17.56	8310081	149827840.00
数据来源:通达信
