300288 朗玛信息 日线 前复权
      日期	    开盘	    最高	    最低	    收盘	    成交量	    成交额
2012/02/16	6.19	6.90	6.19	6.67	10191696	408126400.00
2012/02/17	6.62	6.91	6.26	6.39	4945690	199658240.00
2012/02/20	6.44	7.04	6.42	7.04	4597210	194649408.00
2012/02/21	7.07	7.64	6.93	7.36	3844492	169767888.00
2012/02/22	7.22	7.57	7.20	7.52	2493629	112703008.00
2012/02/23	7.44	7.65	7.09	7.30	2702815	121630400.00
2012/02/24	7.25	7.37	7.15	7.30	1883510	83726040.00
2012/02/27	7.35	7.67	7.11	7.12	3282034	148350800.00
2012/02/28	6.94	6.99	6.57	6.74	3191929	132448952.00
2012/02/29	6.67	6.79	6.44	6.54	1713386	69226792.00
2012/03/01	6.52	6.82	6.52	6.69	1843637	75891480.00
2012/03/02	6.71	6.83	6.64	6.77	1619256	67130160.00
2012/03/05	6.77	6.96	6.65	6.88	2302259	95876472.00
2012/03/06	6.81	6.83	6.56	6.63	1574613	64649156.00
2012/03/07	6.53	7.20	6.47	7.02	2689487	114299648.00
2012/03/08	6.93	7.17	6.93	7.05	1895389	81845448.00
2012/03/09	7.05	7.77	7.05	7.77	2557534	118223584.00
2012/03/12	8.06	8.51	7.93	8.37	2693552	134727008.00
2012/03/13	8.38	8.74	8.28	8.45	2378073	123174328.00
2012/03/14	8.46	9.26	8.12	8.25	3214061	169798688.00
2012/03/15	8.34	9.09	8.34	8.59	3123003	166383840.00
2012/03/16	8.34	8.67	8.12	8.34	2320739	118296328.00
2012/03/19	8.37	8.46	7.97	8.22	1549022	77505792.00
2012/03/20	8.15	8.71	8.12	8.39	2010230	103883752.00
2012/03/21	8.44	8.44	7.54	7.54	1820581	86902584.00
2012/03/22	7.22	7.42	7.08	7.25	1918399	84983880.00
2012/03/23	7.18	7.34	6.97	7.24	1276834	56101828.00
2012/03/26	7.18	7.45	7.09	7.37	1102470	49433704.00
2012/03/27	7.37	7.50	7.24	7.33	1106689	50063892.00
2012/03/28	7.27	7.27	6.63	6.68	1546744	64837068.00
2012/03/29	6.44	6.64	6.21	6.47	1320856	52000064.00
2012/03/30	6.45	6.46	5.92	6.01	1289581	49086976.00
2012/04/06	6.23	6.62	6.22	6.62	1727677	68458760.00
2012/04/09	6.75	6.92	6.52	6.56	1393976	57954820.00
2012/04/10	6.46	7.23	6.34	7.23	1944721	82021120.00
2012/04/11	7.28	7.67	7.28	7.49	1849740	84605688.00
2012/04/12	7.53	7.64	7.34	7.54	1307079	60102396.00
2012/04/13	7.44	7.57	7.27	7.29	1269841	57298156.00
2012/04/16	7.21	7.49	6.94	7.26	1135829	50729500.00
2012/04/17	7.25	7.92	7.18	7.57	1845005	85736056.00
2012/04/18	7.27	7.80	7.27	7.53	1501796	68581728.00
2012/04/19	7.56	8.17	7.54	7.97	1755030	85227208.00
2012/04/20	7.95	8.09	7.76	7.97	1096087	53168820.00
2012/04/23	7.84	7.92	7.16	7.16	1771775	80122544.00
2012/04/24	7.03	7.29	6.84	7.24	1100180	47919532.00
2012/04/25	7.17	7.26	6.89	7.03	834651	36295416.00
2012/04/26	7.05	7.24	6.93	6.97	647348	28033322.00
2012/04/27	6.90	7.40	6.87	7.20	923331	40973244.00
2012/05/02	7.25	7.46	6.94	7.29	1077086	47716328.00
2012/05/03	7.13	8.04	7.13	7.92	2704578	130532192.00
2012/05/04	7.76	8.07	7.74	8.04	1504701	73005296.00
2012/05/07	8.10	8.44	7.81	8.09	2148910	106446512.00
2012/05/08	7.95	8.06	7.76	7.77	1254415	60352624.00
2012/05/09	7.65	7.92	7.59	7.77	1003236	48035636.00
2012/05/10	7.67	7.87	7.39	7.58	1169140	54346828.00
2012/05/11	7.53	7.73	7.46	7.48	604568	28118158.00
2012/05/14	7.55	7.94	7.43	7.77	1310118	62252700.00
2012/05/15	7.67	7.98	7.63	7.83	1213893	58379104.00
2012/05/16	7.97	8.26	7.43	7.44	2533427	121281632.00
2012/05/17	7.19	7.56	7.18	7.46	1329473	59758196.00
2012/05/18	7.37	7.49	7.07	7.22	1142776	50957636.00
2012/05/21	7.17	7.35	7.14	7.22	844714	37597140.00
2012/05/22	7.22	7.46	7.22	7.32	753401	33877068.00
2012/05/23	7.32	7.38	6.84	6.98	1145482	49701848.00
2012/05/24	6.84	7.05	6.84	6.99	549212	23510162.00
2012/05/25	6.95	7.03	6.76	6.81	609185	25591116.00
2012/05/28	6.77	6.94	6.76	6.93	623805	26346026.00
2012/05/29	6.92	7.07	6.89	7.00	766560	32859838.00
2012/05/30	6.96	7.09	6.94	6.97	590592	25425120.00
2012/05/31	6.93	7.32	6.76	7.20	1476641	64024980.00
2012/06/01	7.14	7.21	7.02	7.06	701997	30644356.00
2012/06/04	6.89	7.00	6.79	6.80	632428	26721850.00
2012/06/05	6.79	6.91	6.63	6.65	764051	31773566.00
2012/06/06	6.65	6.75	6.56	6.60	439617	17950656.00
2012/06/07	6.64	6.83	6.60	6.64	810420	33369940.00
2012/06/08	6.67	6.80	6.38	6.67	887067	36395604.00
2012/06/11	6.66	6.77	6.56	6.75	716816	29516410.00
2012/06/12	6.76	6.97	6.68	6.86	785943	33074828.00
2012/06/13	6.86	6.92	6.71	6.89	790572	33074288.00
2012/06/14	6.87	7.05	6.80	6.94	1052713	44924812.00
2012/06/15	6.94	6.99	6.51	6.67	1351222	55909016.00
2012/06/18	6.71	7.17	6.71	7.04	1439343	61852860.00
2012/06/19	7.04	7.17	6.90	7.07	774375	33212636.00
2012/06/20	7.10	7.36	7.04	7.09	1062458	46479276.00
2012/06/21	7.04	7.11	6.79	6.84	840872	35208328.00
2012/06/25	6.81	6.87	6.54	6.55	722762	29368012.00
2012/06/26	6.47	6.52	6.31	6.48	667960	26100926.00
2012/06/27	6.41	6.72	6.41	6.65	892078	35906352.00
2012/06/28	6.61	6.64	6.46	6.47	465964	18612340.00
2012/06/29	6.44	6.55	6.25	6.54	588598	22982540.00
2012/07/02	6.58	6.69	6.50	6.59	578115	23243154.00
2012/07/03	6.59	6.84	6.54	6.84	871372	35792376.00
2012/07/04	6.83	6.93	6.69	6.75	536820	22184774.00
2012/07/05	6.70	6.70	6.40	6.48	668469	26503498.00
2012/07/06	6.54	6.62	6.33	6.57	809758	31755560.00
2012/07/09	7.24	7.24	7.22	7.24	3655699	161178864.00
2012/07/10	7.14	7.32	7.00	7.25	3209962	140715248.00
2012/07/11	7.22	7.59	7.13	7.24	2449558	109893208.00
2012/07/12	7.28	7.65	7.24	7.52	2538139	115535720.00
2012/07/13	7.46	7.82	7.44	7.56	1875538	87401976.00
2012/07/16	7.49	7.58	7.26	7.36	1321548	59404800.00
2012/07/17	7.28	7.62	7.28	7.62	1168675	53243308.00
2012/07/18	7.62	8.06	7.56	8.01	2293041	109390736.00
2012/07/19	7.94	8.06	7.81	8.02	1440583	69733496.00
2012/07/20	7.99	8.02	7.66	7.69	1157219	54916128.00
2012/07/23	7.61	7.85	7.57	7.72	789309	37098988.00
2012/07/24	7.67	8.06	7.59	8.03	1172180	55454700.00
2012/07/25	7.99	8.34	7.97	8.19	1432057	71249152.00
2012/07/26	8.22	8.49	7.89	7.92	1328516	66305928.00
2012/07/27	7.91	8.72	7.91	8.72	1638830	83375280.00
2012/07/30	8.85	9.44	8.68	8.94	2744951	150263744.00
2012/07/31	8.88	9.15	8.49	8.83	1458318	78019264.00
2012/08/01	8.75	9.22	8.66	8.88	1283683	69858928.00
2012/08/02	8.72	9.64	8.56	9.32	1533285	85088176.00
2012/08/03	9.21	9.59	9.16	9.34	1345408	76284800.00
2012/08/06	9.19	9.81	9.01	9.56	1400774	80627312.00
2012/08/07	9.46	9.75	9.31	9.44	1160331	66754196.00
2012/08/08	9.44	9.44	9.07	9.37	1081527	60856040.00
2012/08/09	9.37	9.47	9.18	9.41	949207	53591892.00
2012/08/10	9.39	9.75	9.17	9.46	1245296	71389864.00
2012/08/13	9.40	9.97	9.40	9.55	1452643	85672264.00
2012/08/14	9.58	9.81	8.98	9.40	1380487	78008648.00
2012/08/15	9.47	10.17	9.29	10.04	1638200	98074360.00
2012/08/16	9.97	10.11	9.70	9.76	815582	48818120.00
2012/08/17	9.81	10.75	9.80	10.75	1494198	95267096.00
2012/08/20	11.06	11.52	10.76	11.33	1751428	118514560.00
2012/08/21	11.11	12.48	11.10	12.48	1253717	89680656.00
2012/08/22	12.72	13.17	12.23	12.72	2092151	160404160.00
2012/08/23	12.50	12.71	11.89	12.21	2025062	150732496.00
2012/08/24	11.94	12.87	11.70	11.98	2137268	158742672.00
2012/08/27	11.89	12.71	11.77	12.18	1344756	99958952.00
2012/08/28	12.37	13.41	12.25	13.41	2160117	170816720.00
2012/08/29	13.21	13.39	12.06	12.06	1855403	143743024.00
2012/08/30	11.23	11.68	10.84	11.06	2640505	178386640.00
2012/08/31	10.93	11.26	10.67	11.00	1573908	104709424.00
2012/09/03	10.81	11.35	10.63	11.15	1558480	103585320.00
2012/09/04	11.06	12.06	10.94	11.73	1799192	126549968.00
2012/09/05	11.65	11.89	11.32	11.39	923804	64792768.00
2012/09/06	11.37	11.56	10.90	11.36	1213425	82257600.00
2012/09/07	11.39	11.72	11.23	11.49	1048889	72825032.00
2012/09/10	11.31	12.05	11.06	11.97	1326651	93024904.00
2012/09/11	11.81	12.28	11.46	11.52	1193140	85661632.00
2012/09/12	11.47	11.81	11.33	11.55	821195	57458060.00
2012/09/13	11.56	11.69	10.54	10.54	1506054	100778464.00
2012/09/14	10.54	10.72	10.27	10.47	975680	62048360.00
2012/09/17	10.41	10.63	10.31	10.34	876499	55650656.00
2012/09/18	10.24	10.67	10.24	10.51	652197	41720504.00
2012/09/19	10.61	10.62	10.36	10.43	523186	33225556.00
2012/09/20	10.39	10.39	9.92	10.09	835500	51090348.00
2012/09/21	10.09	10.30	9.95	10.08	472114	29069124.00
2012/09/24	10.09	10.67	9.95	10.49	719061	45721624.00
2012/09/25	10.44	10.54	9.81	9.92	752699	46185996.00
2012/09/26	9.92	10.19	9.31	9.48	776360	45662948.00
2012/09/27	9.41	9.89	9.41	9.72	749577	44000772.00
2012/09/28	9.71	10.14	9.60	9.97	638248	38593700.00
2012/10/08	10.02	10.32	9.93	10.07	585883	36009600.00
2012/10/09	10.07	10.39	9.99	10.35	739550	45941228.00
2012/10/10	10.27	10.50	10.18	10.38	481014	30268706.00
2012/10/11	10.55	10.56	10.04	10.06	706881	44302728.00
2012/10/12	10.06	10.47	10.06	10.19	422605	26218730.00
2012/10/15	10.17	10.26	9.17	9.58	868535	50633024.00
2012/10/16	9.58	9.87	9.48	9.69	499784	29373572.00
2012/10/17	9.64	9.86	9.64	9.81	336491	19938100.00
2012/10/18	9.81	10.10	9.81	9.99	352814	21424326.00
2012/10/19	9.99	10.10	9.76	10.03	371403	22418272.00
2012/10/22	10.02	10.55	9.96	10.46	604959	37932008.00
2012/10/23	10.46	10.63	10.20	10.28	386690	24376674.00
2012/10/24	10.27	11.19	10.27	11.15	1400745	91781424.00
2012/10/25	11.11	11.38	10.89	11.18	872824	59046664.00
2012/10/26	11.17	12.05	11.11	11.54	1402321	98980000.00
2012/10/29	11.56	12.05	11.29	11.51	879546	62271244.00
2012/10/30	11.51	11.94	11.34	11.75	596623	42407340.00
2012/10/31	11.74	11.84	10.99	11.17	1049378	71767160.00
2012/11/01	11.10	11.37	11.10	11.30	640876	43705376.00
2012/11/02	11.29	11.36	10.94	11.24	515286	34804996.00
2012/11/05	11.31	12.32	11.25	12.01	965486	69403376.00
2012/11/06	11.87	12.36	11.56	12.31	795381	57458436.00
2012/11/07	12.23	12.59	11.89	12.09	928392	68886664.00
2012/11/08	12.02	12.10	11.64	11.64	503497	36017120.00
2012/11/09	11.54	11.79	11.32	11.56	582124	40759848.00
2012/11/12	11.57	11.70	11.23	11.51	495756	34406560.00
2012/11/13	11.50	11.83	11.19	11.38	659316	45739600.00
2012/11/14	11.22	11.38	11.06	11.26	361493	24557616.00
2012/11/15	11.14	11.45	10.89	10.89	555703	37614720.00
2012/11/16	10.74	10.89	9.94	10.24	890971	56129872.00
2012/11/19	10.06	10.24	9.72	10.11	629202	37994764.00
2012/11/20	10.14	10.31	9.65	9.91	588223	35558640.00
2012/11/21	9.87	10.22	9.72	10.21	486413	29558550.00
2012/11/22	10.16	10.16	9.78	9.88	417239	25029032.00
2012/11/23	9.77	9.97	9.50	9.68	388863	23101936.00
2012/11/26	9.61	9.82	9.34	9.50	434358	25216888.00
2012/11/27	9.39	9.50	8.76	8.81	726942	39711316.00
2012/11/28	8.71	8.94	8.52	8.78	464917	24738342.00
2012/11/29	8.89	9.02	8.57	8.59	510995	27589228.00
2012/11/30	8.56	8.78	8.45	8.64	414061	21630312.00
2012/12/03	8.62	9.21	8.59	8.89	891514	48768360.00
2012/12/04	8.84	8.86	8.39	8.78	663011	34732136.00
2012/12/05	8.72	9.36	8.42	9.22	952907	52579572.00
2012/12/06	9.16	9.35	9.04	9.10	469187	26161382.00
2012/12/07	9.11	9.35	8.99	9.30	603600	33835520.00
2012/12/10	9.39	9.47	9.12	9.44	662108	37292108.00
2012/12/11	9.34	9.80	9.29	9.58	645829	37556920.00
2012/12/12	9.58	9.70	9.24	9.56	456820	26281680.00
2012/12/13	9.56	9.65	9.26	9.28	414717	23788774.00
2012/12/14	9.22	9.63	9.21	9.57	550126	31680846.00
2012/12/17	9.60	9.65	9.16	9.37	617445	34905880.00
2012/12/18	9.27	9.37	9.12	9.23	417003	23391980.00
2012/12/19	9.20	10.16	9.09	10.16	1127343	67273816.00
2012/12/20	10.31	10.76	10.02	10.64	1360819	85885424.00
2012/12/21	10.48	11.12	10.43	10.95	1003030	65760476.00
2012/12/24	10.80	10.95	10.66	10.87	750072	49000924.00
2012/12/25	10.82	11.21	10.69	10.94	940985	62495924.00
2012/12/26	10.96	11.47	10.96	11.16	848355	57903488.00
2012/12/27	11.02	11.32	10.56	10.56	970217	63558708.00
2012/12/28	10.46	10.97	10.46	10.77	786127	51146616.00
2012/12/31	10.65	11.11	10.56	10.84	600832	39769764.00
2013/01/04	10.75	10.97	10.18	10.59	1173464	75148024.00
2013/01/07	10.39	10.79	10.34	10.74	710962	45858516.00
2013/01/08	10.70	11.82	10.66	11.82	1447920	100368920.00
2013/01/09	12.21	12.86	12.09	12.49	2331458	175589104.00
2013/01/10	12.52	13.15	12.52	12.59	1611245	125218136.00
2013/01/11	12.69	13.86	12.50	13.86	2741257	223681232.00
2013/01/14	13.87	14.02	13.14	13.87	2108124	175076192.00
2013/01/15	13.72	14.99	13.32	14.27	2173973	183829872.00
2013/01/16	14.06	14.12	13.36	13.71	1597847	131844792.00
2013/01/17	13.58	13.94	13.36	13.46	961919	79249952.00
2013/01/18	13.63	13.92	13.22	13.61	734750	60534148.00
2013/01/21	13.72	14.19	13.64	13.72	920917	77254984.00
2013/01/22	13.67	13.92	12.34	12.82	1127397	89171296.00
2013/01/23	12.67	13.22	12.41	13.05	818520	62983932.00
2013/01/24	12.92	13.09	12.16	12.36	959958	72801592.00
2013/01/25	12.36	12.64	12.20	12.22	517798	38705884.00
2013/01/28	12.31	13.11	12.31	12.94	1162052	90380144.00
2013/01/29	12.92	13.04	12.73	12.87	865268	67393368.00
2013/01/30	12.75	12.91	12.41	12.78	616701	47034984.00
2013/01/31	12.80	12.85	12.06	12.19	965639	71657328.00
2013/02/01	12.15	12.47	12.02	12.27	655845	48554448.00
2013/02/04	12.36	13.51	12.11	13.51	1549260	122865240.00
2013/02/05	13.51	13.81	13.02	13.39	1323819	107844024.00
2013/02/06	13.52	14.54	13.52	13.84	1133558	96244944.00
2013/02/07	13.61	14.41	13.59	14.22	890500	76190128.00
2013/02/08	14.37	14.67	13.97	14.27	750963	64779916.00
2013/02/18	14.22	14.37	13.40	13.71	754815	62545340.00
2013/02/19	13.67	13.71	13.24	13.48	535199	43473548.00
2013/02/20	13.48	13.81	13.41	13.63	507509	41887656.00
2013/02/21	13.49	13.49	12.92	12.99	792833	63074240.00
2013/02/22	12.99	13.31	12.87	13.03	497254	39453904.00
2013/02/25	12.89	13.24	12.65	13.02	421899	33012652.00
2013/02/26	12.73	13.84	12.73	13.30	808790	65824440.00
2013/02/27	13.30	13.47	12.72	13.22	617347	48813272.00
2013/02/28	13.22	13.42	12.99	13.26	531161	42379124.00
2013/03/01	13.26	13.69	13.14	13.57	736978	60194796.00
2013/03/04	13.47	13.76	13.14	13.39	748401	61012716.00
2013/03/05	13.23	13.58	13.16	13.56	481676	39081940.00
2013/03/06	13.89	14.72	13.87	14.25	1067394	92486568.00
2013/03/07	14.24	14.63	13.60	13.73	742328	63131500.00
2013/03/08	13.91	13.91	13.53	13.56	364049	30080878.00
2013/03/11	13.61	14.15	13.61	13.88	498193	42093836.00
2013/03/12	13.82	13.97	13.06	13.27	576014	46575368.00
2013/03/13	13.22	13.27	12.81	13.01	366642	28812512.00
2013/03/14	12.94	13.36	12.72	13.06	491823	38879268.00
2013/03/15	13.16	13.62	12.98	13.39	558703	45146528.00
2013/03/18	13.26	13.56	13.22	13.25	322188	26015770.00
2013/03/19	13.22	13.35	12.71	13.21	461334	36328968.00
2013/03/20	13.06	13.67	12.91	13.64	577784	47065744.00
2013/03/21	13.64	14.16	13.64	13.84	539573	45400964.00
2013/03/22	13.69	14.11	13.69	14.01	378837	31952746.00
2013/03/25	14.03	14.29	13.85	13.97	471154	40004680.00
2013/03/26	13.97	15.38	13.75	15.38	1378427	122221128.00
2013/03/27	15.04	15.31	14.97	15.10	873150	79704472.00
2013/03/28	15.10	15.10	14.36	14.39	720942	64328464.00
2013/03/29	14.54	14.79	14.37	14.43	703688	61940208.00
2013/04/01	14.19	14.56	14.19	14.43	554036	48135076.00
2013/04/02	14.45	14.59	13.06	13.14	1225861	102123488.00
2013/04/03	13.14	13.14	12.64	12.72	646495	50034752.00
2013/04/08	12.36	12.97	12.06	12.87	575702	43767472.00
2013/04/09	12.77	13.15	12.77	13.06	482444	37870440.00
2013/04/10	13.04	13.12	12.57	12.71	459889	35545068.00
2013/04/11	12.71	12.94	12.64	12.65	452717	35016216.00
2013/04/12	12.56	12.59	12.22	12.22	532683	39902948.00
2013/04/15	12.22	12.34	11.82	11.95	589233	42686776.00
2013/04/16	11.84	12.14	11.70	12.07	535983	38937272.00
2013/04/17	12.14	12.52	12.02	12.49	592115	44280544.00
2013/04/18	12.39	12.87	12.39	12.69	620470	47740600.00
2013/04/19	12.72	13.09	12.56	12.94	725366	56353868.00
2013/04/22	12.89	13.52	12.81	13.42	822669	65762748.00
2013/04/23	13.38	13.80	13.37	13.45	983715	80539432.00
2013/04/24	13.37	14.06	12.72	13.90	1274981	104695896.00
2013/04/25	13.85	14.92	13.57	13.57	1388413	120277792.00
2013/04/26	13.61	13.97	13.16	13.17	869949	71078760.00
2013/05/02	13.13	13.74	12.81	13.66	767301	61597532.00
2013/05/03	13.65	14.32	13.58	14.31	978502	82606032.00
2013/05/06	14.39	15.35	14.22	14.82	1404642	125877064.00
2013/05/07	14.73	15.55	14.56	14.81	1014714	92193432.00
2013/05/08	14.62	15.33	14.62	14.98	860833	77893112.00
2013/05/09	14.87	16.19	14.64	16.07	1702120	158160064.00
2013/05/10	15.90	16.11	14.91	15.19	1255139	117139184.00
2013/05/13	15.28	15.77	14.95	15.42	769905	71977416.00
2013/05/14	15.48	15.74	14.26	14.29	1172361	104461024.00
2013/05/15	14.66	15.73	14.66	15.73	1220390	113487280.00
2013/05/16	16.17	16.55	15.67	16.05	1751421	170414192.00
2013/05/17	15.98	16.89	15.67	16.53	1227872	120927792.00
2013/05/20	16.57	18.19	16.57	18.19	863236	92470280.00
2013/05/21	19.27	19.87	18.56	19.28	5218516	301205248.00
2013/05/22	18.54	19.39	17.97	19.37	3834468	214829392.00
2013/05/23	19.28	20.52	18.51	18.61	5042797	296227136.00
2013/05/24	18.27	19.11	18.16	18.71	2673898	150369952.00
2013/05/27	18.71	18.84	18.17	18.44	2473401	136777632.00
2013/05/28	18.46	18.47	17.07	17.42	2921876	154528544.00
2013/05/29	17.41	17.76	17.24	17.57	1512590	79395160.00
2013/05/30	17.58	18.07	17.28	17.74	1412847	75527872.00
2013/05/31	17.73	17.91	17.27	17.33	1387750	73253648.00
2013/06/03	17.71	19.04	17.33	18.38	3096574	170755120.00
2013/06/04	18.38	18.86	17.07	17.91	2269627	123153728.00
2013/06/05	17.64	17.80	17.11	17.54	1104606	58154312.00
2013/06/06	17.47	17.80	17.32	17.56	1039459	55163280.00
2013/06/07	17.24	17.87	17.24	17.54	1122667	59174612.00
2013/06/13	17.24	17.24	15.88	16.79	1344257	67131512.00
2013/06/14	16.79	18.13	16.79	17.92	1898669	101467376.00
2013/06/17	18.11	18.78	17.74	18.26	2136192	117791240.00
2013/06/18	18.11	18.24	17.37	17.87	1473425	78797296.00
2013/06/19	17.77	17.84	17.51	17.68	809278	42991316.00
2013/06/20	17.37	17.51	16.26	16.27	1408107	71719072.00
2013/06/21	15.87	16.27	15.54	16.06	984870	47023200.00
2013/06/24	16.01	16.61	14.80	15.21	1317302	62713392.00
2013/06/25	14.94	16.22	14.04	16.04	1967142	90635376.00
2013/06/26	16.01	16.78	15.94	16.62	1609035	79572536.00
2013/06/27	16.49	17.21	16.33	16.57	1922088	96836520.00
2013/06/28	16.44	17.44	16.20	16.94	1703720	87392984.00
2013/07/01	16.87	17.54	16.87	17.54	1482175	77417384.00
2013/07/02	17.48	17.81	17.37	17.71	1812604	96129832.00
2013/07/03	17.71	19.01	17.55	18.94	3444399	191862640.00
2013/08/02	18.94	20.73	17.68	18.35	5623882	323554240.00
2013/08/05	17.94	18.17	17.31	17.67	2836046	151083776.00
2013/08/06	17.64	18.33	17.61	18.15	2123838	115087624.00
2013/08/07	18.74	19.17	18.14	18.34	2886707	161703024.00
2013/08/08	17.73	18.04	17.61	18.01	1540623	82668576.00
2013/08/09	18.02	18.80	17.87	18.74	2842351	158426016.00
2013/08/12	18.67	20.33	18.44	19.75	3440336	202944656.00
2013/08/13	19.61	21.54	19.47	21.31	2893085	180220144.00
2013/08/14	21.24	21.77	20.65	21.51	2538536	162506864.00
2013/08/15	21.24	23.45	21.04	22.87	2323691	159287952.00
2013/08/16	22.61	23.87	21.61	21.79	2446839	165661984.00
2013/08/19	21.91	23.98	21.91	23.98	2281544	161136112.00
2013/08/20	24.47	26.38	24.47	26.10	5302838	412309600.00
2013/08/21	26.11	26.87	25.61	26.54	2400762	189839136.00
2013/08/22	26.32	28.17	25.88	27.13	2152068	173864720.00
2013/08/23	26.61	27.87	25.75	26.95	2252329	180593664.00
2013/08/26	26.53	27.43	25.13	26.42	3364637	262430768.00
2013/08/27	25.94	27.47	25.34	27.33	2113638	168750464.00
2013/08/28	26.77	27.21	25.21	25.64	2250470	176982992.00
2013/08/29	25.32	26.27	25.00	26.01	1031723	79411520.00
2013/08/30	26.17	26.20	23.54	23.67	1485482	109971776.00
2013/09/02	22.76	24.34	22.61	23.80	1015786	71791640.00
2013/09/03	23.22	25.59	23.22	25.31	1400023	102967600.00
2013/09/04	25.42	25.94	24.67	25.11	1132618	86499280.00
2013/09/05	25.07	27.62	25.04	27.62	3498404	285318688.00
2013/09/06	27.63	28.29	26.27	27.74	2326380	190224560.00
2013/09/09	27.60	27.60	25.84	26.53	1668368	133897104.00
2013/09/10	26.52	26.53	25.11	25.51	1757407	135211360.00
2013/09/11	25.52	25.85	22.96	24.21	1197272	86988120.00
2013/09/12	23.88	24.94	23.61	23.85	1026436	74916904.00
2013/09/13	23.33	24.61	23.33	24.10	1120455	81335232.00
2013/09/16	24.07	26.34	23.86	26.14	1994427	153887872.00
2013/09/17	26.47	26.83	25.51	26.37	1619000	128296424.00
2013/09/18	26.27	27.27	25.60	25.64	1218948	96721688.00
2013/09/23	25.67	27.04	25.00	26.77	1515712	119924848.00
2013/09/24	26.57	27.44	26.37	26.55	1393627	112588008.00
2013/09/25	26.27	26.87	25.23	25.75	1243709	97471072.00
2013/09/26	25.79	26.12	24.00	24.27	1708488	127399184.00
2013/09/27	24.27	24.97	23.51	24.24	1112964	80600520.00
2013/09/30	23.77	25.44	23.75	25.17	946192	70931384.00
2013/10/08	24.89	25.57	24.54	25.23	839980	63176368.00
2013/10/09	25.26	26.58	25.26	25.97	1186325	92911976.00
2013/10/10	25.93	25.93	24.27	24.37	1374767	102702336.00
2013/10/11	24.44	24.77	23.38	23.42	1591002	113671320.00
2013/10/14	23.43	24.04	23.30	23.72	740897	52756516.00
2013/10/15	23.27	23.28	22.04	22.20	1961480	132314872.00
2013/10/16	22.27	22.37	19.98	21.21	2096997	129971960.00
2013/10/17	20.64	21.72	20.61	20.97	1370086	86581088.00
2013/10/18	20.97	21.91	20.41	21.66	989078	63334820.00
2013/10/21	21.36	21.78	20.52	21.55	1066392	68641912.00
2013/10/22	21.54	21.56	19.39	19.39	2321813	140263152.00
2013/10/23	19.14	19.39	18.46	18.97	1034436	58718128.00
2013/10/24	18.94	19.26	18.46	18.91	652943	37080528.00
2013/10/25	18.92	19.01	17.28	17.80	1327802	72085216.00
2013/10/28	17.81	17.94	17.27	17.64	628495	33263810.00
2013/10/29	17.94	18.57	16.86	18.14	1098884	59369112.00
2013/10/30	17.90	18.53	17.63	18.24	730671	39993276.00
2013/10/31	18.21	18.21	17.51	17.67	566312	30203922.00
2013/11/01	17.54	17.74	16.17	17.34	928933	47390356.00
2013/11/04	17.24	17.51	16.61	17.44	522827	27044058.00
2013/11/05	17.14	17.93	16.83	17.81	627866	33289096.00
2013/11/06	17.90	17.94	17.38	17.40	556040	29499032.00
2013/11/07	17.06	17.37	16.74	16.85	603872	30875172.00
2013/11/08	16.77	16.77	15.94	16.11	843309	41321668.00
2013/11/11	16.01	16.27	15.28	16.16	645224	30814506.00
2013/11/12	15.96	16.30	15.61	15.90	793594	38030672.00
2013/11/13	15.94	16.10	15.54	15.71	769436	36682508.00
2013/11/14	15.58	16.27	15.34	16.21	1221424	58964800.00
2013/11/15	16.21	17.02	16.21	16.57	1308655	65632796.00
2013/11/18	16.73	17.13	16.57	17.10	993201	50493548.00
2013/11/19	17.10	17.42	16.83	17.18	930793	48147228.00
2013/11/20	17.27	17.27	16.61	16.93	851400	43276908.00
2013/11/21	16.87	18.30	16.67	17.79	2080534	110223432.00
2013/11/22	17.70	19.27	17.57	19.14	2404286	134034288.00
2013/11/25	18.61	19.81	18.31	19.01	1843874	107367320.00
2013/11/26	18.92	19.01	18.28	18.31	1467996	81503664.00
2013/11/27	18.27	19.28	17.87	18.79	1237661	69275784.00
2013/11/28	18.72	19.20	18.37	18.41	985626	55271632.00
2013/11/29	18.45	19.04	18.41	18.88	1138042	64656900.00
2013/12/02	17.57	17.95	16.98	16.98	1749344	91824352.00
2013/12/03	16.11	16.44	15.28	16.44	1551316	74067040.00
2013/12/04	16.27	16.90	15.94	16.34	903207	45032548.00
2013/12/05	16.34	16.66	15.32	15.42	1337502	63096052.00
2013/12/06	15.21	15.57	14.88	15.39	641975	29581966.00
2013/12/09	15.31	15.72	15.27	15.64	873008	40789524.00
2013/12/10	15.63	15.63	15.07	15.15	804261	36933444.00
2013/12/11	15.10	15.54	14.65	15.27	964481	44099452.00
2013/12/12	15.21	16.60	14.96	16.43	1763001	85086480.00
2013/12/13	16.23	16.26	15.77	15.95	873085	42204880.00
2013/12/16	15.94	17.29	15.76	16.54	1278741	63519560.00
2013/12/17	16.51	16.51	15.94	16.12	697007	33898656.00
2013/12/18	16.17	16.49	16.01	16.30	732590	35939616.00
2013/12/19	16.26	16.77	15.94	16.33	869865	42995832.00
2013/12/20	16.33	16.51	15.01	15.67	1032808	48750636.00
2013/12/23	15.54	15.54	15.04	15.34	663952	30446274.00
2013/12/24	15.27	15.69	15.27	15.29	568003	26449896.00
2013/12/25	15.27	16.21	15.04	16.21	1412190	67455848.00
2013/12/26	16.07	16.24	15.51	15.82	978514	46670400.00
2013/12/27	15.61	16.24	15.49	16.01	833270	40168108.00
2013/12/30	16.14	17.57	15.87	16.76	1447290	73136968.00
2013/12/31	16.61	16.99	16.30	16.41	687406	34193064.00
2014/01/02	16.44	16.94	16.33	16.82	831067	41932512.00
2014/01/03	16.94	17.16	16.62	17.00	1089037	55646560.00
2014/01/06	16.99	16.99	16.16	16.27	1003255	49748592.00
2014/01/07	15.94	16.44	15.61	16.30	667710	32283586.00
2014/01/08	16.31	17.61	16.27	17.31	1990051	102065528.00
2014/01/09	17.04	18.44	17.01	17.68	2910209	157617328.00
2014/01/10	17.37	18.43	17.21	18.23	1891821	102491256.00
2014/01/13	18.25	19.11	18.25	18.71	1815914	102569592.00
2014/01/14	19.14	19.44	18.27	18.69	1258473	70729528.00
2014/01/15	18.53	19.44	18.53	19.34	1589735	91817136.00
2014/01/16	19.35	19.47	17.88	17.94	2099912	116356608.00
2014/01/17	17.94	18.32	17.44	18.06	1219828	66264372.00
2014/01/20	18.01	18.06	17.39	17.69	868060	46110256.00
2014/01/21	17.61	18.24	17.48	18.16	1195492	64479660.00
2014/01/22	18.01	18.17	17.08	17.87	2225375	118128448.00
2014/01/23	17.71	19.27	17.61	19.04	2667174	148667168.00
2014/01/24	18.92	19.27	18.74	18.87	1936381	110592736.00
2014/01/27	18.04	19.81	18.04	19.68	2785627	161058944.00
2014/01/28	19.93	19.93	19.11	19.67	1481807	87272040.00
2014/01/29	19.94	21.61	19.61	21.17	2205087	138355664.00
2014/01/30	20.83	21.56	20.54	20.95	1505836	95682112.00
2014/02/07	20.61	22.24	20.34	21.55	953943	61877928.00
2014/02/10	21.77	22.27	20.96	22.04	1518261	98608728.00
2014/02/11	21.83	22.04	21.11	21.30	1619785	104590928.00
2014/02/12	21.16	21.27	20.62	20.97	968733	60726940.00
2014/02/13	20.79	21.58	20.10	20.11	1014387	63932212.00
2014/02/14	20.11	20.87	19.52	20.77	836874	51107872.00
2014/02/17	20.63	21.58	20.63	20.86	712319	45163292.00
2014/02/18	20.90	20.90	19.82	20.26	1039586	62854640.00
2014/02/19	20.14	20.15	19.10	19.33	1305591	75963944.00
2014/02/20	19.36	19.55	18.54	18.64	1097546	61965892.00
2014/02/21	18.61	19.17	18.41	18.89	805290	45679200.00
2014/02/24	18.70	20.08	18.70	19.90	1863610	110392968.00
2014/02/25	19.90	20.05	18.61	18.69	1515116	89413024.00
2014/02/26	18.37	18.60	16.94	18.56	1171122	63004516.00
2014/02/27	18.37	18.71	17.21	17.77	1009406	54797836.00
2014/02/28	17.54	17.96	16.95	17.77	524912	27664080.00
2014/03/03	17.71	19.56	17.58	19.56	787694	45059396.00
2014/03/04	20.07	20.61	19.38	19.44	1641838	98741904.00
2014/03/05	19.42	19.85	18.94	19.81	1291376	75980112.00
2014/03/06	19.28	21.31	19.28	20.95	1602050	99574520.00
2014/03/07	20.61	20.81	20.13	20.55	832527	51333648.00
2014/03/10	20.27	20.27	18.49	19.94	1436302	82753616.00
2014/03/11	19.44	20.01	19.01	19.74	441760	26046846.00
2014/03/12	18.90	20.03	18.90	19.49	379631	22308940.00
2014/03/13	19.47	20.43	19.27	20.07	523816	31405522.00
2014/03/14	19.94	20.24	19.47	19.57	405929	24183970.00
2014/03/17	19.48	20.21	19.41	20.20	501240	30138508.00
2014/03/18	20.24	20.47	19.90	20.42	630526	38396128.00
2014/03/19	21.27	21.94	20.64	20.84	1091591	69938584.00
2014/03/20	20.54	21.64	20.53	20.62	939169	60175068.00
2014/03/21	19.98	21.24	19.11	21.03	693404	42464104.00
2014/03/24	20.86	21.44	20.26	21.28	802417	50269196.00
2014/03/25	21.21	21.21	19.90	19.95	592310	36607988.00
2014/03/26	19.95	20.22	19.44	19.96	493755	29497922.00
2014/03/27	19.96	20.14	19.26	19.94	477193	28086508.00
2014/03/28	19.93	19.93	18.27	18.44	500142	28423114.00
2014/03/31	18.29	18.29	16.65	16.71	1121826	57892464.00
2014/04/01	16.61	17.36	16.61	17.02	420425	21569106.00
2014/04/02	17.01	17.19	15.62	16.07	1003695	48885340.00
2014/04/03	16.22	16.40	15.73	16.04	568756	27679042.00
2014/04/04	16.04	17.31	15.88	17.23	955298	48326372.00
2014/04/08	16.61	17.51	16.61	17.26	477725	24828086.00
2014/04/09	17.27	17.89	17.27	17.75	611916	32675288.00
2014/04/10	17.67	17.93	17.47	17.61	670037	35727840.00
2014/06/27	19.37	19.37	19.37	19.37	61567	3589356.00
2014/06/30	21.32	21.32	21.32	21.32	63679	4083734.25
2014/07/01	23.45	23.45	23.45	23.45	184737	13031348.00
2014/07/02	25.80	25.80	24.61	25.80	7208615	546947648.00
2014/07/03	25.24	28.38	24.94	28.38	5627110	459764704.00
2014/07/04	28.10	30.83	28.07	29.12	4561974	406477152.00
2014/07/07	29.34	29.79	27.68	29.26	3181161	273610912.00
2014/07/08	28.77	29.02	27.54	28.57	2333827	199056976.00
2014/07/09	28.47	28.47	27.57	27.67	1163201	97703792.00
2014/07/10	27.78	27.87	26.79	26.96	2038602	166011600.00
2014/07/11	26.62	28.23	26.29	26.67	2230790	183423152.00
2014/07/14	26.86	28.09	26.14	27.28	1683898	137416752.00
2014/07/15	26.77	27.76	25.61	25.95	1371696	109076448.00
2014/07/16	25.86	26.16	24.65	25.17	1082366	82400248.00
2014/07/17	25.10	26.10	24.63	25.84	941822	71460096.00
2014/07/18	25.62	25.77	23.77	24.62	1297948	96692576.00
2014/07/21	24.75	25.56	24.31	25.27	543379	40807684.00
2014/07/22	25.14	26.07	24.71	25.84	987056	75889280.00
2014/07/23	25.39	25.84	24.11	24.94	1238127	91846728.00
2014/07/24	24.58	24.94	23.61	24.54	1415957	102804224.00
2014/07/25	23.27	25.25	23.27	24.55	630459	46984796.00
2014/07/28	24.60	25.14	24.03	24.91	552835	41102740.00
2014/07/29	24.95	25.14	24.24	25.10	963134	71311376.00
2014/07/30	24.94	25.44	24.40	25.34	694913	52229040.00
2014/07/31	25.34	25.34	24.47	24.79	727951	54236112.00
2014/08/01	24.62	24.78	23.94	24.07	641995	47398160.00
2014/08/04	23.95	24.37	23.36	23.84	893205	63540136.00
2014/08/05	23.77	24.42	23.65	24.06	507703	36787700.00
2014/08/06	24.07	24.97	23.97	24.84	716656	53098400.00
2014/08/07	24.79	25.33	24.57	25.27	806858	60497432.00
2014/08/08	25.16	26.93	24.95	26.61	995429	77742960.00
2014/08/11	26.61	27.21	26.15	26.61	573222	45715860.00
2014/08/12	26.45	26.58	25.23	25.91	857059	66460560.00
2014/08/13	25.86	25.87	24.89	25.11	754884	57067512.00
2014/08/14	25.47	25.78	25.12	25.23	936227	71735424.00
2014/08/15	25.18	25.86	25.18	25.58	582464	44894412.00
2014/08/18	25.36	25.86	25.07	25.60	890686	68003232.00
2014/08/19	25.60	25.67	25.26	25.65	713240	54658228.00
2014/08/20	25.49	25.60	25.21	25.27	397888	30273114.00
2014/08/21	25.27	25.95	25.16	25.95	574661	44249340.00
2014/08/22	26.27	28.55	25.94	28.55	1609194	134240032.00
2014/08/25	28.89	29.55	26.80	27.61	845510	71050816.00
2014/08/26	27.89	28.34	27.20	27.96	764240	64215140.00
2014/08/27	27.93	28.92	27.44	28.74	571366	48517724.00
2014/08/28	28.59	29.04	28.00	28.60	502118	42895180.00
2014/08/29	28.41	28.91	28.07	28.27	363389	31104452.00
2014/09/01	27.94	29.50	27.94	29.30	672729	58739108.00
2014/09/02	29.27	30.80	28.94	30.27	785185	70847568.00
2014/09/03	30.29	31.14	29.94	30.15	720354	66309352.00
2014/09/04	29.98	30.14	29.34	29.41	542844	48359436.00
2014/09/05	29.27	30.23	29.10	30.11	369031	32855802.00
2014/09/09	30.14	30.91	29.34	30.74	474491	43283364.00
2014/09/10	31.04	33.82	30.53	33.82	1038413	101288720.00
2014/09/11	34.61	34.64	32.57	33.83	685428	69182224.00
2014/09/12	33.86	33.87	32.62	33.27	432507	42870700.00
2014/09/15	33.01	33.23	32.77	33.16	308349	30619894.00
2014/09/16	33.10	34.45	30.73	31.54	692981	67671088.00
2014/09/17	30.94	31.82	30.14	30.59	756707	69475688.00
2014/09/18	30.73	30.89	30.13	30.61	337965	31047596.00
2014/09/19	30.61	30.94	30.38	30.93	282876	26033702.00
2014/09/22	30.91	31.27	30.32	30.97	306685	28334782.00
2014/09/23	30.94	31.57	30.15	31.41	276545	25809316.00
2014/09/24	31.23	32.81	30.97	32.37	633280	61325164.00
2014/09/25	32.34	33.11	31.90	32.24	246137	24009084.00
2014/09/26	32.24	32.44	31.62	31.91	206168	19752280.00
2014/09/29	31.90	34.73	31.68	33.44	606859	60627984.00
2014/09/30	32.97	36.79	32.94	36.79	1917212	208267376.00
2014/10/08	36.79	38.06	35.65	37.43	717631	78694600.00
2014/10/09	37.87	38.71	36.48	38.32	577055	65466548.00
2014/10/10	38.11	38.11	35.19	35.61	676866	73576008.00
2014/10/13	35.74	35.74	33.54	34.07	816546	83716264.00
2014/10/14	34.08	34.14	32.20	32.44	860382	85752584.00
2014/10/15	32.34	33.27	32.29	32.64	635657	62677016.00
2014/10/16	32.31	35.83	31.27	34.12	957469	97516016.00
2014/10/17	33.74	34.11	31.40	32.28	875653	85253384.00
2014/10/20	32.52	32.60	31.77	32.27	554376	53472272.00
2014/10/21	32.27	33.47	32.24	32.86	573465	56788988.00
2014/10/22	32.51	33.61	32.44	32.94	439647	43799560.00
2014/10/23	32.94	32.94	31.33	32.07	446940	43035912.00
2014/10/24	32.20	33.27	31.86	32.42	351136	34377824.00
2014/10/27	32.26	32.42	30.96	31.99	299221	28652778.00
2014/10/28	32.07	32.86	32.07	32.77	291192	28555894.00
2014/10/29	32.81	33.44	32.64	33.03	348222	34539844.00
2014/10/30	33.44	33.49	32.71	33.24	337899	33741060.00
2014/10/31	33.24	33.24	31.94	33.24	525955	51318748.00
2014/11/03	33.23	33.44	32.61	33.13	485869	48334268.00
2014/11/04	32.96	34.46	32.95	34.14	737472	75418160.00
2014/11/05	34.23	36.03	34.04	35.41	498186	52218976.00
2014/11/06	35.31	35.61	34.17	34.67	545472	56651736.00
2014/11/07	34.67	35.04	34.01	35.04	480575	49819240.00
2014/11/10	34.81	35.37	34.11	35.04	295274	30957434.00
2014/11/11	34.86	35.00	33.67	33.87	524458	53763192.00
2014/11/12	33.68	36.22	33.25	35.67	1183877	125539536.00
2014/11/13	35.27	36.91	35.27	36.51	1235824	134279312.00
2014/11/14	36.61	37.54	35.02	37.27	555586	59986676.00
2014/11/21	39.21	41.00	37.61	41.00	1374743	164438736.00
2014/11/24	41.23	44.94	41.23	43.94	1261870	163715792.00
2014/11/25	44.34	44.34	42.43	43.43	969608	125645936.00
2014/11/26	43.20	44.05	43.20	43.94	686154	89879656.00
2014/11/27	44.05	48.34	43.31	48.34	586082	83115592.00
2014/11/28	48.77	51.94	48.77	51.94	760686	116148144.00
2014/12/01	52.27	56.94	50.94	54.60	961701	155862896.00
2014/12/02	54.61	54.61	51.71	53.61	636688	101572040.00
2014/12/03	53.61	58.97	51.04	58.97	1035581	169779312.00
2014/12/04	60.61	60.94	56.81	58.60	842021	146866128.00
2014/12/05	57.94	64.27	52.77	63.27	965685	171620064.00
2014/12/08	62.27	67.27	58.72	64.27	606628	115525856.00
2014/12/09	60.97	64.11	57.83	61.94	696639	127517832.00
2014/12/10	60.28	62.77	58.27	61.61	500718	92123048.00
2014/12/11	59.64	62.87	58.81	60.94	395587	71941752.00
2014/12/12	60.93	64.60	60.01	63.27	583332	109801448.00
2014/12/15	62.89	68.27	60.94	68.27	652448	125940808.00
2014/12/16	67.59	72.00	64.40	71.91	449053	93247552.00
2014/12/17	70.61	74.57	70.27	74.23	482253	105716368.00
2014/12/18	74.12	74.12	71.06	73.47	505357	110296864.00
2014/12/19	72.27	73.27	67.74	71.23	516159	109004176.00
2014/12/22	69.60	69.60	64.10	64.93	756623	147854528.00
2014/12/23	63.61	66.61	61.61	64.57	479224	93225488.00
2014/12/24	63.94	65.56	62.28	64.94	361952	70200408.00
2014/12/25	64.41	65.37	62.02	65.27	307328	59308424.00
2014/12/26	64.00	65.27	61.37	64.94	668336	127254336.00
2014/12/29	64.54	64.54	58.57	60.61	716169	130518440.00
2014/12/30	60.14	61.81	55.94	61.81	1155026	203522640.00
2014/12/31	60.33	61.94	59.61	61.94	625793	114389224.00
2015/01/05	60.73	60.73	55.74	58.84	647205	110954376.00
2015/01/06	57.13	61.17	55.95	59.94	628290	110870456.00
2015/01/07	58.94	61.23	57.63	57.66	360359	63304520.00
2015/01/08	57.63	58.77	56.01	57.83	411843	71103080.00
2015/01/09	56.61	59.27	56.31	57.44	462695	80597440.00
2015/01/12	57.08	63.19	56.27	63.19	585773	105374440.00
2015/01/13	62.94	65.23	62.31	62.94	586912	113296688.00
2015/01/14	63.61	63.61	59.94	61.61	382405	70126736.00
2015/01/15	61.27	61.77	58.94	61.61	335900	61154056.00
2015/01/16	60.44	66.27	60.31	66.27	758153	145803472.00
2015/01/19	64.27	66.61	61.28	64.61	632485	122688592.00
2015/01/20	63.94	65.96	62.61	64.27	652563	125839384.00
2015/01/21	64.31	64.31	60.34	62.94	893721	166511184.00
2015/01/22	61.43	64.27	59.56	64.27	1325624	245015616.00
2015/01/23	62.61	62.94	60.11	60.57	567292	104532944.00
2015/01/26	59.67	60.54	59.44	59.97	394238	71116848.00
2015/01/27	60.13	61.27	59.22	60.10	452585	81772072.00
2015/01/28	59.97	60.11	58.27	58.36	355306	62930400.00
2015/01/29	57.61	59.19	57.61	58.48	243886	42911256.00
2015/03/20	64.33	64.33	64.33	64.33	66010	12751152.00
2015/03/23	70.77	70.77	70.77	70.77	32522	6910600.00
2015/03/24	77.85	77.85	77.85	77.85	92901	21714680.00
2015/03/25	85.64	85.64	85.64	85.64	150219	38622808.00
2015/03/26	94.21	94.21	94.21	94.21	281433	79594880.00
2015/03/27	93.31	95.97	84.79	95.94	2698615	728832512.00
2015/03/30	93.27	93.94	86.34	86.34	1366799	362046880.00
2015/03/31	84.92	86.27	79.64	82.52	1830864	452776928.00
2015/04/01	82.52	86.61	81.94	84.61	1806926	455061856.00
2015/04/02	84.21	86.94	81.61	82.80	1099536	275476864.00
2015/04/03	81.37	83.58	79.98	82.24	1065198	261721856.00
2015/04/07	76.84	83.84	76.84	80.66	840753	203842528.00
2015/04/08	81.27	83.24	78.94	80.66	1514356	370436704.00
2015/04/09	77.61	77.61	72.59	76.07	2259396	500419616.00
2015/04/10	73.81	81.87	72.94	80.04	2030552	472062144.00
2015/04/13	75.94	78.57	74.53	77.61	1815204	418910528.00
2015/04/14	79.27	84.82	77.28	81.87	2692783	656009920.00
2015/04/15	77.44	78.27	73.68	73.68	1339507	301275328.00
2015/04/16	66.94	71.94	66.31	67.27	2738892	564652992.00
2015/04/17	67.96	70.53	66.94	68.26	1426370	293595136.00
2015/04/20	68.27	71.60	64.94	69.48	1331178	275748480.00
2015/04/21	66.92	71.42	66.54	69.21	5814211	405950080.00
2015/04/22	68.44	76.14	68.42	76.14	7401999	539043968.00
2015/04/23	77.94	81.94	76.94	77.74	9299042	737733120.00
2015/04/24	74.97	77.43	72.36	73.94	5653389	419479200.00
2015/04/27	75.29	75.94	71.64	71.79	4160686	305477536.00
2015/04/28	73.44	74.84	71.64	73.43	4451248	324724384.00
2015/04/29	70.44	74.56	66.95	73.94	4260787	305597440.00
2015/04/30	75.14	80.94	73.94	78.14	7700266	603789696.00
2015/05/04	75.69	77.14	71.99	73.94	3430420	255245616.00
2015/05/05	72.94	74.43	69.94	70.04	2924772	209391408.00
2015/05/06	70.64	74.53	70.05	70.74	3690115	265918416.00
2015/05/07	68.94	70.93	67.34	68.04	2774580	191303424.00
2015/05/08	68.45	74.85	68.45	74.85	5827160	424706112.00
2015/05/11	76.03	82.34	75.44	82.34	7245164	575886912.00
2015/05/12	86.94	89.88	80.49	84.28	9378357	798736192.00
2015/05/13	82.30	82.30	75.85	79.09	7508226	597725248.00
2015/05/14	78.12	78.12	72.94	74.34	7805521	587725440.00
2015/05/15	72.82	77.94	71.62	75.94	5926662	447384800.00
2015/05/18	70.04	76.14	70.04	73.08	9088167	665038912.00
2015/05/19	72.44	76.22	72.39	74.04	6363973	470215360.00
2015/05/20	75.44	79.04	74.23	76.94	8582764	662821120.00
2015/05/21	77.14	84.64	77.14	84.64	6078698	504057408.00
2015/05/22	91.92	91.92	81.04	82.09	11894319	1023382336.00
2015/05/25	76.94	78.60	73.94	76.91	8255511	631275008.00
2015/05/26	76.94	82.94	76.94	82.44	7105941	572207040.00
2015/05/27	82.14	90.69	77.94	90.69	13327230	1154380032.00
2015/05/28	89.93	99.77	87.27	95.72	15343792	1462867072.00
2015/05/29	95.69	101.52	86.72	93.30	11655463	1124108672.00
2015/06/01	91.39	96.64	89.92	92.89	9464691	877404352.00
2015/06/02	93.13	94.63	89.94	91.94	7831559	716731904.00
2015/06/03	92.09	97.74	89.94	94.92	11425542	1085782272.00
2015/06/04	94.74	94.74	85.42	85.98	10805466	950224640.00
2015/06/05	86.60	89.24	83.14	84.65	6706970	580150912.00
2015/06/08	84.94	86.44	76.44	78.81	6841710	549150144.00
2015/06/09	77.64	81.45	76.44	80.89	4186400	335045568.00
2015/06/10	80.14	84.38	79.14	82.95	4904200	403351584.00
2015/06/11	83.24	85.65	80.94	85.04	6568271	549148224.00
2015/06/12	84.44	85.99	81.72	81.80	4518591	375301120.00
2015/06/15	80.44	81.94	75.28	75.58	4967970	392820608.00
2015/06/16	71.95	73.94	68.05	69.44	4132772	292883776.00
2015/06/17	69.92	73.28	68.44	72.91	4400081	313577440.00
2015/06/18	74.33	78.52	72.32	78.19	7713378	589796352.00
2015/06/19	74.94	80.94	71.94	75.04	5283179	403846304.00
2015/06/23	76.04	79.93	75.04	78.44	4292924	332772704.00
2015/06/24	79.22	79.71	72.05	76.67	5521500	419192448.00
2015/06/25	75.90	75.90	69.00	69.55	3843261	278114464.00
2015/06/26	66.94	67.54	62.59	62.59	3065709	196399216.00
2015/06/29	63.44	63.94	56.33	56.33	2650063	151320672.00
2015/06/30	50.69	59.86	50.69	58.47	5583813	313993600.00
2015/07/01	57.94	61.50	52.62	52.62	5107278	295593632.00
2015/07/02	51.84	51.85	47.35	47.35	3241839	157185488.00
2015/07/03	42.64	50.14	42.61	49.94	9827533	458312224.00
2015/07/06	54.91	54.91	44.94	45.94	7038038	337116960.00
2015/07/17	50.54	50.54	46.94	50.54	7455842	368720576.00
2015/07/20	51.82	55.60	50.70	55.60	7272153	386257632.00
2015/07/21	55.73	60.94	53.82	60.64	7532617	437731040.00
2015/07/22	59.32	60.44	56.29	58.11	5847812	341943712.00
2015/07/23	57.44	59.09	56.34	58.86	5409357	313478016.00
2015/07/24	58.94	59.84	55.44	57.44	5030157	293921280.00
2015/07/27	55.84	55.84	51.69	51.69	5793406	311053376.00
2015/07/28	46.52	49.94	46.52	47.29	5717586	272779936.00
2015/07/29	48.37	50.16	44.57	49.17	3887156	184562752.00
2015/07/30	48.89	50.12	47.24	48.94	3804971	187612592.00
2015/07/31	47.44	49.92	45.95	48.99	2416218	117285432.00
2015/08/03	48.43	48.43	44.09	46.66	2594332	118599040.00
2015/08/04	45.58	49.94	45.58	49.76	2712031	131278088.00
2015/08/05	49.44	50.96	47.94	49.94	2716956	135109776.00
2015/08/06	49.24	53.14	48.24	51.60	3967351	204685568.00
2015/08/07	51.44	56.74	51.44	54.82	4241630	231434800.00
2015/08/10	55.81	57.94	53.54	56.95	4020716	225177808.00
2015/08/11	56.79	57.79	55.45	56.37	3757348	213096304.00
2015/08/12	55.74	56.22	51.94	52.64	2365272	128995632.00
2015/08/13	51.94	54.16	51.11	53.92	2061755	109754728.00
2015/08/14	54.94	54.94	53.07	53.34	1624594	88067624.00
2015/08/17	53.82	54.54	52.74	54.44	1743189	93735432.00
2015/08/18	54.94	56.27	49.04	49.54	3762794	197610944.00
2015/08/19	47.94	50.43	44.94	50.19	2153254	103128448.00
2015/08/20	50.18	50.57	48.04	48.94	1796536	88547656.00
2015/08/21	47.90	49.30	45.56	48.34	2616472	124762312.00
2015/08/24	45.44	47.93	43.50	43.50	2087181	92199672.00
2015/08/25	39.14	40.79	39.14	39.14	4577501	179668128.00
2015/08/26	39.14	40.14	35.22	35.22	2061598	76741368.00
2015/08/27	35.92	36.94	32.40	36.54	2351683	83391912.00
2015/08/28	36.87	39.33	35.84	38.88	2250992	84360520.00
2015/08/31	38.24	38.24	34.99	34.99	3033758	109085984.00
2015/09/01	33.94	33.94	31.49	31.49	1524466	48882324.00
2015/09/02	28.93	32.53	28.34	28.34	3953325	118369776.00
2015/11/25	31.18	31.18	31.18	31.18	22903	715489.75
2015/11/26	34.30	34.30	34.30	34.30	28003	962183.06
2015/11/27	37.74	37.74	37.74	37.74	44001	1663237.75
2015/11/30	41.52	41.52	41.52	41.52	94450	3927231.00
2015/12/01	45.68	45.68	45.68	45.68	78285	3580756.00
2015/12/02	50.25	50.25	50.25	50.25	858704	43201400.00
2015/12/03	55.28	55.28	53.95	55.28	14561042	804865856.00
2015/12/04	57.94	60.81	56.80	60.81	18962611	1140807936.00
2015/12/07	57.94	60.90	56.86	59.55	13796661	805726016.00
2015/12/08	57.96	60.26	56.50	60.24	10295962	595213056.00
2015/12/09	59.44	59.84	56.64	56.89	7496530	434430848.00
2015/12/10	54.98	59.73	54.94	56.44	7900397	455166208.00
2015/12/11	55.46	56.24	51.93	51.99	7127141	383542720.00
2015/12/14	50.44	53.72	50.14	53.54	4161189	216235328.00
2015/12/15	53.44	55.24	52.68	53.76	4431267	240087216.00
2015/12/16	54.94	55.44	53.23	53.41	3680006	199348720.00
2015/12/17	53.63	58.76	53.63	58.76	6608142	371156992.00
2015/12/18	60.74	64.64	60.71	62.94	12982367	815681088.00
2015/12/21	61.06	69.14	58.94	67.64	10937212	694009344.00
2015/12/22	65.93	69.07	64.97	65.44	8385189	561107136.00
2015/12/23	65.44	70.49	63.94	66.99	9758488	661673856.00
2015/12/24	64.97	66.81	62.44	63.73	6176659	396429440.00
2015/12/25	63.70	65.14	62.53	62.55	4315679	274011104.00
2015/12/28	62.64	63.64	59.74	59.77	4932141	305385472.00
2015/12/29	59.54	61.74	57.94	61.24	4845335	289776896.00
2015/12/30	61.32	61.72	59.94	60.60	3381570	205569392.00
2015/12/31	61.11	64.94	59.95	61.66	5914722	371400704.00
2016/01/04	59.93	60.64	55.49	55.49	3652318	210099504.00
2016/01/05	49.94	55.14	49.94	50.97	5557838	287003904.00
2016/01/06	52.24	53.44	50.44	52.88	4214684	220982400.00
2016/01/07	51.41	51.44	47.59	47.59	1129175	55442740.00
2016/01/08	47.94	49.94	43.22	46.39	4525919	215583408.00
2016/01/11	43.94	44.44	41.75	41.75	4489528	193538480.00
2016/01/12	41.44	43.80	40.50	43.01	3784179	160350560.00
2016/01/13	43.24	43.72	40.34	41.04	3531164	149380352.00
2016/01/14	37.99	43.60	37.99	43.52	3752514	156982416.00
2016/01/15	42.94	43.49	40.24	40.67	3458465	144977776.00
2016/01/18	39.39	42.94	39.36	41.44	3852425	161464240.00
2016/01/19	41.44	43.24	40.59	42.93	4182495	176523120.00
2016/01/20	42.25	45.54	41.96	44.39	7299402	322200704.00
2016/01/21	43.94	45.94	40.94	41.26	6504817	288550176.00
2016/01/22	41.94	42.34	39.44	41.28	3815033	156559680.00
2016/01/25	41.28	42.44	40.84	41.27	2459778	102613792.00
2016/01/26	40.74	40.76	37.14	37.28	4352002	166887504.00
2016/01/27	37.62	37.74	33.96	35.54	3762640	134798400.00
2016/01/28	35.57	36.94	34.12	34.98	3595244	126754712.00
2016/01/29	35.39	37.06	34.99	36.54	3568676	129763088.00
2016/02/01	36.55	36.59	34.24	35.08	3642105	128395760.00
2016/02/02	35.08	37.59	35.08	37.49	4100871	151415616.00
2016/02/03	36.49	37.89	35.84	37.38	3270207	120180936.00
2016/02/04	37.50	39.22	37.50	38.39	3461802	133412840.00
2016/02/05	38.42	38.93	37.50	38.24	2407618	92340136.00
2016/02/15	35.94	38.12	35.93	37.63	2049405	76261864.00
2016/02/16	37.95	40.36	37.95	40.04	3664925	144403632.00
2016/02/17	40.05	40.52	38.82	40.52	5034389	199909696.00
2016/02/18	40.35	41.31	39.14	39.23	5016507	200839232.00
2016/02/19	39.12	40.18	38.74	39.69	3422561	134945872.00
2016/02/22	40.09	41.39	39.54	41.32	5977061	240526448.00
2016/02/23	41.42	41.42	39.44	39.94	4580239	184275424.00
2016/02/24	39.54	40.34	38.32	39.73	3169681	124730912.00
2016/02/25	39.94	40.08	35.75	35.75	4071601	153186432.00
2016/02/26	35.76	36.13	33.04	34.03	3650573	126624624.00
2016/02/29	33.95	33.95	30.62	30.62	3437880	107044064.00
2016/03/01	30.62	31.71	29.10	31.24	4294178	130600816.00
2016/03/02	30.95	32.94	30.75	32.79	3921924	125193504.00
2016/03/03	32.94	34.88	32.73	32.92	4460746	150271584.00
2016/03/04	32.90	32.90	30.15	30.42	3698924	115922936.00
2016/03/07	30.94	33.47	30.94	33.47	6933479	229101568.00
2016/03/08	32.84	34.94	30.94	34.53	8807586	293769696.00
2016/03/09	33.24	35.46	32.96	33.39	5617479	191301120.00
2016/03/10	33.47	34.00	31.74	32.04	3861659	126680512.00
2016/03/11	31.94	32.13	30.94	31.49	2990464	94332768.00
2016/03/14	31.95	34.65	31.95	34.65	8463431	288932512.00
2016/03/15	34.88	34.88	33.64	33.84	6486301	221538704.00
2016/03/16	34.84	34.93	32.95	33.46	5628771	190885040.00
2016/03/17	33.32	36.05	33.32	35.76	8535742	298868576.00
2016/03/18	36.05	38.90	35.62	38.26	9469467	354010752.00
2016/03/21	38.94	40.60	38.36	39.37	10120097	398102336.00
2016/03/22	38.74	39.44	38.16	38.55	5849167	226574256.00
2016/03/23	38.37	39.94	38.25	39.75	5715163	224096464.00
2016/03/24	39.05	39.33	37.94	37.95	6040332	233825728.00
2016/03/25	37.24	38.64	37.24	38.24	3718779	141660352.00
2016/03/28	38.49	39.52	37.15	37.33	4900534	188817232.00
2016/03/29	36.97	37.40	35.39	36.04	4686651	169890560.00
2016/03/30	36.24	38.02	36.24	38.02	5029286	186686096.00
2016/03/31	38.41	39.41	37.63	37.68	5362744	206603760.00
2016/04/01	37.10	37.32	36.04	36.73	4280666	156745440.00
2016/04/05	36.60	40.41	36.50	40.41	7866289	305204928.00
2016/04/06	40.84	41.40	39.20	39.86	7733770	310912096.00
2016/04/07	39.93	40.33	38.44	38.81	6084237	238592400.00
2016/04/08	38.64	39.94	38.25	39.83	5603522	219234304.00
2016/04/11	40.19	41.35	39.54	40.31	8048369	326692576.00
2016/04/12	40.33	40.40	38.60	39.03	5092709	199218560.00
2016/04/13	39.33	41.82	38.92	40.16	8290805	336974240.00
2016/04/14	40.34	43.93	40.26	43.08	12450707	526603520.00
2016/04/15	42.44	42.59	41.50	42.22	7288894	305758848.00
2016/04/18	41.44	41.74	40.14	40.41	5853318	238248880.00
2016/04/19	40.60	41.24	40.31	40.89	3694595	150600576.00
2016/04/20	41.13	41.38	36.80	36.80	7776071	297378176.00
2016/04/21	36.44	36.92	35.24	35.31	4988749	180430640.00
2016/04/22	35.24	36.44	35.01	36.24	2869936	103253936.00
2016/04/25	36.23	36.23	34.69	35.72	2442330	86556824.00
2016/04/26	36.12	36.49	35.36	36.39	2678658	96575216.00
2016/04/27	36.33	36.63	35.52	35.69	2579812	93101920.00
2016/04/28	35.59	36.24	34.05	35.98	3018912	106694880.00
2016/04/29	35.62	35.98	35.24	35.33	1694358	60350840.00
2016/05/03	35.14	36.90	34.95	36.88	2988248	108670088.00
2016/05/04	36.69	37.31	36.44	36.48	2998109	110606168.00
2016/05/05	36.04	37.03	36.04	36.91	2631964	96746728.00
2016/05/06	37.02	37.44	34.12	34.15	4214187	151169872.00
2016/05/09	33.95	33.96	31.94	32.51	3094939	101228152.00
2016/05/10	32.32	33.14	32.32	32.54	1965481	64459832.00
2016/05/11	33.04	33.09	31.95	32.39	1640479	53418524.00
2016/05/12	31.92	32.43	29.74	32.16	2202023	69267488.00
2016/05/13	32.12	32.43	31.14	31.28	2317297	73883280.00
2016/05/16	31.44	32.17	30.74	31.96	2201435	69892008.00
2016/05/17	31.96	35.16	31.23	35.02	9937065	341140352.00
2016/05/18	33.71	33.88	31.54	31.99	6812793	223266208.00
2016/05/19	31.99	33.93	31.94	32.70	6840850	227751536.00
2016/05/20	32.04	33.64	31.74	33.37	3811383	125700088.00
2016/06/06	36.71	36.71	36.71	36.71	347032	12760367.00
2016/06/07	37.84	38.23	36.22	36.87	10017622	373660448.00
2016/06/08	36.39	36.74	35.32	36.02	5353694	192822784.00
2016/06/13	34.94	35.39	32.44	32.44	4153951	143937872.00
2016/06/14	31.67	33.32	31.67	32.83	2867564	93578744.00
2016/06/15	32.05	34.54	32.05	34.09	3732900	125987472.00
2016/06/16	34.04	34.13	32.96	33.09	3373184	113135232.00
2016/06/17	33.45	34.73	33.34	33.83	3796071	129763080.00
2016/06/20	33.64	34.41	33.34	33.71	2408325	81073736.00
2016/06/21	34.14	34.50	32.64	32.89	3407230	114693128.00
2016/06/22	32.94	34.11	32.92	33.90	2647176	88831528.00
2016/06/23	34.25	34.84	33.38	34.54	4368859	149918880.00
2016/06/24	34.54	34.82	32.44	33.96	4938403	168075440.00
2016/06/27	33.34	35.90	33.34	35.54	5861094	204539248.00
2016/06/28	35.24	36.59	35.05	36.34	6580108	236574944.00
2016/06/29	36.52	37.11	35.69	35.91	5339095	194044576.00
2016/06/30	35.92	36.23	35.36	36.20	3792837	136033792.00
2016/07/01	36.25	36.42	35.40	35.45	3514803	125999208.00
2016/07/04	35.24	36.32	35.17	35.99	3720126	133960552.00
2016/07/05	36.00	36.38	35.49	35.93	3144585	112938792.00
2016/07/06	35.93	35.93	35.46	35.72	2720993	97121304.00
2016/07/07	35.82	35.85	34.55	35.30	4148719	146392752.00
2016/07/08	35.32	35.78	34.64	35.54	4208901	149462736.00
2016/07/11	35.59	35.88	34.89	35.08	4367255	155501168.00
2016/07/12	34.88	35.62	33.49	35.61	5385653	186693888.00
2016/07/13	35.67	36.69	35.20	36.35	7493727	270910176.00
2016/07/14	36.32	36.81	35.95	36.43	4437216	161325728.00
2016/07/15	36.54	36.79	35.67	35.71	3829674	138339488.00
2016/07/18	35.52	35.64	34.56	34.61	4880233	170637856.00
2016/07/19	34.66	35.34	34.44	35.28	3149862	110530752.00
2016/07/20	35.20	35.79	35.05	35.42	3155686	112112224.00
2016/07/21	35.63	36.09	35.08	35.82	4255777	151997440.00
2016/07/22	35.54	36.56	35.39	36.53	6076369	219802736.00
2016/07/25	36.80	37.93	36.53	36.67	7824623	291320864.00
2016/07/26	36.50	37.50	36.20	37.22	5589525	206607536.00
2016/07/27	37.13	37.59	33.94	34.09	7893828	281993952.00
2016/07/28	34.09	34.43	32.38	32.93	5623735	187105920.00
2016/07/29	33.14	33.91	32.14	32.19	3947770	129097824.00
2016/08/01	31.95	32.81	30.46	32.16	4103878	129136136.00
2016/08/02	32.17	32.36	31.96	32.17	2219760	71556872.00
2016/08/03	32.07	32.32	31.40	31.62	2896324	92067664.00
2016/08/04	31.69	31.93	31.38	31.62	3395253	107709848.00
2016/08/05	31.66	31.78	31.14	31.35	2660385	83787176.00
2016/08/08	31.37	31.66	30.96	31.66	2657314	83435928.00
2016/08/09	31.65	32.32	31.49	32.32	3483463	111351368.00
2016/08/10	32.32	32.60	31.94	32.06	2644204	85356608.00
2016/08/11	32.06	32.19	31.42	31.43	2322554	73734232.00
2016/08/12	31.14	31.62	31.05	31.54	2769359	87112168.00
2016/08/15	31.53	32.49	31.02	32.38	5817485	186965008.00
2016/08/16	32.44	32.78	32.27	32.50	3757711	122317144.00
2016/08/17	32.31	32.52	32.06	32.46	3357553	108669896.00
2016/08/18	32.44	34.14	32.19	33.16	5926848	196778720.00
2016/08/19	32.89	33.01	32.59	32.80	3151894	103625984.00
2016/08/22	32.87	33.04	31.70	31.74	2856568	92731112.00
2016/08/23	31.90	32.01	31.38	31.69	2730455	86845680.00
2016/08/24	31.77	32.24	31.70	31.90	2285554	73098336.00
2016/08/25	31.54	31.54	30.74	31.23	3416429	106433200.00
2016/08/26	31.27	31.74	31.26	31.37	3217102	101455216.00
2016/08/29	31.33	31.52	31.18	31.32	1971818	61977496.00
2016/08/30	31.40	31.71	31.32	31.51	2299599	72524168.00
2016/08/31	31.57	31.59	31.01	31.52	2179267	68327184.00
2016/09/01	31.51	31.57	31.07	31.10	1845103	58001820.00
2016/09/02	31.14	31.39	30.94	31.06	2185432	68089088.00
2016/09/05	31.24	31.41	31.07	31.09	1629482	50992060.00
2016/09/06	31.16	31.69	30.55	31.58	3406374	106555712.00
2016/09/07	31.59	31.66	31.08	31.16	3284908	103411576.00
2016/09/08	31.19	31.51	31.16	31.39	2483053	77953776.00
2016/09/09	31.42	31.44	31.03	31.04	2088513	65223612.00
2016/09/12	30.42	30.50	29.48	29.48	3698746	111467008.00
2016/09/13	29.51	29.84	29.34	29.59	2159139	63997028.00
2016/09/14	29.48	29.80	29.14	29.64	1405717	41645916.00
2016/09/19	29.84	30.47	29.79	29.94	2383126	71798072.00
2016/09/20	29.95	30.14	29.74	29.85	1356223	40589992.00
2016/09/21	29.94	30.23	29.82	30.10	1604532	48282936.00
2016/09/22	30.34	30.36	29.86	29.89	1788651	53885648.00
2016/09/23	30.02	30.02	29.64	29.65	1441971	43007644.00
2016/09/26	29.72	30.60	28.94	30.60	3293669	97788928.00
2016/09/27	30.39	32.47	30.34	32.16	11186577	357329184.00
2016/09/28	31.74	32.94	31.20	32.59	7442222	236997088.00
2016/09/29	32.14	32.44	31.79	31.92	4760352	153104256.00
2016/09/30	31.96	32.45	31.80	31.85	4784105	153882976.00
2016/10/10	32.08	32.84	31.59	32.60	5460750	176586336.00
2016/10/11	32.75	32.75	31.90	32.15	4559094	147007184.00
2016/10/12	31.98	31.99	31.68	31.89	2917568	92960440.00
2016/10/13	31.89	32.39	31.74	32.03	3649297	117215880.00
2016/10/14	31.83	31.84	31.20	31.44	3191694	100309416.00
2016/10/17	31.53	31.64	30.99	31.02	2510539	78687872.00
2016/10/18	31.04	31.63	31.02	31.57	2666875	83841720.00
2016/10/19	31.61	31.69	31.16	31.42	2346638	73884360.00
2016/10/20	31.42	31.69	31.24	31.58	2566463	80933696.00
2016/10/21	31.56	31.56	29.94	30.84	3415114	106033616.00
2016/10/24	30.78	31.14	30.44	30.89	2594442	80108088.00
2016/10/25	30.82	31.09	30.70	30.98	1779617	55123216.00
2016/10/26	31.00	31.15	30.42	30.62	2577022	79196512.00
2016/10/27	30.51	30.87	30.35	30.79	1873002	57539236.00
2016/10/28	30.60	30.83	30.02	30.02	3679274	111838440.00
2016/10/31	30.02	30.07	29.60	29.78	2656256	79191408.00
2016/11/01	29.79	30.24	29.78	30.15	2485611	74685376.00
2016/11/02	30.14	30.14	29.64	29.79	2130314	63693308.00
2016/11/03	29.44	30.31	29.44	30.04	2697106	81049768.00
2016/11/04	30.05	30.24	29.96	30.07	2357871	71067152.00
2016/11/07	29.89	30.06	29.77	29.85	1651692	49486820.00
2016/11/08	30.06	30.29	29.95	30.25	2131003	64414608.00
2016/11/09	30.27	30.32	29.44	29.82	3059435	91445728.00
2016/11/10	30.14	30.32	29.95	30.23	2481017	74918552.00
2016/11/11	30.34	30.51	30.03	30.51	2464081	74695656.00
2016/11/14	30.54	31.30	30.51	30.91	3960811	122907544.00
2016/11/15	30.82	31.30	30.47	31.18	3368313	104222480.00
2016/11/16	31.20	31.61	30.99	31.01	4079696	127824216.00
2016/11/17	30.94	30.94	30.37	30.47	2387675	73075344.00
2016/11/18	30.47	30.67	30.35	30.48	1535684	46946980.00
2016/11/21	30.62	30.62	30.14	30.32	2453780	74623232.00
2016/11/22	30.44	31.45	30.20	31.45	4023570	123725840.00
2016/11/23	31.52	31.89	31.14	31.54	8714638	275615424.00
2016/11/24	31.29	31.62	30.89	30.96	3469572	108543024.00
2016/11/25	30.95	32.79	30.44	31.99	7353613	233741328.00
2016/11/28	32.00	32.66	31.64	32.29	7481227	241842656.00
2016/11/29	32.12	32.71	31.82	32.04	6884297	222519520.00
2016/11/30	31.82	34.94	31.74	33.84	14353150	481116832.00
2016/12/01	33.74	34.79	33.27	33.88	11618814	395757632.00
2016/12/02	33.49	34.44	32.62	32.72	8901844	299756224.00
2016/12/05	32.25	34.84	32.02	34.63	12495970	425155392.00
2016/12/06	34.63	34.88	33.37	33.68	9297326	317120288.00
2016/12/07	33.52	34.17	32.94	34.14	7192692	241544416.00
2016/12/08	33.87	34.12	32.62	32.62	7321845	243649344.00
2016/12/09	32.24	33.27	32.15	32.63	5506686	180850000.00
2016/12/12	32.44	32.63	29.43	30.04	9772026	300998272.00
2016/12/13	29.45	29.84	28.24	28.79	6114604	177111120.00
2016/12/14	28.80	29.10	28.00	28.12	4539016	129156464.00
2016/12/15	28.09	28.88	27.95	28.59	3795598	108654504.00
2016/12/16	28.44	29.10	28.37	28.69	3430756	98628768.00
2016/12/19	28.60	28.71	28.24	28.30	2236539	63561004.00
2016/12/20	28.33	28.70	28.22	28.54	2048505	58441176.00
2016/12/21	28.69	28.92	28.49	28.64	3033440	87247784.00
2016/12/22	28.84	28.84	28.26	28.33	2580275	73460168.00
2016/12/23	28.30	28.57	28.04	28.11	2576154	73080776.00
2016/12/26	27.93	28.01	26.94	27.84	3922039	107448912.00
2016/12/27	27.79	27.88	27.51	27.54	2535509	70205000.00
2016/12/28	27.62	27.80	27.16	27.60	1908600	52500764.00
2016/12/29	27.50	27.82	27.23	27.27	1812139	49892808.00
2016/12/30	27.36	27.54	27.03	27.29	1799683	49140272.00
2017/01/03	27.19	27.73	27.19	27.39	1356489	37248732.00
2017/01/04	27.46	27.73	27.25	27.68	3050357	84293712.00
2017/01/05	27.76	27.82	27.31	27.37	3128581	86168920.00
2017/01/06	27.20	27.39	26.37	26.42	4885801	130790056.00
2017/01/09	26.23	27.03	25.88	26.32	2895686	76139304.00
2017/01/10	26.24	26.63	25.94	25.94	2757875	72800944.00
2017/01/11	25.74	26.22	25.64	25.84	3075118	79953688.00
2017/01/12	25.85	26.14	25.70	25.99	2426326	63156392.00
2017/01/13	26.04	26.08	24.45	24.62	3628333	91645168.00
2017/01/16	24.52	24.59	22.15	22.82	6448760	149945936.00
2017/01/17	22.69	23.93	21.97	23.30	4738259	109292648.00
2017/01/18	23.22	23.22	22.60	22.71	2626181	60138496.00
2017/01/19	22.65	23.07	22.10	22.51	2606481	59155996.00
2017/01/20	22.48	23.84	22.46	23.37	5882236	137925456.00
2017/01/23	23.26	23.78	23.14	23.54	3571084	84356712.00
2017/01/24	23.59	23.59	23.24	23.29	1694340	39638068.00
2017/01/25	23.24	23.59	23.05	23.42	1390679	32619160.00
2017/01/26	23.44	23.73	23.36	23.56	1745979	41299648.00
2017/02/03	23.56	23.64	23.21	23.34	1228303	28770844.00
2017/02/06	23.73	24.41	23.59	24.37	4337034	105194064.00
2017/02/07	24.25	24.25	23.58	23.95	2848245	68253320.00
2017/02/08	24.03	24.14	23.61	24.05	2632771	63075976.00
2017/02/09	24.12	24.29	23.87	24.16	2301117	55673600.00
2017/02/10	24.15	24.28	23.85	23.89	2745578	65996812.00
2017/02/13	23.91	24.26	23.64	24.22	2766719	66704648.00
2017/02/14	24.29	24.29	23.84	24.09	1789658	43060976.00
2017/02/15	24.13	24.24	23.39	23.39	2547359	60644136.00
2017/02/16	23.45	23.45	23.00	23.19	2425812	56418244.00
2017/02/17	23.24	23.38	22.79	22.85	2323242	53660212.00
2017/02/20	22.92	23.14	22.66	23.13	1963295	45129364.00
2017/02/21	23.13	24.18	23.05	23.98	4884930	116741192.00
2017/02/22	24.08	24.08	23.72	24.07	3051893	73139288.00
2017/02/23	24.07	24.98	23.62	24.72	6244647	152110256.00
2017/02/24	24.64	24.94	24.47	24.73	3879940	96109856.00
2017/02/27	24.74	24.78	24.09	24.12	3264837	80044960.00
2017/02/28	24.23	24.37	23.98	24.25	2230127	53978968.00
2017/03/01	24.18	24.39	23.97	24.00	3402343	82328544.00
2017/03/02	24.08	24.11	23.04	23.31	5056708	119720168.00
2017/03/03	23.28	23.62	23.04	23.53	3244514	76072664.00
2017/03/06	23.62	24.42	23.55	24.32	5011238	121020856.00
2017/03/07	24.40	24.82	24.17	24.56	5115027	125665872.00
2017/03/08	24.64	24.73	24.14	24.30	3314270	81091576.00
2017/03/09	24.33	25.44	24.14	24.92	7565868	188597216.00
2017/03/10	24.64	24.85	24.24	24.30	4414036	108640856.00
2017/03/13	24.31	24.53	23.95	24.42	3203407	78008440.00
2017/03/14	24.47	24.50	24.02	24.06	3145411	76356112.00
2017/03/15	24.05	24.06	23.63	23.72	4043636	96590936.00
2017/03/16	23.64	24.25	23.64	24.25	3621260	87214824.00
2017/03/17	24.25	24.77	23.89	23.90	6179753	151059936.00
2017/03/20	23.83	24.39	23.68	24.37	3220801	77600720.00
2017/03/21	24.37	24.44	24.06	24.24	2891000	70138520.00
2017/03/22	24.02	24.12	23.62	23.65	4512104	107615024.00
2017/03/23	24.97	26.02	24.97	26.02	5372248	138606304.00
2017/03/24	27.54	27.82	26.33	27.16	24417309	660973952.00
2017/03/27	26.94	26.94	26.17	26.22	10454958	277775456.00
2017/03/28	26.18	27.24	26.18	26.44	9952478	267287312.00
2017/03/29	26.19	26.44	25.46	25.54	7786690	201962400.00
2017/03/30	25.72	26.53	25.46	25.47	7711911	200477280.00
2017/03/31	25.47	26.14	25.12	25.72	5785272	148496368.00
2017/04/05	25.39	26.49	25.39	26.29	6158378	160621040.00
2017/04/06	26.19	26.55	25.87	25.93	5090895	132926816.00
2017/04/07	25.85	26.03	25.24	25.34	5281291	135163552.00
2017/04/10	25.34	25.43	23.64	23.67	7074857	173736912.00
2017/04/11	23.41	24.44	23.26	24.08	4420325	105795016.00
2017/04/12	24.01	24.34	23.44	23.67	2739894	65681028.00
2017/04/13	23.92	24.32	23.60	23.96	3157706	76143496.00
2017/04/14	23.83	23.96	23.54	23.76	2820729	66996828.00
2017/04/17	23.72	24.14	23.51	23.78	2456682	58737168.00
2017/04/18	23.78	23.93	22.94	23.14	4511734	105716944.00
2017/04/19	22.99	23.53	22.26	23.34	4279287	98043888.00
2017/04/20	23.17	23.66	22.95	23.66	2309659	54119540.00
2017/04/21	23.49	24.24	23.49	23.74	3273521	78517184.00
2017/04/24	23.57	24.26	22.88	23.89	3844599	91775672.00
2017/04/25	23.89	24.54	23.82	24.34	4448176	108031896.00
2017/04/26	24.21	24.22	23.45	23.50	4638683	110727096.00
2017/04/27	23.40	24.71	22.54	24.70	8756912	208814624.00
2017/04/28	24.62	25.92	24.40	25.60	9560624	242407520.00
2017/05/02	25.54	26.07	24.99	25.76	7530061	193399776.00
2017/05/03	25.64	25.84	25.14	25.65	5213744	133043120.00
2017/05/04	25.45	26.28	25.01	25.72	7519920	194834304.00
2017/05/05	25.39	26.70	25.24	26.04	10487542	275400416.00
2017/05/08	26.05	27.17	25.82	26.44	10799892	288513536.00
2017/05/09	26.05	26.79	25.39	26.61	8673507	227928400.00
2017/05/10	26.64	27.02	25.66	25.72	8648150	227052448.00
2017/05/11	25.14	27.06	24.74	27.04	11097141	286121760.00
2017/05/12	27.12	27.29	26.59	26.87	10308649	278342048.00
2017/05/15	26.94	27.12	25.79	25.96	8492194	224662320.00
2017/05/16	25.67	28.56	25.25	28.52	20429222	560644480.00
2017/05/17	28.11	28.61	27.79	27.85	13311635	375162208.00
2017/05/18	27.59	28.34	27.56	28.04	10293690	288681696.00
2017/05/19	27.94	28.19	27.12	27.76	8100567	224234816.00
2017/05/22	27.64	28.32	27.46	27.81	7963338	222521136.00
2017/05/23	27.82	27.82	25.09	25.15	13659664	361503840.00
2017/05/24	24.82	26.29	23.62	26.05	10650652	266692784.00
2017/05/25	25.88	26.65	25.19	26.22	8560555	222702880.00
2017/05/26	26.34	26.52	25.74	25.74	5715235	149543456.00
2017/05/31	26.07	26.51	25.54	25.54	5586549	146130864.00
2017/06/01	25.37	26.32	25.07	25.44	6091746	157290320.00
2017/06/02	25.01	26.32	24.16	26.30	8857846	225491152.00
2017/06/05	26.54	28.54	26.38	27.09	14032990	384759648.00
2017/06/06	27.00	27.50	26.83	27.34	8187195	223398288.00
2017/06/07	27.39	28.74	27.15	28.15	13697842	384876160.00
2017/06/08	28.04	28.64	27.74	28.35	9610540	271337600.00
2017/06/09	28.21	28.48	27.65	27.81	9071934	254068800.00
2017/06/12	27.49	27.77	27.24	27.34	6055214	166777136.00
2017/06/13	27.25	28.86	27.25	28.36	13111044	372542624.00
2017/06/14	28.24	28.76	28.02	28.38	9557863	271961984.00
2017/06/15	27.70	28.99	27.51	28.52	13903717	393826560.00
2017/06/16	28.60	28.76	27.96	27.98	7865060	221592608.00
2017/06/19	27.75	28.09	27.44	27.95	5684282	158088464.00
2017/06/20	27.89	28.55	27.31	27.38	9680195	270525056.00
2017/06/21	27.32	27.70	26.58	27.16	9103525	246897696.00
2017/06/22	27.14	27.36	26.41	26.55	7127933	192414336.00
2017/06/23	26.40	27.07	26.19	27.06	6929736	184622016.00
2017/06/26	26.99	27.66	26.62	27.65	7735285	210877360.00
2017/06/27	27.72	27.77	27.25	27.42	5577557	153455440.00
2017/06/28	27.22	27.41	26.81	27.22	4798383	129932744.00
2017/06/29	27.22	28.20	27.01	28.03	8631165	239275264.00
2017/06/30	27.93	28.29	27.75	27.85	6200271	173505120.00
2017/07/03	27.75	28.29	27.56	28.18	6990923	195753584.00
2017/07/04	28.01	28.28	27.77	27.78	5032285	140650864.00
2017/07/05	27.59	27.79	27.22	27.75	6606310	181470464.00
2017/07/06	27.75	27.78	26.85	26.94	7133395	194241024.00
2017/07/07	26.85	27.34	26.68	27.11	4940329	133756528.00
2017/07/10	26.98	26.98	26.47	26.58	5763605	153699920.00
2017/07/11	26.47	26.84	26.23	26.25	4510730	119857680.00
2017/07/12	26.21	26.66	25.39	26.66	7085582	183995200.00
2017/07/13	26.60	26.62	26.22	26.52	3587432	94777752.00
2017/07/14	26.81	27.08	26.51	26.82	7103286	190444144.00
2017/07/17	26.88	26.89	24.30	24.85	7873346	201131552.00
2017/07/18	24.85	25.46	24.51	25.24	5822671	146211424.00
2017/07/19	25.00	25.34	24.50	25.31	6348755	158265776.00
2017/07/20	25.43	25.89	25.10	25.15	7395748	188637952.00
2017/07/21	24.91	27.49	24.70	27.12	16351784	430189760.00
2017/07/24	26.80	29.77	26.55	29.46	25482384	725595584.00
2017/07/25	29.09	29.90	28.65	28.95	16350153	476216320.00
2017/07/26	28.80	31.20	28.77	29.99	23510116	713857792.00
2017/07/27	30.20	32.99	29.70	32.99	34624090	1114183936.00
2017/07/28	34.00	34.35	32.99	33.22	40990695	1377260288.00
2017/07/31	32.61	33.59	31.90	33.22	25159906	824184000.00
2017/08/01	32.90	34.33	32.39	32.79	22463373	747950208.00
2017/08/02	32.13	32.48	31.15	31.49	23437409	742008384.00
2017/08/03	31.36	33.98	31.12	32.20	28578232	933481984.00
2017/08/04	32.00	32.75	31.66	32.74	16849877	542655232.00
2017/08/07	32.54	35.33	32.44	33.88	25886672	881362624.00
2017/08/08	33.40	37.20	32.91	36.34	31102151	1077384960.00
2017/08/09	35.60	37.34	35.50	35.89	25630073	928202816.00
2017/08/10	35.51	36.32	34.70	34.92	18887290	668014016.00
2017/08/11	34.05	35.84	34.05	34.84	19502190	683923904.00
2017/08/14	34.83	36.39	34.40	35.89	16258386	576484352.00
2017/08/15	36.01	36.19	34.77	35.01	14174229	500071168.00
2017/08/16	34.90	35.96	34.69	35.17	18782184	663979904.00
2017/08/17	34.73	34.75	33.75	33.99	20764451	709212928.00
2017/08/18	32.89	32.89	30.75	31.38	25433432	808119040.00
2017/08/21	31.30	31.77	31.20	31.75	10258800	324124128.00
2017/08/22	31.87	32.69	31.38	32.25	12311603	395966912.00
2017/08/23	32.13	32.20	31.54	31.60	7264051	231371488.00
2017/08/24	31.82	33.18	31.51	32.45	13843207	450702528.00
2017/08/25	32.45	32.99	32.10	32.50	11264697	366678528.00
2017/08/28	32.50	33.33	32.28	32.79	13035612	427287584.00
2017/08/29	32.58	32.69	31.33	31.37	13729043	438674880.00
2017/08/30	31.34	32.08	31.21	31.63	8469726	269020640.00
2017/08/31	31.60	32.50	31.50	32.35	9642105	309271424.00
2017/09/01	32.11	32.70	31.63	32.39	11139241	357543072.00
2017/09/04	32.23	32.85	31.86	32.35	10938229	353918208.00
2017/09/05	32.88	34.53	32.85	33.83	19870112	669450496.00
2017/09/06	33.81	34.18	33.18	34.16	12718782	427607936.00
2017/09/07	34.00	34.97	33.21	33.22	15095888	513554048.00
2017/09/08	32.96	33.10	32.10	32.30	10456754	340339808.00
2017/09/11	31.80	32.59	31.70	32.28	6234895	200580880.00
2017/09/12	32.35	32.66	31.80	32.32	7845205	252341216.00
2017/09/13	32.20	32.24	31.86	32.07	4714958	150989760.00
2017/09/14	31.90	32.56	31.90	32.31	5060869	163149296.00
2017/09/15	32.33	32.43	31.60	31.78	5086200	162204496.00
2017/09/18	31.61	31.96	31.50	31.83	3820471	121087696.00
2017/09/19	31.70	32.35	31.65	31.95	5962696	191070672.00
2017/09/20	31.97	32.06	31.23	31.89	5176000	163816928.00
2017/09/21	31.80	31.94	31.10	31.10	5396437	170389312.00
2017/09/22	30.98	30.98	29.78	29.92	7660000	231263872.00
2017/09/25	29.65	30.47	29.51	29.84	3871999	116481280.00
2017/09/26	29.85	30.12	29.71	30.04	2879868	86084960.00
2017/09/27	30.18	30.59	29.90	30.31	4248765	128386456.00
2017/09/28	30.32	30.55	30.00	30.00	3581073	108365976.00
2017/09/29	29.85	31.27	29.85	31.24	6837833	209603840.00
2017/10/09	31.40	31.85	30.97	31.77	7694828	242829440.00
2017/10/10	31.90	32.20	31.40	32.18	8234282	262668688.00
2017/10/11	32.00	32.48	31.26	31.32	7260141	231305376.00
2017/10/12	31.01	31.80	30.80	31.70	5988393	187839296.00
2017/10/13	31.77	32.43	31.40	32.37	10429039	334925984.00
2017/10/16	32.28	32.29	30.68	30.68	7903700	249925024.00
2017/10/17	30.68	31.18	30.30	30.84	4002896	123323624.00
2017/10/18	30.85	31.00	29.61	29.66	5539914	168142480.00
2017/10/19	29.70	30.24	29.70	30.00	4763016	142780848.00
2017/10/20	30.07	31.40	30.03	31.18	7902016	243954576.00
2017/10/23	31.47	31.88	31.06	31.29	5940910	186420272.00
2017/10/24	31.45	31.48	30.36	30.81	5310463	163252576.00
2017/10/25	30.73	31.08	30.55	30.98	4110861	126908160.00
2017/10/26	31.01	31.20	30.71	30.98	4536365	140596336.00
2017/10/27	30.90	30.99	29.91	30.15	5848220	177635424.00
2017/10/30	30.01	30.04	28.40	28.47	7190903	207980480.00
2017/10/31	28.78	28.86	28.51	28.78	3179400	91149832.00
2017/11/01	28.78	29.06	28.51	28.73	3138936	90468992.00
2017/11/02	28.68	28.68	27.80	27.87	5343600	150424352.00
2017/11/03	27.93	28.14	26.83	27.11	4881626	134521232.00
2017/11/06	27.18	27.87	27.02	27.85	3657431	100610160.00
2017/11/07	27.87	27.95	27.46	27.78	2818101	77951232.00
2017/11/08	27.62	28.47	27.62	27.93	4514832	127100992.00
2017/11/09	27.81	28.22	27.54	28.06	3058634	85574224.00
2017/11/10	28.10	28.42	27.77	28.40	4896240	137929424.00
2017/11/13	28.48	28.68	28.12	28.67	4545206	128779560.00
2017/11/14	28.43	28.44	27.40	27.47	5976334	167274128.00
2017/11/15	27.47	27.98	27.30	27.52	3500680	96779704.00
2017/11/16	27.47	27.47	26.83	26.83	3644297	98894480.00
2017/11/17	26.83	27.13	24.88	25.01	6852783	177046176.00
2017/11/20	24.80	25.52	24.68	25.40	3833636	96268784.00
2017/11/21	25.38	25.95	25.23	25.74	3877003	99558672.00
2017/11/22	25.89	26.48	25.30	25.88	4517975	117130392.00
2017/11/23	25.77	26.38	25.50	25.68	4062400	105194184.00
2017/11/24	25.30	25.60	24.89	25.18	3390806	85768760.00
2017/11/27	25.20	26.48	24.92	25.88	6714850	174391904.00
2017/11/28	25.80	26.29	25.60	26.25	4613905	119968976.00
2017/11/29	26.01	26.20	25.83	26.09	3549190	92247448.00
2017/11/30	26.10	26.10	25.26	25.30	3695900	94785104.00
2017/12/01	25.00	26.20	25.00	26.02	4677650	121005128.00
2017/12/04	26.19	26.19	25.30	25.32	3437501	88472464.00
2017/12/05	25.11	25.64	24.90	25.13	3374437	85343376.00
2017/12/06	25.00	25.98	24.88	25.94	4372349	111189912.00
2017/12/07	25.85	26.43	25.70	26.21	5564585	145164288.00
2017/12/08	26.21	26.76	26.02	26.42	5876704	155432208.00
2017/12/11	26.92	27.09	26.16	26.38	6354695	168839888.00
2017/12/12	26.30	26.30	25.79	25.79	4600325	119825336.00
2017/12/13	25.70	26.10	25.55	25.83	2710700	69952208.00
2017/12/14	25.80	25.86	25.32	25.44	3016200	76967584.00
2017/12/15	25.30	25.67	25.30	25.61	2803042	71444224.00
2017/12/18	25.50	25.62	25.12	25.20	2341738	59244440.00
2017/12/19	25.21	26.15	25.21	26.05	5367645	138788768.00
2017/12/20	26.00	26.09	25.65	25.70	3376637	87210408.00
2017/12/21	25.65	26.04	25.38	25.94	3040151	78598720.00
2017/12/22	25.69	25.92	25.44	25.56	2479445	63696352.00
2017/12/25	25.44	25.45	24.72	24.75	3789399	94736128.00
2017/12/26	24.75	25.03	24.70	24.95	2005000	49886980.00
2017/12/27	25.00	25.06	24.73	24.74	2023141	50238508.00
2017/12/28	24.72	25.08	24.52	24.65	2678000	66504920.00
2017/12/29	24.60	24.86	23.35	23.84	5140548	124225632.00
2018/01/02	23.70	24.00	23.64	23.93	3007900	71816520.00
2018/01/03	23.93	24.49	23.67	24.45	3832100	92565072.00
2018/01/04	24.45	24.85	24.27	24.43	3719953	91279128.00
2018/01/05	24.36	24.60	24.29	24.41	2240803	54766592.00
2018/01/08	24.31	24.94	23.93	24.92	4428182	108585440.00
2018/01/09	24.75	24.87	24.51	24.65	3059709	75499528.00
2018/01/10	24.57	24.64	23.71	24.06	4116392	99387328.00
2018/01/11	23.91	25.25	23.91	25.06	6243129	154451632.00
2018/01/12	25.03	25.07	24.50	24.55	3714930	91776712.00
2018/01/15	24.40	24.40	23.51	23.58	3871753	92813040.00
2018/01/16	23.56	24.15	23.55	23.84	2449289	58339636.00
2018/01/17	23.75	26.22	23.55	25.19	10538218	264568080.00
2018/01/18	25.00	25.63	24.92	25.07	6510043	164128336.00
2018/01/19	25.19	25.76	25.19	25.31	6238386	158726416.00
2018/01/22	25.38	27.40	25.22	26.50	10536321	279235360.00
2018/01/23	26.27	26.98	26.16	26.63	6492517	172210160.00
2018/01/24	26.59	27.98	26.03	27.57	12536886	342631552.00
2018/01/25	27.40	28.34	27.00	27.00	12258993	338662880.00
2018/01/26	26.95	27.49	26.70	26.84	7284719	196923776.00
2018/01/29	26.75	27.27	26.16	27.10	7323520	196809920.00
2018/01/30	27.00	27.30	26.58	26.86	5777905	155655264.00
2018/01/31	26.86	26.86	25.51	25.79	6792101	176316096.00
2018/02/01	25.87	26.46	25.60	25.91	7515548	195739616.00
2018/02/02	25.94	25.95	23.32	24.04	10069895	242937520.00
2018/02/05	23.24	23.60	22.82	23.05	5979660	138672320.00
2018/02/06	22.20	22.20	20.75	20.75	7921827	169936240.00
2018/02/07	21.27	21.57	20.50	21.18	5983853	127011000.00
2018/02/08	21.30	21.96	20.80	21.62	5342500	115708280.00
2018/02/09	20.99	21.54	20.60	21.02	5072473	106920768.00
2018/02/12	21.30	21.99	21.16	21.72	4681849	101185760.00
2018/02/13	21.62	21.78	21.30	21.31	4891677	105033136.00
2018/02/14	21.29	21.43	21.00	21.05	2994755	63227756.00
2018/02/22	21.36	21.54	21.05	21.50	3781100	80831152.00
2018/02/23	21.50	21.65	21.22	21.43	3189600	68385496.00
2018/02/26	21.58	22.54	21.40	22.50	6994899	154040464.00
2018/02/27	22.36	22.71	22.21	22.40	5870915	131701744.00
2018/02/28	22.10	23.17	22.01	22.89	7260041	164894016.00
2018/03/01	22.50	23.69	22.45	23.63	8076841	186900592.00
2018/03/02	23.43	24.56	23.31	23.63	10751392	257739232.00
2018/03/05	23.53	23.95	23.30	23.76	6580200	155257712.00
2018/03/06	23.76	24.28	23.40	23.54	8203300	195507680.00
2018/03/07	23.39	23.49	22.92	22.94	6188521	142860976.00
2018/03/08	22.78	23.45	22.78	23.29	5230326	121684256.00
2018/03/09	23.29	25.17	23.23	25.00	13850091	334477952.00
2018/03/12	25.07	25.77	24.92	25.09	12593329	317867008.00
2018/03/13	25.24	26.10	24.70	25.35	11400003	289316000.00
2018/03/14	25.09	25.33	24.51	24.53	6975089	173728976.00
2018/03/15	24.25	24.96	24.18	24.96	7103602	174475120.00
2018/03/16	24.86	25.00	24.38	24.38	5868553	144920672.00
2018/03/19	24.32	25.00	23.76	24.63	6435214	158108032.00
2018/03/20	24.26	25.00	24.01	25.00	6432817	157520288.00
2018/03/21	25.05	25.60	24.21	24.24	8511100	212522896.00
2018/03/22	24.15	24.72	24.03	24.10	5958603	145332160.00
2018/03/23	23.09	23.30	21.69	21.76	10252016	231038096.00
2018/03/26	21.44	22.45	21.02	22.45	5809204	126796880.00
2018/03/27	22.74	23.55	22.74	23.23	7173026	165575360.00
2018/03/28	22.90	23.46	22.68	23.00	6418163	148795424.00
2018/03/29	23.16	23.86	23.16	23.53	6855683	161594048.00
2018/03/30	23.51	24.64	23.51	24.47	8282516	200801152.00
2018/04/02	24.80	25.00	24.22	24.49	8164000	201092256.00
2018/04/03	24.07	24.30	23.60	24.30	6631699	158703632.00
2018/04/04	24.53	24.60	23.35	23.42	6234600	149561696.00
2018/04/09	23.11	23.94	23.06	23.65	4238800	100004664.00
2018/04/10	23.30	23.35	22.10	22.63	9994248	225188576.00
2018/04/11	22.63	23.10	22.55	22.81	5599003	127946096.00
2018/04/12	22.89	24.14	22.60	23.98	11181949	263371504.00
2018/04/13	26.38	26.38	26.00	26.38	27552029	726142016.00
2018/04/16	25.69	26.00	25.00	25.40	22675951	578859136.00
2018/04/17	25.68	26.60	25.10	25.36	18797022	486091104.00
2018/04/18	25.20	26.30	24.10	26.03	17008160	430368864.00
2018/04/19	25.70	25.89	25.02	25.11	12357221	314583552.00
2018/04/20	24.76	24.78	23.30	23.39	11620015	280737280.00
2018/04/23	22.95	23.80	22.67	23.02	7878266	182362864.00
2018/04/24	23.08	23.77	23.02	23.66	6375481	149726192.00
2018/04/25	23.29	24.37	23.29	24.20	8377239	200836912.00
2018/04/26	24.28	24.30	23.00	23.02	7002501	165343104.00
2018/04/27	23.20	23.44	22.90	23.18	4740203	109926256.00
2018/05/02	23.06	23.06	21.46	22.09	8653308	191982720.00
2018/05/03	22.09	22.81	21.65	22.80	5028920	111889336.00
2018/05/04	22.80	22.95	22.22	22.29	3826000	86320992.00
2018/05/07	22.32	22.97	22.29	22.79	4182470	95200032.00
2018/05/08	22.79	23.16	22.55	22.99	4401290	100707344.00
2018/05/09	22.85	23.19	22.75	22.92	3725003	85448520.00
2018/05/10	22.92	23.15	22.37	22.71	4708540	106947448.00
2018/05/11	22.79	22.80	22.11	22.13	4352400	97323712.00
2018/05/14	22.14	22.66	22.00	22.00	3535803	78717416.00
2018/05/15	22.13	22.46	21.82	22.43	3781125	83774848.00
2018/05/16	22.35	22.35	22.00	22.00	2758813	61115744.00
2018/05/17	22.00	22.07	21.66	21.77	3037251	66278720.00
2018/05/18	21.84	22.31	21.78	22.23	2984100	65694976.00
2018/05/21	22.31	22.68	22.26	22.53	3912999	88076240.00
2018/05/22	22.42	22.59	22.25	22.58	4108615	92273712.00
2018/05/23	22.73	22.82	22.37	22.41	4127200	93303896.00
2018/05/24	22.32	22.58	22.20	22.20	2697100	60360472.00
2018/05/25	22.20	22.33	21.75	21.81	3521000	77119624.00
2018/05/28	21.80	22.06	21.40	21.86	2623600	57207040.00
2018/05/29	22.00	22.16	21.55	21.58	2634918	57463712.00
2018/05/30	21.20	21.20	20.10	20.12	4367400	90130168.00
2018/05/31	20.30	20.49	19.86	20.13	3940900	79254296.00
2018/06/01	19.90	19.90	19.06	19.21	4713974	91182056.00
2018/06/04	19.30	19.42	19.02	19.10	2426100	46656396.00
2018/06/05	19.16	19.49	19.16	19.48	2792944	54022152.00
2018/06/06	19.49	19.49	19.12	19.28	2436311	47017892.00
2018/06/07	19.38	19.38	19.05	19.06	2334801	44717316.00
2018/06/08	19.00	19.00	18.05	18.25	4294144	78775272.00
2018/06/11	18.10	18.38	17.81	18.27	2547900	46188132.00
2018/06/12	18.25	18.43	17.88	18.36	2387150	43486820.00
2018/06/13	18.25	18.35	17.63	17.63	2593430	46604168.00
2018/06/14	17.58	17.95	17.40	17.73	2163800	38471500.00
2018/06/15	17.70	17.86	16.80	16.84	3380957	58084948.00
2018/06/19	16.70	16.70	15.16	15.16	4343592	68460048.00
2018/06/20	14.76	15.58	14.76	15.46	3471097	53134100.00
2018/06/21	15.49	15.60	14.75	14.75	2958900	44684424.00
2018/06/22	14.68	15.29	14.51	15.18	2888068	43584288.00
2018/06/25	15.30	15.46	15.03	15.11	2290442	34955380.00
2018/06/26	14.86	15.98	14.76	15.60	4491749	69792208.00
2018/06/27	15.51	15.80	15.41	15.51	2769800	43246016.00
2018/06/28	15.53	16.16	15.47	15.53	3841508	60644176.00
2018/06/29	15.52	16.45	15.52	16.44	4703640	75559208.00
2018/07/02	16.44	16.44	15.68	15.89	4074030	65493660.00
2018/07/03	15.96	16.35	15.70	16.30	3898609	62530564.00
2018/07/04	16.10	16.22	15.49	15.77	3781499	59946780.00
2018/07/05	15.68	15.95	15.26	15.27	2806524	44055980.00
2018/07/06	15.37	15.99	15.13	15.62	3682952	57536732.00
2018/07/09	15.82	16.00	15.67	15.89	2508711	39824432.00
2018/07/10	16.01	16.10	15.68	15.90	2637256	41764260.00
2018/07/11	15.68	15.68	14.55	14.95	4901435	73898048.00
2018/07/12	14.96	15.87	14.95	15.84	4481937	69660528.00
2018/07/13	15.96	15.98	15.61	15.73	2602540	40924384.00
2018/07/16	15.84	16.10	15.55	15.89	3756437	59445848.00
2018/07/17	15.98	15.99	15.53	15.88	2552185	40215444.00
2018/07/18	15.62	15.86	15.20	15.22	4032236	62579376.00
2018/07/19	15.13	15.53	15.13	15.29	3077650	47246840.00
2018/07/20	15.15	15.64	15.08	15.56	2916098	45084244.00
2018/07/23	15.49	15.76	15.40	15.71	2746503	42961916.00
2018/07/24	15.84	16.05	15.42	15.97	4465690	70703160.00
2018/07/25	16.13	16.46	15.93	16.05	6174501	99599608.00
2018/07/26	15.97	16.07	15.70	15.91	3834603	60794428.00
2018/07/27	15.81	15.88	15.46	15.49	3453713	54026188.00
2018/07/30	15.60	15.64	15.18	15.27	2342757	35949620.00
2018/07/31	15.27	15.45	15.03	15.44	2529200	38621260.00
2018/08/01	15.36	15.56	15.13	15.13	1827112	28045456.00
2018/08/02	14.90	15.12	13.62	14.13	5443017	77183160.00
2018/08/03	14.02	14.13	13.55	13.56	3007801	41598828.00
2018/08/06	13.47	13.58	13.00	13.15	2550646	33817964.00
2018/08/07	13.19	13.59	13.11	13.54	2077402	27812688.00
2018/08/08	13.48	13.79	13.35	13.37	2472159	33507184.00
2018/08/09	13.26	14.06	13.20	13.75	2797056	38480088.00
2018/08/10	13.75	13.96	13.71	13.90	2221559	30718038.00
2018/08/13	13.70	14.88	13.63	14.59	5742352	82807032.00
2018/08/14	14.43	14.63	14.28	14.47	2905756	41980260.00
2018/08/15	14.52	14.59	13.92	13.92	2634193	37367228.00
2018/08/16	13.68	14.47	13.56	14.32	3920748	55781276.00
2018/08/17	14.35	14.62	13.83	13.87	3007600	42568904.00
2018/08/20	13.72	15.26	13.72	15.26	8713133	128519168.00
2018/08/21	15.71	16.60	15.32	16.29	17778469	280860448.00
2018/08/22	15.55	15.80	15.35	15.38	10001543	155855072.00
2018/08/23	15.23	15.78	15.23	15.43	7743098	120253168.00
2018/08/24	15.30	15.40	14.93	15.04	6144746	92930000.00
2018/08/27	15.20	15.74	15.04	15.53	7279897	112401712.00
2018/08/28	15.55	16.17	15.55	15.82	9351730	148411712.00
2018/08/29	15.82	16.05	15.45	15.70	4872400	76144256.00
2018/08/30	15.71	15.74	15.02	15.11	4536154	69362792.00
2018/08/31	15.13	15.40	14.85	14.93	3871338	58700536.00
2018/09/03	14.90	15.17	14.10	15.15	5486896	79998888.00
2018/09/04	15.01	16.60	14.89	15.87	7987039	124207856.00
2018/09/05	15.91	16.10	15.56	15.60	8334019	132321760.00
2018/09/06	15.40	16.20	15.37	15.78	7037561	111617272.00
2018/09/07	15.71	16.03	15.01	15.28	6395816	99368232.00
2018/09/10	15.05	15.11	14.33	14.37	5049925	74144648.00
2018/09/11	14.40	14.90	14.30	14.62	3421735	50057216.00
2018/09/12	14.65	15.05	14.50	14.63	3529915	52175436.00
2018/09/13	14.85	15.95	14.66	15.38	5613354	85248528.00
2018/09/14	15.48	16.20	15.36	15.53	8200404	128629680.00
2018/09/17	15.37	16.26	14.88	16.06	11369107	179051856.00
2018/09/18	15.85	16.39	15.70	16.30	10571255	169427232.00
2018/09/19	16.18	16.36	15.90	16.09	9301892	149962736.00
2018/09/20	16.00	16.15	15.73	15.87	5843872	92919336.00
2018/09/21	15.97	16.06	15.65	16.02	5401398	85902912.00
2018/09/25	15.91	16.13	15.74	15.93	3672981	58531536.00
2018/09/26	15.94	16.15	15.71	16.14	5621901	89797344.00
2018/09/27	16.04	16.35	15.48	15.53	6816898	109160872.00
2018/09/28	15.50	15.75	15.33	15.73	3743337	58320060.00
2018/10/08	15.23	15.25	14.36	14.40	5227894	77499360.00
2018/10/09	14.45	14.70	14.35	14.44	2349612	34085204.00
2018/10/10	14.48	14.62	14.05	14.41	2918729	41881344.00
2018/10/11	13.51	13.77	12.97	12.97	5414098	71764456.00
2018/10/12	12.76	12.93	11.96	12.61	4337581	54008084.00
2018/10/15	12.50	12.83	12.18	12.26	2809323	35332808.00
2018/10/16	12.26	12.56	11.97	12.02	2766660	33897148.00
2018/10/17	12.34	12.48	12.05	12.43	3218737	39605856.00
2018/10/18	12.35	12.35	11.96	12.02	2859168	34682972.00
2018/10/19	11.78	12.49	11.48	12.39	3898933	47690816.00
2018/10/22	12.57	13.28	12.42	12.96	5224694	67111552.00
2018/10/23	12.90	13.03	12.52	12.63	3294700	42020900.00
2018/10/24	12.55	12.81	12.48	12.52	2491061	31438502.00
2018/10/25	12.01	12.42	11.91	12.29	3404433	41202520.00
2018/10/26	12.41	12.63	12.26	12.36	2702423	33665468.00
2018/10/29	12.30	12.60	12.25	12.37	2443989	30414750.00
2018/10/30	12.38	12.64	11.90	12.47	3135687	38484188.00
2018/10/31	12.32	12.70	12.31	12.57	3075406	38635412.00
2018/11/01	12.80	13.02	12.65	12.66	5334212	68344304.00
2018/11/02	12.88	13.78	12.75	13.19	6530672	85812256.00
2018/11/05	13.10	13.36	12.97	13.27	4799702	63237520.00
2018/11/06	13.10	13.13	12.71	13.00	3380691	43711460.00
2018/11/07	13.03	13.43	13.03	13.08	5140735	67854632.00
2018/11/08	13.25	13.25	12.89	12.92	3057694	39939212.00
2018/11/09	12.85	13.21	12.82	12.96	3284894	42939412.00
2018/11/12	12.90	13.36	12.82	13.35	4027100	53254228.00
2018/11/13	13.18	13.68	13.11	13.57	6223508	83721480.00
2018/11/14	13.57	13.75	13.41	13.56	5962707	80884168.00
2018/11/15	13.59	14.10	13.46	14.05	7425497	102317808.00
2018/11/16	14.33	14.80	14.00	14.28	10744595	153824192.00
2018/11/19	14.27	14.97	13.88	14.86	12135511	176397120.00
2018/11/20	14.67	14.95	14.05	14.12	9703504	141168208.00
2018/11/21	13.86	14.08	13.71	14.03	5602193	78000312.00
2018/11/22	14.11	14.20	13.83	13.89	4227645	59164068.00
2018/11/23	13.89	13.97	12.86	13.02	6405850	85105016.00
2018/11/26	13.01	13.17	12.81	12.95	2667400	34660012.00
2018/11/27	13.10	13.40	13.03	13.22	3986192	52712880.00
2018/11/28	13.12	13.69	12.80	13.68	5440696	72993216.00
2018/11/29	13.72	13.78	13.01	13.01	4857100	65005796.00
2018/11/30	13.02	13.17	12.71	13.11	3121992	40509696.00
2018/12/03	13.48	13.74	13.36	13.63	5228102	70924824.00
2018/12/04	13.67	13.77	13.46	13.67	3361300	45707312.00
2018/12/05	13.30	13.45	13.18	13.36	3962757	52715900.00
2018/12/06	13.30	13.35	13.00	13.01	3190500	41871424.00
2018/12/07	13.01	13.23	13.01	13.03	1933561	25335064.00
2018/12/10	12.90	13.21	12.83	13.03	2172453	28302218.00
2018/12/11	13.03	13.24	13.03	13.23	2480389	32613640.00
2018/12/12	13.23	13.30	13.07	13.14	2123901	27979932.00
2018/12/13	13.15	13.35	13.05	13.28	2509037	33249022.00
2018/12/14	13.16	13.30	12.65	12.65	3948001	51068296.00
2018/12/17	12.66	12.86	12.61	12.74	1684187	21422994.00
2018/12/18	12.65	12.87	12.61	12.73	1551790	19751150.00
2018/12/19	12.68	12.90	12.61	12.71	1922900	24538736.00
2018/12/20	12.52	12.83	12.52	12.78	1953200	24848972.00
2018/12/21	12.66	12.88	12.65	12.82	2123256	27104772.00
2018/12/24	12.82	13.26	12.70	13.23	3908717	51111032.00
2018/12/25	13.08	13.23	12.65	13.22	4357463	56449820.00
2018/12/26	13.22	13.62	13.16	13.47	7072325	95205408.00
2018/12/27	13.61	13.65	13.21	13.22	4908114	65798500.00
2018/12/28	13.20	13.30	12.88	12.90	3256500	42525764.00
2019/01/02	13.00	13.18	12.91	13.10	2376326	31017390.00
2019/01/03	13.04	13.40	13.04	13.25	3326770	43988472.00
数据来源:通达信
