300294 博雅生物 日线 前复权
      日期	    开盘	    最高	    最低	    收盘	    成交量	    成交额
2012/03/08	7.68	7.91	7.46	7.86	9590069	364320480.00
2012/03/09	8.13	8.72	8.02	8.72	8525456	352045600.00
2012/03/12	8.93	9.17	8.65	8.81	7878726	343180160.00
2012/03/13	8.75	9.43	8.64	9.01	6346018	280280544.00
2012/03/14	8.88	9.18	8.17	8.35	5902538	253108032.00
2012/03/15	8.35	9.23	8.35	9.08	5998254	258667584.00
2012/03/16	8.91	8.99	8.35	8.72	4351710	184545696.00
2012/03/19	8.57	8.59	8.24	8.44	3006757	124185512.00
2012/03/20	8.46	8.68	8.02	8.03	3320448	136206320.00
2012/03/21	8.05	8.12	7.17	7.46	3686234	138957904.00
2012/03/22	7.44	7.64	7.25	7.50	2061130	76277360.00
2012/03/23	7.41	7.57	7.35	7.49	1458596	53983952.00
2012/03/26	7.46	7.68	7.35	7.53	1664095	62267248.00
2012/03/27	7.55	7.65	7.35	7.37	1540672	57173324.00
2012/03/28	7.22	7.22	6.55	6.55	2494480	84769272.00
2012/03/29	6.36	6.46	6.20	6.33	1890022	60262180.00
2012/03/30	6.33	6.41	6.04	6.08	1709995	53675704.00
2012/04/05	6.12	6.47	6.05	6.43	1772104	56041348.00
2012/04/06	6.32	6.41	6.21	6.39	1605152	51124160.00
2012/04/09	6.25	6.35	6.17	6.19	1139824	36110184.00
2012/04/10	6.15	6.68	5.93	6.58	2281594	72414080.00
2012/04/11	6.43	6.76	6.35	6.66	2255512	74545672.00
2012/04/12	6.65	6.69	6.47	6.67	1452997	48132648.00
2012/04/13	6.65	6.86	6.57	6.57	1539977	51684740.00
2012/04/16	6.46	6.53	6.33	6.39	1135027	36663664.00
2012/04/17	6.35	6.85	6.33	6.71	2403594	80283472.00
2012/04/18	6.69	6.83	6.65	6.77	1742765	58928812.00
2012/04/19	6.79	7.32	6.68	7.14	2862410	100097864.00
2012/04/20	7.03	7.23	7.03	7.12	1791644	63558308.00
2012/04/23	7.01	7.10	6.48	6.53	2187027	73439720.00
2012/04/24	6.54	6.75	6.13	6.44	1597295	52011588.00
2012/04/25	6.37	6.55	6.24	6.53	1142252	36804156.00
2012/04/26	6.49	6.50	6.15	6.28	1060228	33952880.00
2012/04/27	6.28	6.48	6.21	6.38	945176	30300180.00
2012/05/02	6.51	6.78	6.38	6.71	1518704	50528944.00
2012/05/03	6.42	6.90	6.42	6.84	1581027	53244792.00
2012/05/04	6.75	7.44	6.75	7.02	2404628	84958672.00
2012/05/07	6.91	7.22	6.91	7.12	1596669	56442968.00
2012/05/08	7.13	7.15	6.95	6.97	1142386	40014984.00
2012/05/09	6.90	6.90	6.73	6.80	1080916	36785708.00
2012/05/10	6.97	7.21	6.85	6.92	1789277	62786836.00
2012/05/11	6.86	6.89	6.77	6.82	1018537	34740248.00
2012/05/14	6.89	7.08	6.82	6.88	1232982	42706068.00
2012/05/15	6.79	7.08	6.78	7.02	1026941	35717536.00
2012/05/16	7.02	7.23	6.96	7.03	1379840	48835380.00
2012/05/17	7.08	7.10	6.88	6.98	915917	31884498.00
2012/05/18	6.91	7.04	6.87	6.92	804371	27902358.00
2012/05/21	6.87	6.94	6.69	6.72	934660	31725006.00
2012/05/22	6.73	7.06	6.73	6.94	1171517	40491416.00
2012/05/23	6.93	6.93	6.77	6.81	918103	31361610.00
2012/05/24	6.79	6.84	6.71	6.71	573349	19422240.00
2012/05/25	6.75	6.77	6.31	6.37	1097364	35918044.00
2012/05/28	6.29	6.29	6.05	6.29	813289	25482878.00
2012/05/29	6.30	6.52	6.22	6.50	773041	24948166.00
2012/05/30	6.52	6.74	6.46	6.53	794968	26176494.00
2012/05/31	6.47	6.67	6.45	6.56	532399	17471130.00
2012/06/01	6.54	6.64	6.52	6.56	433654	14206452.00
2012/06/04	6.49	6.49	6.22	6.23	731829	23182566.00
2012/06/05	6.26	6.31	6.12	6.17	549962	17135916.00
2012/06/06	6.21	6.23	6.14	6.17	363012	11257715.00
2012/06/07	6.27	6.34	6.19	6.21	486311	15195520.00
2012/06/08	6.22	6.23	5.87	5.90	2115302	63837136.00
2012/06/11	5.93	5.97	5.67	5.96	1923792	56409932.00
2012/06/12	5.89	6.06	5.81	6.01	1802679	53890468.00
2012/06/13	5.97	6.16	5.97	6.14	1739416	53035972.00
2012/06/14	6.09	6.26	6.02	6.08	1531426	47304732.00
2012/06/15	6.10	6.26	6.09	6.21	1225192	38019856.00
2012/06/18	6.25	6.33	6.18	6.28	1392337	43697552.00
2012/06/19	6.29	6.65	6.24	6.44	2306081	74584024.00
2012/06/20	6.45	6.48	6.31	6.37	1293722	41190528.00
2012/06/21	6.31	6.37	6.19	6.21	969215	30297726.00
2012/06/25	6.15	6.21	6.01	6.01	823284	25319552.00
2012/06/26	5.99	6.18	5.89	6.14	937059	28472010.00
2012/06/27	6.09	6.48	6.09	6.33	1765203	56036844.00
2012/06/28	6.49	6.76	6.43	6.43	3067197	100813952.00
2012/06/29	6.38	6.85	6.33	6.79	2903559	96217960.00
2012/07/02	6.83	7.13	6.82	6.85	3105463	106980040.00
2012/07/03	6.87	7.09	6.87	6.89	2359463	81339960.00
2012/07/04	6.86	7.01	6.77	6.78	2153869	73657992.00
2012/07/05	6.77	6.81	6.60	6.79	1753222	58325608.00
2012/07/06	6.84	7.14	6.84	7.11	2784754	96349688.00
2012/07/09	6.97	7.09	6.77	6.77	2342678	80641440.00
2012/07/10	6.79	6.83	6.58	6.59	1437946	47652920.00
2012/07/11	6.60	6.60	6.39	6.56	1484527	48024740.00
2012/07/12	6.52	6.93	6.52	6.87	1768399	59451708.00
2012/07/13	6.85	6.93	6.67	6.72	1381580	46670488.00
2012/07/16	6.77	6.77	6.32	6.33	1567316	50482140.00
2012/07/17	6.29	6.40	6.23	6.33	753609	23749264.00
2012/07/18	6.30	6.40	6.18	6.39	723206	22851984.00
2012/07/19	6.35	6.51	6.34	6.43	833174	26832274.00
2012/07/20	6.36	6.46	6.29	6.29	737916	23541630.00
2012/07/23	6.19	6.33	6.05	6.33	630644	19650998.00
2012/07/24	6.26	6.40	6.25	6.36	617143	19556724.00
2012/07/25	6.35	6.51	6.29	6.39	860299	27572378.00
2012/07/26	6.35	6.53	6.35	6.41	886830	28601546.00
2012/07/27	6.45	6.45	6.19	6.21	1213586	38021400.00
2012/07/30	6.18	6.24	6.06	6.09	769650	23682308.00
2012/07/31	5.96	6.02	5.67	5.69	1737566	50720432.00
2012/08/01	5.71	5.87	5.71	5.81	864209	25281354.00
2012/08/02	5.76	5.89	5.74	5.84	846472	24914024.00
2012/08/03	5.85	6.00	5.81	6.00	912498	27176696.00
2012/08/06	5.92	6.12	5.89	6.11	1394920	42148288.00
2012/08/07	6.07	6.15	6.03	6.07	857790	26206550.00
2012/08/08	6.07	6.13	6.03	6.08	724694	22115184.00
2012/08/09	6.06	6.25	6.06	6.25	1109569	34338056.00
2012/08/10	6.25	6.25	6.16	6.21	626081	19462620.00
2012/08/13	6.20	6.22	6.02	6.06	942673	28941948.00
2012/08/14	6.13	6.14	5.97	6.11	913149	27845720.00
2012/08/15	6.07	6.10	5.99	6.01	636072	19304912.00
2012/08/16	6.01	6.04	5.91	5.91	502819	15117529.00
2012/08/17	5.92	5.98	5.88	5.96	317623	9486040.00
2012/08/20	5.89	6.09	5.87	6.07	568998	17264014.00
2012/08/21	6.11	6.27	6.08	6.23	995664	30980140.00
2012/08/22	6.31	6.39	6.19	6.23	1221184	38535612.00
2012/08/23	6.26	6.40	6.25	6.32	962008	30447576.00
2012/08/24	6.32	6.36	6.15	6.15	725563	22612918.00
2012/08/27	6.03	6.09	5.99	6.02	645176	19586616.00
2012/08/28	6.02	6.17	5.97	6.13	696226	21262416.00
2012/08/29	6.11	6.38	6.07	6.31	1296474	40691256.00
2012/08/30	6.31	6.36	5.97	6.07	1302376	40206392.00
2012/08/31	6.05	6.13	5.99	6.12	485474	14835754.00
2012/09/03	6.05	6.33	6.03	6.30	904298	28209692.00
2012/09/04	6.29	6.37	6.22	6.24	992753	31265510.00
2012/09/05	6.27	6.67	6.20	6.54	2513724	81719008.00
2012/09/06	6.49	6.60	6.48	6.60	1251817	40827656.00
2012/09/07	6.65	6.78	6.60	6.72	2202911	73327296.00
2012/09/10	6.69	6.70	6.58	6.65	1531394	50614312.00
2012/09/11	6.61	6.78	6.60	6.66	1000471	33163686.00
2012/09/12	6.67	6.69	6.51	6.61	1034134	33886832.00
2012/09/13	6.61	6.64	6.52	6.52	510981	16731924.00
2012/09/14	6.60	6.73	6.45	6.65	1131080	37300544.00
2012/09/17	6.61	6.63	6.41	6.41	894095	29004640.00
2012/09/18	6.40	6.56	6.36	6.55	753642	24384620.00
2012/09/19	6.55	6.58	6.47	6.50	454101	14764307.00
2012/09/20	6.45	6.51	6.07	6.12	864123	27192078.00
2012/09/21	6.11	6.22	5.93	5.95	555136	16964870.00
2012/09/24	5.94	6.04	5.92	6.01	381350	11475954.00
2012/09/25	5.98	6.05	5.87	5.89	463513	13889831.00
2012/09/26	5.93	5.93	5.69	5.71	617027	17918562.00
2012/09/27	5.80	5.93	5.72	5.88	500018	14711743.00
2012/09/28	5.83	5.98	5.80	5.97	400392	11959359.00
2012/10/08	5.97	6.07	5.96	6.05	389018	11768902.00
2012/11/27	6.13	6.13	5.37	5.37	1597701	44711172.00
2012/11/28	5.38	5.38	5.08	5.18	594722	15852834.00
2012/11/29	5.16	5.28	5.05	5.05	374826	9925616.00
2012/11/30	5.05	5.09	4.99	5.06	319192	8266528.00
2012/12/03	5.03	5.12	4.69	4.71	492860	12455891.00
2012/12/04	4.65	4.73	4.51	4.62	664753	15848647.00
2012/12/05	4.62	5.02	4.56	4.92	760786	19082136.00
2012/12/06	4.91	5.02	4.89	4.97	305584	7786878.50
2012/12/07	4.98	5.13	4.91	5.11	476606	12347002.00
2012/12/10	5.13	5.37	5.10	5.27	616963	16607496.00
2012/12/11	5.25	5.31	5.17	5.18	483610	12892723.00
2012/12/12	5.18	5.31	5.15	5.30	437089	11653150.00
2012/12/13	5.27	5.29	5.12	5.13	302590	8052473.00
2012/12/14	5.13	5.39	5.12	5.36	641318	17357186.00
2012/12/17	5.36	5.43	5.28	5.33	434086	11827903.00
2012/12/18	5.33	5.54	5.33	5.45	642961	17819444.00
2012/12/19	5.49	5.58	5.41	5.47	402488	11187970.00
2012/12/20	5.45	5.69	5.41	5.58	662627	18790350.00
2012/12/21	5.55	5.95	5.55	5.86	1183602	34587384.00
2012/12/24	5.92	6.03	5.85	6.02	926498	27795762.00
2012/12/25	6.03	6.45	5.98	6.30	1574072	48987188.00
2012/12/26	6.32	6.98	6.32	6.89	2287575	75720888.00
2012/12/27	6.85	7.04	6.70	6.85	1977455	67644040.00
2012/12/28	6.85	7.30	6.74	7.18	2150026	75040384.00
2012/12/31	7.29	7.29	6.92	7.06	1697302	59515020.00
2013/01/04	7.83	7.83	7.74	7.83	3492009	134138264.00
2013/01/07	8.69	8.69	8.58	8.69	4107231	173515664.00
2013/01/08	9.29	9.46	8.78	9.07	9417657	415545728.00
2013/01/09	8.50	8.50	8.09	8.09	6099242	244726224.00
2013/01/10	8.16	8.84	8.15	8.69	6797442	279279936.00
2013/01/11	8.58	8.60	8.15	8.24	4229396	172120848.00
2013/01/14	8.09	8.47	8.07	8.37	3791835	153722144.00
2013/01/15	8.32	8.73	8.25	8.39	3921216	161516352.00
2013/01/16	8.36	8.36	7.87	8.14	3027553	120298296.00
2013/01/17	8.02	8.56	8.02	8.21	2304350	93661352.00
2013/01/18	8.18	8.31	7.99	8.28	1731888	69174992.00
2013/01/21	8.18	8.47	8.11	8.18	2440620	98888288.00
2013/01/22	7.29	7.51	7.29	7.29	3896440	140393008.00
2013/01/23	6.99	7.06	6.81	6.95	4233935	145338848.00
2013/01/24	6.95	7.06	6.71	6.88	3145803	107787064.00
2013/01/25	6.89	7.00	6.82	6.85	1823842	62360396.00
2013/01/28	6.85	7.04	6.83	7.03	2140494	73652704.00
2013/01/29	7.02	7.16	7.01	7.05	2070519	72495896.00
2013/01/30	7.02	7.11	6.82	7.09	2380878	82504960.00
2013/01/31	7.01	7.02	6.82	6.89	1461569	49967848.00
2013/02/01	6.86	6.97	6.85	6.85	1017329	34818936.00
2013/02/04	6.86	6.87	6.55	6.63	1889992	62580720.00
2013/02/05	6.61	6.80	6.56	6.76	885640	29610636.00
2013/02/06	6.76	6.90	6.67	6.84	1086908	36667716.00
2013/02/07	6.83	7.01	6.79	6.93	1163925	39963676.00
2013/02/08	6.94	7.00	6.83	6.94	1270270	43637728.00
2013/02/18	6.97	7.16	6.97	7.11	1660444	58172540.00
2013/02/19	7.05	7.13	6.94	6.96	1357948	47115128.00
2013/02/20	6.89	7.15	6.85	7.15	1513973	52874552.00
2013/02/21	7.25	7.77	7.18	7.64	4215050	156488112.00
2013/02/22	7.51	7.59	7.39	7.41	1972091	72688536.00
2013/02/25	7.37	7.57	7.30	7.55	1268997	46360212.00
2013/02/26	7.52	7.58	7.34	7.34	1509209	55694012.00
2013/02/27	7.30	7.41	7.06	7.08	1291322	45963316.00
2013/02/28	7.15	7.29	7.09	7.25	941739	33539742.00
2013/03/01	7.27	7.42	7.25	7.38	1067234	38709148.00
2013/03/04	7.32	7.46	7.11	7.14	1049020	37615928.00
2013/03/05	7.23	7.56	7.23	7.50	1719773	63021232.00
2013/03/06	7.51	7.83	7.51	7.61	2729490	103340816.00
2013/03/07	7.52	7.58	7.27	7.33	1376217	50291252.00
2013/03/08	7.33	7.49	7.24	7.42	1178497	42809880.00
2013/03/11	7.33	7.60	7.30	7.51	1134976	41802896.00
2013/03/12	7.49	7.57	7.10	7.20	1099742	39546272.00
2013/03/13	7.19	7.23	6.78	6.89	1364724	46596740.00
2013/03/14	6.87	7.41	6.81	6.87	1038018	35525340.00
2013/03/15	6.89	7.09	6.81	6.92	784883	27064834.00
2013/03/18	6.85	7.00	6.82	6.89	477260	16408170.00
2013/03/19	6.93	7.07	6.82	7.01	636210	21925672.00
2013/03/20	7.03	7.20	6.94	7.19	825720	28619298.00
2013/03/21	7.19	7.41	7.18	7.38	1001309	35699796.00
2013/03/22	7.36	7.56	7.32	7.49	947103	34431476.00
2013/03/25	7.43	7.50	7.17	7.21	1386692	49067092.00
2013/03/26	7.22	7.29	7.14	7.20	658659	23121336.00
2013/03/27	7.18	7.28	6.96	7.05	790541	27506486.00
2013/03/28	7.03	7.03	6.83	6.87	773764	26073284.00
2013/03/29	6.87	6.95	6.85	6.94	438318	14790309.00
2013/04/01	7.10	7.17	6.94	7.07	681655	23510862.00
2013/04/02	7.07	7.07	6.83	6.83	786127	26621018.00
2013/04/03	6.85	7.04	6.85	6.96	736085	25026232.00
2013/04/08	7.07	7.07	6.85	6.99	602226	20484246.00
2013/04/09	7.01	7.03	6.91	6.96	628599	21362260.00
2013/04/10	6.96	6.96	6.80	6.82	510861	17135468.00
2013/04/11	6.82	6.87	6.81	6.84	239515	8001738.50
2013/04/12	6.84	6.84	6.62	6.63	490247	16072400.00
2013/04/15	6.53	6.62	6.44	6.45	507083	16223194.00
2013/04/16	6.41	6.56	6.30	6.47	432952	13605142.00
2013/04/17	6.47	6.58	6.47	6.55	320600	10284494.00
2013/04/18	6.56	6.61	6.48	6.58	438923	14121565.00
2013/04/19	6.55	6.77	6.55	6.76	674847	22149208.00
2013/04/22	6.96	6.97	6.80	6.90	638817	21525362.00
2013/04/23	6.98	7.11	6.78	6.78	1186769	40463728.00
2013/04/24	6.79	7.03	6.79	7.03	886294	30098372.00
2013/04/25	7.00	7.37	6.97	7.17	1908022	66933156.00
2013/04/26	7.16	7.16	6.84	6.84	848455	29004628.00
2013/05/02	6.81	6.88	6.71	6.76	549637	18202758.00
2013/05/03	6.79	7.16	6.77	7.07	931835	31747596.00
2013/05/06	7.11	7.33	7.08	7.20	1245481	43955408.00
2013/05/07	7.20	7.25	7.01	7.05	1250461	43485824.00
2013/05/08	7.07	7.31	7.07	7.29	1154971	40659928.00
2013/05/09	7.27	7.50	7.21	7.39	1653184	59271116.00
2013/05/10	7.34	7.40	7.16	7.30	1601250	56593104.00
2013/05/13	7.27	7.37	7.16	7.29	888532	31288728.00
2013/05/14	7.29	7.29	7.09	7.09	725660	25326646.00
2013/05/15	7.12	7.24	7.10	7.23	716875	25127390.00
2013/05/16	7.23	7.33	7.14	7.19	1201778	42468300.00
2013/05/17	7.15	7.33	7.12	7.29	903259	31881714.00
2013/05/20	7.29	7.38	7.16	7.35	2000073	70620552.00
2013/05/21	7.32	7.71	7.32	7.71	2537666	92976936.00
2013/05/22	7.67	7.67	7.33	7.40	2299965	83640200.00
2013/05/23	7.41	7.66	7.41	7.45	1785750	65312304.00
2013/05/24	7.45	7.58	7.44	7.54	1161560	42374016.00
2013/05/27	7.56	7.82	7.55	7.69	1604262	59699192.00
2013/05/28	7.67	7.67	7.34	7.38	2250409	81208536.00
2013/05/29	7.38	7.45	7.33	7.40	956475	34337160.00
2013/05/30	7.35	7.53	7.35	7.52	1265457	45861464.00
2013/05/31	7.52	7.55	7.39	7.40	1761748	63798948.00
2013/06/03	7.40	7.45	7.27	7.32	1288572	46047872.00
2013/06/04	7.32	7.40	7.19	7.29	1058209	37498264.00
2013/06/05	7.28	7.54	7.24	7.52	1850950	67115024.00
2013/06/06	7.49	7.79	7.47	7.53	2286484	84696824.00
2013/06/07	7.52	8.34	7.51	8.14	5479027	213682256.00
2013/06/13	8.14	8.68	7.85	8.40	5781009	231567296.00
2013/06/14	8.38	8.58	8.12	8.34	4370185	176005104.00
2013/06/17	8.28	8.69	8.17	8.20	3536318	144001520.00
2013/06/18	8.20	8.20	7.74	7.98	3282451	125413896.00
2013/06/19	7.86	8.66	7.70	8.66	3818414	150660192.00
2013/06/20	8.52	8.93	8.22	8.39	3525275	145233888.00
2013/06/21	8.29	9.29	8.15	9.07	4304599	182596512.00
2013/06/24	9.13	9.37	8.39	8.80	3369516	143785408.00
2013/06/25	8.84	8.93	7.86	8.37	6010232	238731712.00
2013/06/26	8.29	9.18	8.12	9.09	5313665	222036848.00
2013/06/27	9.02	9.63	8.74	8.82	5844100	254851872.00
2013/06/28	8.85	8.85	8.38	8.55	3557190	146685488.00
2013/07/01	8.41	8.90	8.19	8.85	3917733	163308704.00
2013/07/02	8.89	9.11	8.53	8.66	4695598	197598576.00
2013/07/03	8.74	8.84	8.45	8.75	3573213	148425504.00
2013/07/04	8.65	8.65	8.07	8.09	4812570	194960688.00
2013/07/05	8.03	8.07	7.65	7.65	3243270	123961712.00
2013/07/08	7.66	8.00	7.65	7.69	2267325	85663232.00
2013/07/09	7.82	7.82	7.54	7.73	1148480	42760308.00
2013/07/10	7.70	7.81	7.65	7.81	1305152	48990376.00
2013/07/11	7.82	8.04	7.77	7.91	1781050	68282216.00
2013/07/12	7.91	8.12	7.85	7.92	1935419	75083712.00
2013/07/15	7.92	8.19	7.92	8.16	1691012	66079696.00
2013/07/16	8.18	8.36	8.12	8.15	1846361	73165104.00
2013/07/17	8.16	8.23	7.92	7.96	1648841	64141080.00
2013/07/18	7.94	7.99	7.79	7.97	1183620	45211312.00
2013/07/19	7.97	8.03	7.73	7.73	1413410	53845424.00
2013/07/22	7.65	7.90	7.61	7.89	934301	35357584.00
2013/07/23	7.91	8.10	7.91	8.04	1371041	53100304.00
2013/07/24	8.03	8.56	7.97	8.45	3075476	123883008.00
2013/07/25	8.45	8.45	7.98	8.03	2150143	85137232.00
2013/07/26	8.03	8.25	8.00	8.24	1458796	57231184.00
2013/07/29	8.40	8.51	8.25	8.31	2343556	94491504.00
2013/07/30	8.31	8.36	7.70	8.02	1790088	69253912.00
2013/07/31	8.01	8.07	7.81	7.85	1004446	38552636.00
2013/08/01	7.85	8.20	7.85	8.20	1258629	49209608.00
2013/08/02	8.22	8.39	8.07	8.12	1720583	68679248.00
2013/08/05	8.14	8.40	8.08	8.37	1505446	60479956.00
2013/08/06	8.38	8.39	8.25	8.38	1343722	53984648.00
2013/08/07	8.38	8.43	8.14	8.15	1376989	54756504.00
2013/08/08	8.11	8.54	8.07	8.45	2161469	87253232.00
2013/08/09	8.50	8.56	8.27	8.48	1941080	78924464.00
2013/08/12	8.47	8.61	8.29	8.43	1405881	57211884.00
2013/08/13	8.41	8.49	8.34	8.41	826207	33514088.00
2013/08/14	8.41	8.43	8.21	8.26	1093305	43663580.00
2013/08/15	8.22	8.31	8.10	8.11	798479	31604366.00
2013/08/16	8.08	8.21	7.80	7.80	1320531	51150616.00
2013/08/19	7.78	7.98	7.75	7.98	728247	27829410.00
2013/08/20	7.96	8.11	7.91	7.94	808115	31324526.00
2013/08/21	7.97	8.07	7.94	8.00	475912	18413296.00
2013/08/22	7.90	8.00	7.89	7.94	948328	36389588.00
2013/08/23	7.93	8.01	7.85	7.93	1055894	40435860.00
2013/08/26	7.91	8.06	7.91	8.06	813163	31527718.00
2013/08/27	8.03	8.14	7.99	8.14	862277	33615392.00
2013/08/28	8.09	8.41	8.03	8.25	1718893	68402168.00
2013/08/29	8.26	8.44	8.24	8.42	1516211	61108684.00
2013/08/30	8.40	8.40	7.82	7.89	1563477	61150368.00
2013/09/02	7.89	8.02	7.86	7.99	520497	20000196.00
2013/09/03	8.03	8.07	7.95	8.03	587841	22729802.00
2013/09/04	8.01	8.05	7.80	7.80	812056	31104416.00
2013/09/05	7.85	8.07	7.83	7.94	950249	36602852.00
2013/09/06	7.95	8.02	7.91	7.99	623648	24017556.00
2013/09/09	8.01	8.26	7.96	8.24	1543579	60320948.00
2013/09/10	8.16	8.45	8.15	8.30	1588792	63937792.00
2013/09/11	8.29	8.29	7.94	8.03	1253794	48814332.00
2013/09/12	8.03	8.13	7.96	7.98	556312	21618040.00
2013/09/13	8.01	8.23	7.99	8.21	804196	31595392.00
2013/09/16	8.27	8.56	8.16	8.42	2124510	86143376.00
2013/09/17	8.42	8.50	8.19	8.25	974897	39073724.00
2013/09/18	8.25	9.13	8.21	9.13	3635805	156381904.00
2013/09/23	9.11	9.25	8.90	9.16	2898161	126557768.00
2013/09/24	9.17	9.51	9.03	9.07	2693166	119387232.00
2013/09/25	9.07	9.38	8.95	9.07	2018787	88508904.00
2013/09/26	9.12	9.51	9.10	9.32	2085379	93280736.00
2013/09/27	9.31	9.35	9.09	9.17	1141945	50489612.00
2013/09/30	9.17	10.14	9.17	9.95	2199492	103086936.00
2013/10/08	9.87	9.94	9.60	9.82	1737724	81070912.00
2013/10/09	9.82	10.34	9.74	10.07	1768653	85353752.00
2013/10/10	10.07	10.12	9.61	9.74	1997144	93386616.00
2013/10/11	9.81	9.96	9.65	9.83	1174876	55055368.00
2013/10/14	9.69	9.69	9.29	9.32	2421717	109273008.00
2013/10/15	9.41	9.59	9.28	9.45	1427357	64512468.00
2013/10/16	9.36	9.43	8.98	9.08	1379154	60524736.00
2013/10/17	9.22	9.25	9.03	9.03	790350	34624316.00
2013/10/18	9.02	9.16	8.93	9.12	770203	33394788.00
2013/10/21	9.08	9.38	9.08	9.33	791381	35213124.00
2013/10/22	9.36	9.36	8.87	8.87	1537478	66752964.00
2013/10/23	8.88	8.99	8.48	8.60	1172222	48875352.00
2013/10/24	8.60	8.77	8.56	8.63	611551	25494578.00
2013/10/25	8.69	8.69	8.39	8.46	907840	37154600.00
2013/10/28	8.51	8.66	8.39	8.66	657316	27067804.00
2013/10/29	8.64	8.82	8.16	8.38	1153877	47058904.00
2013/10/30	8.33	8.81	8.33	8.78	1088523	45318556.00
2013/10/31	8.78	8.93	8.67	8.71	1038563	43841312.00
2013/11/01	8.69	8.69	8.41	8.60	763208	31302804.00
2013/11/04	8.58	8.87	8.58	8.71	649819	27333106.00
2013/11/05	8.85	8.86	8.61	8.76	491183	20587282.00
2013/11/06	8.74	8.83	8.49	8.52	733556	30596340.00
2013/11/07	8.47	8.57	8.36	8.36	443121	18023140.00
2013/11/08	8.32	8.45	8.26	8.36	470762	18914174.00
2013/11/11	8.44	8.65	8.22	8.60	690116	28125832.00
2013/11/12	8.59	8.82	8.59	8.73	917431	38497252.00
2013/11/13	8.67	8.84	8.57	8.70	786310	32981992.00
2013/11/14	8.69	9.47	8.67	9.27	2109505	92620360.00
2013/11/15	9.20	9.43	9.20	9.34	1581524	70520120.00
2013/11/18	9.36	9.40	9.21	9.38	1338636	59748616.00
2013/11/19	9.39	9.74	9.39	9.47	1463198	67044124.00
2013/11/20	9.49	9.56	9.21	9.38	935928	41750468.00
2013/11/21	9.29	9.68	9.25	9.51	1341128	60962300.00
2013/11/22	9.59	9.67	9.26	9.32	1128235	50846240.00
2013/11/25	9.28	9.89	9.23	9.80	1918944	88508848.00
2013/11/26	9.79	10.07	9.69	9.76	2503028	118223672.00
2013/11/27	9.76	9.99	9.68	9.84	1559250	73312464.00
2013/11/28	9.86	10.51	9.78	10.44	2690021	130475200.00
2013/11/29	10.44	10.85	10.31	10.52	3340254	167910288.00
2013/12/02	9.45	9.77	9.41	9.41	2067439	94546288.00
2013/12/03	8.87	9.26	8.52	9.07	2751476	117659496.00
2013/12/04	9.03	9.48	8.96	8.96	2155587	95540064.00
2013/12/05	8.84	9.27	8.74	9.01	1455044	62668780.00
2013/12/06	8.96	9.29	8.93	9.09	1212449	53211288.00
2013/12/09	9.11	9.45	9.11	9.40	1141106	51146248.00
2013/12/10	9.41	9.78	9.33	9.49	1594450	72929312.00
2013/12/11	9.45	9.78	9.44	9.65	1230413	56596680.00
2013/12/12	9.65	9.85	9.56	9.69	988114	45827772.00
2013/12/13	9.64	9.79	9.59	9.65	898518	41513124.00
2013/12/16	9.67	9.67	9.26	9.36	1193265	53870188.00
2013/12/17	9.34	9.90	9.27	9.84	1747458	80185992.00
2013/12/18	9.81	9.92	9.65	9.83	1249977	58243660.00
2013/12/19	9.84	10.42	9.84	10.12	2400830	116036056.00
2013/12/20	10.07	10.13	9.65	9.75	1772714	83740312.00
2013/12/23	9.72	10.79	9.72	10.76	3575668	178171584.00
2013/12/24	10.52	10.63	10.34	10.52	2202119	109741304.00
2013/12/25	10.55	10.91	10.43	10.83	2510198	127855976.00
2013/12/26	10.85	11.03	10.22	10.24	2162353	109907400.00
2013/12/27	10.20	10.57	10.18	10.34	1566532	77340008.00
2013/12/30	10.41	10.69	10.39	10.52	1036804	51774820.00
2013/12/31	10.49	10.52	9.96	10.10	1472598	71313992.00
2014/01/02	10.18	10.82	10.11	10.76	2046912	103106216.00
2014/01/03	10.76	10.81	10.56	10.76	1254897	63778928.00
2014/01/06	10.76	10.91	10.23	10.25	1472231	73260224.00
2014/01/07	10.21	10.49	10.18	10.46	907772	44807044.00
2014/01/08	10.46	11.14	10.41	10.94	2402518	124230880.00
2014/01/09	10.88	10.98	10.42	10.45	1713377	87457160.00
2014/01/10	10.51	10.58	10.10	10.15	1159894	56910772.00
2014/01/13	10.15	10.30	10.01	10.09	1095642	52991752.00
2014/01/14	10.13	10.56	10.10	10.55	1172134	57929112.00
2014/01/15	10.56	10.65	10.43	10.61	848290	42475968.00
2014/01/16	10.64	10.65	10.25	10.49	1355907	67240280.00
2014/01/17	10.47	10.87	10.39	10.78	1620903	82625888.00
2014/01/20	10.78	10.84	10.29	10.43	986782	49403112.00
2014/01/21	10.41	10.72	10.31	10.61	936943	47034892.00
2014/01/22	10.65	10.73	10.41	10.69	1093349	54832120.00
2014/01/23	10.67	11.04	10.58	10.85	1442765	74159712.00
2014/01/24	10.83	11.41	10.74	11.36	2368836	125339856.00
2014/01/27	11.15	11.49	11.04	11.05	1558142	82648240.00
2014/01/28	11.07	11.12	10.74	10.85	1138742	58990740.00
2014/01/29	10.90	11.07	10.82	10.99	789262	41048388.00
2014/01/30	10.95	11.01	10.67	10.74	953753	48901296.00
2014/02/07	10.72	10.87	10.58	10.79	763384	39096808.00
2014/02/10	10.80	11.15	10.78	11.08	1116332	58392212.00
2014/02/11	11.08	11.31	10.81	10.89	1260727	65863768.00
2014/02/12	10.91	11.08	10.72	11.08	1265112	65392576.00
2014/02/13	11.14	11.27	10.56	10.56	1381891	71491440.00
2014/02/14	10.63	10.74	10.45	10.71	1120100	56584948.00
2014/02/17	10.73	11.36	10.73	11.36	2187539	114766168.00
2014/02/18	11.30	11.56	11.11	11.56	2106668	113158000.00
2014/02/19	11.56	11.66	11.34	11.43	1828245	99241752.00
2014/02/20	11.38	11.52	11.05	11.29	1490125	79331088.00
2014/02/21	11.25	11.77	11.17	11.77	2644754	144919584.00
2014/02/24	11.74	11.97	11.52	11.80	1698061	94047416.00
2014/02/25	11.81	11.87	10.58	10.70	2955026	157605136.00
2014/02/26	10.67	10.67	10.21	10.58	1447083	71926168.00
2014/02/27	10.52	10.77	10.09	10.18	1385606	68761816.00
2014/02/28	9.85	9.93	9.47	9.79	2856459	132036280.00
2014/03/03	9.74	9.96	9.73	9.95	1114372	52513092.00
2014/03/04	9.89	10.06	9.76	9.80	787209	37110852.00
2014/03/05	9.91	9.91	9.76	9.80	757982	35556992.00
2014/03/06	9.82	9.89	9.67	9.87	714351	33427796.00
2014/03/07	9.89	10.22	9.87	10.04	1230523	59073888.00
2014/03/10	10.04	10.15	9.68	9.74	813787	38232444.00
2014/03/11	9.74	9.78	9.54	9.60	538382	24869542.00
2014/03/12	9.58	9.64	9.27	9.33	858244	38678328.00
2014/03/13	9.34	9.51	9.32	9.49	608142	27411828.00
2014/03/14	9.41	9.62	9.34	9.50	717873	32525186.00
2014/03/17	9.52	9.76	9.49	9.75	520618	24016968.00
2014/03/18	9.71	10.03	9.71	9.78	656400	30890956.00
2014/03/19	9.79	9.81	9.70	9.80	417458	19435644.00
2014/03/20	9.76	9.85	9.41	9.41	707489	32615322.00
2014/03/21	9.41	9.50	9.12	9.49	703272	31255682.00
2014/03/24	9.41	9.43	9.19	9.25	509218	22654400.00
2014/03/25	9.28	9.39	9.21	9.35	357375	15965126.00
2014/03/26	9.36	9.56	9.35	9.39	394585	17900738.00
2014/03/27	9.41	9.51	9.10	9.19	517958	22948676.00
2014/03/28	9.14	9.19	8.81	8.87	582383	24998472.00
2014/03/31	8.84	9.02	8.81	8.91	340734	14587627.00
2014/04/01	8.88	9.11	8.88	9.07	303875	13159144.00
2014/04/02	9.10	9.12	8.95	9.03	299254	12931354.00
2014/04/03	9.07	9.18	8.97	9.02	292612	12582918.00
2014/04/04	9.02	9.14	8.97	9.11	266182	11424869.00
2014/04/08	9.07	9.22	9.01	9.18	291727	12636093.00
2014/04/09	9.18	9.34	9.18	9.27	359224	15761677.00
2014/04/10	9.32	9.46	9.22	9.37	484868	21491364.00
2014/04/11	9.29	9.29	9.15	9.24	401838	17516954.00
2014/04/14	9.23	9.40	9.23	9.39	342561	15115422.00
2014/04/15	9.34	9.48	9.34	9.44	509228	22725064.00
2014/04/16	9.42	9.48	9.35	9.41	353891	15752799.00
2014/04/17	9.45	9.51	9.41	9.44	357825	16024140.00
2014/04/18	9.47	9.50	9.32	9.48	239825	10671501.00
2014/04/21	9.40	9.46	9.16	9.17	366356	16175226.00
2014/04/22	9.17	9.23	8.96	9.06	323991	13928325.00
2014/04/23	9.05	9.17	9.02	9.05	230592	9922514.00
2014/04/24	9.03	9.09	8.90	8.94	286314	12199103.00
2014/04/25	8.94	9.00	8.67	8.68	371254	15616446.00
2014/04/28	8.76	8.76	8.40	8.41	541238	21845202.00
2014/04/29	8.41	8.60	8.41	8.58	285424	11577623.00
2014/04/30	8.58	8.80	8.58	8.72	194343	8032489.50
2014/05/05	8.77	8.80	8.63	8.79	215224	8913345.00
2014/05/06	8.85	9.13	8.83	8.99	435946	18633630.00
2014/05/07	8.99	8.99	8.79	8.83	215137	9052563.00
2014/05/08	8.74	8.96	8.74	8.82	163165	6865964.50
2014/05/09	8.81	8.84	8.57	8.69	222134	9152050.00
2014/05/12	8.69	8.99	8.69	8.99	240691	10139503.00
2014/05/13	9.01	9.11	8.94	9.00	205163	8788099.00
2014/05/14	9.07	9.07	8.93	9.03	191936	8187313.50
2014/05/15	9.05	9.06	8.94	8.94	237229	10130362.00
2014/05/16	8.96	8.96	8.67	8.71	278310	11603912.00
2014/05/19	8.71	8.85	8.63	8.78	174880	7268241.00
2014/05/20	8.83	9.16	8.83	9.02	486587	20848778.00
2014/05/21	8.96	9.15	8.94	9.15	450356	19392418.00
2014/05/22	9.16	9.22	9.03	9.08	281909	12205909.00
2014/05/23	9.06	9.32	9.05	9.32	680890	29747408.00
2014/05/26	9.40	9.76	9.40	9.61	912777	41392208.00
2014/05/27	9.57	9.63	9.49	9.56	459885	20755824.00
2014/05/28	9.60	9.71	9.53	9.69	351280	16000834.00
2014/05/29	9.71	9.71	9.36	9.39	537018	24154094.00
2014/05/30	9.34	9.54	9.34	9.46	357559	16017753.00
2014/06/03	9.46	9.73	9.36	9.66	661805	30114700.00
2014/06/04	9.65	9.81	9.59	9.71	698365	31977216.00
2014/06/05	9.71	9.80	9.61	9.77	437506	20065614.00
2014/06/06	9.78	9.79	9.65	9.75	344876	15810952.00
2014/06/09	9.74	9.74	9.51	9.52	326560	14867863.00
2014/06/10	9.50	9.66	9.46	9.66	324520	14713024.00
2014/06/11	9.65	10.03	9.61	9.91	868883	40381172.00
2014/06/12	9.91	9.92	9.75	9.89	402955	18735732.00
2014/06/13	9.83	10.02	9.83	9.96	570730	26829452.00
2014/06/16	9.98	10.05	9.92	10.04	408552	19215114.00
2014/06/17	9.98	10.06	9.85	9.89	351954	16480253.00
2014/06/18	9.89	9.92	9.65	9.78	431495	19897700.00
2014/06/19	9.68	9.77	9.37	9.45	609992	27582234.00
2014/06/20	9.45	9.64	9.41	9.64	396345	17875520.00
2014/06/23	9.73	10.11	9.73	10.03	1545752	72838336.00
2014/06/24	10.01	10.23	9.92	10.20	941543	44867952.00
2014/06/25	10.17	10.20	10.02	10.09	679541	32361672.00
2014/06/26	10.09	10.53	10.09	10.47	1150891	56419056.00
2014/06/27	10.47	10.50	10.33	10.45	826574	40557408.00
2014/06/30	10.43	10.47	10.25	10.32	792925	38685228.00
2014/07/01	10.31	10.52	10.29	10.41	873650	42905368.00
2014/07/02	10.41	10.63	10.27	10.47	901707	44294984.00
2014/07/03	10.47	10.61	10.32	10.53	757348	37520132.00
2014/07/04	10.53	10.54	10.37	10.39	557955	27376094.00
2014/07/07	10.39	10.51	10.37	10.44	495308	24322368.00
2014/07/08	10.41	10.76	10.39	10.69	1038492	52071268.00
2014/07/09	10.63	10.76	10.41	10.41	829209	41217196.00
2014/07/10	10.41	10.46	10.29	10.31	619486	30209636.00
2014/07/11	10.30	10.52	10.20	10.31	697896	33994252.00
2014/07/14	10.30	10.51	10.25	10.49	613358	29978938.00
2014/07/15	10.58	10.63	10.17	10.21	792554	38517508.00
2014/07/16	10.25	10.25	9.89	9.96	744572	35262768.00
2014/07/17	9.92	10.06	9.92	9.99	321993	15168043.00
2014/07/18	9.98	10.08	9.94	9.96	254129	12001252.00
2014/07/21	9.96	10.00	9.77	9.82	467843	21714750.00
2014/07/22	9.81	10.00	9.79	9.95	418687	19658288.00
2014/07/23	9.92	10.00	9.67	9.69	509492	23557150.00
2014/07/24	9.67	9.85	9.67	9.83	447354	20663560.00
2014/07/25	9.83	9.91	9.75	9.86	314941	14610152.00
2014/07/28	9.86	10.06	9.86	10.03	424567	19979318.00
2014/07/29	10.05	10.17	10.01	10.12	605330	28869172.00
2014/07/30	10.12	10.13	9.96	10.13	363143	17219402.00
2014/07/31	10.13	10.15	10.04	10.14	279369	13310883.00
2014/08/01	10.12	10.38	9.97	10.13	929369	44878568.00
2014/08/04	10.14	10.23	10.05	10.18	544799	26062950.00
2014/08/05	10.20	10.36	10.09	10.32	564669	27244516.00
2014/08/06	10.27	10.38	10.22	10.23	539992	26184938.00
2014/08/07	10.21	10.29	10.07	10.07	582556	27912698.00
2014/08/08	10.10	10.22	10.09	10.16	387123	18550650.00
2014/08/11	10.20	10.33	10.20	10.29	500504	24276738.00
2014/08/12	10.29	10.38	10.21	10.24	433065	20929816.00
2014/08/13	10.24	10.28	10.12	10.16	471368	22606048.00
2014/08/14	10.16	10.26	10.12	10.14	410137	19679578.00
2014/08/15	10.16	10.23	10.15	10.21	276884	13309092.00
2014/08/18	10.25	10.41	10.22	10.41	690589	33622760.00
2014/08/19	10.43	10.45	10.32	10.38	491680	24032422.00
2014/08/20	10.33	10.45	10.25	10.45	503730	24542928.00
2014/08/21	10.45	10.53	10.41	10.50	640934	31573510.00
2014/08/22	10.49	10.62	10.36	10.53	1238443	61171696.00
2014/08/25	10.41	10.53	10.33	10.47	926612	45676792.00
2014/08/26	10.45	10.46	10.03	10.03	800177	38475504.00
2014/08/27	9.98	10.20	9.96	10.18	492637	23524632.00
2014/08/28	10.16	10.21	10.11	10.15	403222	19311420.00
2014/08/29	10.14	10.39	10.12	10.34	466095	22573566.00
2014/09/01	10.34	10.75	10.34	10.69	878173	43826680.00
2014/09/02	10.70	10.78	10.63	10.69	717649	36133924.00
2014/09/03	10.75	10.89	10.70	10.76	803331	40830216.00
2014/09/04	10.76	11.15	10.74	11.11	1187613	61551788.00
2014/09/05	11.07	11.53	11.03	11.51	1369718	72748216.00
2014/09/09	11.54	11.66	11.22	11.59	1334102	71847632.00
2014/09/10	11.58	12.11	11.41	12.07	1555666	86777856.00
2014/09/30	11.81	11.81	11.37	11.62	2703335	146257392.00
2014/10/08	11.49	12.02	11.49	12.02	1491113	82109024.00
2014/10/09	12.06	13.27	12.02	12.72	2024875	120112976.00
2014/10/10	12.67	13.33	12.49	13.06	1372449	83981984.00
2014/10/13	13.07	13.07	12.54	12.81	1011259	60682528.00
2014/10/14	12.81	13.87	12.74	13.51	1240472	77529824.00
2014/10/15	13.52	13.96	13.41	13.73	1007135	64360088.00
2014/10/16	13.57	13.87	13.07	13.08	1552872	97197472.00
2014/10/17	13.12	13.96	12.77	13.89	1731973	107531296.00
2014/10/20	13.83	14.18	13.61	13.70	1185164	76642104.00
2014/10/21	13.65	13.91	13.57	13.68	835740	53384052.00
2014/10/22	13.63	13.87	13.07	13.14	1047803	65611120.00
2014/10/23	13.08	13.25	12.79	13.05	831114	50694864.00
2014/10/24	13.04	13.91	12.99	13.53	867931	54533968.00
2014/10/27	13.57	14.51	13.53	14.18	1376618	90512312.00
2014/10/28	14.29	14.40	13.99	14.40	745885	49359192.00
2014/10/29	14.29	14.78	14.26	14.77	1369310	92141432.00
2014/10/30	14.74	16.30	14.66	15.92	3475725	255946032.00
2014/10/31	15.92	15.94	15.42	15.91	1509005	109542632.00
2014/11/03	15.83	15.91	15.36	15.37	1535240	111065088.00
2014/11/04	15.45	15.81	14.86	14.92	1701837	120206592.00
2014/11/05	14.90	15.07	14.74	15.03	1348844	93309776.00
2014/11/06	14.96	15.51	14.92	15.48	1269744	90273480.00
2014/11/07	15.57	15.71	14.74	14.75	1499212	106107512.00
2014/11/10	14.75	15.36	14.65	15.28	932400	65188092.00
2014/11/11	15.33	15.67	14.76	15.05	1445364	102230936.00
2014/11/12	15.03	15.92	14.99	15.92	1804616	130885656.00
2014/11/13	15.83	15.85	15.08	15.22	1652606	118111896.00
2014/11/14	15.05	15.67	14.83	15.33	1710193	121315032.00
2014/11/17	15.29	16.29	15.15	15.92	1997502	147820080.00
2014/11/18	15.92	16.36	15.86	16.25	1189262	88680840.00
2014/11/19	16.27	16.60	15.73	15.89	1572705	116741464.00
2014/11/20	15.74	15.93	15.57	15.61	801144	58345684.00
2014/11/21	15.65	15.83	15.52	15.68	867108	63098508.00
2014/11/24	15.75	15.82	15.46	15.70	862802	62405088.00
2014/11/25	15.65	16.07	15.52	15.65	930369	68088080.00
2014/11/26	15.70	15.92	15.52	15.57	1171755	85178576.00
2014/11/27	15.83	16.28	15.60	15.73	1287832	94737272.00
2014/11/28	15.73	15.92	15.60	15.91	902973	66102944.00
2014/12/01	15.96	16.77	15.79	16.74	1837619	140306288.00
2014/12/02	16.74	17.04	16.52	16.71	1242164	96127568.00
2014/12/03	16.69	16.78	15.83	16.14	1667848	125459136.00
2014/12/04	16.14	16.31	15.98	16.01	1150974	85780224.00
2014/12/05	15.85	15.94	15.05	15.07	1847483	131201872.00
2014/12/08	14.87	14.87	14.24	14.41	1747959	118017976.00
2014/12/09	14.27	14.95	14.18	14.51	1299946	87648408.00
2014/12/10	14.53	14.93	14.45	14.75	875462	60065124.00
2014/12/11	14.66	15.04	14.42	15.04	660404	45400920.00
2014/12/12	15.03	15.17	14.88	15.09	406763	28383728.00
2014/12/15	15.10	15.77	15.05	15.50	1276673	92292872.00
2014/12/16	15.85	16.07	15.27	15.31	1126155	81228480.00
2014/12/17	15.18	15.24	14.81	15.07	793078	55109328.00
2014/12/18	15.07	15.15	14.52	14.52	714120	49187240.00
2014/12/19	14.41	14.58	13.75	14.07	921398	60583160.00
2014/12/22	13.96	13.96	12.83	13.06	1222769	74954504.00
2014/12/23	13.07	13.70	12.87	13.33	784846	49193368.00
2014/12/24	13.51	14.04	13.43	13.95	583907	37373036.00
2014/12/25	13.96	14.37	13.78	14.14	687983	45440568.00
2014/12/26	14.08	14.21	14.02	14.12	435209	28504704.00
2014/12/29	14.11	14.11	13.23	13.26	686656	43134460.00
2014/12/30	13.25	13.25	12.41	12.52	1128616	67017472.00
2014/12/31	12.62	12.96	12.52	12.83	626458	37226680.00
2015/01/05	13.01	13.02	12.27	12.67	647270	38255924.00
2015/01/06	12.58	13.31	12.45	13.29	861737	52653004.00
2015/01/07	13.27	13.27	12.96	13.11	541046	33011632.00
2015/01/08	13.07	13.26	12.92	12.92	621651	38082896.00
2015/01/09	12.85	13.82	12.82	13.44	1209877	76053008.00
2015/01/12	13.43	13.96	13.29	13.91	1032851	65791528.00
2015/01/13	13.80	13.88	13.56	13.82	673226	43165248.00
2015/01/14	13.75	13.84	13.41	13.69	625563	39623628.00
2015/01/15	13.67	14.11	13.67	13.74	613693	39621032.00
2015/01/16	13.74	14.13	13.67	14.07	639433	41599356.00
2015/01/19	13.91	14.70	13.67	14.07	1400590	92485248.00
2015/01/20	13.94	14.63	13.93	14.57	1186362	79175024.00
2015/01/21	14.56	14.73	14.47	14.72	1219715	82777928.00
2015/01/22	14.71	14.76	14.53	14.69	845063	57547932.00
2015/01/23	14.69	14.75	14.19	14.47	1003821	67305872.00
2015/01/26	14.40	14.88	14.31	14.77	742469	50624636.00
2015/01/27	14.73	15.07	14.63	14.85	920165	63549700.00
2015/01/28	14.83	15.03	14.69	14.90	799021	55263716.00
2015/01/29	14.82	14.89	14.52	14.54	727907	49698772.00
2015/01/30	14.54	14.84	14.52	14.61	476348	32418040.00
2015/02/02	14.92	14.92	13.89	13.93	1584077	104981624.00
2015/02/03	13.96	14.50	13.93	14.31	997236	66096292.00
2015/02/04	14.31	14.48	14.18	14.33	695724	46286940.00
2015/02/05	14.29	14.50	14.19	14.38	711244	47586484.00
2015/02/06	14.41	14.49	13.93	14.03	769500	50696168.00
2015/02/09	13.92	14.15	13.43	13.71	744850	47910164.00
2015/02/10	13.71	13.85	13.41	13.73	1059199	67254896.00
2015/02/11	13.69	13.75	13.55	13.62	665370	42253432.00
2015/02/12	13.67	13.86	13.67	13.70	552170	35301432.00
2015/02/13	14.18	15.12	14.18	15.12	2745389	190321984.00
2015/02/16	15.52	15.54	15.03	15.31	2816099	199062512.00
2015/02/17	15.31	15.63	14.96	15.47	1361415	96727064.00
2015/02/25	15.42	15.69	15.15	15.31	1276347	91590040.00
2015/02/26	15.25	15.42	15.01	15.20	823791	58168196.00
2015/02/27	15.23	15.29	14.99	15.15	1118918	78571576.00
2015/03/02	15.16	15.55	15.09	15.41	1262465	90091520.00
2015/03/03	15.29	15.72	15.10	15.54	1508167	107981688.00
2015/03/04	15.53	16.13	15.45	15.74	1378837	101298312.00
2015/03/05	15.83	15.99	15.29	15.39	1319246	94881144.00
2015/03/06	15.42	15.49	14.98	15.00	999903	70371336.00
2015/03/09	14.85	15.40	14.81	15.29	1037180	73203160.00
2015/03/10	15.34	15.92	15.30	15.73	1094719	79764904.00
2015/03/11	15.67	15.69	15.37	15.41	831580	59777384.00
2015/03/12	15.41	15.74	15.10	15.27	697196	49748544.00
2015/03/13	15.32	15.52	15.19	15.52	712712	50746236.00
2015/03/16	15.68	16.28	15.67	16.17	1504824	111716712.00
2015/03/17	15.96	16.12	15.68	15.77	2209909	162122512.00
2015/03/18	15.71	17.39	15.65	17.39	3208036	246300992.00
2015/03/19	17.18	17.51	16.82	17.12	1923706	152994480.00
2015/03/20	17.08	17.58	16.83	17.29	1432021	113606408.00
2015/03/23	17.29	18.53	17.29	18.23	2110775	175167104.00
2015/03/24	18.38	18.40	17.30	17.95	2112712	174140176.00
2015/03/25	17.82	18.84	17.49	18.65	1999426	166688640.00
2015/03/26	18.30	18.53	17.52	17.73	1740165	144785568.00
2015/03/27	17.74	18.18	17.53	17.96	893151	74224776.00
2015/03/30	17.97	18.37	17.45	17.70	1255497	103357080.00
2015/03/31	17.66	18.18	17.66	17.88	1039864	86210872.00
2015/04/01	18.63	19.71	18.44	19.71	2687256	240508672.00
2015/04/02	20.41	20.74	19.41	20.74	3056917	282923648.00
2015/04/03	20.04	20.58	19.93	20.34	2218450	207274400.00
2015/04/07	20.74	20.87	19.88	20.42	3249035	200704560.00
2015/04/08	20.45	20.48	19.08	19.32	4691007	281467872.00
2015/04/09	19.22	19.98	17.99	19.92	3630534	210579392.00
2015/04/10	19.65	20.25	19.32	19.84	2719039	165074208.00
2015/04/13	19.98	20.84	19.52	20.01	5293915	324343520.00
2015/04/14	20.73	21.40	20.02	20.62	5997555	380405920.00
2015/04/15	20.33	20.94	19.65	19.94	3197691	196985808.00
2015/04/16	19.65	20.42	19.06	20.05	2377295	144059680.00
2015/04/17	20.09	20.84	19.88	20.32	3379477	209687344.00
2015/04/20	20.32	21.50	20.00	20.58	4191731	267790336.00
2015/04/21	20.56	22.66	20.55	22.52	3878180	258352672.00
2015/04/22	23.66	24.80	23.66	24.80	2872412	211157536.00
2015/08/31	22.29	22.29	22.29	22.29	76700	5208697.00
2015/09/01	20.02	20.02	20.02	20.02	9900	605088.00
2015/09/02	17.99	17.99	17.99	17.99	419500	23076696.00
2015/09/07	16.15	17.78	16.15	16.18	13481206	672193792.00
2015/09/08	15.85	16.35	15.09	16.35	6757258	327581792.00
2015/09/09	16.32	17.58	16.22	16.95	6133357	316687360.00
2015/09/10	16.59	18.52	16.43	17.40	5535117	296615008.00
2015/09/11	17.32	18.23	17.31	17.81	4457624	241296896.00
2015/09/14	18.28	18.58	16.06	16.23	4677212	248531024.00
2015/09/15	15.99	16.91	15.83	16.28	3777557	190398608.00
2015/09/16	16.35	17.94	16.33	17.69	4176142	216850928.00
2015/09/17	17.82	18.59	17.19	17.26	5447256	299907040.00
2015/09/18	17.32	17.51	16.52	16.84	5458602	141579488.00
2015/09/21	16.34	18.56	16.18	18.56	10767344	297763616.00
2015/09/22	18.75	19.30	18.22	18.32	10017534	286777280.00
2015/09/23	17.78	19.73	17.67	19.02	7150421	207180800.00
2015/09/24	19.07	19.72	18.76	19.53	6298944	186305136.00
2015/09/25	19.35	20.35	18.72	19.38	7714117	231231264.00
2015/09/28	19.39	20.64	19.04	20.38	7071513	212740016.00
2015/09/29	20.00	20.42	19.51	19.74	5031512	153199680.00
2015/09/30	19.86	20.24	19.06	19.34	4016682	119768776.00
2015/10/08	20.08	20.76	19.74	20.30	5864076	181192272.00
2015/10/09	20.25	20.97	20.02	20.72	3829317	120530400.00
2015/10/12	20.78	22.40	20.75	22.15	7137951	239013424.00
2015/10/13	21.92	24.40	21.92	24.32	10465559	376435232.00
2015/10/14	23.82	24.94	23.64	24.32	7283888	268752448.00
2015/10/15	24.22	26.78	24.12	26.38	8981865	357669024.00
2015/10/16	26.42	26.98	25.33	26.45	7577372	300026240.00
2015/10/19	26.32	26.44	24.85	25.26	7477138	290944448.00
2015/10/20	25.28	26.25	24.91	25.28	9220967	356562592.00
2015/10/21	25.05	25.77	23.65	23.65	9376482	353996832.00
2015/10/22	23.65	26.05	23.52	25.72	9892399	371058144.00
2015/10/23	26.52	26.52	25.38	25.97	8228881	324807360.00
2015/10/26	25.98	26.05	24.90	25.44	5922077	229600016.00
2015/11/03	25.38	25.58	23.90	24.33	5763661	215227408.00
2015/11/04	24.30	25.62	24.25	25.59	5334653	203137696.00
2015/11/05	25.70	27.16	25.57	25.77	6848689	272742496.00
2015/11/06	25.78	26.60	25.78	26.32	4662141	185824704.00
2015/11/09	26.19	28.62	25.98	28.10	5375933	223614896.00
2015/11/10	27.78	29.38	27.05	27.80	5253489	224568160.00
2015/11/11	27.72	28.64	27.26	28.38	4896354	208657808.00
2015/11/12	28.30	28.56	27.10	27.56	4864343	203974496.00
2015/11/13	26.98	27.31	26.00	26.21	4477935	181180064.00
2015/11/16	25.58	27.00	25.34	26.83	3156550	127084264.00
2015/11/17	27.29	28.24	26.72	26.98	5153431	215375264.00
2015/11/18	27.06	27.38	26.38	26.49	2559219	104025776.00
2015/11/19	26.49	27.38	26.28	27.38	3173412	128962856.00
2015/11/20	27.38	27.58	26.65	26.87	3659075	150149776.00
2015/11/23	26.72	26.96	26.19	26.45	4014899	161939552.00
2015/11/24	26.44	27.18	26.22	26.74	2992880	121579400.00
2015/11/25	26.81	28.78	26.78	28.48	5910489	250014832.00
2015/11/26	28.19	28.85	27.50	27.52	4357930	184787440.00
2015/11/27	27.38	27.38	24.99	25.46	5345601	214884336.00
2015/11/30	25.46	25.84	24.32	25.65	4559078	174638448.00
2015/12/01	25.55	26.14	25.22	25.63	3129869	122097968.00
2015/12/02	25.48	25.63	23.98	24.86	3402053	127642728.00
2015/12/03	24.97	25.64	24.66	25.45	2527927	96832568.00
2015/12/04	25.52	26.69	25.40	25.91	4295950	169881920.00
2015/12/07	26.12	26.31	25.52	25.98	2237038	88069424.00
2015/12/08	25.95	25.98	24.92	25.20	2382899	91626752.00
2015/12/09	24.98	25.62	24.98	25.52	1943262	74697968.00
2015/12/10	25.32	25.58	24.98	25.30	2034136	78179864.00
2015/12/11	25.24	25.24	24.70	25.22	1724842	65523468.00
2015/12/14	24.98	25.42	24.65	25.41	2118278	80665344.00
2015/12/15	25.50	26.45	25.42	25.76	2377097	93850832.00
2015/12/16	26.00	26.51	25.57	26.20	2536640	100616520.00
2015/12/17	26.35	27.32	26.35	27.01	4148323	169784400.00
2015/12/18	27.18	27.35	26.38	27.34	3235749	132449488.00
2015/12/21	27.57	28.65	27.38	27.70	4062514	172246448.00
2015/12/22	27.66	27.79	27.12	27.44	2161192	90043944.00
2015/12/23	27.35	27.78	26.77	26.98	2445602	101388328.00
2015/12/24	26.86	27.12	26.40	27.05	1703001	69199200.00
2015/12/25	27.12	28.12	26.92	27.15	2381299	99675024.00
2015/12/28	26.98	27.70	26.12	26.17	3483987	143011408.00
2015/12/29	25.98	26.31	25.52	26.04	3355567	131672288.00
2015/12/30	26.15	26.77	25.72	26.38	2824246	112592344.00
2015/12/31	26.32	26.38	25.52	25.60	2585022	101726880.00
2016/01/04	25.58	25.60	23.12	23.40	2512922	93796352.00
2016/01/05	22.98	24.32	22.30	23.72	3170672	112838128.00
2016/01/06	23.78	24.01	22.98	23.69	2754148	98739944.00
2016/01/07	23.32	23.32	21.28	21.28	957262	32090940.00
2016/01/08	22.00	22.34	20.32	21.70	3576469	117970904.00
2016/01/11	21.32	22.31	20.32	21.10	3436239	113467000.00
2016/01/12	21.11	21.55	20.32	21.02	2725748	87572080.00
2016/01/13	21.52	22.98	21.52	21.98	5753360	193433616.00
2016/01/14	20.98	22.98	20.50	22.82	4167472	140537984.00
2016/01/15	22.55	22.98	20.90	20.92	4014884	134134224.00
2016/01/18	20.31	23.04	19.98	23.04	5495559	186166608.00
2016/01/19	23.42	25.38	23.42	25.38	7671823	290395808.00
2016/01/20	26.30	27.38	25.98	26.16	10925497	441642304.00
2016/01/21	25.92	28.81	25.66	28.12	14218479	601779008.00
2016/01/22	28.35	28.68	26.82	27.98	7550744	315807552.00
2016/01/25	27.98	30.57	27.70	28.98	10275109	451917728.00
2016/01/26	28.43	28.65	26.32	26.46	6523950	272793632.00
2016/01/27	26.32	29.14	26.32	29.14	10034219	419030176.00
2016/01/28	28.25	30.75	27.43	28.52	9876560	432807360.00
2016/01/29	28.27	29.82	27.32	29.32	7463510	324574080.00
2016/02/01	29.17	32.28	28.71	32.28	12581136	604048128.00
2016/02/02	32.45	33.40	31.32	32.90	15159264	743668736.00
2016/02/03	32.12	33.98	30.52	31.66	13240375	644888384.00
2016/02/04	31.32	32.76	31.30	32.22	9123014	441250912.00
2016/02/05	31.98	32.22	30.52	30.68	6875014	323808608.00
2016/02/15	29.88	30.28	29.32	30.02	6435273	290442976.00
2016/02/16	30.18	32.72	30.01	31.89	9604930	454932512.00
2016/02/17	31.51	31.76	30.12	30.84	8190010	382683840.00
2016/02/18	31.08	33.96	30.89	33.18	13756094	688949760.00
2016/02/19	32.97	34.07	31.99	32.80	8918677	445312640.00
2016/02/22	32.96	34.64	32.52	33.32	7341518	373312704.00
2016/02/23	33.26	33.26	31.81	32.44	6308289	308429600.00
2016/02/24	32.18	32.46	30.85	31.58	7284449	347478592.00
2016/02/25	31.42	31.42	28.39	28.40	9337948	420926144.00
2016/02/26	28.78	30.36	28.78	29.44	6622598	296889216.00
2016/02/29	29.00	30.24	27.20	30.12	7801687	342687136.00
2016/03/01	29.78	30.96	28.34	30.18	7510752	338982656.00
2016/03/02	29.78	33.24	29.65	33.24	10955698	537744128.00
2016/03/03	33.23	34.22	32.45	33.34	9507185	480280800.00
2016/03/04	32.75	33.37	30.12	30.52	9126207	437933888.00
2016/03/07	30.72	31.32	28.45	29.08	12101075	549126720.00
2016/03/08	28.38	30.16	27.28	29.53	9048144	392006976.00
2016/03/09	28.58	29.85	28.09	28.66	5826228	257036928.00
2016/03/10	28.85	29.31	27.65	27.74	5350370	229201184.00
2016/03/11	27.39	28.50	27.20	27.74	4128712	174830560.00
2016/03/14	28.31	29.84	28.02	28.92	5538975	245678128.00
2016/03/15	28.78	29.58	28.48	28.78	2851014	125059152.00
2016/03/16	29.18	29.57	28.05	28.22	2900878	126252688.00
2016/03/17	28.58	30.04	28.32	29.94	6550092	292827040.00
2016/03/18	29.87	31.57	29.66	30.85	6398396	299459488.00
2016/03/21	31.04	31.30	30.32	31.26	6749186	315012064.00
2016/03/22	30.78	31.25	30.45	30.52	4918336	229658992.00
2016/03/23	29.92	30.24	28.32	29.37	12096558	533325056.00
2016/03/24	28.65	29.96	28.64	29.42	6709702	299744448.00
2016/03/25	29.42	29.58	28.55	28.94	4043947	177015936.00
2016/03/28	29.62	31.86	29.33	31.25	10096045	470127552.00
2016/03/29	30.78	31.15	29.62	30.32	5979176	275439712.00
2016/03/30	30.38	31.54	30.32	31.40	6276181	294311328.00
2016/03/31	31.40	32.22	30.92	31.00	6234340	297313568.00
2016/04/01	30.98	30.98	29.82	30.22	3781335	173654544.00
2016/04/05	30.25	31.00	30.09	30.82	3108985	144407920.00
2016/04/06	30.72	31.89	30.65	31.08	4453767	211620928.00
2016/04/07	31.08	31.77	30.07	31.72	6234644	292064928.00
2016/04/08	30.69	31.05	30.12	30.46	4972956	231042032.00
2016/04/11	30.72	31.28	30.65	30.92	4304393	202194112.00
2016/04/12	30.92	30.92	30.18	30.40	2921075	134732464.00
2016/04/13	30.65	31.97	30.45	31.72	7923526	379321792.00
2016/04/14	31.56	31.90	31.06	31.74	5654732	270708608.00
2016/04/15	31.58	34.29	31.32	33.82	8996986	451185024.00
2016/04/18	33.32	35.62	32.98	32.98	9079664	467296896.00
2016/04/19	33.32	33.92	32.17	32.56	5246614	261396176.00
2016/04/20	32.70	33.18	30.54	31.22	7246882	346698080.00
2016/04/21	31.22	31.83	30.65	30.86	3771744	179360800.00
2016/04/22	30.85	31.68	30.65	31.51	2463931	116799984.00
2016/04/25	31.38	32.55	30.86	32.00	3968215	192499264.00
2016/04/26	32.18	32.94	31.73	32.90	3117380	153103376.00
2016/04/27	32.98	33.98	32.32	32.32	4332908	218542960.00
2016/04/28	32.66	34.29	32.02	34.29	6814457	342531072.00
2016/04/29	34.11	34.82	33.60	34.25	4584951	238034848.00
2016/05/03	33.84	37.31	33.84	36.52	8580113	469482688.00
2016/05/04	36.38	36.98	35.65	36.38	5165451	282861440.00
2016/05/05	36.00	36.57	35.52	36.25	5468792	297543840.00
2016/05/06	36.30	36.31	34.06	34.36	8098753	427818496.00
2016/05/09	33.65	35.08	33.38	34.11	4450249	230541024.00
2016/05/10	34.14	35.32	33.92	34.84	4973608	261386704.00
2016/05/11	34.98	36.14	34.52	34.52	4945051	264777200.00
2016/05/12	34.31	35.55	33.84	35.44	4493105	238088656.00
2016/05/13	35.28	36.44	34.62	35.38	4115163	220961008.00
2016/05/16	35.78	36.42	34.85	36.24	4212802	227504096.00
2016/05/17	36.45	38.01	36.22	36.52	6949529	390623168.00
2016/05/18	36.25	36.58	35.18	35.74	4017705	216423776.00
2016/05/19	35.67	36.98	35.56	36.12	3894463	213573680.00
2016/05/20	35.78	36.58	35.45	36.56	3208126	174536976.00
2016/05/23	36.78	39.13	36.78	39.12	6380096	366946560.00
2016/05/24	38.72	40.11	38.72	38.98	5794852	343010560.00
2016/05/25	38.85	40.04	37.32	37.74	6001088	348797696.00
2016/05/26	37.52	41.53	36.98	41.45	6559991	386607968.00
2016/05/27	40.79	41.11	39.68	39.76	6353978	385992928.00
2016/05/30	38.78	39.36	38.12	38.44	6466277	376993184.00
2016/05/31	38.38	39.44	38.37	39.43	10081087	590468288.00
2016/06/01	39.12	40.91	38.67	40.41	10091478	601586624.00
2016/06/02	39.82	40.22	39.16	39.70	6098072	364236704.00
2016/06/03	39.42	39.42	38.15	38.24	8660621	502892256.00
2016/06/06	38.25	38.89	38.18	38.64	3702970	215472992.00
2016/06/07	38.64	39.95	38.32	39.62	5420511	320004032.00
2016/06/08	39.30	39.78	38.78	38.80	3999630	236137392.00
2016/06/13	38.38	38.38	36.32	36.45	6785434	380896288.00
2016/06/14	36.04	36.98	36.04	36.74	3229553	177717440.00
2016/06/15	36.32	37.92	36.24	37.64	3577222	202584384.00
2016/06/16	37.64	38.09	36.85	36.94	3105684	175200400.00
2016/06/17	36.86	38.12	36.45	37.02	4685038	263880336.00
2016/06/20	36.65	37.10	36.39	36.63	3076871	170031536.00
2016/06/21	36.85	37.78	36.84	37.11	3958468	223190432.00
2016/06/22	37.28	37.97	36.82	37.77	2996115	169657904.00
2016/06/23	37.87	38.30	37.46	37.77	2749772	157152432.00
2016/06/24	38.12	41.29	37.85	41.12	12843789	764817536.00
2016/06/27	40.22	41.05	39.86	40.62	5576144	340006176.00
2016/06/28	40.45	42.12	40.18	40.66	5771965	356952608.00
2016/06/29	40.49	41.25	39.93	40.26	3350337	204141040.00
2016/06/30	40.98	41.98	40.37	41.69	4926178	307034304.00
2016/07/01	41.68	41.68	40.65	40.66	2551699	157658992.00
2016/07/04	40.45	41.11	40.32	40.88	2188940	134420368.00
2016/07/05	41.09	41.52	40.46	40.95	2061940	127455256.00
2016/07/06	40.88	43.08	40.59	43.07	5204256	331773248.00
2016/07/07	42.65	43.05	42.00	42.34	2779291	177821136.00
2016/07/08	42.38	43.08	42.17	42.28	1744700	111938072.00
2016/07/11	42.13	42.70	40.92	40.98	3315598	208121792.00
2016/07/12	40.95	41.10	39.57	40.42	4665141	282452352.00
2016/07/13	40.78	41.25	40.22	40.96	2059609	126944832.00
2016/07/14	41.12	42.44	41.00	42.44	2761225	174653840.00
2016/07/15	42.45	42.78	41.64	41.80	1860240	117652376.00
2016/07/18	41.56	42.72	41.45	42.20	1856686	117933904.00
2016/07/19	42.05	43.25	41.88	43.03	2937721	188860928.00
2016/07/20	43.11	43.65	42.51	42.58	2539141	164387088.00
2016/07/21	42.47	43.23	42.20	42.94	2265505	146076848.00
2016/07/22	44.35	45.56	43.57	43.77	6427210	429961728.00
2016/07/25	43.45	45.36	43.26	44.66	3458470	232284864.00
2016/07/26	44.49	45.44	44.48	45.39	2352706	159232848.00
2016/07/27	45.68	47.58	44.37	45.54	7200203	497613088.00
2016/07/28	46.26	48.82	45.45	48.07	7200014	518037024.00
2016/07/29	47.78	48.84	46.58	47.06	4886695	350581824.00
2016/08/01	46.65	47.44	44.24	45.00	4501592	309450208.00
2016/08/02	45.43	46.82	44.45	46.82	3877208	267047984.00
2016/08/03	46.54	49.28	46.45	48.18	6055566	439033472.00
2016/08/04	47.88	48.42	47.34	47.72	2848403	204734528.00
2016/08/05	47.05	48.05	45.75	45.91	5206672	364866368.00
2016/08/08	45.56	48.20	45.16	48.20	5232591	371535584.00
2016/08/09	47.85	48.68	47.53	47.92	2986095	215728656.00
2016/08/10	47.79	49.22	47.78	47.92	4316003	316092480.00
2016/08/11	47.85	48.02	46.35	46.42	4050673	286258368.00
2016/08/12	46.20	46.98	46.03	46.78	2252552	157720000.00
2016/08/15	46.93	47.04	45.25	46.66	4460289	310294624.00
2016/08/16	46.15	46.62	45.70	46.32	3446049	239090880.00
2016/08/17	46.44	47.25	46.12	46.41	2969538	209244624.00
2016/08/18	46.12	46.62	45.25	45.64	3534020	243543440.00
2016/08/19	45.86	45.98	45.45	45.74	1506000	103790464.00
2016/08/22	45.78	46.78	45.39	46.17	2941760	204885744.00
2016/08/23	45.90	46.70	45.70	45.80	2105069	146730096.00
2016/08/24	45.82	46.04	44.46	44.69	3817958	258538864.00
2016/08/25	44.45	44.45	43.78	44.23	2014912	133844952.00
2016/08/26	44.40	45.04	44.02	44.65	2090617	140540496.00
2016/08/29	45.12	46.32	44.90	45.31	3058572	210655520.00
2016/08/30	44.85	45.56	44.58	44.64	1704539	115450528.00
2016/08/31	44.65	44.98	44.22	44.58	1318367	88319808.00
2016/09/01	44.62	45.10	44.36	44.96	1752653	118075144.00
2016/09/02	44.97	44.97	43.04	43.05	4405920	289514624.00
2016/09/05	42.78	43.18	41.26	41.46	5334563	336008288.00
2016/09/06	41.54	42.25	41.45	42.04	2420603	152599248.00
2016/09/07	42.05	42.06	41.52	41.69	1998842	125880216.00
2016/09/08	41.55	41.90	41.38	41.70	1351881	84999248.00
2016/09/09	41.78	42.77	41.78	42.07	2634645	168072064.00
2016/09/12	41.18	41.84	40.94	41.22	1790314	111801440.00
2016/09/13	41.39	41.48	39.85	40.14	2599286	158467056.00
2016/09/14	40.10	41.05	39.78	40.35	1690747	103069320.00
2016/09/19	40.46	41.54	40.45	41.47	2482779	153952832.00
2016/09/20	41.43	42.44	41.32	42.15	2960408	187468208.00
2016/09/21	42.15	42.52	41.92	42.29	1427151	90939880.00
2016/09/22	42.46	43.88	42.46	42.98	3675061	240279008.00
2016/09/23	42.98	43.63	42.80	43.01	1459445	94944448.00
2016/09/26	43.15	43.26	41.66	41.78	1998302	126754952.00
2016/09/27	41.78	42.08	40.96	41.78	1784247	111263024.00
2016/09/28	41.58	41.97	41.26	41.95	1549710	97472344.00
2016/09/29	42.07	43.99	41.86	43.50	3382329	221527328.00
2016/09/30	43.12	44.58	43.10	44.50	3360461	224058832.00
2016/10/10	44.66	45.11	43.52	44.66	2707197	181844224.00
2016/10/11	44.84	45.32	44.22	44.38	2053818	138441264.00
2016/10/12	44.32	45.32	44.32	44.68	2147619	145369376.00
2016/10/13	44.60	44.75	43.72	43.72	1810118	120257184.00
2016/10/14	43.47	43.98	43.20	43.56	1644691	107805000.00
2016/10/17	43.63	43.73	42.57	42.70	2147276	139246736.00
2016/10/18	42.58	43.42	42.58	43.24	1599681	103966072.00
2016/10/19	43.26	43.46	42.60	42.75	1466786	94825192.00
2016/10/20	42.75	43.41	42.59	43.04	1464807	95119016.00
2016/10/21	43.05	43.32	41.86	42.54	2300445	146731616.00
2016/10/24	42.57	43.38	42.05	43.38	2311338	149347232.00
2016/10/25	43.38	43.98	42.54	42.54	2045445	133920032.00
2016/10/26	42.54	43.10	42.45	42.90	1511918	97759224.00
2016/10/27	42.71	42.90	42.12	42.37	1422202	90746056.00
2016/10/28	42.38	42.58	41.04	41.14	2687044	168676032.00
2016/10/31	41.16	41.84	41.01	41.52	1488816	93148272.00
2016/11/01	41.45	42.31	41.38	42.09	1229961	77742784.00
2016/11/02	42.04	42.25	41.54	41.56	1150900	72557304.00
2016/11/03	41.45	42.12	41.23	41.42	1130328	70949920.00
2016/11/04	41.63	41.65	41.12	41.20	1060236	66122420.00
2016/11/07	41.20	41.50	40.58	40.66	1380044	85316472.00
2016/11/08	40.97	41.99	40.64	41.95	2055118	128679736.00
2016/11/09	41.96	42.30	40.85	41.24	1964681	123323272.00
2016/11/10	41.58	42.22	41.58	41.74	1726049	109024416.00
2016/11/11	41.70	42.10	41.11	41.46	1328722	83127184.00
2016/11/14	41.49	41.71	41.13	41.32	1240414	77435648.00
2016/11/15	41.32	41.92	41.32	41.92	1437726	90242512.00
2016/11/16	42.02	42.18	41.62	41.82	1212559	76452048.00
2016/11/17	41.56	41.78	41.09	41.33	1149967	71671784.00
2016/11/18	41.33	41.70	40.92	41.19	1871005	116375744.00
2016/11/21	41.19	41.29	40.85	40.88	1720602	106304352.00
2016/11/22	40.92	41.44	40.84	41.33	1492652	92747576.00
2016/11/23	41.33	41.43	40.77	40.78	1567215	97259360.00
2016/11/24	40.78	41.10	40.25	40.58	1643457	100810360.00
2016/11/25	40.58	40.90	39.86	40.89	1550245	94617576.00
2016/11/28	41.12	41.12	40.65	40.78	1070439	66004400.00
2016/11/29	40.58	42.01	40.58	41.62	2595682	162720768.00
2016/11/30	41.45	42.09	41.24	41.35	1425281	89358096.00
2016/12/01	41.51	41.62	40.78	40.87	1275290	79021952.00
2016/12/02	40.77	40.95	39.85	39.98	1708435	103674056.00
2016/12/05	39.85	40.37	39.78	40.08	805011	48642000.00
2016/12/06	40.12	40.56	39.94	40.12	821488	49980168.00
2016/12/07	40.14	40.47	39.98	40.34	565769	34356504.00
2016/12/08	40.34	40.58	39.97	40.38	1084110	65889256.00
2016/12/09	40.18	40.38	38.76	38.79	1787095	106651616.00
2016/12/12	38.45	38.45	35.65	35.97	3767993	211350624.00
2016/12/13	36.10	36.98	35.70	36.44	2048113	112190208.00
2016/12/14	36.45	36.71	35.70	35.78	1618460	88022008.00
2016/12/15	35.25	36.42	35.25	35.68	1571265	85098024.00
2016/12/16	35.76	36.86	35.76	36.77	1769471	97338248.00
2016/12/19	36.65	37.69	36.42	37.28	1756788	98756680.00
2016/12/20	37.06	37.45	36.78	37.03	751117	41906572.00
2016/12/21	38.12	38.60	36.98	38.04	2059330	118730464.00
2016/12/22	37.86	38.44	37.79	38.02	980947	56475132.00
2016/12/23	37.92	38.08	37.13	37.44	792752	44842600.00
2016/12/26	37.18	38.17	37.12	38.01	1018344	58122656.00
2016/12/27	37.91	38.18	37.58	37.74	660304	37720500.00
2016/12/28	37.73	38.06	37.65	37.68	493799	28125774.00
2016/12/29	37.77	37.78	37.32	37.34	758755	43056864.00
2016/12/30	37.34	37.68	37.14	37.35	639706	35987276.00
2017/01/03	37.35	37.45	37.08	37.22	630192	35377504.00
2017/01/04	37.22	37.51	37.08	37.45	611272	34414100.00
2017/01/05	37.45	38.46	37.45	38.05	1161463	66838808.00
2017/01/06	38.01	38.15	37.12	37.14	1208123	68081712.00
2017/01/09	36.92	37.44	36.32	36.37	1143701	63289288.00
2017/01/10	36.37	36.84	36.28	36.58	752094	41471392.00
2017/01/11	36.19	36.63	35.48	35.79	1135050	61553316.00
2017/01/12	35.75	36.23	35.52	35.84	618485	33568084.00
2017/01/13	35.82	36.03	34.45	34.63	1643681	87065520.00
2017/01/16	34.56	34.78	32.04	33.29	1324379	67079804.00
2017/01/17	33.18	33.88	32.37	33.22	1590576	79644992.00
2017/01/18	33.22	33.83	32.94	33.52	1155851	58498752.00
2017/01/19	33.10	33.34	32.56	32.92	1179736	58602872.00
2017/01/20	32.98	34.13	32.95	33.78	1259471	64121312.00
2017/01/23	33.78	34.28	33.52	33.80	746487	38236396.00
2017/01/24	33.58	33.92	33.15	33.25	788232	39745016.00
2017/01/25	33.93	35.08	33.70	34.62	1865830	97169984.00
2017/01/26	34.85	35.03	34.37	34.85	733549	38460852.00
2017/02/03	34.98	34.98	34.46	34.60	595326	31101262.00
2017/02/06	34.45	36.21	34.38	36.05	1679252	90565344.00
2017/02/07	35.78	36.34	35.60	35.76	1181346	64078224.00
2017/02/08	35.78	36.06	35.47	36.02	852492	46014464.00
2017/02/09	36.15	37.90	36.12	37.58	3228022	181062560.00
2017/02/10	37.92	37.92	36.95	37.52	1265781	71358232.00
2017/02/13	37.78	37.86	37.18	37.58	1496560	84825584.00
2017/02/14	37.58	38.05	37.38	37.82	1192882	67807488.00
2017/02/15	37.85	39.48	37.72	37.85	2282357	133022568.00
2017/02/16	37.68	38.78	37.68	38.15	1183517	68220016.00
2017/02/17	38.08	38.70	38.04	38.23	1077356	62203848.00
2017/02/20	38.06	38.26	36.80	37.85	1899630	107612352.00
2017/02/21	37.84	38.24	37.37	37.68	1578802	89741216.00
2017/02/22	37.55	37.64	37.31	37.53	972408	54955232.00
2017/02/23	37.52	39.36	37.50	39.12	2402032	140406912.00
2017/02/24	38.91	40.89	38.86	40.28	3136262	190236560.00
2017/02/27	39.12	41.45	39.12	40.72	2897310	177782816.00
2017/02/28	40.92	41.36	40.58	40.85	2183918	135180896.00
2017/03/01	40.64	41.20	40.18	40.30	1857322	113869896.00
2017/03/02	40.16	41.10	40.16	40.53	1222168	75086488.00
2017/03/03	40.45	42.03	40.43	41.84	3124602	195614592.00
2017/03/06	42.23	42.24	41.35	41.74	2396430	151011984.00
2017/03/07	41.65	42.04	40.91	41.18	1816667	113365224.00
2017/03/08	41.16	42.70	40.91	41.84	2457176	155146704.00
2017/03/09	41.17	41.23	39.88	40.02	3673901	224242464.00
2017/03/10	40.28	40.78	39.72	40.65	1945006	118184632.00
2017/03/13	40.65	41.56	40.18	41.05	1477482	91569744.00
2017/03/14	41.32	41.32	40.64	40.85	1374019	84865240.00
2017/03/15	40.65	40.84	39.89	40.15	2214209	134381360.00
2017/03/16	40.32	40.68	40.26	40.45	1177208	71796760.00
2017/03/17	40.47	40.77	39.90	39.97	1232282	74795592.00
2017/03/20	39.78	40.90	39.70	40.66	1835880	111373872.00
2017/03/21	40.72	41.57	40.50	41.52	1842397	114856360.00
2017/03/22	41.50	41.50	40.58	40.63	2066580	127425168.00
2017/03/23	40.74	42.63	40.25	42.00	3859628	242808400.00
2017/03/24	42.02	43.49	41.79	43.49	3314447	214955600.00
2017/03/27	43.45	43.49	42.25	42.86	2942508	189631312.00
2017/03/28	42.86	43.30	42.44	42.91	1286018	83006272.00
2017/03/29	42.62	43.10	42.12	42.12	1564132	100168928.00
2017/03/30	41.88	42.57	41.84	41.84	1524103	96819184.00
2017/03/31	41.78	42.42	41.45	42.30	1553356	97838128.00
2017/04/05	42.55	44.32	42.55	43.54	2397418	157724704.00
2017/04/06	43.75	44.38	43.38	43.65	2414842	159686672.00
2017/04/07	43.65	44.12	41.98	42.25	2962098	191735152.00
2017/04/18	41.06	42.17	39.15	40.30	3000274	183321008.00
2017/04/19	40.05	40.72	39.92	40.45	1436227	87369136.00
2017/04/20	40.70	41.44	40.45	40.99	1203956	74583584.00
2017/04/21	40.92	41.10	39.97	40.12	1000329	61073036.00
2017/04/24	39.72	39.72	37.56	38.05	2388466	138143008.00
2017/04/25	37.98	38.65	37.83	38.06	1242967	71658296.00
2017/04/26	37.78	38.69	37.78	38.45	854623	49542400.00
2017/04/27	38.32	39.62	38.15	39.62	1295811	76149440.00
2017/04/28	39.46	39.76	39.28	39.56	677532	40408832.00
2017/05/02	39.48	39.68	38.98	39.12	582673	34485064.00
2017/05/03	39.04	39.45	38.99	39.24	463763	27423640.00
2017/05/04	39.20	39.64	38.51	38.64	786653	46403752.00
2017/05/05	38.47	38.83	38.02	38.27	973489	56285204.00
2017/05/08	38.18	38.42	37.15	37.15	908927	51895448.00
2017/05/09	37.43	37.98	37.12	37.54	852552	48087820.00
2017/05/10	37.24	37.62	35.38	36.12	2334578	128415320.00
2017/05/11	35.62	36.65	35.17	36.55	1375642	74679600.00
2017/05/12	36.45	36.92	36.12	36.90	912497	50281352.00
2017/05/15	36.62	37.45	36.62	37.02	746428	41665772.00
2017/05/16	37.00	38.32	36.71	38.19	988380	56442396.00
2017/05/17	37.98	38.70	37.98	38.32	860299	49888456.00
2017/05/18	38.06	38.58	37.82	37.94	534340	30736440.00
2017/05/19	37.82	38.66	37.80	38.55	808090	46784736.00
2017/05/22	38.85	39.76	38.85	38.85	1509885	89528312.00
2017/05/23	39.32	40.90	39.32	40.41	3054036	186757808.00
2017/05/24	40.15	40.84	38.99	40.67	1872766	113123784.00
2017/05/25	40.89	41.48	40.39	40.62	1307522	80552904.00
2017/05/26	40.61	41.43	40.36	40.92	1800579	73864312.00
2017/05/31	41.25	42.73	41.24	42.57	3586436	151717712.00
2017/06/01	42.25	43.15	41.12	41.69	3442582	144872416.00
2017/06/02	40.86	41.20	39.15	40.62	3502120	140649184.00
2017/06/05	40.25	41.19	39.88	41.05	1657732	67712632.00
2017/06/06	41.20	41.78	40.56	40.85	1425780	58967260.00
2017/06/07	40.85	41.32	40.70	41.01	1889365	77790856.00
2017/06/08	41.15	42.13	41.02	41.76	2184963	91435544.00
2017/06/09	41.76	42.14	41.50	41.59	1972546	82685360.00
2017/06/12	41.39	42.07	41.39	41.60	1745018	73101440.00
2017/06/13	41.60	41.85	41.19	41.26	1562304	64965096.00
2017/06/14	41.27	41.54	40.50	40.98	1257354	51514612.00
2017/06/15	40.66	41.33	40.57	40.80	1213631	49813796.00
2017/06/16	40.80	41.03	40.65	40.84	808248	33100496.00
2017/06/19	40.85	40.95	40.53	40.87	822239	33583996.00
2017/06/20	40.70	44.79	40.70	41.59	2265594	95460984.00
2017/06/21	41.84	41.99	41.28	41.89	1279293	53512396.00
2017/06/22	41.85	41.98	41.13	41.16	1440370	60080396.00
2017/06/23	41.16	41.24	40.21	41.19	2390977	97382008.00
2017/06/26	40.87	41.71	40.87	41.38	1215947	50386704.00
2017/06/27	41.38	41.95	41.20	41.66	1309252	54791740.00
2017/06/28	41.75	42.05	41.16	41.16	1442995	60274884.00
2017/06/29	41.03	41.34	40.69	40.78	1335610	54834512.00
2017/06/30	40.78	41.12	40.56	41.09	1062426	43640092.00
2017/07/03	40.97	42.72	40.97	42.53	3851080	163061280.00
2017/07/04	42.46	42.53	41.75	42.04	1462917	61725852.00
2017/07/05	41.65	41.89	39.60	40.30	6840129	276904256.00
2017/07/06	40.05	40.50	39.40	39.80	3008641	120308328.00
2017/07/07	40.14	40.50	39.78	39.91	2431789	97864448.00
2017/07/10	39.82	39.82	39.18	39.23	1494279	58993104.00
2017/07/11	39.32	39.45	38.45	38.46	1715808	66856476.00
2017/07/12	38.46	38.94	38.31	38.90	1141982	44264232.00
2017/07/13	39.04	39.53	38.74	39.15	909150	35755992.00
2017/07/14	39.15	39.17	38.47	38.83	839650	32691812.00
2017/07/17	38.27	38.31	35.85	36.92	2340701	87500680.00
2017/07/18	36.34	37.55	36.21	36.99	1072387	39841740.00
2017/07/19	36.99	37.11	36.29	36.65	1508106	55339352.00
2017/07/20	36.68	36.84	35.61	35.67	1999270	72938320.00
2017/07/21	35.35	35.43	34.25	34.41	3621003	125896040.00
2017/07/24	34.22	34.90	33.43	34.90	2772989	94919592.00
2017/07/25	34.75	36.45	34.75	36.37	2607528	94187784.00
2017/07/26	36.55	36.55	35.46	35.67	1430265	51720664.00
2017/07/27	35.62	37.08	35.55	36.49	2157564	78890592.00
2017/07/28	36.39	37.21	36.15	36.32	1541289	56761656.00
2017/07/31	36.33	36.55	35.85	36.10	1440635	52152328.00
2017/08/01	36.05	36.07	35.45	35.60	1347344	48280048.00
2017/08/02	35.56	36.20	35.35	35.69	1309160	47135144.00
2017/08/03	35.58	36.12	34.85	35.20	1302306	46398308.00
2017/08/04	35.20	35.52	34.90	35.11	1100347	38842632.00
2017/08/07	35.32	36.02	35.15	35.70	1543596	55171644.00
2017/08/08	35.55	35.55	34.86	35.36	1845046	65107624.00
2017/08/09	35.85	37.10	35.83	36.79	3428308	125686272.00
2017/08/10	36.79	37.04	35.85	36.29	2214087	81049688.00
2017/08/11	36.25	36.95	35.90	36.54	2584248	95115056.00
2017/08/14	36.54	36.95	36.37	36.88	1789010	65998712.00
2017/08/15	36.98	37.05	36.66	36.73	1540300	56961780.00
2017/08/16	36.71	37.05	36.42	36.82	1709334	63212032.00
2017/08/17	36.70	36.84	36.20	36.31	1848699	67523168.00
2017/08/18	35.85	36.05	35.36	35.76	1894701	67834072.00
2017/08/21	35.54	36.01	34.99	35.50	2468072	87471064.00
2017/08/22	35.51	35.51	35.06	35.06	1176700	41533112.00
2017/08/23	35.06	35.24	34.25	34.65	2161050	75410752.00
2017/08/24	34.65	34.73	34.03	34.14	1630468	56039760.00
2017/08/25	34.22	34.52	33.94	34.12	2290318	78566016.00
2017/08/28	34.04	34.79	34.04	34.75	2234702	77629464.00
2017/08/29	34.70	35.15	34.52	34.56	2133564	74709672.00
2017/08/30	34.55	34.79	34.24	34.65	1817078	62897456.00
2017/08/31	34.77	34.93	34.46	34.55	1449994	50422808.00
2017/09/01	34.64	34.71	34.15	34.27	1996337	68740512.00
2017/09/04	34.26	34.27	33.90	33.99	2103586	71848080.00
2017/09/05	33.95	35.32	33.93	35.31	4308010	150763728.00
2017/09/06	35.25	36.15	35.00	35.65	3800979	136245968.00
2017/09/07	35.70	35.76	34.76	34.81	3072823	108440656.00
2017/09/08	34.80	35.79	34.75	35.71	3743404	133604592.00
2017/09/11	36.05	36.08	35.35	35.66	2863508	102401136.00
2017/09/12	35.85	36.24	35.65	35.70	3867989	139433296.00
2017/09/13	35.76	37.96	35.75	37.46	6371406	236795040.00
2017/09/14	37.46	38.33	36.97	37.20	4621076	174776368.00
2017/09/15	37.30	38.13	36.88	37.89	4019705	152576336.00
2017/09/18	37.85	38.12	37.15	37.99	2710850	102384912.00
2017/09/19	37.91	38.15	37.08	37.11	2591550	97815280.00
2017/09/20	36.96	37.33	36.57	36.78	2939283	108772304.00
2017/09/21	36.95	37.35	36.08	36.08	2257057	83180152.00
2017/09/22	36.01	36.48	35.16	35.74	3467654	124346872.00
2017/09/25	35.73	36.21	35.48	36.10	1545078	55799260.00
2017/09/26	35.65	36.20	35.65	36.03	1425772	51372212.00
2017/09/27	36.03	36.30	35.72	35.89	1487650	53717200.00
2017/09/28	35.75	36.02	35.40	35.49	1331994	47608440.00
2017/09/29	35.49	35.68	35.25	35.34	1125715	40020084.00
2017/10/09	35.70	36.24	35.43	35.56	1299746	46712368.00
2017/10/10	35.82	37.02	35.56	37.01	3021297	110806248.00
2017/10/11	37.31	37.55	36.60	36.69	3208733	119238752.00
2017/10/12	36.63	36.84	36.16	36.35	1683118	61508060.00
2017/10/13	36.45	36.62	36.04	36.12	1479096	53847880.00
2017/10/16	36.25	36.25	35.25	35.27	2230050	79485784.00
2017/10/17	34.86	35.43	34.86	35.18	1201007	42393188.00
2017/10/18	35.25	35.80	35.25	35.40	1043043	37192896.00
2017/10/19	35.40	35.60	35.11	35.18	943932	33477546.00
2017/10/20	35.18	35.37	34.96	35.30	808245	28525542.00
2017/10/23	35.35	35.99	35.28	35.72	1047593	37620112.00
2017/10/24	35.85	35.85	35.41	35.61	914050	32689304.00
2017/10/25	35.61	35.99	35.48	35.79	942111	33803616.00
2017/10/26	35.89	35.89	35.36	35.61	1321053	47130440.00
2017/10/27	35.65	35.65	35.35	35.43	963384	34275324.00
2017/10/30	34.86	35.21	34.12	34.45	2625077	90970384.00
2017/10/31	34.49	34.70	34.37	34.55	867332	30067018.00
2017/11/01	34.55	34.74	34.30	34.53	1349608	46697692.00
2017/11/02	34.44	34.61	33.70	33.70	1774309	60689220.00
2017/11/03	33.70	34.00	33.19	33.26	1432976	48266768.00
2017/11/06	33.25	33.85	32.67	33.70	1399384	46600792.00
2017/11/07	33.73	34.08	33.45	33.70	952556	32226024.00
2017/11/08	33.60	33.73	33.28	33.41	1424050	47908584.00
2017/11/09	33.50	34.32	33.41	34.19	1754260	59654848.00
2017/11/10	34.19	34.19	33.55	33.81	1168750	39641972.00
2017/11/13	33.73	33.73	33.51	33.60	916456	30923238.00
2017/11/14	33.66	33.66	32.35	32.90	1793206	59442508.00
2017/11/15	32.85	33.33	32.73	33.02	1200989	39832520.00
2017/11/16	33.19	33.19	32.51	32.52	1063724	34962440.00
2017/11/17	32.52	32.72	30.85	30.86	2018619	64034056.00
2017/11/20	30.85	31.16	30.43	31.14	1279240	39581372.00
2017/11/21	31.30	31.30	30.43	30.77	1135005	35117836.00
2017/11/22	30.60	30.85	29.50	29.90	3201901	96356632.00
2017/11/23	29.90	30.01	29.26	29.85	2467700	73561832.00
2017/11/24	29.87	29.92	29.20	29.91	2119367	62952272.00
2017/11/27	29.93	29.95	29.45	29.45	1408950	42099016.00
2017/11/28	29.45	30.00	29.36	29.73	2206940	65652476.00
2017/11/29	29.45	31.14	29.45	30.35	5243806	161074256.00
2017/11/30	30.35	31.13	30.18	30.74	2159980	66839892.00
2017/12/01	30.74	31.10	30.65	30.75	935693	28969220.00
2017/12/04	30.86	31.43	30.16	31.13	1989609	61748184.00
2017/12/05	31.11	31.40	30.45	30.63	1092586	33867280.00
2017/12/06	30.64	30.80	30.33	30.72	826650	25344144.00
2017/12/07	30.74	31.02	30.49	30.85	632250	19574800.00
2017/12/08	30.92	31.07	30.62	30.84	799600	24792006.00
2017/12/11	30.88	31.31	30.65	31.00	823275	25679802.00
2017/12/12	31.15	31.15	30.22	30.32	896357	27531810.00
2017/12/13	30.34	30.62	30.15	30.55	413950	12659513.00
2017/12/14	30.57	30.72	30.04	30.09	675700	20570910.00
2017/12/15	30.09	30.45	30.09	30.39	679515	20693356.00
2017/12/18	30.35	30.61	29.96	30.11	735655	22356204.00
2017/12/19	30.08	30.65	30.01	30.45	655950	20002438.00
2017/12/20	30.45	30.45	29.98	30.00	568706	17214142.00
2017/12/21	29.85	30.15	29.55	30.04	1085017	32616704.00
2017/12/22	30.05	30.05	29.65	30.03	763466	22895952.00
2017/12/25	29.95	30.12	29.24	29.98	1127211	33635260.00
2017/12/26	29.92	30.03	29.65	29.84	657450	19715310.00
2017/12/27	29.84	29.99	29.46	29.65	670097	19955780.00
2017/12/28	29.67	29.82	29.37	29.65	715224	21243692.00
2017/12/29	29.71	29.81	29.44	29.80	914455	27264724.00
2018/01/02	29.77	31.50	29.71	31.30	2960737	91879648.00
2018/01/03	31.15	31.47	30.88	30.96	2081500	65062640.00
2018/01/04	30.96	31.46	30.71	31.10	1447941	45471780.00
2018/01/05	31.13	31.29	30.78	31.03	674007	20956032.00
2018/01/08	31.02	31.04	30.48	30.56	603900	18571662.00
2018/01/09	30.65	31.01	30.51	30.64	643848	19924182.00
2018/01/10	30.64	30.97	30.61	30.90	885371	27411762.00
2018/01/11	30.90	31.65	30.68	31.36	1779680	56152296.00
2018/01/12	31.75	31.83	31.06	31.25	1221123	38519368.00
2018/01/15	31.27	32.85	31.09	31.45	3178651	102552544.00
2018/01/16	31.49	32.73	31.49	32.13	2010777	65015144.00
2018/01/17	32.04	32.85	31.96	32.82	2466215	80617416.00
2018/01/18	32.95	33.43	32.26	32.29	1820861	59974072.00
2018/01/19	32.27	32.74	31.57	31.90	1632451	52388924.00
2018/01/22	31.43	32.05	31.43	31.60	1513641	48152788.00
2018/01/23	31.72	31.97	31.50	31.56	868200	27630122.00
2018/01/24	31.70	32.64	31.29	32.57	2004153	64691424.00
2018/01/25	32.48	32.82	32.04	32.15	1179200	38493768.00
2018/01/26	32.05	32.79	32.01	32.55	1496605	48774772.00
2018/01/29	32.85	34.17	32.85	33.56	3468509	117252448.00
2018/01/30	33.36	34.34	33.36	33.64	1865572	63472124.00
2018/01/31	33.55	33.61	32.55	32.97	1514650	50228320.00
2018/02/01	32.70	33.37	32.03	32.35	1341431	44025128.00
2018/02/02	32.18	33.10	31.90	33.05	1297614	42559976.00
2018/02/08	29.85	32.64	29.85	31.84	3168650	99397376.00
2018/02/09	31.05	32.15	29.72	30.43	2324511	72341744.00
2018/02/12	30.46	31.31	30.29	30.70	1769526	54545440.00
2018/02/13	30.46	31.02	29.90	29.98	1169053	35613104.00
2018/02/14	30.26	30.26	29.65	30.00	505196	15231005.00
2018/02/22	30.35	30.50	29.85	30.44	638788	19419178.00
2018/02/23	30.33	30.52	29.95	30.09	737203	22333588.00
2018/02/26	30.30	31.63	30.21	31.23	1661308	51892696.00
2018/02/27	31.05	31.81	31.05	31.48	1083034	34286756.00
2018/02/28	31.37	32.51	31.25	32.32	1762400	57020188.00
2018/03/01	32.35	32.80	32.07	32.64	1306491	42586240.00
2018/03/02	32.45	32.80	32.06	32.25	985750	32071962.00
2018/03/05	32.22	32.65	32.21	32.30	896629	29146372.00
2018/03/06	32.25	35.22	32.25	33.95	2936896	99002344.00
2018/03/07	34.45	34.45	33.44	33.78	2528788	85986432.00
2018/03/08	33.80	34.79	33.64	34.29	2217096	76315800.00
2018/03/09	34.14	34.70	34.00	34.55	1492806	51595636.00
2018/03/12	34.59	35.04	34.05	34.42	1786269	61764464.00
2018/03/13	34.39	34.82	33.65	33.65	1627388	55720544.00
2018/03/14	33.57	33.94	33.29	33.45	1568050	52956988.00
2018/03/15	33.35	33.63	33.03	33.47	1571658	52605468.00
2018/03/16	33.55	33.97	33.45	33.46	1062292	35915728.00
2018/03/19	33.36	34.34	33.16	34.01	1622286	55297664.00
2018/03/20	33.94	35.71	33.69	35.35	4011387	141274432.00
2018/03/21	35.41	35.51	34.56	34.57	2599682	91511568.00
2018/03/22	34.57	34.93	34.13	34.28	1015400	35108588.00
2018/03/23	33.53	34.12	32.47	32.68	2234099	74829424.00
2018/03/26	32.08	33.92	32.08	33.55	2061059	68555568.00
2018/04/03	34.85	35.65	34.12	34.48	3348016	117009696.00
2018/04/04	34.56	37.30	34.56	36.37	5842044	213570224.00
2018/04/09	36.06	36.45	35.71	36.32	2873932	104150192.00
2018/04/10	36.40	36.43	34.75	34.85	3209479	113586080.00
2018/04/11	34.89	35.19	34.05	34.94	3762832	130101704.00
2018/04/12	34.70	35.73	34.70	35.51	2606482	92510336.00
2018/04/13	35.51	36.48	35.51	35.81	2743364	99542464.00
2018/04/16	35.64	36.10	34.65	34.78	1638989	57747584.00
2018/04/17	34.86	35.12	33.96	33.96	1523264	52711360.00
2018/04/18	34.21	34.92	33.45	34.61	1510662	51793812.00
2018/04/19	34.57	35.19	34.53	34.61	1080974	37853380.00
2018/04/20	34.56	34.94	33.67	33.73	1155567	39687752.00
2018/04/23	33.62	34.02	32.64	32.81	2104350	70233512.00
2018/04/24	32.81	33.70	32.81	33.60	986831	33208338.00
2018/04/25	33.69	34.14	33.36	33.95	1087987	36954524.00
2018/04/26	33.60	34.10	33.40	33.65	1236783	41830352.00
2018/04/27	33.98	34.06	33.45	33.82	1193934	40587508.00
2018/05/02	33.90	34.16	33.50	33.75	1242850	42270680.00
2018/05/03	33.85	33.85	32.51	33.05	2162702	71564184.00
2018/05/04	33.30	33.35	32.84	33.02	1598306	53167252.00
2018/05/07	33.32	34.17	33.03	33.97	1936064	65562832.00
2018/05/08	34.18	35.15	33.98	34.78	2306625	80376904.00
2018/05/09	34.60	35.12	34.43	34.74	1125186	39259844.00
2018/05/10	34.88	36.44	34.75	36.01	4930289	177480256.00
2018/05/11	35.98	36.98	35.55	35.57	4572656	166875440.00
2018/05/14	35.60	35.95	34.66	35.77	2481174	87903456.00
2018/05/15	35.70	36.44	35.19	36.06	2174400	78688808.00
2018/05/16	36.15	36.61	35.55	35.55	2588224	93981624.00
2018/05/17	35.43	36.17	35.21	36.15	2762259	99260096.00
2018/05/18	36.13	36.32	35.56	36.08	1660550	60014872.00
2018/05/21	36.15	36.58	35.75	36.55	1792584	65338792.00
2018/05/22	36.55	37.21	36.33	36.99	2297856	85161240.00
2018/05/23	37.10	37.12	36.35	36.46	1733736	63853084.00
2018/05/24	36.45	36.71	36.18	36.26	927250	33956728.00
2018/05/25	36.23	36.48	35.39	35.60	1200261	43228528.00
2018/05/28	35.40	35.74	34.45	34.90	2935928	103141344.00
2018/05/29	35.02	36.02	34.90	35.10	2189203	78201120.00
2018/05/30	35.06	36.45	34.85	35.63	3113409	112033912.00
2018/05/31	35.98	36.24	34.88	35.84	2852929	102193904.00
2018/06/01	35.83	35.84	33.74	33.89	3641247	126602432.00
2018/06/04	34.26	34.30	32.83	32.85	3000437	100070056.00
2018/06/05	33.03	33.67	32.85	33.20	1793320	59818828.00
2018/06/06	33.48	34.14	33.06	33.93	1708408	57781028.00
2018/06/07	35.14	36.05	34.66	35.46	3973061	140974832.00
2018/06/08	35.15	35.60	34.68	34.99	1867358	65869480.00
2018/06/11	34.85	35.10	33.87	33.90	2029081	69766680.00
2018/06/12	34.15	34.82	33.52	34.40	1717368	59063420.00
2018/06/13	34.25	34.59	33.59	33.65	1111550	37975500.00
2018/06/14	33.60	34.32	33.41	33.98	1374700	46869340.00
2018/06/15	33.95	33.98	32.88	32.99	1455257	48580476.00
2018/06/19	32.92	33.30	31.61	31.91	2310232	74775936.00
2018/06/20	31.91	32.84	31.77	32.62	1209356	39201704.00
2018/06/21	32.62	33.05	31.92	31.95	1057200	34268904.00
2018/06/22	31.89	32.34	31.33	31.97	1264164	40639936.00
2018/06/25	32.35	32.35	31.66	31.66	997391	31953070.00
2018/06/26	30.96	32.06	30.95	31.79	728138	23174364.00
2018/06/27	31.79	32.03	31.07	31.16	986538	31257534.00
2018/06/28	31.20	31.44	28.85	29.96	2511288	75273872.00
2018/06/29	30.00	31.10	29.87	30.84	1047500	32184376.00
2018/07/02	31.35	32.07	31.05	31.46	1780867	56424020.00
2018/07/03	31.16	31.77	30.36	31.35	1635700	50848056.00
2018/07/04	31.04	32.51	31.04	31.95	3561867	114476320.00
2018/07/05	31.68	32.05	31.35	31.59	1215100	38599784.00
2018/07/06	31.59	32.25	31.17	31.94	1372023	43798772.00
2018/07/09	31.87	33.00	31.87	32.91	1458430	47805172.00
2018/07/10	33.11	33.11	32.39	32.70	827867	27138632.00
2018/07/11	32.25	32.87	32.25	32.59	1034710	33699380.00
2018/07/12	32.58	33.30	32.50	32.94	997621	32973598.00
2018/07/13	32.75	33.73	32.75	33.44	1255363	41959464.00
2018/07/16	33.34	33.66	32.98	33.20	1001706	33309976.00
2018/07/17	33.20	33.34	32.68	33.08	694164	22854804.00
2018/07/18	33.03	33.20	32.71	32.83	603450	19891364.00
2018/07/19	32.97	32.97	31.76	32.84	1367380	44180320.00
2018/07/20	32.70	32.94	32.23	32.85	710548	23285514.00
2018/07/23	31.50	31.94	31.10	31.39	1958012	61491408.00
2018/07/24	31.34	32.08	31.15	31.93	1229884	39026912.00
2018/07/25	31.93	33.67	31.74	33.06	2321914	76515016.00
2018/07/26	32.81	33.20	32.50	32.78	1294575	42537008.00
2018/07/27	33.14	33.64	32.60	33.05	1566270	51982632.00
2018/07/30	32.96	33.37	32.73	32.83	885650	29215236.00
2018/07/31	32.75	33.29	32.32	33.07	929309	30556416.00
2018/08/01	33.01	33.25	31.75	31.80	959264	30964324.00
2018/08/02	31.72	31.97	30.81	31.30	901850	28247524.00
2018/08/03	31.18	31.56	31.01	31.08	483305	15089103.00
2018/08/06	31.27	31.27	30.20	30.90	989683	30409592.00
2018/08/07	30.87	31.15	30.51	30.89	785125	24270326.00
2018/08/08	30.95	31.15	29.75	29.98	1291250	38980004.00
2018/08/09	30.27	30.70	29.92	30.36	851906	25872324.00
2018/08/10	30.36	30.92	30.19	30.54	634000	19371900.00
2018/08/13	30.45	31.00	30.03	30.78	770429	23613220.00
2018/08/14	30.90	30.90	30.55	30.80	447599	13767004.00
2018/08/15	30.94	30.94	29.87	30.20	772995	23346800.00
2018/08/16	29.98	30.38	29.87	29.97	611500	18392752.00
2018/08/17	30.10	30.50	30.08	30.08	671338	20305160.00
2018/08/20	30.23	31.12	29.75	30.82	1535749	47327588.00
2018/08/21	30.65	31.47	30.65	31.17	820754	25562888.00
2018/08/22	31.15	31.30	30.66	31.14	628481	19490296.00
2018/08/23	31.00	31.21	30.87	31.01	371100	11525492.00
2018/08/24	31.11	31.13	30.65	30.80	482522	14884423.00
2018/08/27	30.85	31.89	30.80	31.60	1256565	39578676.00
2018/08/28	31.55	32.18	31.50	31.79	862153	27410734.00
2018/08/29	31.70	31.93	31.54	31.72	542050	17182548.00
2018/08/30	31.56	31.96	31.49	31.64	520519	16516478.00
2018/08/31	31.41	31.57	30.71	30.82	630550	19623038.00
2018/09/03	30.82	31.60	30.82	31.59	927967	29017522.00
2018/09/04	31.56	32.00	31.31	31.80	801296	25503330.00
2018/09/05	31.80	31.94	30.81	30.90	615050	19305478.00
2018/09/06	30.89	31.26	30.42	30.56	745799	23005686.00
2018/09/07	30.82	31.30	30.59	30.89	776587	24083212.00
2018/09/10	30.89	31.05	29.83	30.00	1012608	30790620.00
2018/09/11	30.00	30.54	29.90	30.00	829853	24933874.00
2018/09/12	29.91	30.16	29.80	29.91	607597	18205582.00
2018/09/13	30.03	30.27	28.90	29.06	1387044	40774336.00
2018/09/14	29.05	29.55	28.88	29.01	2031460	59303908.00
2018/09/17	29.07	29.07	27.81	27.91	823650	23201200.00
2018/09/18	27.88	28.45	27.81	28.40	834716	23624828.00
2018/09/19	28.44	28.86	28.21	28.57	682559	19562844.00
2018/09/20	28.47	28.81	28.42	28.60	469144	13434900.00
2018/09/21	28.77	29.35	28.53	29.19	713193	20713368.00
2018/09/25	29.17	29.47	28.90	29.31	724346	21218254.00
2018/09/26	29.43	29.52	29.07	29.24	459110	13455949.00
2018/09/27	29.10	30.24	29.08	30.20	1393959	41402432.00
2018/09/28	29.90	29.90	29.51	29.73	1204050	35722092.00
2018/10/08	29.30	29.48	28.21	28.49	829333	24063266.00
2018/10/09	28.59	28.96	28.43	28.55	443050	12709182.00
2018/10/10	28.55	29.48	28.51	28.51	429809	12352845.00
2018/10/11	28.45	29.33	27.80	28.03	1422245	40613056.00
2018/10/12	28.07	28.64	27.63	28.60	726300	20496052.00
2018/10/15	28.60	29.30	28.08	28.11	819800	23454966.00
2018/10/16	28.10	28.80	27.70	27.73	757600	21313660.00
2018/10/17	28.00	28.25	27.34	27.74	831878	23194322.00
2018/10/18	27.61	27.72	25.20	26.25	858312	22905038.00
2018/10/19	26.05	27.10	25.58	26.87	1000889	26488504.00
2018/10/22	27.19	28.03	27.19	27.75	1879050	52087444.00
2018/10/23	27.55	28.12	27.30	27.38	1377824	38305372.00
2018/10/24	27.57	27.97	27.38	27.51	690000	19050754.00
2018/10/25	27.51	27.80	25.85	27.51	1703020	45489288.00
2018/10/26	27.52	27.88	26.91	26.94	865870	23650232.00
2018/10/29	27.09	27.09	26.20	26.30	792000	21039336.00
2018/10/30	26.69	26.69	25.71	26.19	1045773	27366840.00
2018/10/31	26.31	26.88	26.12	26.74	700129	18658556.00
2018/11/01	26.88	27.29	26.52	26.70	964515	25909382.00
2018/11/02	27.49	28.30	27.05	28.20	1835795	50934240.00
2018/11/05	28.20	29.00	27.80	27.95	1803954	51195216.00
2018/11/06	28.43	29.49	28.14	29.43	3394856	98289912.00
2018/11/07	29.01	31.28	29.01	30.30	3659158	112022112.00
2018/11/08	30.67	30.76	29.60	30.28	2293132	69115088.00
2018/11/09	30.24	30.35	29.82	30.25	1307722	39455892.00
2018/11/12	30.08	31.22	29.57	30.98	2657073	80845256.00
2018/11/13	30.81	32.00	30.51	31.75	2642529	83619712.00
2018/11/14	31.71	32.50	31.25	32.11	2376805	76416928.00
2018/11/15	32.15	32.28	31.38	32.05	1468325	46675992.00
2018/11/16	32.17	32.35	31.30	31.88	1762834	56224732.00
2018/11/19	31.92	32.67	31.48	31.77	1893902	60570476.00
2018/11/20	31.52	31.85	31.30	31.70	1498297	47344328.00
2018/11/21	31.81	32.88	31.32	32.80	2771217	89176064.00
2018/11/22	33.01	33.91	32.55	33.69	2358854	79073616.00
2018/11/23	33.69	33.69	32.20	32.88	2043383	67276040.00
2018/11/26	32.31	32.77	31.03	32.12	1762946	56181584.00
2018/11/27	32.36	32.67	31.70	31.93	879772	28299024.00
2018/11/28	32.20	32.20	31.18	31.75	1428272	45151360.00
2018/11/29	31.75	32.08	31.12	31.70	1679207	53107524.00
2018/11/30	31.65	32.15	31.01	31.90	1261572	39816272.00
2018/12/03	32.50	32.67	31.13	32.51	2541164	81953784.00
2018/12/04	32.03	32.42	32.03	32.30	1186834	38244940.00
2018/12/05	32.01	32.40	31.37	32.10	1080393	34560948.00
2018/12/06	32.00	32.45	31.10	31.30	1196000	37874648.00
2018/12/07	31.30	31.47	30.18	30.27	1259426	38543584.00
2018/12/10	30.06	30.77	29.60	30.27	1340969	40523352.00
2018/12/11	30.46	30.46	29.88	30.22	996673	29939174.00
2018/12/12	30.11	30.70	29.70	29.75	988611	29613286.00
2018/12/13	29.95	30.27	29.71	30.18	834223	25057864.00
2018/12/14	29.85	30.18	27.16	27.32	4346369	123551288.00
2018/12/17	27.46	28.98	27.42	28.57	4042007	114892792.00
2018/12/18	28.77	28.90	28.24	28.29	1956777	55967276.00
2018/12/19	28.96	29.20	28.01	28.01	2315758	66355744.00
2018/12/20	28.07	28.69	27.90	28.17	1773657	50297980.00
2018/12/21	28.15	28.63	27.68	28.14	1510662	42467760.00
2018/12/24	28.14	28.50	27.86	27.95	1016797	28528148.00
2018/12/25	27.95	28.30	27.00	28.30	1845263	50887060.00
2018/12/26	28.21	28.26	27.60	27.69	923639	25849958.00
2018/12/27	27.98	28.15	26.68	26.71	2390944	65378560.00
2018/12/28	26.78	27.17	26.28	26.99	1437035	38553200.00
2019/01/02	27.17	27.17	24.70	25.34	4856821	123616696.00
2019/01/03	25.34	25.50	24.87	25.11	2418900	60947784.00
数据来源:通达信
