300479 神思电子 日线 前复权
      日期	    开盘	    最高	    最低	    收盘	    成交量	    成交额
2015/06/12	7.03	7.70	7.03	7.70	1500	23140.00
2015/06/15	8.49	8.49	8.49	8.49	1600	27936.00
2015/06/16	9.37	9.37	9.37	9.37	1500	28815.00
2015/06/17	10.33	10.33	10.33	10.33	3500	73955.00
2015/06/18	11.38	11.38	11.38	11.38	2000	46480.00
2015/06/19	12.54	12.54	12.54	12.54	17300	442188.00
2015/06/23	13.82	13.82	13.82	13.82	2800	78736.00
2015/06/24	15.23	15.23	15.23	15.23	2100	64953.00
2015/06/25	16.77	16.77	16.77	16.77	3300	112266.00
2015/06/26	18.47	18.47	18.47	18.47	90000	3367800.00
2015/06/29	20.34	20.34	20.34	20.34	616610	25379668.00
2015/06/30	22.40	22.40	22.40	22.40	893204	40444276.00
2015/07/01	24.67	24.67	24.67	24.67	73398	3655954.50
2015/07/02	27.16	27.16	23.36	27.16	12050818	636709248.00
2015/07/03	24.42	28.76	24.42	24.44	8525037	434227904.00
2015/07/06	26.91	26.91	24.74	26.25	9890981	532053664.00
2015/07/07	23.61	25.26	23.60	23.60	1915700	91743640.00
2015/07/08	21.22	21.71	21.22	21.22	6251709	268708192.00
2015/07/09	20.86	23.36	20.86	23.36	3186996	147451856.00
2015/07/10	25.72	25.72	24.90	25.72	811850	42064972.00
2015/07/13	28.32	28.32	28.32	28.32	969283	55355752.00
2015/07/14	31.17	31.17	30.01	31.17	899778	56492596.00
2015/07/15	30.26	31.66	28.03	28.03	4748982	282278688.00
2015/07/16	25.21	30.31	25.21	27.96	3470878	193515040.00
2015/07/17	28.40	30.78	27.37	29.81	3090061	183603872.00
2015/07/20	29.76	32.81	29.01	32.81	4329560	269472704.00
2015/07/21	31.49	35.53	31.40	33.87	3901257	260486752.00
2015/07/22	33.51	36.51	32.51	35.94	3194450	221796688.00
2015/07/23	35.73	39.56	35.10	39.56	3455568	263297776.00
2015/07/24	40.01	42.76	37.81	38.91	4226177	347227360.00
2015/07/27	37.26	40.16	35.00	35.00	3078768	232747408.00
2015/07/28	32.27	36.16	31.47	32.48	3091328	205089104.00
2015/07/29	33.74	35.75	29.91	35.75	3000297	198996960.00
2015/07/30	34.51	38.61	34.27	34.44	3096954	225603888.00
2015/07/31	32.95	36.11	32.76	33.46	2529757	173518464.00
2015/08/03	32.66	33.85	30.09	30.26	2671898	170133424.00
2015/08/04	30.76	32.44	29.26	32.25	2444470	153553632.00
2015/08/05	31.76	34.09	31.26	33.27	2584519	170002960.00
2015/08/06	31.78	32.81	30.49	30.86	1739499	111326496.00
2015/08/07	31.27	33.51	30.86	32.86	1977920	129136632.00
2015/08/10	33.51	35.44	33.12	34.79	2090425	144907872.00
2015/08/11	34.71	36.25	34.37	34.71	2063861	146442944.00
2015/08/12	34.27	35.51	33.51	33.51	1659514	114415184.00
2015/08/13	33.16	34.24	32.41	33.79	1422576	95603040.00
2015/08/14	33.76	34.27	32.87	33.00	1230188	83366504.00
2015/08/17	32.48	32.96	30.84	31.15	1225658	77624048.00
2015/08/18	30.76	32.31	28.05	28.14	1673655	102695712.00
2015/08/19	27.26	28.66	25.54	28.26	1550600	85928960.00
2015/08/20	27.76	28.50	26.60	26.81	1064854	59259948.00
2015/08/21	25.86	26.42	24.27	24.56	1273400	65198728.00
2015/08/24	23.04	23.16	22.08	22.08	998900	44873736.00
2015/08/25	19.86	23.35	19.86	21.03	2046882	88713120.00
2015/08/26	21.90	23.13	21.03	21.56	2135228	95507616.00
2015/08/27	22.16	22.66	20.70	22.66	1537419	68229688.00
2015/08/28	23.06	23.98	21.86	23.73	2013658	92920664.00
2015/08/31	23.16	23.25	21.34	21.34	1407009	63771884.00
2015/09/01	20.76	20.76	19.18	19.18	1154091	45942512.00
2015/09/02	17.76	20.49	17.66	18.07	1350029	51379192.00
2015/09/07	18.47	19.66	18.47	18.96	989022	38288976.00
2015/09/08	18.81	20.82	18.65	20.81	1172361	47119660.00
2015/09/09	21.06	22.92	21.04	22.84	2094686	94093784.00
2015/09/10	22.26	22.79	21.91	21.91	977959	44018516.00
2015/09/11	21.91	22.96	21.89	22.50	1021592	46440592.00
2015/09/14	22.51	22.51	20.22	20.22	979460	42114356.00
2015/09/15	19.31	20.37	18.85	19.01	684980	26955478.00
2015/09/16	19.51	20.94	19.27	20.94	1146168	46541804.00
2015/09/17	21.20	23.06	20.76	21.91	2176076	97960992.00
2015/09/18	22.39	23.45	21.76	23.21	1804600	81805368.00
2015/09/21	22.76	24.49	22.57	24.40	1672410	79655888.00
2015/09/22	24.39	25.43	24.16	24.83	1903339	95032080.00
2015/09/23	23.74	25.16	23.74	24.41	1471753	72668592.00
2015/09/24	24.47	25.51	24.01	24.46	1161750	58055968.00
2015/09/25	24.41	24.68	22.31	22.72	1186190	56320384.00
2015/09/28	22.76	25.02	22.76	25.02	1310967	64030532.00
2015/09/29	24.46	25.64	24.41	25.11	1687435	85538024.00
2015/09/30	25.27	25.56	23.61	24.11	1486216	73259760.00
2015/10/08	25.06	25.93	24.36	25.51	1674341	85965120.00
2015/10/09	25.41	26.76	25.26	26.57	1511813	79307568.00
2015/10/12	26.56	28.66	26.55	27.56	1869021	104760144.00
2015/10/13	27.31	28.67	27.26	28.32	1341939	76120632.00
2015/10/14	28.14	29.85	27.56	29.12	1761198	102415032.00
2015/10/15	29.06	32.06	28.55	32.06	2338308	145873248.00
2015/10/16	31.76	32.01	30.51	31.11	3552667	222119328.00
2015/10/19	31.20	32.96	30.86	31.12	2297593	147081808.00
2015/10/20	31.21	32.76	30.61	32.17	2128792	136614016.00
2015/10/21	31.77	32.14	28.93	28.93	2579673	158615264.00
2015/10/22	29.26	30.55	29.05	30.19	1963562	118290912.00
2015/10/23	30.55	32.33	30.46	31.97	2160911	137495408.00
2015/10/26	33.76	35.19	32.76	35.19	2999841	209598944.00
2015/10/27	34.42	38.74	33.66	38.74	3006778	219570816.00
2015/10/28	38.71	40.48	37.41	37.86	3138846	245750464.00
2015/10/29	37.97	41.26	37.70	39.66	2462810	192716064.00
2015/10/30	39.64	43.65	37.87	42.83	3320347	274289472.00
2015/11/02	41.26	47.13	39.81	44.26	4092406	369270976.00
2015/11/03	43.77	44.76	42.06	43.01	2656195	232772176.00
2015/11/04	43.51	45.90	42.76	44.86	2407809	214647664.00
2015/11/05	44.03	45.71	43.16	43.89	2749256	244550976.00
2015/11/06	43.43	48.30	43.43	48.30	3481491	327668896.00
2015/11/09	48.26	53.16	46.76	50.60	3889929	395425376.00
2015/11/10	49.77	52.76	48.30	52.01	3357012	340047424.00
2015/11/11	51.26	56.70	50.06	55.44	3116568	336689184.00
2015/11/12	55.17	57.86	53.49	55.26	3684511	408241408.00
2015/11/13	54.26	54.27	49.71	49.71	3249336	330998720.00
2015/11/16	45.76	50.65	45.76	48.77	2562615	250701472.00
2015/11/17	49.76	51.80	47.45	47.76	3305083	326887488.00
2015/11/18	47.46	48.01	44.29	44.36	2610555	239477888.00
2015/11/19	45.25	47.84	44.65	47.54	2374790	220093296.00
2015/11/20	47.27	48.71	45.51	47.17	2701595	255722736.00
2015/11/23	46.55	46.96	43.85	44.06	2550066	232522704.00
2015/11/24	45.55	48.49	45.09	48.49	3048084	289165696.00
2015/11/25	48.80	51.64	47.77	49.71	3112114	311017312.00
2015/11/26	49.01	51.51	48.06	48.26	2272083	226387920.00
2015/11/27	47.21	50.56	46.82	48.16	2615532	256929008.00
2015/11/30	48.32	53.00	48.21	53.00	3163191	321569440.00
2015/12/01	52.57	53.20	47.67	48.26	3425690	344742464.00
2015/12/02	46.46	47.70	43.41	45.50	1839943	167815552.00
2015/12/03	45.27	48.26	45.27	47.64	1325877	124660160.00
2015/12/04	47.56	48.56	45.34	46.21	1430976	135630144.00
2015/12/07	46.11	47.36	45.27	46.76	1317085	122742512.00
2015/12/08	47.86	51.46	47.52	49.70	2995517	300695424.00
2015/12/09	48.71	52.89	47.78	51.77	2839180	286295744.00
2015/12/10	51.01	51.54	48.82	49.49	1762301	177146160.00
2015/12/11	49.61	54.46	48.91	52.46	4605378	492822208.00
2015/12/14	50.16	50.51	47.19	49.94	3655314	354772896.00
2015/12/15	49.26	50.31	48.66	49.00	1819087	180433264.00
2015/12/16	49.23	51.34	49.23	50.00	1854977	188113936.00
2015/12/17	51.01	54.81	50.61	53.76	2616232	276263776.00
2015/12/18	53.76	54.16	51.30	52.56	1882950	198168752.00
2015/12/21	52.01	57.74	51.86	54.21	2647011	293736192.00
2015/12/22	54.36	59.66	53.41	59.66	2957110	342175520.00
2015/12/23	61.26	61.76	56.77	57.76	3306580	394833408.00
2015/12/24	56.91	61.26	56.06	60.70	2158756	253560848.00
2015/12/25	60.01	66.06	59.06	61.61	2813186	353222368.00
2015/12/28	60.76	65.01	59.26	59.26	2705286	339821856.00
2015/12/29	58.11	58.76	54.04	55.76	2389047	270054592.00
2015/12/30	56.50	58.02	55.66	56.01	1314691	149409344.00
2015/12/31	55.26	55.76	51.76	54.01	2237991	240171584.00
2016/01/04	52.76	53.22	48.59	48.59	1662742	165637728.00
2016/01/05	44.87	47.56	43.71	45.26	2611739	239192592.00
2016/01/06	45.87	48.60	43.77	47.92	2195087	204773488.00
2016/01/07	45.76	46.23	43.10	43.10	508740	45678736.00
2016/01/08	45.26	45.26	39.76	41.76	1974422	169920128.00
2016/01/11	39.76	40.73	37.56	37.56	1805256	140589856.00
2016/01/12	36.71	38.75	36.49	37.01	1703073	128766864.00
2016/01/13	37.00	38.14	34.27	34.54	1919977	140143392.00
2016/01/14	32.91	38.00	32.85	37.33	2296086	165490000.00
2016/01/15	36.76	37.25	33.57	33.84	3176887	225283712.00
2016/01/18	32.11	36.25	32.01	35.14	2295596	160297696.00
2016/01/19	35.34	38.68	35.26	38.68	3249119	242159920.00
2016/01/20	37.79	41.01	37.79	39.77	3465187	276736928.00
2016/01/21	39.41	41.01	36.77	37.21	2333531	185559120.00
2016/01/22	38.26	40.96	37.26	40.96	2830455	225246096.00
2016/01/25	41.51	43.00	40.33	41.39	2504802	209669504.00
2016/01/26	41.01	41.01	37.23	37.23	1930773	151717088.00
2016/01/27	37.31	38.51	33.76	38.26	2225379	161344368.00
2016/01/28	36.36	36.76	34.41	34.41	2253008	159771632.00
2016/01/29	33.13	36.59	32.80	35.26	1888197	132849160.00
2016/02/01	35.06	35.06	31.81	33.15	1607466	109662744.00
2016/02/02	33.26	35.99	33.21	34.75	1814893	127692480.00
2016/02/03	33.76	35.76	33.26	35.56	1435284	99019880.00
2016/02/04	35.60	39.14	35.56	39.14	3302765	256730368.00
2016/02/05	39.77	40.19	37.99	38.16	2532384	200484672.00
2016/02/15	36.76	39.26	35.27	38.59	1736892	129672136.00
2016/02/16	39.13	42.48	39.01	42.48	1925676	159685360.00
2016/02/17	44.77	46.75	44.76	46.51	3716981	342930560.00
2016/02/18	46.19	47.01	44.30	45.06	2497211	227790240.00
2016/02/19	45.52	45.54	43.59	44.06	3354376	298114176.00
2016/02/22	44.53	45.87	43.93	44.27	2474843	222075104.00
2016/02/23	44.47	45.32	42.76	44.44	2338672	207607408.00
2016/02/24	44.09	44.09	39.97	42.06	3601185	299742240.00
2016/02/25	41.26	41.52	37.83	37.83	2658531	209358128.00
2016/02/26	37.93	38.70	34.82	36.34	2044994	151295760.00
2016/02/29	35.65	36.21	32.68	32.68	1920492	128857552.00
2016/03/01	31.66	34.60	30.52	33.56	2452404	160383696.00
2016/03/02	33.16	35.54	32.27	34.72	3178839	216792048.00
2016/03/03	34.15	36.04	33.35	33.54	2536626	177196736.00
2016/03/04	33.06	33.06	30.16	30.19	2934988	184589680.00
2016/03/07	30.26	33.00	30.26	31.61	2248021	144616288.00
2016/03/08	31.26	33.76	28.51	33.18	2865759	180664576.00
2016/03/09	31.76	33.27	31.28	31.76	1983914	128996344.00
2016/03/10	31.91	32.51	30.62	30.92	1498858	95097040.00
2016/03/11	30.17	32.20	29.78	31.91	2005396	126420888.00
2016/03/14	33.16	35.12	33.16	35.12	2013861	140706272.00
2016/03/15	35.76	36.71	34.38	34.66	4186558	301725472.00
2016/03/16	35.26	35.66	33.17	33.96	3120298	214699360.00
2016/03/17	33.76	37.38	33.52	36.85	3696670	266089888.00
2016/03/18	36.91	39.16	36.28	37.74	3513422	267781760.00
2016/03/21	38.16	39.26	37.41	38.76	3080546	237675008.00
2016/03/22	37.76	38.61	37.46	37.99	2106790	161877696.00
2016/03/23	37.92	41.81	37.82	41.16	3815651	310863872.00
2016/03/24	40.76	41.11	39.20	39.41	3174432	255115248.00
2016/03/25	39.01	40.09	38.51	39.95	1797583	142279120.00
2016/03/28	40.76	42.25	39.56	39.97	2217733	182410416.00
2016/03/29	40.04	40.36	36.85	38.18	2117113	163767088.00
2016/03/30	38.71	42.02	38.21	42.02	3027122	244233648.00
2016/03/31	42.76	45.21	41.71	41.77	4490274	391867264.00
2016/04/01	41.71	43.03	41.01	42.23	2590724	220669392.00
2016/04/05	42.14	44.23	39.81	43.14	3151381	266912096.00
2016/04/06	42.89	45.76	42.51	44.81	3067363	274389632.00
2016/04/07	44.83	48.51	44.83	46.02	3643282	342884608.00
2016/04/08	45.25	47.35	44.27	44.76	3399824	312316480.00
2016/04/11	44.84	47.12	44.84	45.67	2683878	248889968.00
2016/04/12	44.76	45.46	42.26	43.10	2287470	201535040.00
2016/04/13	43.56	45.51	42.18	43.95	2720599	239097296.00
2016/04/14	43.76	44.50	43.06	44.01	1566391	138039952.00
2016/04/15	43.92	44.35	43.30	43.77	1180149	103920040.00
2016/04/18	43.29	43.56	41.20	41.54	1893180	159825664.00
2016/04/19	41.84	42.51	40.59	41.36	1624896	135772048.00
2016/04/20	41.83	42.04	37.20	37.27	2888863	224403344.00
2016/04/21	37.32	37.76	35.36	35.91	1648191	122938736.00
2016/04/22	35.64	36.76	35.50	36.60	1563209	114386448.00
2016/04/25	36.26	37.39	35.76	37.24	1376773	101802304.00
2016/04/26	37.04	37.50	36.55	37.36	971286	72414328.00
2016/04/27	37.26	37.29	36.62	36.73	960380	71498856.00
2016/04/28	36.93	37.26	35.01	37.09	1626504	117981664.00
2016/04/29	36.71	37.24	36.27	36.33	917629	67847760.00
2016/05/03	37.19	39.98	36.33	39.98	2328687	180689520.00
2016/05/04	40.76	42.04	40.67	40.82	2846695	236389264.00
2016/05/05	41.37	41.92	40.16	41.51	2085229	172528944.00
2016/05/06	41.16	44.01	40.26	40.26	3890257	331209088.00
2016/05/09	39.56	39.59	36.26	36.86	2557670	194241920.00
2016/05/10	36.41	37.76	36.41	36.76	1576059	117802400.00
2016/05/11	37.15	37.49	35.31	35.43	1832001	133846816.00
2016/05/12	35.01	35.61	33.09	35.33	1250262	87197328.00
2016/05/13	35.04	36.01	34.82	35.15	915031	65226736.00
2016/05/16	35.15	36.24	35.01	36.24	1255860	90768584.00
2016/05/17	36.26	37.49	35.28	36.70	1659510	121828848.00
2016/05/18	36.26	36.26	34.11	34.67	1359937	95982280.00
2016/05/19	35.02	37.25	34.67	36.10	2170466	158530240.00
2016/05/20	35.21	37.71	35.21	37.66	2002667	147914144.00
2016/05/23	38.26	39.26	37.71	38.61	1899463	147306304.00
2016/05/24	39.74	40.01	38.30	38.72	2234052	176752128.00
2016/05/25	39.17	39.70	37.77	38.02	1702377	133181416.00
2016/05/26	37.75	39.76	36.26	39.69	2571415	196084864.00
2016/05/27	39.69	40.17	39.04	39.07	1641305	130743424.00
2016/05/30	38.02	39.71	37.51	38.20	1122590	87003216.00
2016/05/31	38.39	42.05	38.15	42.05	2618112	215591520.00
2016/06/01	43.26	44.41	42.89	43.41	3839037	336532800.00
2016/06/02	43.42	46.26	42.81	46.18	3456927	308622432.00
2016/06/03	45.51	46.16	44.59	45.36	2876392	261735296.00
2016/06/06	44.85	45.24	43.76	43.96	2162563	193424848.00
2016/06/07	44.26	46.84	44.26	46.80	3641729	334272128.00
2016/06/08	44.71	44.71	42.09	42.09	5325498	456969376.00
2016/06/13	40.02	41.26	37.86	37.86	3042058	242777168.00
2016/06/14	37.26	38.48	36.96	38.03	1740308	132699264.00
2016/06/15	37.89	40.55	37.71	39.96	2466032	197006304.00
2016/06/16	40.26	41.03	39.16	40.01	2012766	161744160.00
2016/06/17	39.86	41.62	39.76	40.74	2335827	190823920.00
2016/06/20	40.97	41.83	39.36	41.30	2355339	192634512.00
2016/06/21	41.51	41.80	38.26	38.51	2980461	240035952.00
2016/06/22	37.41	39.86	37.33	39.10	3438975	133648896.00
2016/06/23	39.60	39.60	38.01	38.59	2900738	112781728.00
2016/06/24	38.61	40.63	37.50	39.53	5587350	221846768.00
2016/06/27	39.47	42.37	39.12	41.91	7095500	291976544.00
2016/06/28	41.97	44.40	41.97	43.19	8824893	383991872.00
2016/06/29	43.41	43.50	42.31	42.69	5365917	229637376.00
2016/06/30	45.41	45.61	42.33	42.78	7311301	319791104.00
2016/07/01	42.01	42.69	41.61	41.88	4564086	192070256.00
2016/07/04	41.02	42.68	40.91	41.97	4585114	192308576.00
2016/07/05	41.91	42.39	40.91	41.40	4143169	172164320.00
2016/07/06	40.93	41.76	40.66	40.82	3577825	147438672.00
2016/07/07	40.60	41.35	39.96	40.75	3296785	134773712.00
2016/07/08	40.76	41.39	40.71	41.00	3619804	149249152.00
2016/07/11	41.26	41.26	39.51	39.59	3909122	157047872.00
2016/07/12	39.58	39.89	37.21	39.86	5657421	218176816.00
2016/07/13	39.31	40.55	38.91	40.11	3307564	132257744.00
2016/07/14	39.91	40.15	39.41	39.77	2291357	91210160.00
2016/07/15	38.66	39.16	37.96	38.87	3956511	152863184.00
2016/07/18	38.66	39.79	38.18	38.98	2338954	91590008.00
2016/07/19	38.72	39.90	38.72	39.90	2943498	116899360.00
2016/07/20	40.00	40.00	39.36	39.36	2069896	82167976.00
2016/07/21	39.36	39.53	38.52	38.57	2227928	87294968.00
2016/07/22	38.55	39.40	38.27	38.54	2047321	79457944.00
2016/07/25	38.11	39.06	37.91	38.81	1988769	76944464.00
2016/07/26	38.90	39.27	38.59	38.78	1725955	67254600.00
2016/07/27	38.86	39.09	34.89	34.89	5052882	183995264.00
2016/07/28	34.98	35.39	32.13	33.86	3214806	109640328.00
2016/07/29	33.91	34.11	32.89	33.14	1956958	65688520.00
2016/08/01	33.06	33.06	31.42	32.57	2095013	67695672.00
2016/08/02	32.61	33.37	32.59	33.22	1547597	51262668.00
2016/08/03	33.42	33.48	32.76	33.12	1118100	37120396.00
2016/08/04	34.15	34.15	33.16	33.57	1618570	54418764.00
2016/08/05	33.16	33.66	32.81	32.81	1567266	52078020.00
2016/08/08	32.81	33.29	32.59	33.20	1208181	40042248.00
2016/08/09	33.30	33.61	33.07	33.61	1468727	49232664.00
2016/08/10	33.71	34.11	33.54	33.65	1534462	52065448.00
2016/08/11	33.61	33.61	32.03	32.69	2095940	68750048.00
2016/08/12	32.33	33.21	32.27	32.99	1337968	43992132.00
2016/08/15	33.06	34.62	32.41	34.16	3566099	120239256.00
2016/08/16	34.16	34.60	33.99	34.09	2196365	75368696.00
2016/08/17	34.03	34.27	33.66	33.99	1820004	61962776.00
2016/08/18	34.17	34.86	34.12	34.27	2626418	90591808.00
2016/08/19	34.07	34.31	33.79	34.10	1603134	54737176.00
2016/08/22	34.26	34.71	33.69	33.92	2000664	68654640.00
2016/08/23	34.06	34.49	33.82	33.90	1846156	63246072.00
2016/08/24	34.17	35.11	33.90	34.64	3616927	125376736.00
2016/08/25	34.51	34.51	33.01	33.56	2729383	91822808.00
2016/08/26	33.64	33.98	33.09	33.33	2426272	81612776.00
2016/08/29	33.41	33.53	32.93	33.24	1484965	49464064.00
2016/08/30	33.26	33.45	33.03	33.16	1602492	53293024.00
2016/08/31	33.30	33.56	32.52	33.26	3402524	112505888.00
2016/09/01	33.16	33.27	32.59	32.59	2498373	82465440.00
2016/09/02	32.39	32.51	31.69	31.84	3024957	97240984.00
2016/09/05	32.07	32.39	31.77	31.86	1785012	57471212.00
2016/09/06	31.96	32.55	31.33	32.51	2767391	88725608.00
2016/09/07	32.53	32.63	32.19	32.25	2338600	76013120.00
2016/09/08	31.91	32.44	31.91	32.16	1779987	57424568.00
2016/09/09	32.15	32.16	31.39	31.43	2313232	73619080.00
2016/09/12	30.48	30.48	29.71	29.71	3015716	90853872.00
2016/09/13	29.89	29.97	29.56	29.81	1639324	48911708.00
2016/09/14	29.61	30.04	29.41	29.68	917079	27338622.00
2016/09/19	29.89	30.38	29.68	30.00	1431263	43130348.00
2016/09/20	30.03	30.26	29.29	29.38	2771681	82280544.00
2016/09/21	29.41	30.06	29.22	30.06	3335609	99473824.00
2016/09/22	30.26	30.39	29.71	29.80	2131083	64186572.00
2016/09/23	29.91	30.07	29.59	29.79	1407145	42028100.00
2016/09/26	29.91	30.06	28.30	28.41	2144929	63128720.00
2016/09/27	28.41	28.71	28.14	28.67	2978926	84997728.00
2016/09/28	28.77	28.79	28.19	28.26	1803722	51371256.00
2016/09/29	28.36	28.55	28.18	28.21	1654705	47095484.00
2016/09/30	28.29	28.55	28.15	28.42	2059185	58536240.00
2016/10/10	28.71	29.81	28.50	29.63	3650829	107077616.00
2016/10/11	29.64	29.77	29.33	29.49	2620794	77583984.00
2016/10/12	29.19	29.65	29.16	29.43	1942930	57314008.00
2016/10/13	29.49	29.77	29.26	29.61	2702728	79979664.00
2016/10/14	29.64	29.64	29.01	29.44	2143486	63028712.00
2016/10/17	29.26	29.69	28.72	28.79	2168031	63703156.00
2016/10/18	28.68	29.37	28.61	29.36	2593690	75540024.00
2016/10/19	29.80	29.81	28.93	29.19	2276241	66966956.00
2016/10/20	29.17	30.49	29.01	30.36	5447522	163043872.00
2016/10/21	30.13	30.26	29.21	29.66	4631428	137907376.00
2016/10/24	29.51	29.84	29.33	29.64	2502692	74335776.00
2016/10/25	29.63	30.29	29.58	29.93	3340713	100386784.00
2016/10/26	29.88	30.09	29.38	29.73	3033252	90237576.00
2016/10/27	29.61	30.19	29.42	29.96	2266495	67908784.00
2016/10/28	29.81	30.09	29.09	29.14	2526289	74862520.00
2016/10/31	28.84	29.13	28.71	29.01	1897338	55063716.00
2016/11/01	28.93	30.01	28.93	29.98	3370458	99782104.00
2016/11/02	29.80	30.37	29.41	29.98	3419644	102146768.00
2016/11/03	29.71	30.68	29.61	30.63	6248874	190395712.00
2016/11/04	30.91	31.87	30.45	30.62	10592085	332611264.00
2016/11/07	30.28	30.30	29.51	29.63	5042597	150555216.00
2016/11/08	29.66	30.06	29.63	29.80	2708997	81086280.00
2016/11/09	29.77	30.91	29.67	30.23	6213651	189096368.00
2016/11/10	30.23	30.89	30.08	30.81	6302091	193200944.00
2016/11/11	30.89	30.89	30.21	30.64	3862348	118133544.00
2016/11/14	30.89	31.70	30.69	31.36	5064050	158775904.00
2016/11/15	31.51	31.66	30.86	31.42	3284547	102685112.00
2016/11/16	31.57	32.57	31.57	31.72	7008018	225086672.00
2016/11/17	31.63	31.63	30.71	30.83	4088021	126934584.00
2016/11/18	30.95	31.18	30.57	30.65	2513628	77692424.00
2016/11/21	30.76	31.01	30.36	30.86	2830084	87057944.00
2016/11/22	30.86	31.40	30.64	31.40	3746426	116333888.00
2016/11/23	31.51	32.29	31.07	31.09	6012168	190965712.00
2016/11/24	30.81	31.30	30.42	30.69	2950892	91277360.00
2016/11/25	30.68	30.88	29.43	30.52	3138826	95087408.00
2016/11/28	30.63	30.75	29.95	30.09	2405129	72867240.00
2016/11/29	30.06	30.21	29.29	29.34	2718527	81361232.00
2016/11/30	29.37	30.00	29.35	29.71	2014703	60008872.00
2016/12/01	29.78	29.97	29.60	29.71	1671960	49840048.00
2016/12/02	29.64	29.87	28.44	28.49	2995100	87022520.00
2016/12/05	28.48	28.84	28.06	28.30	1699080	48464788.00
2016/12/06	28.46	28.61	28.17	28.27	1440669	40948848.00
2016/12/07	28.27	29.06	28.24	28.98	2193853	62952164.00
2016/12/08	28.85	29.00	28.44	28.47	1503576	43281436.00
2016/12/09	28.51	28.82	28.32	28.32	1176700	33743492.00
2016/12/12	28.34	28.49	25.48	25.48	4032653	107480168.00
2017/04/26	23.02	24.09	22.92	22.92	2068410	47758832.00
2017/04/27	20.90	21.83	20.62	21.46	9788328	206789488.00
2017/04/28	20.81	21.88	20.51	21.64	5599083	119119856.00
2017/05/02	21.32	21.60	21.12	21.32	2778447	59562556.00
2017/05/03	21.31	21.66	21.23	21.40	2528125	54296628.00
2017/05/04	21.41	21.56	21.09	21.20	2151174	45971192.00
2017/05/05	21.27	21.40	20.91	20.91	1781263	37928768.00
2017/05/08	20.36	20.56	19.63	19.65	3441688	69510000.00
2017/05/09	19.53	20.21	19.35	19.80	2002936	39777432.00
2017/05/10	19.71	20.35	19.70	19.81	2305131	46435248.00
2017/05/11	19.11	19.51	18.47	19.08	3440092	65423780.00
2017/05/12	19.11	19.11	18.30	18.62	2527947	47322724.00
2017/05/15	19.21	20.49	19.11	20.49	3962308	78873616.00
2017/05/16	20.91	22.55	20.66	21.95	11667559	252039968.00
2017/05/17	21.86	21.88	21.09	21.36	7218346	155571536.00
2017/05/18	20.91	21.40	20.82	21.00	3785278	80278104.00
2017/05/19	21.11	21.36	20.21	20.76	4099817	85142456.00
2017/05/22	20.46	20.99	19.64	19.81	3515573	72027696.00
2017/05/23	19.74	19.89	18.41	18.54	2831696	54528068.00
2017/05/24	18.52	20.40	18.29	20.40	2530304	50026196.00
2017/05/25	21.31	21.31	20.03	20.74	7287367	151847040.00
2017/05/26	21.09	21.71	20.75	21.30	5878814	125574680.00
2017/05/31	21.51	21.91	20.49	20.53	5202603	110568192.00
2017/06/01	20.35	21.01	18.81	19.10	4634576	93541896.00
2017/06/02	19.15	21.02	19.15	21.02	3249749	66679184.00
2017/06/05	22.40	23.13	21.94	23.01	18731647	426644192.00
2017/06/06	22.45	22.76	22.01	22.46	10937203	245832496.00
2017/06/07	22.59	24.11	22.51	23.51	14213230	333386688.00
2017/06/08	23.28	24.89	23.08	23.66	12414977	298965728.00
2017/06/09	23.34	23.71	22.77	23.33	6883553	160367664.00
2017/06/12	23.02	23.92	22.57	22.78	5872434	136442208.00
2017/06/13	22.65	24.28	22.65	23.60	9323778	221162800.00
2017/06/14	23.52	23.76	23.01	23.31	5594674	130454568.00
2017/06/15	23.37	24.44	23.26	24.20	8782890	210980464.00
2017/06/16	24.21	24.43	23.73	24.01	4788086	114947120.00
2017/06/19	22.97	22.97	21.96	22.27	9078334	202442096.00
2017/06/20	22.40	22.75	21.99	22.35	6111285	136857392.00
2017/06/21	22.26	22.42	21.48	22.17	7254294	159185648.00
2017/06/22	22.00	22.44	21.46	21.51	5904150	130407656.00
2017/06/23	21.27	21.44	20.40	21.03	5520810	115525896.00
2017/06/26	20.96	21.45	20.76	21.35	3780567	80002704.00
2017/06/27	21.37	22.08	21.27	21.51	4688661	101940008.00
2017/06/28	21.25	21.61	20.65	20.89	4082519	85871672.00
2017/06/29	20.89	21.64	20.78	21.64	5183597	110632864.00
2017/06/30	21.52	21.57	21.17	21.34	3035897	64834056.00
2017/07/03	21.30	21.62	21.02	21.57	2891921	61877592.00
2017/07/04	21.48	22.96	21.12	22.42	5533521	121084960.00
2017/07/05	22.48	24.67	22.48	24.67	6851411	163570336.00
2017/07/06	25.72	26.84	25.47	26.02	21567609	560315968.00
2017/07/07	25.63	25.75	24.98	25.02	11381616	288024224.00
2017/07/10	25.03	26.45	25.02	25.06	13855633	356946016.00
2017/07/11	23.87	24.38	23.67	24.02	9241346	222104464.00
2017/07/12	23.77	24.96	23.77	24.54	8184420	200442336.00
2017/07/13	24.27	25.22	23.84	25.20	8652065	212326608.00
2017/07/14	24.96	25.08	24.21	24.25	5511810	135742208.00
2017/07/17	22.97	23.46	21.82	21.82	10084074	225483536.00
2017/07/18	21.22	22.05	20.47	21.65	7243211	154149776.00
2017/07/19	21.63	21.92	20.83	21.82	5720057	122642624.00
2017/07/20	21.82	23.28	21.78	22.19	7865386	177337024.00
2017/07/21	22.99	23.42	22.21	22.38	8019038	182967024.00
2017/07/24	21.92	21.94	21.05	21.71	5892948	126862080.00
2017/07/25	21.76	23.11	21.76	23.06	8181250	184203120.00
2017/07/26	23.16	23.85	22.69	23.45	11033270	258221472.00
2017/07/27	23.02	25.07	22.75	24.92	14530330	352633952.00
2017/07/28	24.66	24.84	24.22	24.25	8293162	203041936.00
2017/07/31	24.00	25.18	23.70	24.71	8763939	215396400.00
2017/08/01	24.51	24.68	23.82	24.57	6307339	153287552.00
2017/08/02	24.67	25.12	24.11	24.17	7318380	180478576.00
2017/08/03	23.03	23.94	23.03	23.25	7835151	183489584.00
2017/08/04	23.49	23.85	22.57	22.60	5989823	138322096.00
2017/08/07	22.79	23.42	22.62	22.93	4589825	105900336.00
2017/08/08	23.00	24.17	22.70	24.17	7425798	174366672.00
2017/08/09	23.78	24.17	23.39	23.62	5711100	135852464.00
2017/08/10	23.57	25.97	23.57	25.18	14501905	359218432.00
2017/08/11	24.68	26.28	24.28	25.30	16604368	422819232.00
2017/08/14	25.17	27.47	25.03	26.80	17238849	455432192.00
2017/08/15	26.47	27.09	26.19	26.85	12366296	328653856.00
2017/08/16	26.56	28.14	26.30	27.72	16648974	456547808.00
2017/08/17	27.25	28.95	26.98	27.05	19498017	542470144.00
2017/08/18	26.56	26.93	26.12	26.32	11772804	312540352.00
2017/08/21	26.57	26.91	26.22	26.44	7761900	206744384.00
2017/08/22	26.49	27.35	26.28	26.38	8796227	236999744.00
2017/08/23	26.41	27.67	26.29	27.23	10251532	277214080.00
2017/08/24	26.88	27.12	25.27	25.65	10347608	269216864.00
2017/08/25	25.68	26.23	25.68	26.07	5687266	148014064.00
2017/08/28	26.53	28.68	26.24	28.68	10021836	279335584.00
2017/08/29	28.92	29.45	27.87	28.45	18154929	520576352.00
2017/08/30	28.16	29.23	27.89	28.23	10842933	309857952.00
2017/08/31	28.53	29.41	28.41	28.59	10507947	303492960.00
2017/09/01	28.27	30.46	27.82	29.92	16415601	480129216.00
2017/09/04	29.83	32.41	29.57	30.90	18998373	593493184.00
2017/09/05	30.54	31.47	30.32	30.69	10960021	337762944.00
2017/09/06	30.58	31.93	29.12	31.93	16525260	507323712.00
2017/09/07	31.55	32.36	30.96	31.12	12130539	383234720.00
2017/09/08	30.77	31.37	30.37	30.87	6683156	205838448.00
2017/09/11	30.67	31.55	30.38	31.10	6189543	191722704.00
2017/09/12	31.23	31.40	29.73	30.67	10142756	310822720.00
2017/09/13	30.47	30.53	29.35	29.49	7443104	221282608.00
2017/09/14	29.76	30.32	29.47	29.79	6067736	181592496.00
2017/09/15	29.68	30.62	29.19	30.60	7306619	219757792.00
2017/09/18	30.44	31.34	30.16	30.68	7939935	244355520.00
2017/09/19	30.63	31.32	30.22	30.23	6950123	213820976.00
2017/09/20	30.02	31.47	29.79	31.47	9727954	300595488.00
2017/09/28	30.96	30.96	28.97	29.19	8274543	247151408.00
2017/09/29	29.28	29.60	27.88	27.98	8038650	228586816.00
2017/10/09	28.43	28.89	28.04	28.87	4496877	128211280.00
2017/10/10	28.37	28.77	27.87	28.21	6120022	172729728.00
2017/10/11	28.18	28.36	27.92	28.05	3655113	102876008.00
2017/10/12	28.34	28.62	27.99	28.14	3757232	106339816.00
2017/10/13	27.97	28.15	26.85	27.38	5664657	154974496.00
2017/10/16	27.37	27.87	26.80	26.83	5167462	141625712.00
2017/10/17	26.77	26.92	25.75	25.96	6335202	166232816.00
2017/10/18	25.95	26.23	25.07	25.07	3944759	101759216.00
2017/10/19	25.17	25.42	23.85	24.12	5491965	135681808.00
2017/10/20	24.02	24.65	24.02	24.56	3403424	82851272.00
2017/10/23	24.72	25.14	24.59	24.86	3341559	83350984.00
2017/10/24	24.77	24.97	23.93	24.87	3740495	91358760.00
2017/10/25	24.75	25.22	24.72	25.10	2871601	71942576.00
2017/10/26	25.12	25.82	24.77	25.75	4351311	110181032.00
2017/10/27	25.77	25.94	25.22	25.28	3434600	87830264.00
2017/10/30	25.00	25.14	22.75	23.07	5032156	119145872.00
2017/10/31	23.02	23.37	22.78	23.19	2820130	65158328.00
2017/11/01	23.34	23.44	22.77	22.92	2849837	66339444.00
2017/11/02	22.77	23.51	22.28	23.09	4274192	98062784.00
2017/11/03	22.87	23.31	22.35	22.91	3040464	69821728.00
2017/11/06	23.05	23.70	22.89	23.63	3490137	81748216.00
2017/11/07	23.42	24.06	23.32	24.01	3678568	87094720.00
2017/11/08	24.13	24.47	23.75	24.02	4404704	106274328.00
2017/11/09	23.82	24.47	23.82	24.14	2915500	70574664.00
2017/11/10	23.94	24.16	23.63	23.77	3128700	74714808.00
2017/11/13	23.77	24.94	23.13	24.74	6812763	164700864.00
2017/11/14	24.47	24.64	24.11	24.32	4084334	99694280.00
2017/11/15	24.11	24.25	23.31	23.35	2857800	67712280.00
2017/11/16	23.36	23.98	23.21	23.23	2709784	64080948.00
2017/11/17	23.27	23.31	20.97	21.09	5686424	125018664.00
2017/11/20	20.95	21.46	19.57	21.32	2851361	59075224.00
2017/11/21	21.23	21.65	20.52	20.84	2430980	51225144.00
2017/11/22	20.98	22.87	20.84	21.69	5091916	111973992.00
2017/11/23	21.45	22.47	21.18	21.41	3841876	84123768.00
2017/11/24	21.23	21.92	21.07	21.22	2547037	54845772.00
2017/11/27	20.90	21.32	20.64	20.73	2287137	47938140.00
2017/11/28	20.56	21.76	20.56	21.61	3480442	74250672.00
2017/11/29	21.74	21.74	21.05	21.25	2514918	53571872.00
2017/11/30	21.34	21.46	20.85	20.86	1674300	35425468.00
2017/12/01	20.85	21.79	20.78	21.69	3743293	80727056.00
2017/12/04	21.48	22.15	21.27	21.52	2873771	62210000.00
2017/12/05	21.53	21.71	19.97	20.36	3600116	74601304.00
2017/12/06	20.13	20.97	19.89	20.93	2963608	60774592.00
2017/12/07	20.93	21.16	20.78	20.82	2024525	42454304.00
2017/12/08	20.87	21.55	20.80	21.25	2975100	63424064.00
2017/12/11	21.44	21.96	21.40	21.62	2893545	62841896.00
2017/12/12	21.45	21.64	20.89	21.15	2872863	61094428.00
2017/12/13	21.19	22.14	21.19	22.09	4709018	102530840.00
2017/12/14	22.10	23.25	21.73	22.95	7834042	176203552.00
2017/12/15	22.86	23.33	22.49	22.65	4976518	113907056.00
2017/12/18	22.64	22.80	21.85	22.23	3583399	79805104.00
2017/12/19	22.29	22.85	22.22	22.37	3428499	77470640.00
2017/12/20	22.54	22.54	21.98	22.16	2148800	47761472.00
2017/12/21	22.16	22.57	21.72	22.40	2500100	55620176.00
2017/12/22	22.44	22.55	21.85	21.92	2159100	47963204.00
2017/12/25	21.92	21.92	20.68	20.96	3631139	76804464.00
2017/12/26	21.07	21.29	20.81	21.22	1910650	40397768.00
2017/12/27	21.25	21.32	20.83	20.86	2085295	43917920.00
2017/12/28	20.92	21.17	20.68	20.72	1917807	40077096.00
2017/12/29	20.73	21.13	20.73	21.07	1543900	32360952.00
2018/01/02	21.07	21.25	20.79	21.08	1868618	39290936.00
2018/01/03	21.12	21.44	20.82	21.37	3023800	64123984.00
2018/01/04	21.27	21.41	21.10	21.17	1912200	40585964.00
2018/01/05	21.21	21.51	21.09	21.28	2217000	47367752.00
2018/01/08	21.37	21.38	20.42	20.59	3386501	70484584.00
2018/01/09	20.54	20.90	20.50	20.60	1708640	35412220.00
2018/01/10	20.76	20.76	20.00	20.14	2629500	53086600.00
2018/01/11	20.07	20.69	20.00	20.39	2209100	45148272.00
2018/01/12	20.44	20.67	20.30	20.40	1679501	34485216.00
2018/01/15	20.58	20.59	19.57	19.71	2942844	58467372.00
2018/01/16	19.38	19.67	19.14	19.30	2393518	46471140.00
2018/01/17	19.18	19.41	17.97	18.95	3227820	60507108.00
2018/01/18	18.85	19.05	18.62	18.80	1743561	32828086.00
2018/01/19	18.86	18.96	18.48	18.58	1674900	31431652.00
2018/01/22	18.58	19.35	18.17	19.22	2722601	51530292.00
2018/01/23	19.07	19.27	18.89	18.94	1450238	27630476.00
2018/01/24	19.07	19.55	18.82	19.38	2318749	44816824.00
2018/01/25	19.27	19.82	19.02	19.04	2370608	46167176.00
2018/01/26	18.97	19.46	18.93	19.06	1454485	27912632.00
2018/01/29	18.96	19.16	18.20	18.37	2027993	37742320.00
2018/01/30	18.30	18.94	18.18	18.70	2082100	38899580.00
2018/01/31	18.70	18.92	17.55	17.67	2437600	44771752.00
2018/02/01	17.79	18.01	15.97	16.20	3411507	58031436.00
2018/02/02	16.00	16.42	15.15	15.97	3929170	62136824.00
2018/02/05	15.49	16.07	15.49	15.85	1276092	20268908.00
2018/02/06	15.47	15.65	14.26	14.26	2851910	42611688.00
2018/02/07	14.55	14.80	13.35	14.27	2893908	41257588.00
2018/02/08	14.27	14.96	14.20	14.73	2093164	30735960.00
2018/02/09	14.21	15.40	13.67	14.80	3387501	49785148.00
2018/02/12	14.95	15.44	14.71	15.17	2192471	33262222.00
2018/02/13	15.16	15.42	15.08	15.17	1701444	25937678.00
2018/02/14	15.32	15.32	14.99	15.01	958385	14536225.00
2018/02/22	15.32	15.38	15.07	15.35	1198201	18331592.00
2018/02/23	15.35	15.51	15.02	15.18	1217993	18543996.00
2018/02/26	15.30	16.07	15.17	15.77	2272806	35643888.00
2018/02/27	15.88	16.26	15.70	15.88	2619602	41803672.00
2018/02/28	15.85	16.10	15.52	15.83	1985800	31491020.00
2018/03/01	15.68	17.42	15.63	17.42	8095040	137373552.00
2018/03/02	17.35	17.48	16.72	17.00	6818703	116606416.00
2018/03/05	17.45	18.70	17.17	18.70	10124424	182715472.00
2018/03/06	18.94	20.57	18.77	19.42	16483450	325009952.00
2018/03/07	18.97	19.27	18.63	18.91	8556451	162004272.00
2018/03/08	18.38	19.53	18.38	19.06	8420576	160815424.00
2018/03/09	18.88	20.27	18.58	20.02	10126967	198977456.00
2018/03/12	20.47	21.38	19.98	20.53	10414292	214477872.00
2018/03/13	20.37	20.66	19.77	20.07	7289861	147412080.00
2018/03/14	19.75	20.45	19.50	19.84	5773171	115113344.00
2018/03/15	19.52	20.20	18.29	19.31	6998773	135451840.00
2018/03/16	19.62	20.85	19.62	19.98	8914930	181238912.00
2018/03/19	21.28	21.64	19.77	19.88	8554472	175670032.00
2018/03/20	19.01	19.75	19.01	19.42	6197698	119978464.00
2018/03/21	19.80	20.76	19.47	19.64	8690890	176198960.00
2018/03/22	20.23	21.61	20.23	21.61	14187962	302824256.00
2018/03/23	20.47	22.47	19.62	21.07	18960906	400060800.00
2018/03/26	20.17	22.55	19.22	22.32	13872544	293485600.00
2018/03/27	21.99	23.77	21.99	22.97	18985962	432139424.00
2018/03/28	22.36	22.84	22.05	22.54	10739590	240368016.00
2018/03/29	22.90	23.57	21.98	22.01	12518014	286306144.00
2018/03/30	21.18	22.72	21.18	22.39	10654971	234169776.00
2018/04/02	22.41	22.42	21.60	21.65	8538187	187580240.00
2018/04/03	20.96	21.07	20.05	20.49	7884171	162798432.00
2018/04/04	20.66	20.97	20.22	20.24	5404663	111513904.00
2018/04/09	20.23	20.51	19.74	20.19	4373358	88216000.00
2018/04/10	20.46	20.56	19.82	20.56	4720916	96045680.00
2018/04/11	20.68	20.78	20.35	20.35	4354321	89460040.00
2018/04/12	20.28	20.76	20.17	20.51	4227681	86720968.00
2018/04/13	21.12	21.68	20.92	21.31	9200679	196332656.00
2018/04/16	20.67	21.19	20.29	20.56	5242539	108748104.00
2018/04/17	20.62	20.82	18.78	19.05	6764268	132743624.00
2018/04/18	19.15	19.68	18.52	19.53	4779120	91620328.00
2018/04/19	19.47	19.95	19.18	19.61	4038800	79508584.00
2018/04/20	19.45	19.94	18.81	18.91	3603468	69886760.00
2018/04/23	19.15	19.17	17.52	18.15	3755100	69218984.00
2018/04/24	18.32	18.96	18.07	18.85	3241729	60342220.00
2018/04/25	18.91	19.52	18.58	19.16	3931676	75633352.00
2018/04/26	19.00	19.31	18.53	18.53	2785574	52859156.00
2018/04/27	18.66	18.97	18.08	18.32	2503130	46417972.00
2018/05/02	18.22	18.57	17.08	17.60	3099196	55354324.00
2018/05/03	17.67	19.07	17.27	18.68	4302630	79042816.00
2018/05/04	18.67	19.07	18.04	18.28	3680300	68718800.00
2018/05/07	18.35	19.60	18.35	19.35	5103740	97971088.00
2018/05/08	19.67	19.69	19.00	19.26	3503100	67669536.00
2018/05/09	19.31	19.49	19.03	19.19	3299571	63440932.00
2018/05/10	19.25	19.38	18.78	19.15	2988993	56976120.00
2018/05/11	19.20	19.29	18.58	18.59	2686629	50503924.00
2018/05/14	18.60	18.89	18.10	18.12	2644117	48879968.00
2018/05/15	18.15	19.93	18.15	19.93	9097847	176196704.00
2018/05/16	20.00	20.30	19.36	19.85	7710818	153118512.00
2018/05/17	19.56	20.88	19.56	20.37	9621791	195579008.00
2018/05/18	20.06	20.30	19.53	19.84	5787301	115011056.00
2018/05/21	19.60	20.13	19.10	19.87	6321657	124256696.00
2018/05/22	19.62	19.82	19.27	19.70	4554800	88959528.00
2018/05/23	19.53	20.54	19.53	20.24	7700526	155367792.00
2018/05/24	20.01	20.44	19.74	20.43	6365859	128429392.00
2018/05/25	20.30	20.38	19.45	19.50	5240900	104618784.00
2018/05/28	19.01	19.17	17.55	17.73	6882480	125912152.00
2018/05/29	17.61	18.15	17.60	17.73	3053963	54523760.00
2018/05/30	17.03	17.28	16.31	16.32	3506373	59147612.00
2018/05/31	16.45	16.95	16.44	16.64	2328920	38803832.00
2018/06/01	16.64	16.95	16.23	16.30	2290900	37982856.00
2018/06/04	16.52	16.85	16.36	16.60	1305200	21658264.00
2018/06/05	16.63	17.17	16.48	17.08	2062800	34840608.00
2018/06/06	17.02	17.35	16.86	17.08	2159700	36926792.00
2018/06/07	17.30	17.30	16.50	16.57	2177700	36621188.00
2018/06/08	16.57	16.83	16.21	16.76	2401044	39714052.00
2018/06/11	16.50	16.73	16.04	16.12	2176932	35608692.00
2018/06/12	16.20	17.73	16.06	17.73	4534463	78232736.00
2018/06/13	18.10	18.10	17.30	17.36	8090595	143415888.00
2018/06/14	17.14	17.37	16.80	17.04	3885881	66085068.00
2018/06/15	16.99	17.25	16.21	16.75	3009520	50014584.00
2018/06/19	16.40	16.41	15.08	15.08	2993000	46613036.00
2018/06/20	14.99	15.49	14.30	15.19	2830900	42755104.00
2018/06/21	15.10	15.35	14.03	14.06	3225500	46973076.00
2018/06/22	14.05	14.51	13.70	14.40	2252003	32165046.00
2018/06/25	14.69	14.71	14.11	14.16	1913390	27576836.00
2018/06/26	13.59	14.84	13.58	14.65	2921489	42183940.00
2018/06/27	14.74	15.09	14.50	15.05	3287044	48924192.00
2018/06/28	14.73	15.07	14.66	14.68	2501544	37212440.00
2018/06/29	14.75	15.46	14.75	15.41	2826900	42895120.00
2018/07/02	15.30	15.40	14.70	14.91	2759610	41604616.00
2018/07/03	14.98	15.54	14.80	15.47	3126000	47588512.00
2018/07/04	15.35	15.35	14.79	14.91	2771500	41634036.00
2018/07/05	14.76	15.25	14.48	14.50	2215000	32970986.00
2018/07/06	14.50	15.21	14.32	14.91	2790677	41547820.00
2018/07/09	15.13	15.25	14.91	15.23	2020600	30568300.00
2018/07/10	15.50	15.50	15.10	15.31	2132100	32611760.00
2018/07/11	15.00	15.03	14.51	14.85	2582610	38090480.00
2018/07/12	14.70	15.50	14.65	15.29	3266587	49885288.00
2018/07/13	15.19	16.19	15.19	15.48	3414100	53363336.00
2018/07/16	15.12	15.54	15.10	15.44	2144800	32822934.00
2018/07/17	15.31	15.43	15.10	15.37	2203377	33630052.00
2018/07/18	15.43	15.85	15.27	15.61	4132650	64205700.00
2018/07/19	15.54	16.40	15.40	16.24	6535993	104471440.00
2018/07/20	16.06	16.20	15.72	16.09	3833393	61225460.00
2018/07/23	15.93	16.47	15.83	16.12	3203700	51770956.00
2018/07/24	16.18	16.24	15.90	16.10	2578769	41491148.00
2018/07/25	16.11	16.26	15.80	15.84	2517864	40341440.00
2018/07/26	15.85	15.91	15.37	15.53	2457663	38275932.00
2018/07/27	15.53	15.73	15.32	15.54	1564600	24365768.00
2018/07/30	15.53	15.68	14.67	14.82	1946300	29323290.00
2018/07/31	14.94	15.05	14.75	14.85	1237000	18427176.00
2018/08/01	14.79	14.95	14.35	14.35	1643500	24089656.00
2018/08/02	14.21	14.44	13.00	13.83	2245200	31051726.00
2018/08/03	14.30	14.58	13.90	13.90	2281100	32489788.00
2018/08/06	13.00	13.85	13.00	13.50	1794200	24109168.00
2018/08/07	13.56	13.78	13.45	13.77	1456100	19898112.00
2018/08/08	13.80	14.16	13.58	13.60	1766149	24525876.00
2018/08/09	13.51	14.20	13.51	13.87	2762350	38561636.00
2018/08/10	13.87	13.96	13.69	13.93	1441700	19968612.00
2018/08/13	13.82	14.33	13.51	14.26	2476000	34805048.00
2018/08/14	14.26	14.39	14.05	14.17	1738200	24703904.00
2018/08/15	14.10	14.20	13.70	13.76	1238000	17237406.00
2018/08/16	13.77	14.09	13.56	13.87	1734700	24124598.00
2018/08/17	13.98	14.30	13.50	13.57	1591600	22186668.00
2018/08/20	13.44	13.98	13.34	13.95	1668101	22803532.00
2018/08/21	13.85	14.16	13.72	14.01	1638400	22918284.00
2018/08/22	14.00	14.10	13.79	13.84	1289800	17973048.00
2018/08/23	13.72	14.24	13.72	14.01	1906321	26822012.00
2018/08/24	13.96	14.24	13.91	14.04	1682800	23729556.00
2018/08/27	14.10	14.48	14.10	14.44	2548200	36499348.00
2018/08/28	14.48	14.52	14.22	14.31	1682820	24123550.00
2018/08/29	14.35	14.54	14.22	14.32	1661669	23865172.00
2018/08/30	14.32	14.46	13.85	13.85	1561646	21990070.00
2018/08/31	13.70	14.45	13.66	14.08	2266978	31994830.00
2018/09/03	14.00	14.08	13.36	13.86	1919333	26300160.00
2018/09/04	13.86	14.23	13.60	14.14	1613731	22564606.00
2018/09/05	14.05	14.25	13.67	13.73	1769817	24731490.00
2018/09/06	13.71	15.10	13.68	15.10	5853200	85678856.00
2018/09/07	14.92	15.10	14.16	14.57	6896819	100906024.00
2018/09/10	14.33	14.38	13.78	14.02	3288937	46269468.00
2018/09/11	14.02	15.42	13.79	14.52	4898213	70940744.00
2018/09/12	14.25	14.66	14.23	14.38	3354421	48384456.00
2018/09/13	14.55	14.77	14.28	14.70	3446970	50101748.00
2018/09/14	14.71	14.78	14.23	14.23	2698797	39201376.00
2018/09/17	14.20	14.91	14.12	14.85	4013853	58473188.00
2018/09/18	14.68	15.98	14.60	15.27	5947753	90164360.00
2018/09/19	15.05	15.37	14.94	15.23	4509656	68351832.00
2018/09/20	15.17	15.35	14.93	14.97	2451688	36935620.00
2018/09/21	15.03	15.10	14.70	14.98	2111046	31482394.00
2018/09/25	14.97	15.26	14.87	15.08	1780721	26892590.00
2018/09/26	15.17	15.19	14.80	14.89	1737800	25957046.00
2018/09/27	14.92	14.97	14.01	14.15	2507480	36412256.00
2018/09/28	14.23	14.37	14.10	14.26	1297306	18462396.00
2018/10/08	14.04	14.04	13.25	13.34	1838400	25104680.00
2018/10/09	12.90	13.57	12.90	13.36	1430191	19086532.00
2018/10/10	13.48	13.51	13.26	13.30	990100	13240842.00
2018/10/11	12.63	12.80	11.97	11.97	2471840	30286266.00
2018/10/12	11.44	12.08	10.91	11.73	2198701	25599926.00
2018/10/15	11.63	12.00	11.53	11.69	1270895	14967880.00
2018/10/16	11.68	11.84	11.11	11.20	1853100	21150024.00
2018/10/17	11.50	11.59	11.13	11.50	1554886	17747452.00
2018/10/18	11.50	11.50	11.02	11.08	1330895	14996713.00
2018/10/19	11.02	11.64	10.80	11.59	1938100	22107104.00
2018/10/22	11.70	12.35	11.62	12.03	2606309	31299472.00
2018/10/23	12.08	12.20	11.73	11.80	1670900	19887094.00
2018/10/24	11.74	12.01	11.67	11.80	1103769	13081315.00
2018/10/25	11.40	11.78	11.26	11.71	1493905	17137138.00
2018/10/26	11.81	11.98	11.55	11.63	1617900	18973892.00
2018/10/29	11.63	12.27	11.42	11.54	2436622	28883934.00
2018/10/30	11.51	11.67	11.20	11.51	2621835	30044954.00
2018/10/31	11.51	11.87	11.30	11.71	2248257	26356938.00
2018/11/01	12.88	12.88	12.88	12.88	2561801	32995996.00
2018/11/02	13.30	13.30	12.50	12.85	7948622	102191040.00
2018/11/05	12.73	13.00	12.56	12.96	5638216	72272608.00
2018/11/06	12.75	14.20	12.32	13.40	8074107	105485328.00
2018/11/07	13.18	13.40	13.03	13.14	5489688	72413840.00
2018/11/08	13.18	13.30	12.80	12.87	2937700	38314008.00
2018/11/09	12.90	13.18	12.75	12.85	1818600	23519338.00
2018/11/12	12.90	13.20	12.77	13.18	2853981	37217604.00
2018/11/13	13.03	13.41	12.91	13.26	4252600	56052336.00
2018/11/14	13.20	13.44	13.10	13.19	3343567	44220096.00
2018/11/15	14.51	14.51	14.51	14.51	2142484	31087442.00
2018/11/16	15.96	15.96	15.96	15.96	1924263	30711238.00
2018/11/19	16.87	16.87	15.11	15.48	14304521	226133744.00
2018/11/20	15.10	15.96	14.86	15.57	10520675	162802832.00
2018/11/21	15.19	15.55	14.55	15.00	7298293	109732928.00
2018/11/22	14.70	16.14	14.67	15.58	11934977	184641520.00
2018/11/23	15.30	15.30	14.20	14.36	8184266	120818576.00
2018/11/26	14.20	14.81	14.19	14.32	5228490	76003784.00
2018/11/27	14.57	15.54	14.30	15.07	9049504	134290560.00
2018/11/28	14.90	14.94	14.32	14.61	5746339	83863352.00
2018/11/29	14.61	15.16	14.31	14.31	6865189	102143208.00
2018/11/30	14.60	14.85	14.01	14.61	5628234	81750512.00
2018/12/03	14.97	15.34	14.68	15.28	7532882	113725824.00
2018/12/04	15.10	15.38	15.01	15.19	5493682	83450520.00
2018/12/05	14.67	14.89	14.51	14.61	4403300	64736096.00
2018/12/06	14.40	14.69	13.88	13.94	4375801	62089836.00
2018/12/07	14.00	14.20	13.82	13.95	2167200	30320296.00
2018/12/10	13.91	14.06	13.47	13.73	2192103	30114934.00
2018/12/11	13.73	14.13	13.73	14.04	2130200	29745260.00
2018/12/12	14.02	14.17	13.88	13.93	1819304	25406390.00
2018/12/13	13.94	14.08	13.72	13.91	2161306	30095724.00
2018/12/14	13.85	13.90	13.09	13.16	3077809	41530140.00
2018/12/17	13.00	13.30	13.00	13.19	2103400	27704002.00
2018/12/18	13.45	13.45	12.76	12.97	2415302	31504886.00
2018/12/19	12.97	13.08	12.75	12.76	1824500	23556836.00
2018/12/20	12.72	13.08	12.68	13.03	2090500	27054324.00
2018/12/21	13.06	13.18	12.87	12.95	1877400	24430780.00
2018/12/24	12.90	13.20	12.88	13.15	1548800	20279130.00
2018/12/25	12.92	12.98	12.36	12.91	2895300	36627748.00
2018/12/26	12.97	13.18	12.84	13.12	2201070	28691310.00
2018/12/27	13.29	13.30	12.56	12.58	2505471	32458632.00
2018/12/28	12.63	13.68	12.51	13.00	3164100	41298608.00
2019/01/02	12.99	13.00	12.66	12.91	2155993	27704842.00
2019/01/03	12.92	13.09	12.63	12.66	2123893	27251032.00
数据来源:通达信
