300677 英科医疗 日线 前复权
      日期	    开盘	    最高	    最低	    收盘	    成交量	    成交额
2017/07/21	13.39	14.61	13.39	14.61	7374	215280.64
2017/07/24	16.08	16.08	16.08	16.08	4678	151099.41
2017/07/25	17.69	17.69	17.69	17.69	4504	160027.13
2017/07/26	19.47	19.47	19.47	19.47	7239	282900.13
2017/07/27	21.42	21.42	21.42	21.42	107964	4641372.50
2017/07/28	23.42	23.42	21.24	21.45	12185095	541899072.00
2017/07/31	20.43	20.65	19.98	20.04	7973588	324000800.00
2017/08/01	20.03	20.42	19.45	20.33	6476474	257316368.00
2017/08/02	20.05	20.33	19.74	19.85	4066787	163192336.00
2017/08/03	19.56	20.16	19.24	19.93	4308528	170963840.00
2017/08/04	19.73	19.87	19.28	19.35	3208548	125405912.00
2017/08/07	19.38	19.70	19.05	19.08	2274956	88564168.00
2017/08/08	19.00	19.14	18.28	18.41	3028712	112842536.00
2017/08/09	18.18	18.61	18.18	18.42	1761821	65165032.00
2017/08/10	18.38	18.50	17.58	17.67	2616732	94333648.00
2017/08/11	17.43	17.57	17.19	17.23	2086785	72850432.00
2017/08/14	17.49	17.68	17.49	17.49	1945729	68716104.00
2017/08/15	17.55	17.92	17.49	17.87	3151780	112498392.00
2017/08/16	17.93	18.80	17.90	18.59	7068964	261504096.00
2017/08/17	18.50	18.53	18.26	18.33	3499494	129169128.00
2017/08/18	18.17	18.43	18.00	18.40	2280425	83582824.00
2017/08/21	18.54	19.16	18.46	19.14	3893046	147068688.00
2017/08/22	19.18	19.73	18.87	19.20	4749820	184156672.00
2017/08/23	19.07	19.67	18.78	19.51	4613116	178261584.00
2017/08/24	19.36	20.12	18.97	18.97	6246869	245382448.00
2017/08/25	18.80	19.92	18.78	19.83	5812038	226886528.00
2017/08/28	20.08	21.82	20.08	21.82	8426145	353604256.00
2017/08/29	21.93	23.98	21.33	21.98	11122597	502966464.00
2017/08/30	21.43	23.33	21.33	22.88	8966588	398733120.00
2017/08/31	22.59	23.82	22.59	23.21	7586993	354000960.00
2017/09/01	23.25	23.43	22.18	22.32	6050539	274696960.00
2017/09/04	22.18	22.19	21.33	21.65	4740873	206126384.00
2017/09/05	21.65	22.08	21.58	21.73	3461034	151611744.00
2017/09/06	21.37	21.37	20.64	21.15	4392404	185020080.00
2017/09/07	21.12	21.65	20.93	21.15	3561869	152890160.00
2017/09/08	21.00	22.16	20.95	21.62	4818605	209736064.00
2017/09/11	21.58	22.33	21.43	22.31	3945541	173942560.00
2017/09/12	22.12	22.30	21.19	21.19	4028035	174751360.00
2017/09/13	21.19	21.83	21.19	21.74	2422549	105086256.00
2017/09/14	21.73	22.47	21.43	22.40	4805153	212796848.00
2017/09/15	22.19	22.93	21.87	22.01	4677760	209514944.00
2017/09/18	21.43	22.43	20.99	22.35	3395786	147446688.00
2017/09/19	22.22	23.20	22.22	22.54	4651575	212258192.00
2017/09/20	22.43	23.37	22.08	23.37	4832199	221939456.00
2017/09/21	23.28	23.69	22.23	22.26	4454297	204385280.00
2017/09/22	22.07	23.66	21.98	23.62	5026094	231443728.00
2017/09/25	23.43	24.05	23.18	23.24	3881817	183320336.00
2017/09/26	23.08	23.31	21.48	21.82	4456873	197983872.00
2017/09/27	21.60	22.26	21.60	22.01	2068957	91168184.00
2017/09/28	21.93	22.58	21.93	22.07	2158396	96262296.00
2017/09/29	22.01	22.27	21.49	21.65	2640485	115357888.00
2017/10/09	21.93	22.01	21.60	21.86	1329112	58203772.00
2017/10/10	21.85	24.05	21.78	24.05	7950115	374616096.00
2017/10/11	24.93	26.22	24.30	25.07	13075928	664001344.00
2017/10/12	24.73	25.22	23.56	25.14	6969561	342279104.00
2017/10/13	27.22	27.66	26.83	27.66	4028201	221817776.00
2017/10/16	27.94	28.83	26.47	27.43	10165374	564355840.00
2017/10/17	27.00	28.16	26.54	28.04	6821380	374875200.00
2017/10/18	27.74	28.18	26.22	26.28	5851209	320572544.00
2017/10/19	26.43	28.19	26.28	27.20	5961338	327379008.00
2017/10/20	27.04	29.72	26.56	28.68	6871321	387635936.00
2017/10/23	28.53	29.59	28.38	29.19	4934457	286901600.00
2017/10/24	28.93	29.18	27.92	28.82	4023987	230378592.00
2017/10/25	28.67	30.62	28.43	30.30	4824297	283978464.00
2017/10/26	30.43	30.74	29.46	29.98	4207071	253566592.00
2017/10/27	29.92	30.97	29.68	29.88	3659155	221989728.00
2017/10/30	29.92	30.85	28.73	30.39	4315611	258230768.00
2017/10/31	30.13	30.57	29.71	30.10	3353973	203077296.00
2017/11/01	29.95	31.06	29.74	30.00	4735275	287714176.00
2017/11/02	29.88	31.43	29.70	30.13	4114739	251940864.00
2017/11/03	29.57	29.85	28.65	28.86	3555702	208798480.00
2017/11/06	29.28	29.76	29.03	29.52	2300218	135686672.00
2017/11/07	29.87	31.03	29.33	30.68	4027560	244671280.00
2017/11/08	30.69	31.38	30.23	30.32	3132513	192789184.00
2017/11/09	30.44	30.72	30.23	30.57	1938303	118355768.00
2017/11/10	30.60	32.33	30.47	31.50	3894577	245788800.00
2017/11/13	31.98	33.74	31.86	33.07	3782317	247480592.00
2017/11/14	32.93	33.16	32.21	32.54	2839729	186053744.00
2017/11/15	32.54	33.07	31.97	32.83	2759813	180137872.00
2017/11/16	32.42	32.75	31.28	31.70	2428089	156106544.00
2017/11/17	31.70	31.92	29.11	29.30	2897390	177373568.00
2017/11/20	29.93	31.65	29.93	31.63	3072293	188915056.00
2017/11/21	31.60	31.60	28.46	29.38	5427067	321322464.00
2017/11/22	28.93	29.60	28.02	28.88	2786071	160797856.00
2017/11/23	28.88	28.88	26.94	27.33	3168616	177841168.00
2017/11/24	27.18	28.12	26.99	27.41	1889555	105037088.00
2017/11/27	27.26	27.68	26.32	26.46	2127360	115332472.00
2017/11/28	26.94	27.83	26.73	27.83	2043942	111574808.00
2017/11/29	27.62	28.80	26.95	28.66	2506319	140067888.00
2017/11/30	28.43	28.97	27.83	28.30	2226354	126683584.00
2017/12/01	28.26	29.42	28.26	28.64	2012206	115603232.00
2017/12/04	27.83	27.83	25.77	25.77	3198137	169365696.00
2017/12/05	25.38	25.81	24.23	24.51	2552699	127713184.00
2017/12/06	24.58	25.36	24.37	25.33	1768539	88283368.00
2017/12/07	25.08	25.38	24.85	25.17	1092639	55015460.00
2017/12/08	25.18	25.90	25.08	25.53	1691152	86964512.00
2017/12/11	25.53	25.68	25.09	25.60	1461474	74616320.00
2017/12/12	25.46	25.56	23.68	24.11	2315050	114792320.00
2017/12/13	24.90	26.53	24.90	26.53	6351007	331295840.00
2017/12/14	26.11	26.68	25.78	26.35	4510499	236699232.00
2017/12/15	26.39	26.88	26.17	26.18	2984712	158419120.00
2017/12/18	26.13	26.33	25.23	25.94	2322836	119894240.00
2017/12/19	25.83	26.37	25.73	26.26	1940221	101355008.00
2017/12/20	26.07	26.39	25.73	25.77	1613185	84274064.00
2017/12/21	25.47	26.10	24.93	25.80	2139177	109593920.00
2017/12/22	25.73	26.67	25.63	26.00	1802466	94727016.00
2017/12/25	25.86	25.86	24.99	25.62	1631231	83008032.00
2017/12/26	25.61	27.05	25.49	26.57	3058085	162169376.00
2017/12/27	26.75	26.77	26.00	26.07	2210562	116676328.00
2017/12/28	25.93	26.52	25.67	25.78	2298858	120027616.00
2017/12/29	25.83	26.20	25.52	26.20	1668737	86701768.00
2018/01/02	27.18	28.73	27.02	27.45	4973527	276352256.00
2018/01/03	27.42	29.67	27.37	28.88	4963725	283440192.00
2018/01/04	28.59	28.88	28.33	28.75	3099198	177816656.00
2018/01/05	28.83	29.76	28.70	29.58	3461429	203777792.00
2018/01/08	29.83	30.17	29.06	29.63	2631326	155083952.00
2018/01/09	29.43	29.70	29.24	29.44	1804660	106570264.00
2018/01/10	29.43	29.43	28.28	28.90	2365884	136329376.00
2018/01/11	28.43	29.07	28.35	28.50	1754707	101089856.00
2018/01/12	28.50	28.86	27.99	28.49	1710110	97431616.00
2018/01/15	28.39	28.93	27.55	27.63	2382136	134949056.00
2018/01/16	27.73	29.13	27.73	29.10	2432857	139565776.00
2018/01/17	29.06	29.68	28.65	29.66	2525762	148176544.00
2018/01/18	29.54	29.65	29.04	29.53	1623372	95458944.00
2018/01/19	29.43	30.64	29.43	29.85	2270531	137074528.00
2018/01/22	29.43	29.64	28.68	29.46	1887073	110472448.00
2018/01/23	29.33	29.67	29.15	29.45	1133180	66742484.00
2018/01/24	29.49	29.87	29.07	29.31	1888578	111873880.00
2018/01/25	29.17	29.17	28.61	28.83	1639339	94926216.00
2018/01/26	28.71	28.72	27.33	27.40	2900999	162542384.00
2018/01/29	27.23	27.41	26.32	26.54	1838768	98261168.00
2018/01/30	26.53	26.99	26.26	26.50	944800	50288104.00
2018/01/31	29.16	29.16	29.16	29.16	565382	33057886.00
2018/02/01	32.09	32.09	30.97	32.09	13854646	887682752.00
2018/02/02	31.92	32.43	30.83	31.68	7022744	446109504.00
2018/02/05	30.99	31.29	29.59	30.38	4740203	290461088.00
2018/02/06	28.93	29.58	27.33	27.43	4812536	273631648.00
2018/02/07	28.22	30.18	28.02	30.12	6428168	380396096.00
2018/02/08	29.67	30.68	29.45	29.94	3671349	220308432.00
2018/02/09	28.93	30.98	28.45	30.02	4171746	250749760.00
2018/02/12	30.53	33.03	30.33	33.03	3871516	248378592.00
2018/02/13	34.18	34.42	32.64	33.35	4494280	302392128.00
2018/02/14	33.53	34.02	33.07	33.71	2966081	199439600.00
2018/02/22	34.65	35.93	33.07	33.18	4771220	327235680.00
2018/02/23	33.35	35.37	33.32	34.43	5146774	352531968.00
2018/02/26	34.90	37.88	34.76	37.88	5516559	403024800.00
2018/02/27	37.04	37.87	36.30	37.32	5272163	390829728.00
2018/02/28	36.82	37.32	35.93	36.58	4343902	318778336.00
2018/03/01	36.48	37.65	35.62	36.68	4103146	300239680.00
2018/03/02	36.18	37.18	35.93	36.48	2206421	160954240.00
2018/03/05	36.62	38.13	36.11	37.93	3325553	248199520.00
2018/03/06	37.87	38.67	36.13	36.38	3695878	275345440.00
2018/03/07	36.28	37.72	35.93	36.43	3347593	246376304.00
2018/03/08	36.13	36.42	34.79	35.41	4437421	314866176.00
2018/03/09	35.50	36.00	35.06	35.83	3531432	251926032.00
2018/03/12	36.60	37.57	36.25	36.68	4211616	311301792.00
2018/03/13	36.68	39.35	36.19	38.48	5503138	415624448.00
2018/03/14	38.26	38.65	35.70	36.13	5028388	376084800.00
2018/03/15	35.42	35.42	32.51	33.87	5384509	363116448.00
2018/03/16	33.92	34.36	33.18	33.26	2630772	178030288.00
2018/03/19	33.43	35.68	33.33	35.13	3681745	256029456.00
2018/03/20	34.93	36.48	34.59	36.48	3447896	245664848.00
2018/03/21	36.83	37.39	34.46	34.96	3349698	243020368.00
2018/03/22	35.67	36.92	34.93	36.43	3153753	227725648.00
2018/03/23	33.43	35.77	33.27	33.88	4219735	289106464.00
2018/03/26	33.48	36.60	33.06	36.47	3656720	257286400.00
2018/03/27	36.88	38.87	36.43	37.52	4778437	360448864.00
2018/03/28	36.92	38.35	36.68	37.39	4256718	319941472.00
2018/03/29	37.44	37.76	35.68	37.09	4341078	319684224.00
2018/03/30	37.00	37.60	36.21	36.30	5767508	425134880.00
2018/04/02	34.93	35.42	33.26	33.97	5380272	367435904.00
2018/04/03	33.33	34.11	32.58	33.98	2893229	193995168.00
2018/04/04	34.13	34.43	32.99	33.28	3013200	203516912.00
2018/04/09	31.93	32.43	31.01	31.96	3043118	194279472.00
2018/04/10	31.87	32.68	31.37	32.23	2481754	160120800.00
2018/04/11	32.76	34.71	32.72	34.01	4764255	322262624.00
2018/04/12	33.93	33.93	31.93	32.04	3793377	251188000.00
2018/04/13	32.67	33.13	32.03	32.35	2492280	162684096.00
2018/04/16	31.50	31.78	30.81	31.64	2250000	141457440.00
2018/04/17	31.43	31.88	28.93	28.93	2750521	167900000.00
2018/04/18	29.33	29.68	27.87	29.43	2534795	146155552.00
2018/04/19	29.36	29.82	28.98	29.18	2230400	131590424.00
2018/04/20	28.98	29.18	27.01	27.27	2720882	152414864.00
2018/04/23	28.11	28.66	27.23	27.76	2511129	140883344.00
2018/04/24	26.43	29.63	26.43	29.53	3737519	215781056.00
2018/04/25	29.85	30.23	28.93	30.00	3732444	222342320.00
2018/04/26	30.23	30.23	27.98	28.09	3105700	180395920.00
2018/04/27	28.87	29.94	26.59	28.72	7536190	216720832.00
2018/05/02	28.55	29.87	28.10	28.83	6197412	179905216.00
2018/05/03	28.50	29.00	26.97	28.75	6458488	180269680.00
2018/05/04	28.93	31.63	28.60	30.72	12407086	375806272.00
2018/05/07	30.10	31.18	29.68	30.94	10097308	305831872.00
2018/05/08	30.50	32.30	30.32	32.10	12471526	391921696.00
2018/05/09	31.80	32.77	30.92	31.30	8772294	277217376.00
2018/05/10	31.26	31.90	30.81	31.33	6617480	207323648.00
2018/05/11	31.35	31.50	29.38	29.42	6542800	197806672.00
2018/05/14	29.03	29.38	27.81	28.22	5070982	144321424.00
2018/05/15	28.37	28.98	27.97	28.95	3952316	112727888.00
2018/05/16	28.80	30.00	28.40	29.01	5579152	163716192.00
2018/05/17	28.72	29.12	28.35	28.75	3700878	106069464.00
2018/05/18	28.90	28.98	28.12	28.41	3245378	92810520.00
2018/05/21	28.82	29.07	28.40	28.86	3600686	103604248.00
2018/05/22	28.91	29.83	28.66	29.66	5565010	162385456.00
2018/05/23	29.63	31.47	29.33	30.44	10746198	330168512.00
2018/05/24	29.86	31.00	29.67	30.41	7489442	227523408.00
2018/05/25	30.08	30.39	29.01	29.17	5396004	158984192.00
2018/05/28	29.15	29.30	28.20	28.49	3621112	103546288.00
2018/05/29	28.49	28.88	27.50	27.50	3215100	91378448.00
2018/05/30	26.59	26.59	24.75	24.75	5854765	147772560.00
2018/05/31	25.11	25.35	24.66	25.16	3216905	80728240.00
2018/06/01	24.93	25.10	23.16	23.64	4139896	99849456.00
2018/06/04	24.08	24.20	23.71	23.91	2306655	55306272.00
2018/06/05	24.13	25.24	23.89	25.02	3717920	92005744.00
2018/06/06	24.80	25.77	24.80	25.30	3663619	92713224.00
2018/06/07	25.30	25.40	24.32	24.46	3006800	74356624.00
2018/06/08	24.32	24.68	23.81	24.50	2551000	61907144.00
2018/06/11	24.59	24.63	23.92	24.10	1746300	42412720.00
2018/06/12	24.15	24.36	23.18	24.28	2395578	57080884.00
2018/06/13	24.05	24.05	22.99	23.08	2522178	59390020.00
2018/06/14	22.81	23.60	22.79	23.20	2566500	59623588.00
2018/06/15	23.27	23.42	21.87	21.92	2964990	66268508.00
2018/06/19	21.50	21.50	19.79	20.12	3238720	66835808.00
2018/06/20	19.82	20.80	19.82	20.66	2842164	57801224.00
2018/06/21	20.56	20.87	19.62	19.64	2593700	52496832.00
2018/06/22	19.51	20.38	19.32	20.33	2672674	53843456.00
2018/06/25	20.38	21.17	20.18	20.34	2396578	49443192.00
2018/06/26	20.00	21.00	19.80	21.00	2948900	60809500.00
2018/06/27	21.21	21.44	20.90	21.06	3534256	74700024.00
2018/06/28	20.82	21.29	20.64	20.90	2619100	55053224.00
2018/06/29	21.99	22.99	21.99	22.99	2491208	57013272.00
2018/07/02	25.00	25.29	24.51	25.29	4578314	114701872.00
2018/07/03	27.82	27.82	27.82	27.82	1348277	37509068.00
2018/07/04	28.42	28.50	25.04	25.14	16728523	452960192.00
2018/07/05	24.13	24.39	22.63	22.67	11029828	259987200.00
2018/07/06	22.75	23.20	21.70	22.15	8650664	194385248.00
2018/07/09	22.27	23.88	22.25	23.27	7762295	177214864.00
2018/07/10	22.75	25.60	22.55	25.60	7970666	191616928.00
2018/07/11	26.20	28.15	25.40	26.70	16848235	446141056.00
2018/07/12	27.08	27.48	25.93	26.70	13419355	358455648.00
2018/07/13	25.60	26.06	25.05	25.36	9088933	232470112.00
2018/07/16	25.22	25.96	24.13	25.69	6926155	173667328.00
2018/07/17	25.11	25.50	24.55	25.09	5038151	125795752.00
2018/07/18	25.08	25.55	24.30	25.27	7111524	178041760.00
2018/07/19	24.80	27.80	24.80	27.03	19936226	541254336.00
2018/07/20	25.88	26.70	25.12	26.08	15299126	394931264.00
2018/07/23	23.67	24.60	23.65	23.82	10781720	258812384.00
2018/07/24	24.15	24.79	23.70	24.38	6943036	168602768.00
2018/07/25	23.80	24.15	23.07	23.14	8018940	188660640.00
2018/07/26	22.79	23.03	22.47	22.48	4578498	103697272.00
2018/07/27	22.66	23.38	22.60	22.95	5019364	115719200.00
2018/07/30	22.94	23.49	22.61	22.85	3701719	85408608.00
2018/07/31	22.51	22.68	21.36	21.83	4536063	99501632.00
2018/08/01	21.78	22.17	21.40	21.51	2705556	58500660.00
2018/08/02	21.40	21.41	19.68	20.52	4086531	83104576.00
2018/08/03	20.44	21.35	20.33	20.73	2977620	62198860.00
2018/08/06	20.47	20.47	19.61	19.90	2375820	47548580.00
2018/08/07	19.10	19.46	17.91	18.74	6367834	117096576.00
2018/08/08	18.45	18.45	16.87	16.87	5328815	93793824.00
2018/08/09	16.70	17.50	16.32	17.12	3880090	66666444.00
2018/08/10	17.51	18.83	17.49	18.83	3863926	70706640.00
2018/08/13	19.50	19.50	18.41	18.67	6621639	125312992.00
2018/08/14	19.14	19.14	18.61	18.77	3485348	65757700.00
2018/08/15	18.90	19.46	18.51	18.73	4666587	88286760.00
2018/08/16	18.68	19.85	18.12	18.96	5426689	103561576.00
2018/08/17	18.58	18.88	17.30	17.50	5102353	91615720.00
2018/08/20	17.67	18.52	17.62	18.03	3400446	61065512.00
2018/08/21	17.96	18.39	17.96	18.15	3233346	58877032.00
2018/08/22	18.42	19.42	18.20	18.31	4523911	84576824.00
2018/08/23	17.88	18.59	17.87	18.25	3370711	61592084.00
2018/08/24	18.47	18.67	18.20	18.27	3064917	56362200.00
2018/08/27	18.26	18.71	18.05	18.60	3443900	63499080.00
2018/08/28	18.66	18.75	18.25	18.54	2833606	52299792.00
2018/08/29	18.54	18.64	18.10	18.22	1864800	34111320.00
2018/08/30	18.03	18.24	17.32	17.32	3170508	55933840.00
2018/08/31	17.22	17.55	17.00	17.22	2066100	35806808.00
2018/09/03	17.04	17.30	16.44	17.10	2485300	41676796.00
2018/09/04	17.21	17.23	16.88	17.16	2164700	36981032.00
2018/09/05	17.18	17.30	16.62	16.64	2705600	45845160.00
2018/09/06	16.51	16.83	16.51	16.70	2454076	41005956.00
2018/09/07	16.95	17.84	16.80	16.97	4161364	71915288.00
2018/09/10	16.51	16.87	16.13	16.24	3236960	53004312.00
2018/09/11	16.11	16.47	16.00	16.45	1771200	28788444.00
2018/09/12	16.45	16.66	16.23	16.51	2259432	37243724.00
2018/09/13	16.67	16.83	15.91	16.41	2603299	42572248.00
2018/09/14	16.41	16.49	15.86	15.86	2052400	33073556.00
2018/09/17	15.90	16.13	15.85	16.06	2029000	32560396.00
2018/09/18	15.62	16.16	15.62	16.16	2224245	35458580.00
2018/09/19	16.02	16.40	15.88	16.23	2681657	43315924.00
2018/09/20	16.33	16.35	16.13	16.28	1839264	29842610.00
2018/09/21	16.38	16.55	16.25	16.51	2458599	40406976.00
2018/09/25	16.45	16.45	16.11	16.19	1665200	26984300.00
2018/09/26	16.20	16.40	16.13	16.29	1465199	23850370.00
2018/09/27	16.31	16.95	16.12	16.38	3829300	63407424.00
2018/09/28	16.34	16.60	16.12	16.52	2335400	38285936.00
2018/10/08	16.20	17.58	16.20	16.94	4986059	84282928.00
2018/10/09	17.09	18.63	16.70	18.06	8630188	152461232.00
2018/10/10	17.64	17.84	17.33	17.59	5247565	92318176.00
2018/10/11	16.85	18.69	16.71	18.37	10943885	196069744.00
2018/10/12	17.82	19.66	17.41	18.94	11089604	203721872.00
2018/10/15	18.56	18.98	18.42	18.58	6068698	113243576.00
2018/10/16	18.43	18.56	17.55	17.87	5325234	95278464.00
2018/10/17	18.01	18.18	17.44	17.84	4215926	75371136.00
2018/10/18	17.79	17.79	16.06	16.06	5885496	97917176.00
2018/10/19	15.27	15.86	14.99	15.57	5087100	78619616.00
2018/10/22	15.72	16.53	15.71	16.33	4910230	79325072.00
2018/10/23	16.30	16.87	16.05	16.33	4755684	78481888.00
2018/10/24	16.28	16.65	15.92	16.07	3184464	51514172.00
2018/10/25	14.96	15.75	14.95	15.49	3119048	47848364.00
2018/10/26	15.93	16.83	15.93	16.09	4208206	68319840.00
2018/10/29	16.03	16.27	15.88	15.91	2525314	40611168.00
2018/10/30	16.08	16.32	15.76	16.12	3126184	50268968.00
2018/10/31	16.39	16.59	16.13	16.41	3799900	62134048.00
2018/11/01	16.42	16.91	16.30	16.48	4716234	78218304.00
2018/11/02	16.78	18.00	16.47	17.30	6635534	113889672.00
2018/11/05	17.19	17.66	16.95	17.52	6158750	106645880.00
2018/11/06	17.25	17.31	16.92	17.21	3235184	55363148.00
2018/11/07	17.11	17.48	17.06	17.06	3470800	59939240.00
2018/11/08	17.24	17.30	16.81	16.84	2659064	45358644.00
2018/11/09	16.64	16.79	16.48	16.52	2483500	41264504.00
2018/11/12	16.49	17.22	16.38	17.15	3405884	57452928.00
2018/11/13	16.94	17.40	16.90	17.24	4163200	71443488.00
2018/11/14	17.24	17.62	17.17	17.22	3998584	69437232.00
2018/11/15	17.15	17.91	17.11	17.88	5342559	94013888.00
2018/11/16	17.90	17.98	17.50	17.67	4884178	86524544.00
2018/11/19	17.56	17.88	17.48	17.82	3492546	61885692.00
2018/11/20	17.65	17.84	17.10	17.18	3380294	59293580.00
2018/11/21	16.99	17.48	16.91	17.41	2620346	45345800.00
2018/11/22	17.50	17.83	17.46	17.80	3989766	70711376.00
2018/11/23	17.71	17.79	16.71	16.92	4291842	73633024.00
2018/11/26	16.75	17.34	16.75	17.19	2120930	36427980.00
2018/11/27	17.25	17.28	16.91	17.04	2527400	43308080.00
2018/11/28	17.02	17.20	16.70	17.15	1555500	26561238.00
2018/11/29	17.25	17.25	16.00	16.07	2665714	44435864.00
2018/11/30	16.13	16.58	16.09	16.50	1835814	29967166.00
2018/12/03	17.35	17.50	17.07	17.27	2895106	49951476.00
2018/12/04	17.27	17.86	17.08	17.65	3391956	59604688.00
2018/12/05	17.38	18.20	17.37	17.92	3924972	70136248.00
2018/12/06	17.83	17.90	17.32	17.44	2961512	52136968.00
2018/12/07	17.72	17.87	17.02	17.19	2367572	41187156.00
2018/12/10	17.04	17.15	16.22	16.37	2314800	38470868.00
2018/12/11	16.39	16.78	16.39	16.67	1138500	18952180.00
2018/12/12	16.80	16.81	16.59	16.59	914100	15230934.00
2018/12/13	16.57	16.91	16.52	16.84	1281678	21492512.00
2018/12/14	16.84	16.88	16.15	16.20	1704700	28066044.00
2018/12/17	16.21	16.34	15.91	16.28	1110502	17932756.00
2018/12/18	16.40	16.40	15.87	16.04	1300028	20841830.00
2018/12/19	16.18	16.18	15.34	15.54	1977226	30940882.00
2018/12/20	15.50	15.67	15.44	15.55	952896	14842804.00
2018/12/21	15.46	15.50	15.15	15.34	1094556	16775946.00
2018/12/24	15.39	15.73	15.15	15.70	1125400	17556984.00
2018/12/25	15.53	15.72	15.18	15.67	1174992	18171180.00
2018/12/26	15.67	15.79	15.35	15.40	969914	15084080.00
2018/12/27	15.70	15.75	15.01	15.04	1052302	16185921.00
2018/12/28	15.00	15.15	14.33	14.71	2082806	30736966.00
2019/01/02	14.61	14.86	14.61	14.68	796000	11737508.00
2019/01/03	14.63	14.83	14.48	14.67	896372	13150806.00
数据来源:通达信
