300620 光库科技 日线 前复权
      日期	    开盘	    最高	    最低	    收盘	    成交量	    成交额
2017/03/10	14.75	16.26	14.75	16.26	2300	37702.00
2017/03/13	17.91	17.91	17.91	17.91	1200	21732.00
2017/03/14	19.72	19.72	19.72	19.72	1000	19920.00
2017/03/15	21.71	21.71	21.71	21.71	800	17528.00
2017/03/16	23.90	23.90	23.90	23.90	2000	48200.00
2017/03/17	26.31	26.31	26.31	26.31	2500	66275.00
2017/03/20	28.96	28.96	28.96	28.96	1200	34992.00
2017/03/21	31.88	31.88	31.88	31.88	5007	160624.56
2017/03/22	35.09	35.09	35.09	35.09	4952	174756.08
2017/03/23	38.62	38.62	38.62	38.62	4242	164674.44
2017/03/24	42.50	42.50	42.50	42.50	24007	1025098.88
2017/03/27	46.77	46.77	46.77	46.77	17428	818593.19
2017/03/28	51.47	51.47	51.47	51.47	43186	2231420.50
2017/03/29	56.64	56.64	56.64	56.64	72156	4101347.00
2017/03/30	62.32	62.32	58.80	62.32	13572757	830931520.00
2017/03/31	60.81	61.80	56.07	56.07	8936270	525495264.00
2017/04/05	51.80	54.74	50.49	53.32	5674095	299477344.00
2017/04/06	53.20	57.10	52.92	54.50	5159875	285569888.00
2017/04/07	53.81	55.48	51.90	51.92	3767045	202292848.00
2017/04/10	50.80	50.99	46.77	46.78	4616628	225959152.00
2017/04/11	47.28	48.24	46.50	48.04	2874397	137068240.00
2017/04/12	48.00	48.26	46.90	47.04	2003939	95629112.00
2017/04/13	47.20	48.10	46.92	47.35	1434633	68555944.00
2017/04/14	46.65	46.75	45.81	46.10	1480319	68810784.00
2017/04/17	42.35	43.20	41.47	41.47	2763018	116868648.00
2017/04/18	41.75	41.99	41.01	41.01	1156856	48087436.00
2017/04/19	40.55	42.21	40.11	42.00	1696055	70623768.00
2017/04/20	41.70	42.07	39.91	40.71	1414428	58284264.00
2017/04/21	40.90	41.59	40.80	41.10	1108140	45857868.00
2017/04/24	41.00	41.00	38.85	38.92	1431123	56628804.00
2017/04/25	38.95	40.34	38.95	40.05	1379878	55250964.00
2017/04/26	39.80	41.68	39.51	40.59	1795296	73850512.00
2017/04/27	40.35	43.00	40.20	42.86	2812219	118167800.00
2017/04/28	42.60	42.80	42.21	42.47	1483336	63374616.00
2017/05/02	42.37	42.79	42.05	42.17	1052570	44789824.00
2017/05/03	42.18	42.72	40.90	42.06	1815178	76193472.00
2017/05/04	41.62	41.98	40.80	40.83	1213419	50350288.00
2017/05/05	40.68	41.09	39.28	39.28	1376144	55745148.00
2017/05/08	38.88	39.08	37.31	37.33	1276611	48929640.00
2017/05/09	37.29	38.02	36.66	37.88	1603201	60312136.00
2017/05/10	37.70	38.68	36.50	36.53	1568784	59798568.00
2017/05/11	35.80	37.09	35.13	36.93	1655172	59954504.00
2017/05/12	36.95	37.77	36.68	37.39	1392433	52292264.00
2017/05/15	37.74	37.75	37.09	37.18	945335	35494304.00
2017/05/16	36.94	38.35	36.22	38.28	1466307	55064996.00
2017/05/17	38.23	39.59	38.21	38.39	1703157	66730488.00
2017/05/18	38.00	39.40	37.82	38.88	1653299	64409256.00
2017/05/19	38.92	39.26	37.85	38.02	1062528	41064056.00
2017/05/22	37.76	38.34	34.61	34.95	1514727	55471220.00
2017/05/23	34.97	35.27	33.46	33.54	1121537	38713656.00
2017/05/24	33.60	34.42	33.21	34.17	886113	30237804.00
2017/05/25	34.15	34.48	32.98	34.29	1066137	36293104.00
2017/05/26	34.44	35.07	33.96	34.53	896073	31146890.00
2017/05/31	35.79	36.38	34.48	34.51	1379829	49373156.00
2017/06/01	34.11	34.30	32.30	32.30	1111037	37284776.00
2017/06/02	32.30	33.78	31.80	33.41	774520	25605618.00
2017/06/05	33.40	34.30	33.40	33.72	804261	27488366.00
2017/06/06	33.30	33.99	33.16	33.76	514067	17420970.00
2017/06/07	33.76	35.64	33.69	35.32	1440887	50602000.00
2017/06/08	35.20	35.46	34.61	34.73	943680	33303382.00
2017/06/09	34.67	35.63	34.45	35.63	1076279	37795472.00
2017/06/12	35.22	35.23	33.60	33.69	1159942	40270812.00
2017/06/13	33.35	35.07	33.35	34.92	909776	31557136.00
2017/06/14	34.91	35.10	34.36	34.63	802706	28033664.00
2017/06/15	34.74	36.65	34.64	36.25	1865479	67351544.00
2017/06/16	36.37	36.37	35.61	36.11	1216241	44034852.00
2017/06/19	36.10	36.54	35.70	36.50	991523	36019852.00
2017/06/20	36.87	36.92	35.88	35.92	1017081	37130184.00
2017/06/21	36.16	36.16	35.36	35.95	884923	31796274.00
2017/06/22	35.70	36.03	34.41	34.41	958614	34013244.00
2017/06/23	34.40	34.67	33.08	34.13	1056977	35975728.00
2017/06/26	34.10	34.58	33.61	34.53	537314	18497984.00
2017/06/27	34.38	35.02	34.38	34.60	524252	18300494.00
2017/06/28	34.56	34.56	33.49	33.59	680556	23192278.00
2017/06/29	33.52	34.31	33.52	33.92	465223	15888424.00
2017/06/30	33.85	34.65	33.64	34.38	662858	22854838.00
2017/07/03	34.57	35.60	34.27	35.50	1115982	39297360.00
2017/07/04	35.50	35.75	35.12	35.34	735956	26211620.00
2017/07/05	35.18	36.48	35.12	36.27	1258783	45572788.00
2017/07/06	36.08	36.78	35.76	36.72	1522519	55654624.00
2017/07/07	36.79	38.30	36.60	38.09	2168491	81666440.00
2017/07/10	37.70	37.80	35.80	36.11	1859761	68800848.00
2017/07/11	36.05	36.59	35.55	35.58	934284	34008392.00
2017/07/12	35.79	36.30	34.30	36.20	978626	34717292.00
2017/07/13	35.84	36.13	35.37	35.66	633823	22766420.00
2017/07/14	35.49	36.59	35.45	35.88	853508	30987218.00
2017/07/17	35.00	35.10	32.27	32.27	1576496	52504728.00
2017/07/18	32.15	32.40	30.33	31.74	1214885	38351840.00
2017/07/19	31.51	31.99	30.74	31.71	875858	27715436.00
2017/07/20	31.71	32.45	31.60	31.74	932425	30025322.00
2017/07/21	32.34	32.34	31.44	31.78	549006	17559674.00
2017/07/24	31.31	32.10	30.80	31.79	844315	26703240.00
2017/07/25	31.75	31.96	31.35	31.62	444066	14153920.00
2017/07/26	31.80	31.87	31.43	31.52	373342	11872781.00
2017/07/27	31.52	32.72	31.20	32.48	1011100	32880142.00
2017/07/28	32.40	32.95	31.80	31.83	781555	25369058.00
2017/07/31	31.86	32.38	31.50	31.70	529402	16933190.00
2017/08/01	31.68	31.93	31.40	31.69	516700	16444920.00
2017/08/02	31.80	31.80	30.86	30.86	590828	18595520.00
2017/08/03	30.88	31.78	30.78	31.21	567580	17881160.00
2017/08/04	31.20	31.42	30.80	31.34	629739	19735802.00
2017/08/07	31.41	31.82	31.41	31.70	442712	14092144.00
2017/08/08	31.75	31.86	31.32	31.76	474365	15112744.00
2017/08/09	31.79	32.09	31.55	31.91	577142	18516112.00
2017/08/10	31.91	32.07	31.07	31.24	453254	14413598.00
2017/08/11	30.58	30.92	30.30	30.60	707296	21761884.00
2017/08/14	30.56	31.48	30.46	31.30	583059	18186406.00
2017/08/15	31.30	31.76	31.24	31.53	566142	17938312.00
2017/08/16	31.51	32.75	31.50	32.33	1386653	45125328.00
2017/08/17	32.33	32.90	31.95	32.37	1143865	37272772.00
2017/08/18	32.24	32.24	31.88	31.97	733342	23627014.00
2017/08/21	31.99	33.02	31.99	32.85	1033734	33930052.00
2017/08/22	32.76	33.39	32.30	32.43	1351410	44725164.00
2017/08/23	32.43	32.98	31.98	32.58	851585	27837726.00
2017/08/24	32.41	33.68	32.40	32.69	1651659	54937472.00
2017/08/25	32.62	35.98	32.59	35.98	3577137	125559152.00
2017/08/28	36.60	38.95	36.23	37.87	5412537	203503584.00
2017/08/29	37.89	38.27	37.08	37.14	3858149	145303168.00
2017/08/30	36.97	37.00	35.99	36.41	2477400	90903752.00
2017/08/31	36.33	38.18	36.32	37.83	3119095	117082600.00
2017/09/01	37.79	38.36	36.97	37.34	2701775	102187408.00
2017/09/04	37.30	38.57	36.80	37.62	2572347	97921664.00
2017/09/05	38.05	40.85	38.05	39.25	3673589	145826160.00
2017/09/06	38.62	39.17	37.80	39.08	2611564	100839072.00
2017/09/07	39.05	40.78	38.09	38.09	3281847	130534936.00
2017/09/08	37.91	38.57	37.30	37.54	2099781	79922144.00
2017/09/11	37.36	38.28	37.26	38.01	1419555	54024260.00
2017/09/12	37.90	39.32	37.68	38.17	2255430	87577232.00
2017/09/13	37.91	38.60	37.28	37.80	1429653	54271924.00
2017/09/14	37.70	40.27	37.68	39.40	3289705	128964176.00
2017/09/15	39.57	40.41	38.50	40.12	2859713	113354784.00
2017/09/18	39.80	40.03	38.80	39.89	1837518	72758800.00
2017/09/19	39.69	43.90	39.68	42.95	4404720	187962384.00
2017/09/20	42.37	43.28	41.50	43.22	2862650	122137600.00
2017/09/21	43.39	43.39	40.56	40.61	2800708	118034712.00
2017/09/22	40.58	42.42	40.10	42.13	2219971	92627368.00
2017/09/25	41.60	46.36	41.42	43.87	3961507	176058752.00
2017/09/26	42.94	43.13	39.90	40.78	3085109	128152480.00
2017/09/27	40.64	44.88	40.64	44.16	3828265	165222064.00
2017/09/28	43.45	44.79	42.88	43.53	3061145	134608544.00
2017/09/29	43.80	45.46	43.70	44.02	2611306	116549200.00
2017/10/09	45.30	46.10	43.35	43.72	2938083	132437816.00
2017/10/10	43.10	43.73	42.02	43.65	2444456	105124352.00
2017/10/11	43.55	44.05	41.60	41.60	2256595	96152048.00
2017/10/12	41.50	43.00	41.30	42.07	1556163	65946000.00
2017/10/13	42.23	42.87	41.83	42.35	1262678	53892796.00
2017/10/16	42.73	42.73	39.29	39.29	2397364	98048208.00
2017/10/17	39.29	39.95	38.98	39.50	903079	35876532.00
2017/10/18	39.49	39.97	37.52	37.83	1555581	60697620.00
2017/10/19	38.08	38.73	37.63	38.48	1023360	39397008.00
2017/10/20	38.18	39.73	38.11	39.67	1057270	41668700.00
2017/10/23	39.42	40.22	39.42	39.79	853475	34190536.00
2017/10/24	39.81	40.07	38.81	39.33	948286	37389140.00
2017/10/25	39.34	40.90	39.34	40.63	1509726	61478424.00
2017/10/26	40.63	41.40	40.31	41.29	1409995	58141988.00
2017/10/27	41.05	41.50	40.40	40.78	1047965	42955784.00
2017/10/30	40.31	40.58	37.80	38.95	1237370	48607416.00
2017/10/31	38.99	39.70	38.66	39.70	683140	26973330.00
2017/11/01	39.63	42.05	39.51	41.57	1932639	79614648.00
2017/11/02	41.65	42.67	40.82	42.54	2596381	109471400.00
2017/11/03	42.00	43.25	41.36	42.28	1930465	82039920.00
2017/11/06	42.80	43.60	42.48	43.14	2297104	99367136.00
2017/11/07	43.10	43.53	42.30	43.43	1730537	74523280.00
2017/11/08	43.52	44.36	42.82	42.98	2314426	101450248.00
2017/11/09	42.70	43.28	42.30	43.18	1499841	64321804.00
2017/11/10	43.10	47.52	43.03	47.52	2964616	136715952.00
2017/11/13	49.80	51.18	49.01	50.48	7131718	357048768.00
2017/11/14	49.79	53.35	49.30	51.98	6513246	335784512.00
2017/11/15	50.80	52.21	48.50	50.20	4643026	234888448.00
2017/11/16	49.77	51.56	47.95	49.26	3317441	165087424.00
2017/11/17	48.65	49.36	44.31	44.31	4015270	185895632.00
2017/11/20	43.30	45.65	42.37	45.17	2913315	129845528.00
2017/11/21	45.36	46.44	42.61	45.27	3171834	142783856.00
2017/11/22	45.04	45.85	43.70	44.80	2554700	114967048.00
2017/11/23	44.40	44.90	41.70	41.70	2010326	88169704.00
2017/11/24	40.96	42.50	40.95	41.40	1592426	66925980.00
2017/11/27	41.27	41.28	37.55	37.67	1900568	74680760.00
2017/11/28	38.15	39.29	38.09	39.05	1295884	50307304.00
2017/11/29	39.30	39.45	37.30	38.70	1212466	46891872.00
2017/11/30	38.71	40.13	38.35	38.83	1315835	52157112.00
2017/12/01	38.98	40.18	38.80	39.82	998844	39790632.00
2017/12/04	39.30	39.47	37.10	37.16	1645445	62959872.00
2017/12/05	36.80	37.48	34.80	35.39	1348600	48836832.00
2017/12/06	35.12	36.60	35.05	36.50	1097841	39531320.00
2017/12/07	36.20	37.63	36.00	37.13	1148063	42782832.00
2017/12/08	37.20	38.88	36.88	38.30	1457882	55998404.00
2017/12/11	38.18	38.75	38.09	38.52	851524	32848564.00
2017/12/12	38.50	38.50	37.10	37.16	1009100	38286660.00
2017/12/13	37.11	38.40	36.51	38.40	992682	37938032.00
2017/12/14	38.40	39.28	38.23	38.93	1324563	51702516.00
2017/12/15	38.48	39.38	38.28	38.76	1049279	40954696.00
2017/12/18	38.59	38.80	37.30	37.78	873000	33175304.00
2017/12/19	37.78	38.38	37.42	38.11	673800	25767170.00
2017/12/20	37.80	38.54	37.70	37.79	607728	23263202.00
2017/12/21	37.65	39.95	37.40	39.38	1597349	62646716.00
2017/12/22	38.98	39.50	38.77	39.02	845819	33180668.00
2017/12/25	38.71	41.22	38.71	40.08	2090283	84674312.00
2017/12/26	39.66	41.18	39.28	40.78	2081210	84511400.00
2017/12/27	40.39	40.78	40.07	40.29	1393670	56579896.00
2017/12/28	40.10	41.06	39.82	40.04	1218400	49488480.00
2017/12/29	40.10	40.56	39.94	40.05	710564	28655880.00
2018/01/02	40.40	40.57	39.23	39.73	927828	36968700.00
2018/01/03	39.78	40.25	39.18	39.85	1097486	43846196.00
2018/01/04	39.85	39.85	38.62	38.78	1081073	42582992.00
2018/01/05	38.55	39.17	38.43	38.60	787026	30648098.00
2018/01/08	38.50	38.57	36.90	37.50	1221461	45987596.00
2018/01/09	37.51	37.95	37.23	37.81	792773	29943772.00
2018/01/10	37.89	37.89	36.31	36.54	948496	35230296.00
2018/01/11	36.58	37.62	36.40	37.39	831817	31194684.00
2018/01/12	37.38	37.59	36.91	37.03	592840	22210806.00
2018/01/15	36.30	36.38	33.92	34.15	1385264	49062044.00
2018/01/16	34.18	35.09	34.05	34.58	747023	26046200.00
2018/01/17	34.50	35.99	34.30	35.81	1061319	37594612.00
2018/01/18	35.68	36.02	35.27	35.45	489833	17505998.00
2018/01/19	35.17	36.26	35.12	35.60	633242	22838850.00
2018/01/22	35.19	35.76	34.44	35.50	726091	25618558.00
2018/01/23	35.50	35.88	35.30	35.48	467756	16711348.00
2018/01/24	35.18	36.29	34.90	36.10	888300	31972574.00
2018/01/25	35.95	36.59	35.72	35.72	831836	30178074.00
2018/01/26	35.67	36.00	34.50	34.50	1017775	35770472.00
2018/01/29	34.45	34.79	33.00	33.10	1041540	35223712.00
2018/01/30	33.11	33.60	33.11	33.39	362759	12153405.00
2018/01/31	33.43	33.43	31.61	31.88	762300	24780208.00
2018/02/01	31.99	32.40	30.85	31.09	541200	17181020.00
2018/02/02	31.06	31.42	29.81	30.57	520000	16165269.00
2018/02/05	30.40	31.29	30.00	30.68	407200	12601033.00
2018/02/06	29.90	30.49	27.81	27.90	767000	22619896.00
2018/02/07	28.71	29.18	27.12	28.59	780214	22266862.00
2018/02/08	28.60	29.47	28.30	29.19	564033	16544443.00
2018/02/09	28.70	29.08	27.70	28.14	649500	18525264.00
2018/02/12	28.40	29.56	28.40	29.04	620589	18085176.00
2018/02/13	29.10	29.50	28.30	28.72	575800	16850510.00
2018/02/14	28.58	29.09	28.30	28.30	337000	9746680.00
2018/02/22	28.61	29.30	28.52	29.13	521965	15267085.00
2018/02/23	29.13	29.48	29.00	29.34	487665	14373861.00
2018/02/26	29.75	31.08	29.74	31.08	1042742	32051544.00
2018/02/27	30.80	31.81	30.80	31.41	1061342	33601848.00
2018/02/28	31.33	31.80	30.85	31.30	707284	22282092.00
2018/03/01	31.10	32.01	31.00	31.76	765326	24348246.00
2018/03/02	31.47	32.28	31.24	31.48	728784	23279168.00
2018/03/05	31.50	32.78	31.48	32.62	874384	28271516.00
2018/03/06	32.62	33.76	32.41	33.21	1439445	47988084.00
2018/03/07	33.02	34.80	32.49	34.34	1857723	63125628.00
2018/03/08	35.77	37.60	34.81	35.51	3095181	111632240.00
2018/03/09	34.80	36.00	34.55	35.91	2302228	81908904.00
2018/03/12	36.11	36.76	35.43	35.59	2055442	74431984.00
2018/03/13	35.78	39.17	35.58	37.40	4729905	180489824.00
2018/03/14	36.65	38.86	36.00	37.19	3598657	133666128.00
2018/03/15	36.53	37.00	34.86	35.97	2377681	85980152.00
2018/03/16	35.80	37.92	35.79	36.77	2361787	88187016.00
2018/03/19	36.40	38.16	36.40	37.47	2299709	87174104.00
2018/03/20	37.12	37.30	36.36	37.06	1446746	53607556.00
2018/03/21	37.06	38.39	36.98	37.20	2144992	81366752.00
2018/03/22	37.36	40.19	37.34	38.39	2827956	109824848.00
2018/03/23	35.80	37.05	34.53	35.18	2590726	93833664.00
2018/03/26	34.60	36.21	33.10	36.06	2180229	75451080.00
2018/03/27	36.30	37.90	36.30	37.37	2016926	75368088.00
2018/03/28	37.10	39.28	36.61	37.80	1898326	72483016.00
2018/03/29	37.86	39.09	36.98	38.09	1735188	66389156.00
2018/03/30	38.55	41.87	38.11	40.92	3748351	150944352.00
2018/04/02	40.70	41.28	39.82	40.71	3107185	126625888.00
2018/04/03	37.95	40.17	37.93	39.27	2343585	91805256.00
2018/04/04	39.27	39.61	37.80	37.83	1905373	74004672.00
2018/04/09	37.77	39.05	36.50	38.91	1851569	70799968.00
2018/04/10	40.08	41.97	38.98	40.05	3204370	130271360.00
2018/04/11	40.30	43.93	40.25	42.62	4167921	177388800.00
2018/04/12	41.98	42.48	40.98	41.61	2341932	98221312.00
2018/04/13	42.30	42.40	41.20	41.20	1723932	72291056.00
2018/04/16	40.80	41.45	40.31	41.45	1254116	51559772.00
2018/04/17	42.68	43.30	39.11	39.22	2286642	94052864.00
2018/04/18	39.99	41.49	38.13	41.17	2105519	84296752.00
2018/04/19	41.19	42.91	41.00	41.20	2548902	107039424.00
2018/04/20	40.68	40.80	38.30	38.87	2178536	86529232.00
2018/04/23	38.79	39.80	37.32	38.44	1476643	57610424.00
2018/04/24	38.78	41.76	38.60	41.10	2301525	93246096.00
2018/04/25	41.10	43.25	40.80	42.60	2911409	124085760.00
2018/04/26	42.84	43.07	41.40	41.51	2607000	110831184.00
2018/04/27	42.60	43.68	39.90	40.29	2700872	113923648.00
2018/05/02	40.74	43.65	40.31	40.83	2169970	90521304.00
2018/05/03	41.69	43.58	40.50	43.57	3286089	139923216.00
2018/05/04	43.30	43.50	42.00	42.31	2369069	101406016.00
2018/05/07	42.78	43.95	42.30	43.94	2385459	103824088.00
2018/05/08	44.06	44.06	43.05	43.75	1658761	72456808.00
2018/05/09	44.11	44.30	42.68	43.15	1588700	69087032.00
2018/05/10	42.99	43.23	41.62	42.73	1697752	72263168.00
2018/05/11	42.54	42.55	41.32	41.32	1134565	47765572.00
2018/05/14	41.32	42.06	41.00	41.13	870748	36332184.00
2018/05/15	41.45	42.53	41.15	42.47	1062601	44725476.00
2018/05/16	42.11	42.59	40.05	40.10	1400701	58118796.00
2018/05/17	40.25	40.70	39.40	40.25	1131747	45477084.00
2018/05/18	40.26	40.29	38.89	39.83	1009205	40043216.00
2018/05/21	40.26	41.45	40.12	41.22	1260104	51981784.00
2018/05/22	41.21	42.59	40.50	42.26	1825285	76573912.00
2018/05/23	42.10	42.74	41.70	41.74	1334800	56610896.00
2018/05/24	41.70	42.40	41.50	41.75	1091870	46068644.00
2018/05/25	41.59	42.46	41.30	41.92	1079701	45446660.00
2018/05/28	41.92	41.95	39.71	40.16	1348226	55072460.00
2018/05/29	40.16	40.58	39.78	39.81	798952	32299072.00
2018/05/30	39.40	39.40	36.28	36.49	1656654	62334268.00
2018/05/31	36.93	37.26	36.38	36.55	880300	32413048.00
2018/06/01	36.55	37.46	36.20	36.68	666800	24563012.00
2018/06/04	36.82	37.18	36.15	36.88	657647	24178400.00
2018/06/05	36.85	38.35	36.51	38.29	915670	34554712.00
2018/06/06	38.47	39.20	38.18	38.90	927142	36049484.00
2018/06/07	38.89	39.30	38.30	38.86	640854	24858862.00
2018/06/08	39.05	39.29	38.43	39.10	710900	27612610.00
2018/06/11	38.89	39.20	37.48	38.38	692210	26589820.00
2018/06/12	38.50	39.80	38.04	39.70	1177594	46099708.00
2018/06/13	39.80	41.50	39.68	40.00	1495012	60489220.00
2018/06/14	40.03	40.68	39.18	40.34	981384	39272724.00
2018/06/15	40.30	41.20	39.23	39.57	941052	37743332.00
2018/06/19	38.19	38.67	35.61	35.61	1175534	43436228.00
2018/06/20	35.61	37.09	35.20	36.49	918036	33094570.00
2018/06/21	36.60	37.01	34.51	35.29	909952	32453154.00
2018/06/22	35.20	36.00	34.12	35.80	565800	20087692.00
2018/06/25	35.95	37.00	35.95	36.38	663685	24264182.00
2018/06/26	35.91	40.02	35.91	40.02	2590353	101966304.00
2018/06/27	40.93	41.38	39.91	40.24	2488720	100828984.00
2018/06/28	40.09	41.30	40.09	40.29	1521738	61777196.00
2018/06/29	40.70	42.00	39.35	41.75	2373513	97175800.00
2018/07/02	41.21	43.81	41.21	42.49	3113340	132801344.00
2018/07/03	42.47	44.44	41.56	44.33	3006662	129877264.00
2018/07/04	43.94	43.94	40.89	42.27	2760867	118498536.00
2018/07/05	42.59	43.27	41.30	42.03	1754515	74619576.00
2018/07/06	41.92	44.98	41.59	41.59	3004919	129873504.00
2018/07/09	42.05	44.10	41.51	43.62	3006746	129093008.00
2018/07/10	43.70	47.20	43.11	46.39	3933740	177976496.00
2018/07/11	45.05	45.47	43.75	45.00	3030718	134966864.00
2018/07/12	44.92	46.88	44.61	45.84	2806913	128567568.00
2018/07/13	46.80	50.40	46.25	48.35	5358618	258521360.00
2018/07/16	48.00	48.60	46.76	47.92	3444081	163768096.00
2018/07/17	47.70	47.86	46.50	47.40	2049016	96586416.00
2018/07/18	47.45	47.87	46.70	46.70	1498075	70604184.00
2018/07/19	46.55	47.88	46.11	46.62	1662776	78179864.00
2018/07/20	46.73	46.73	45.06	46.35	1661606	76293424.00
2018/07/23	46.15	47.61	45.52	47.25	1847863	86476328.00
2018/07/24	47.35	47.60	46.23	47.29	1652875	77736016.00
2018/07/25	47.00	47.90	45.85	45.87	1880263	88228792.00
2018/07/26	45.96	46.20	43.00	43.15	2294081	101884424.00
2018/07/27	43.57	43.88	42.85	43.16	1353243	58724716.00
2018/07/30	43.50	43.85	41.65	42.36	1212705	51822580.00
2018/07/31	42.36	43.05	41.71	42.36	1014700	43051676.00
2018/08/01	42.44	43.41	41.79	42.24	1227483	52411672.00
2018/08/02	41.20	41.50	38.90	40.75	2334845	93578672.00
2018/08/03	40.40	40.72	39.01	39.19	932200	37306412.00
2018/08/06	39.30	40.87	39.13	39.85	1271445	50824344.00
2018/08/07	40.30	41.13	39.57	41.13	1366442	55484728.00
2018/08/08	40.78	41.25	38.51	38.51	1473588	58800968.00
2018/08/09	37.80	42.36	37.51	42.36	2614107	107959936.00
2018/08/10	41.58	42.87	40.88	41.89	3329963	138618976.00
2018/08/13	41.49	43.23	41.26	43.02	2578100	109569520.00
2018/08/14	43.43	43.78	42.55	43.34	2129400	92102920.00
2018/08/15	43.29	43.68	41.73	42.09	1667342	71235736.00
2018/08/16	41.10	43.75	41.10	42.56	1820584	78039152.00
2018/08/17	43.16	44.87	42.85	43.15	2685914	117545576.00
2018/08/20	43.62	45.80	43.18	45.80	2877614	127837408.00
2018/08/21	45.80	45.88	44.60	45.17	2570289	116083928.00
2018/08/22	45.09	45.36	43.85	44.34	1888153	84347712.00
2018/08/23	44.60	45.61	43.72	45.22	2469536	110469808.00
2018/08/24	44.74	44.74	42.91	43.10	2278015	99897664.00
2018/08/27	43.20	46.95	43.11	46.31	3655084	165720864.00
2018/08/28	46.50	46.62	45.77	46.40	2129284	98408992.00
2018/08/29	46.18	46.49	45.70	46.10	1317042	60604004.00
2018/08/30	45.90	46.35	44.22	44.92	1782906	80338368.00
2018/08/31	44.90	45.58	44.01	44.39	1499298	67162992.00
2018/09/03	44.16	44.20	41.71	43.53	1870744	80152088.00
2018/09/04	43.41	45.06	42.99	44.72	1867539	82363936.00
2018/09/05	44.15	44.88	42.70	42.87	1702817	74800144.00
2018/09/06	42.70	45.15	42.65	45.15	2436568	108313984.00
2018/09/07	45.42	45.47	43.00	43.00	2359042	104565232.00
2018/09/10	42.85	43.10	40.68	41.20	1582248	66234028.00
2018/09/11	41.30	42.50	41.03	41.54	897537	37459064.00
2018/09/12	41.56	42.35	41.15	41.33	754095	31506418.00
2018/09/13	42.00	42.30	40.80	42.14	1106753	46244264.00
2018/09/14	42.18	42.40	40.01	40.38	1292100	53324752.00
2018/09/17	39.51	40.13	38.60	39.73	924100	36423368.00
2018/09/18	39.45	41.20	39.45	41.08	1116842	45130360.00
2018/09/19	40.95	41.95	40.63	41.25	1256600	51887428.00
2018/09/20	40.95	41.59	40.55	40.62	771213	31573170.00
2018/09/21	40.97	41.87	40.62	41.59	1073588	44516584.00
2018/09/25	42.00	43.15	41.65	42.32	1405913	59813264.00
2018/09/26	42.42	42.74	41.80	42.25	1018417	42965712.00
2018/09/27	42.00	42.85	41.68	42.18	988549	41868800.00
2018/09/28	41.91	42.28	40.81	41.80	1004500	41628512.00
2018/10/08	40.46	41.00	38.20	38.33	1449543	57360628.00
2018/10/09	38.51	39.17	37.85	38.51	925275	35666152.00
2018/10/10	38.40	39.60	38.05	38.91	767819	29809184.00
2018/10/11	36.94	37.48	35.02	35.25	1591180	57161260.00
2018/10/12	35.03	36.09	34.05	35.72	1048175	36870172.00
2018/10/15	35.78	36.80	35.50	35.68	979026	35445816.00
2018/10/16	35.68	36.56	35.35	35.74	814284	29203226.00
2018/10/17	36.60	36.80	33.25	35.10	1388200	48407384.00
2018/10/18	34.60	35.28	33.60	34.63	788900	27277336.00
2018/10/19	33.83	36.16	33.55	35.99	1071242	37982352.00
2018/10/22	36.10	38.48	36.05	37.93	1433001	53629904.00
2018/10/23	37.65	38.45	37.02	37.40	1078706	40558352.00
2018/10/24	37.50	38.44	37.40	37.92	1066928	40481596.00
2018/10/25	37.48	37.82	36.63	37.70	1030846	38386628.00
2018/10/26	37.85	38.48	36.87	37.19	1217076	45819020.00
2018/10/29	37.10	37.71	36.62	37.08	623376	23226956.00
2018/10/30	37.08	37.44	35.20	36.95	1115700	40689904.00
2018/10/31	37.13	37.78	36.84	37.20	853042	31912462.00
2018/11/01	37.24	38.35	37.24	37.73	1240242	47033416.00
2018/11/02	38.24	39.16	38.00	39.10	1553300	59899008.00
2018/11/05	39.10	39.54	36.95	37.94	1987684	75943624.00
2018/11/06	37.50	37.50	36.50	36.98	1079900	39781024.00
2018/11/07	36.99	37.90	36.78	37.25	1014483	37892428.00
2018/11/08	37.50	37.60	36.70	36.75	642234	23820614.00
2018/11/09	36.51	37.20	36.20	36.86	681834	25041994.00
2018/11/12	36.88	40.00	36.70	39.64	2165574	83916000.00
2018/11/13	39.17	39.80	38.79	39.61	1667084	65636096.00
2018/11/14	39.39	40.29	39.18	39.88	1136270	45084124.00
2018/11/15	41.31	42.80	40.42	42.40	2524533	105059632.00
2018/11/16	42.11	43.60	42.03	42.74	2227030	95320056.00
2018/11/19	42.31	43.31	42.03	43.00	1237576	52911920.00
2018/11/20	42.80	44.61	42.25	42.61	1610600	69761568.00
2018/11/21	41.93	43.82	41.63	43.11	1387374	59543228.00
2018/11/22	43.98	44.29	42.71	43.16	1236100	53731436.00
2018/11/23	43.29	44.80	42.41	43.72	2287286	100089608.00
2018/11/26	42.30	42.30	39.36	40.66	2488926	101150168.00
2018/11/27	40.75	41.88	40.75	41.32	1512000	62451384.00
2018/11/28	41.58	43.85	41.49	43.50	2242918	95871376.00
2018/11/29	43.48	43.69	41.15	41.15	1766842	75140600.00
2018/11/30	41.20	44.88	41.10	44.75	3024976	131317736.00
2018/12/03	45.31	45.50	44.25	45.10	3433876	154182976.00
2018/12/04	44.76	44.80	43.91	44.68	1891202	83831792.00
2018/12/05	43.60	45.15	43.36	44.20	1884976	83404328.00
2018/12/06	43.84	43.84	41.52	41.92	2064834	87582296.00
2018/12/07	42.50	43.03	41.88	42.40	1350642	57416804.00
2018/12/10	42.00	42.95	41.40	42.41	1015217	42890528.00
2018/12/11	42.06	43.66	42.06	43.61	1465417	63206392.00
2018/12/12	43.79	43.79	42.51	42.90	907108	39030604.00
2018/12/13	43.00	43.46	42.22	43.13	1323532	56800744.00
2018/12/14	42.88	42.91	41.51	41.57	1148642	48592944.00
2018/12/17	41.00	42.36	40.30	42.20	781066	32562028.00
2018/12/18	42.08	42.33	41.38	41.85	477942	19996404.00
2018/12/19	41.86	42.14	40.88	40.90	541442	22476240.00
2018/12/20	40.91	42.73	40.91	42.41	987242	41533152.00
2018/12/21	42.33	43.10	41.98	42.53	1032442	43927732.00
2018/12/24	42.45	44.31	42.41	43.79	1337768	58422896.00
2018/12/25	43.43	44.94	42.85	44.60	1952726	86073736.00
2018/12/26	44.35	45.19	43.50	43.69	1424900	62807124.00
2018/12/27	44.71	44.76	43.15	43.34	1171400	51701540.00
2018/12/28	43.80	44.88	43.50	44.05	1212200	53577240.00
2019/01/02	44.05	44.18	41.81	42.11	1597017	67677528.00
2019/01/03	42.80	42.97	41.11	42.00	1241600	52331344.00
数据来源:通达信
