300352 北信源 日线 前复权
      日期	    开盘	    最高	    最低	    收盘	    成交量	    成交额
2012/09/12	1.67	1.70	1.58	1.61	12493435	404006176.00
2012/09/13	1.57	1.62	1.48	1.49	7579989	232067264.00
2012/09/14	1.50	1.54	1.47	1.50	4535225	135870576.00
2012/09/17	1.47	1.47	1.42	1.42	3607470	103179888.00
2012/09/18	1.42	1.45	1.41	1.44	2684700	76726632.00
2012/09/19	1.44	1.46	1.41	1.42	2966556	84813888.00
2012/09/20	1.39	1.49	1.39	1.47	5255822	150124688.00
2012/09/21	1.52	1.53	1.46	1.48	5082314	151424912.00
2012/09/24	1.45	1.45	1.39	1.43	2783568	79048088.00
2012/09/25	1.40	1.45	1.35	1.36	3004610	83957056.00
2012/09/26	1.34	1.38	1.32	1.33	2716230	73251656.00
2012/09/27	1.35	1.37	1.33	1.37	2648404	71704088.00
2012/09/28	1.35	1.40	1.35	1.37	2432076	66735712.00
2012/10/08	1.36	1.40	1.35	1.38	1544153	42419500.00
2012/10/09	1.37	1.43	1.37	1.42	1867438	52211216.00
2012/10/10	1.41	1.41	1.38	1.40	2019558	56227900.00
2012/10/11	1.40	1.42	1.35	1.36	2311049	64189636.00
2012/10/12	1.36	1.37	1.31	1.33	1580545	42175232.00
2012/10/15	1.31	1.32	1.28	1.30	1359523	35159592.00
2012/10/16	1.30	1.34	1.29	1.31	1063975	28006588.00
2012/10/17	1.32	1.34	1.29	1.32	843491	22212312.00
2012/10/18	1.32	1.35	1.31	1.34	903566	24083480.00
2012/10/19	1.34	1.39	1.33	1.37	1462131	39839840.00
2012/10/22	1.37	1.38	1.34	1.35	1098439	29854516.00
2012/10/23	1.35	1.36	1.30	1.31	1000528	26306926.00
2012/10/24	1.29	1.34	1.29	1.32	699157	18397262.00
2012/10/25	1.32	1.37	1.30	1.36	1342404	36234908.00
2012/10/26	1.35	1.37	1.32	1.34	641517	17232118.00
2012/10/29	1.34	1.40	1.33	1.39	1038790	28514482.00
2012/10/30	1.40	1.43	1.37	1.42	1561588	43784132.00
2012/10/31	1.40	1.42	1.39	1.42	969177	27147296.00
2012/11/01	1.42	1.42	1.40	1.40	653090	18323102.00
2012/11/02	1.40	1.41	1.38	1.40	491070	13683016.00
2012/11/05	1.40	1.40	1.37	1.38	511440	14056704.00
2012/11/06	1.38	1.38	1.35	1.36	580917	15766817.00
2012/11/07	1.37	1.39	1.36	1.36	633631	17389710.00
2012/11/08	1.35	1.36	1.32	1.33	688614	18405678.00
2012/11/09	1.33	1.35	1.33	1.33	329566	8800562.00
2012/11/12	1.34	1.35	1.33	1.34	274185	7332821.50
2012/11/13	1.34	1.34	1.29	1.32	543227	14179837.00
2012/11/14	1.32	1.35	1.30	1.34	498650	13281175.00
2012/11/15	1.33	1.34	1.30	1.32	311141	8210973.00
2012/11/16	1.32	1.33	1.29	1.33	262771	6880824.50
2012/11/19	1.33	1.36	1.30	1.36	306754	8202576.50
2012/11/20	1.36	1.38	1.33	1.34	308206	8333032.00
2012/11/21	1.34	1.36	1.32	1.36	317776	8539798.00
2012/11/22	1.36	1.36	1.32	1.33	343882	9195504.00
2012/11/23	1.34	1.34	1.30	1.31	378811	10002775.00
2012/11/26	1.30	1.31	1.24	1.24	939204	23680036.00
2012/11/27	1.24	1.25	1.20	1.21	756247	18411966.00
2012/11/28	1.21	1.22	1.20	1.21	251536	6094452.50
2012/11/29	1.21	1.21	1.14	1.14	372340	8767389.00
2012/11/30	1.14	1.18	1.13	1.16	366517	8560690.00
2012/12/03	1.14	1.18	1.14	1.15	252308	5896807.50
2012/12/04	1.15	1.18	1.15	1.17	204352	4786836.50
2012/12/05	1.17	1.23	1.17	1.21	322596	7830473.00
2012/12/06	1.19	1.23	1.19	1.22	189797	4638490.50
2012/12/07	1.22	1.24	1.21	1.24	232049	5714650.00
2012/12/10	1.23	1.27	1.23	1.27	685532	17304304.00
2012/12/11	1.26	1.29	1.26	1.27	251889	6446659.50
2012/12/12	1.25	1.33	1.25	1.29	655959	16908724.00
2012/12/13	1.29	1.31	1.28	1.31	897087	23426564.00
2012/12/14	1.30	1.35	1.30	1.35	762923	20403482.00
2012/12/17	1.35	1.35	1.33	1.33	502863	13447316.00
2012/12/18	1.35	1.35	1.29	1.29	1146873	30007376.00
2012/12/19	1.28	1.32	1.27	1.31	419006	10880704.00
2012/12/20	1.30	1.45	1.30	1.39	1425182	39830604.00
2012/12/21	1.38	1.54	1.38	1.49	1981710	58102660.00
2012/12/24	1.45	1.54	1.45	1.53	1645070	49248140.00
2012/12/25	1.53	1.63	1.51	1.57	2191241	68844528.00
2012/12/26	1.56	1.64	1.55	1.58	1933260	60967804.00
2012/12/27	1.57	1.61	1.48	1.58	2691501	82939784.00
2012/12/28	1.58	1.68	1.54	1.65	3680388	117635424.00
2012/12/31	1.66	1.66	1.54	1.55	2824813	89085384.00
2013/01/04	1.55	1.65	1.54	1.60	2760041	87160096.00
2013/01/07	1.61	1.77	1.57	1.77	2893435	97388680.00
2013/01/08	1.75	1.79	1.72	1.73	2486338	85985216.00
2013/01/09	1.68	1.80	1.68	1.74	1660855	56880892.00
2013/01/10	1.74	1.76	1.69	1.72	955008	32576062.00
2013/01/11	1.78	1.82	1.73	1.79	2399395	83980176.00
2013/01/14	1.82	1.82	1.75	1.81	1927861	68195200.00
2013/01/15	1.81	1.81	1.72	1.76	2323499	80391992.00
2013/01/16	1.74	1.74	1.66	1.70	1950633	65022196.00
2013/01/17	1.70	1.70	1.65	1.66	1267659	41949516.00
2013/01/18	1.67	1.69	1.63	1.68	1286954	42413244.00
2013/01/21	1.68	1.68	1.51	1.60	4269910	134725984.00
2013/01/22	1.59	1.59	1.52	1.55	2757282	85199256.00
2013/01/23	1.54	1.60	1.53	1.60	2896451	90359936.00
2013/01/24	1.60	1.62	1.53	1.56	2115832	66372676.00
2013/01/25	1.55	1.58	1.55	1.56	864302	26812086.00
2013/01/28	1.56	1.59	1.55	1.58	1156461	36173320.00
2013/01/29	1.58	1.62	1.58	1.59	1447552	45863456.00
2013/01/30	1.59	1.60	1.52	1.52	2148257	65600176.00
2013/01/31	1.54	1.54	1.51	1.52	755598	22807100.00
2013/02/01	1.52	1.55	1.51	1.55	960561	29310340.00
2013/02/04	1.56	1.58	1.54	1.58	2137264	66400452.00
2013/02/05	1.60	1.64	1.59	1.61	2974809	94996952.00
2013/02/06	1.60	1.60	1.58	1.60	1141457	35958044.00
2013/02/07	1.59	1.62	1.58	1.62	974481	30902926.00
2013/02/08	1.62	1.68	1.62	1.66	1425600	46610364.00
2013/02/18	1.67	1.67	1.62	1.62	1338378	43330536.00
2013/02/19	1.62	1.63	1.56	1.56	1293368	40656276.00
2013/02/20	1.56	1.60	1.56	1.60	960134	30184580.00
2013/02/21	1.59	1.66	1.59	1.63	2158969	69588632.00
2013/02/22	1.62	1.64	1.59	1.59	1084184	34637500.00
2013/02/25	1.59	1.61	1.57	1.60	643998	20352384.00
2013/02/26	1.60	1.62	1.58	1.58	1012304	32298730.00
2013/02/27	1.59	1.61	1.52	1.52	1075960	33015742.00
2013/02/28	1.53	1.56	1.52	1.56	766847	23536868.00
2013/03/01	1.57	1.62	1.55	1.62	1334634	42123676.00
2013/03/04	1.60	1.64	1.56	1.57	1441033	45840128.00
2013/03/05	1.57	1.63	1.57	1.62	777970	24773186.00
2013/03/06	1.64	1.72	1.64	1.70	2220686	74320224.00
2013/03/07	1.71	1.72	1.63	1.66	1701754	56403508.00
2013/03/08	1.66	1.69	1.63	1.63	756509	24856330.00
2013/03/11	1.63	1.66	1.62	1.63	375268	12199374.00
2013/03/12	1.64	1.65	1.54	1.56	956033	30075620.00
2013/03/13	1.56	1.57	1.53	1.56	414209	12747426.00
2013/03/14	1.56	1.60	1.55	1.58	503234	15724137.00
2013/03/15	1.58	1.64	1.55	1.62	1013207	32214172.00
2013/03/18	1.62	1.66	1.61	1.63	761402	24605120.00
2013/03/19	1.64	1.67	1.60	1.66	1155992	37759092.00
2013/03/20	1.65	1.68	1.64	1.67	1456938	47986356.00
2013/03/21	1.68	1.73	1.68	1.71	1937483	65287348.00
2013/03/22	1.71	1.75	1.70	1.71	1257452	42781232.00
2013/03/25	1.70	1.72	1.66	1.68	846026	28148890.00
2013/03/26	1.67	1.80	1.66	1.78	1866309	63933328.00
2013/03/27	1.77	1.82	1.76	1.78	1300447	45779864.00
2013/03/28	1.75	1.77	1.69	1.71	1202984	41022924.00
2013/03/29	1.73	1.78	1.71	1.75	1250361	43198080.00
2013/04/01	1.76	1.93	1.76	1.90	3079675	114805848.00
2013/04/02	1.90	1.97	1.84	1.88	3356241	125989488.00
2013/04/03	1.86	1.96	1.86	1.90	1774326	67042440.00
2013/04/08	1.87	2.03	1.80	2.02	2104745	80442640.00
2013/04/09	2.02	2.05	1.96	2.00	1376177	54287136.00
2013/04/10	1.98	2.00	1.89	1.91	1612245	61120020.00
2013/04/11	1.92	1.97	1.87	1.87	1247128	47013564.00
2013/04/12	1.87	1.90	1.83	1.87	723407	26654316.00
2013/04/15	1.85	1.89	1.80	1.83	1134043	41009116.00
2013/04/16	1.82	1.90	1.80	1.89	884646	32269734.00
2013/04/17	1.89	1.94	1.85	1.92	1159866	43488636.00
2013/04/18	1.91	1.95	1.89	1.92	982079	37214564.00
2013/04/19	1.90	2.06	1.90	2.04	1591245	62923012.00
2013/04/22	2.00	2.14	1.97	2.12	2408062	97448568.00
2013/04/23	2.10	2.16	2.06	2.15	1829043	75643648.00
2013/04/24	2.14	2.30	2.12	2.14	2071861	89084552.00
2013/04/25	2.12	2.29	2.03	2.07	2673964	112994904.00
2013/04/26	2.05	2.11	1.95	1.96	1506104	59520384.00
2013/05/02	1.98	2.16	1.98	2.16	1680647	68660736.00
2013/05/03	2.16	2.38	2.15	2.37	2256240	100619528.00
2013/05/06	2.36	2.59	2.36	2.44	2427243	118043520.00
2013/05/07	2.44	2.56	2.35	2.54	1761945	84898088.00
2013/05/08	2.51	2.80	2.49	2.80	2616604	135462928.00
2013/05/09	2.78	2.88	2.63	2.83	6737933	181015264.00
2013/05/10	2.77	2.78	2.54	2.54	6556432	165045584.00
2013/05/13	2.50	2.57	2.44	2.52	4229595	102876456.00
2013/05/14	2.50	2.52	2.38	2.41	3633991	86002512.00
2013/05/15	2.40	2.49	2.40	2.47	2614089	62462052.00
2013/05/16	2.45	2.47	2.38	2.42	4672986	109906168.00
2013/05/17	2.42	2.48	2.36	2.43	3850021	91016096.00
2013/05/20	2.43	2.54	2.41	2.53	5008166	120870880.00
2013/05/21	2.54	2.69	2.52	2.64	5332630	136090960.00
2013/05/22	2.64	2.64	2.37	2.38	5074738	122624136.00
2013/05/23	2.38	2.41	2.28	2.38	4359362	99371896.00
2013/05/24	2.36	2.44	2.35	2.42	2607971	60996604.00
2013/05/27	2.41	2.42	2.35	2.38	2263019	52299500.00
2013/05/28	2.38	2.38	2.21	2.24	3607757	79956264.00
2013/05/29	2.26	2.29	2.24	2.29	1794854	39593216.00
2013/05/30	2.27	2.34	2.26	2.34	2261045	50928528.00
2013/05/31	2.34	2.51	2.31	2.45	5073775	120190024.00
2013/06/03	2.43	2.46	2.33	2.36	2416741	56087080.00
2013/06/04	2.37	2.38	2.22	2.28	2177648	48261680.00
2013/06/05	2.27	2.34	2.24	2.32	1133169	25484606.00
2013/06/06	2.30	2.43	2.28	2.36	2095823	48285880.00
2013/06/07	2.35	2.38	2.25	2.32	1329786	29794786.00
2013/06/13	2.26	2.48	2.23	2.44	4336036	100587512.00
2013/06/14	2.44	2.57	2.43	2.54	5337353	130421480.00
2013/06/17	2.57	2.63	2.50	2.50	5195703	129374696.00
2013/06/18	2.47	2.76	2.44	2.76	8294184	213393408.00
2013/06/19	2.72	2.79	2.66	2.70	6212996	164079872.00
2013/06/20	2.65	2.66	2.43	2.43	5276861	130066368.00
2013/06/21	2.28	2.49	2.22	2.40	3879062	87725160.00
2013/06/24	2.36	2.46	2.22	2.43	3349782	76611680.00
2013/06/25	2.29	2.44	2.18	2.40	3622884	81840984.00
2013/06/26	2.42	2.60	2.35	2.58	5246275	127573360.00
2013/06/27	2.55	2.58	2.42	2.47	4395137	107335512.00
2013/06/28	2.37	2.44	2.25	2.28	3427793	78447144.00
2013/07/01	2.26	2.38	2.26	2.36	2177068	49425604.00
2013/07/02	2.36	2.44	2.35	2.40	2377448	55541908.00
2013/07/03	2.38	2.62	2.35	2.59	5433323	132723984.00
2013/07/04	2.54	2.63	2.48	2.50	4051145	99785480.00
2013/07/05	2.49	2.73	2.48	2.55	5478891	139382320.00
2013/07/08	2.50	2.52	2.29	2.36	3685157	85156408.00
2013/07/09	2.31	2.45	2.31	2.44	2213813	51526460.00
2013/07/10	2.43	2.52	2.39	2.45	2697183	64710108.00
2013/07/11	2.44	2.48	2.36	2.44	2539027	59881224.00
2013/07/12	2.43	2.60	2.43	2.51	3668557	90568776.00
2013/07/15	2.50	2.74	2.49	2.69	5514812	142202160.00
2013/07/16	2.71	2.77	2.60	2.67	3900821	101269472.00
2013/07/17	2.67	2.87	2.62	2.80	6427634	173675792.00
2013/07/18	2.75	3.06	2.75	3.03	7021738	198551888.00
2013/07/19	3.00	3.14	2.85	2.87	5422764	157323728.00
2013/07/22	2.82	3.12	2.79	3.12	4869836	140490960.00
2013/07/23	3.10	3.19	3.00	3.12	4392895	132133720.00
2013/07/24	3.15	3.20	3.02	3.13	3947677	119694080.00
2013/07/25	3.13	3.13	2.81	2.82	4326281	123329272.00
2013/07/26	2.84	2.88	2.64	2.77	3206976	85912424.00
2013/07/29	2.77	2.82	2.67	2.76	1832293	49103640.00
2013/07/30	2.76	2.79	2.57	2.64	2258402	58229644.00
2013/07/31	2.67	2.72	2.64	2.67	1565914	40745592.00
2013/08/01	2.67	2.81	2.65	2.80	2178602	58505816.00
2013/08/02	2.81	2.97	2.81	2.84	3223724	90743720.00
2013/08/05	2.85	2.94	2.82	2.88	2050625	57019804.00
2013/08/06	2.88	2.92	2.83	2.86	2003035	55683848.00
2013/08/07	2.84	2.85	2.70	2.82	2832574	75850168.00
2013/08/08	2.78	2.86	2.76	2.79	1763087	47961056.00
2013/08/09	2.78	2.86	2.68	2.70	1872973	50081788.00
2013/08/12	2.70	2.71	2.58	2.63	2050637	52388828.00
2013/08/13	2.63	2.70	2.62	2.68	1200468	31082390.00
2013/08/14	2.68	2.74	2.63	2.72	1661558	43429816.00
2013/08/15	2.72	2.80	2.70	2.74	1849302	49557104.00
2013/08/16	2.71	2.89	2.65	2.74	3309358	89168496.00
2013/08/19	2.71	2.89	2.70	2.89	4326354	118991624.00
2013/08/20	2.90	2.90	2.82	2.86	2524622	70008680.00
2013/08/21	2.85	3.02	2.85	2.98	4283308	123351280.00
2013/08/22	2.97	3.08	2.93	3.05	3183327	92979984.00
2013/08/23	3.11	3.29	2.94	2.99	4043248	120922888.00
2013/08/26	3.02	3.20	3.02	3.16	4347241	132557416.00
2013/08/27	3.15	3.15	2.98	3.11	4248967	126373440.00
2013/08/28	3.07	3.10	2.95	2.95	3059554	89944280.00
2013/08/29	2.98	3.03	2.95	2.99	1452356	42080392.00
2013/08/30	3.00	3.02	2.72	2.75	3012269	82849592.00
2013/09/02	2.76	2.87	2.75	2.77	1828196	49533340.00
2013/09/03	2.77	2.86	2.76	2.85	1703885	46403176.00
2013/09/04	2.85	2.88	2.80	2.87	1187895	32769988.00
2013/09/05	2.87	2.95	2.83	2.95	2066603	58289164.00
2013/09/06	2.92	2.98	2.90	2.94	1266001	35918936.00
2013/09/09	2.94	2.97	2.85	2.87	1801819	50309268.00
2013/09/10	2.85	2.87	2.79	2.82	1368182	37315592.00
2013/09/11	2.78	2.82	2.76	2.81	1307951	35395020.00
2013/09/12	2.84	2.90	2.80	2.82	1119174	30966060.00
2013/09/13	2.82	2.93	2.79	2.91	2234214	62353976.00
2013/09/16	2.89	2.96	2.85	2.90	1657992	46633136.00
2013/09/17	2.88	2.95	2.86	2.86	1723580	48577728.00
2013/09/18	2.86	2.89	2.78	2.81	1178829	32067964.00
2013/09/23	2.85	2.98	2.83	2.98	2351117	66810524.00
2013/09/24	2.97	3.02	2.94	2.98	1597965	46101792.00
2013/09/25	2.98	2.98	2.89	2.92	1127057	31993152.00
2013/09/26	2.90	2.97	2.82	2.84	1842708	51426736.00
2013/09/27	2.92	2.92	2.79	2.82	1191591	32593680.00
2013/09/30	2.86	2.94	2.80	2.90	1210607	33918520.00
2013/10/08	2.90	3.00	2.89	2.97	1757849	50488272.00
2013/10/09	2.96	3.12	2.92	3.10	2929824	86553824.00
2013/10/10	3.07	3.12	2.97	3.00	2234371	65518544.00
2013/10/11	3.00	3.05	2.93	2.96	1655481	47872716.00
2013/10/14	2.97	3.14	2.97	3.13	2812388	84047640.00
2013/10/15	3.14	3.15	3.02	3.03	2204051	65469148.00
2013/10/16	3.04	3.04	2.75	2.86	3052384	84644544.00
2013/10/17	2.87	2.89	2.75	2.77	1720745	46898344.00
2013/10/18	2.75	2.84	2.75	2.82	695362	18940704.00
2013/10/21	2.83	2.94	2.83	2.93	1151157	32472260.00
2013/10/22	2.93	2.94	2.82	2.82	1266979	35070352.00
2013/10/23	2.78	2.88	2.63	2.68	3127914	83080056.00
2013/10/24	2.65	2.72	2.65	2.68	855634	22210098.00
2013/10/25	2.71	2.78	2.49	2.55	1618528	40661160.00
2013/10/28	2.55	2.62	2.48	2.51	982954	24385420.00
2013/10/29	2.53	2.56	2.26	2.30	2207869	50748040.00
2013/10/30	2.31	2.40	2.30	2.39	1132585	25890018.00
2013/10/31	2.40	2.44	2.39	2.41	1200700	28211528.00
2013/11/01	2.40	2.44	2.33	2.36	597423	13805228.00
2013/11/04	2.37	2.42	2.37	2.39	584786	13643879.00
2013/11/05	2.39	2.44	2.37	2.43	647895	15211492.00
2013/11/06	2.47	2.53	2.43	2.47	892984	21462630.00
2013/11/07	2.46	2.46	2.38	2.42	523258	12333499.00
2013/11/08	2.40	2.45	2.36	2.40	427744	9959621.00
2013/11/11	2.37	2.43	2.35	2.41	324484	7553586.00
2013/11/12	2.39	2.43	2.35	2.39	587871	13611877.00
2013/11/13	2.47	2.63	2.42	2.63	4749453	119132040.00
2013/11/14	2.59	2.86	2.57	2.78	5237933	139517936.00
2013/11/15	2.81	2.94	2.81	2.82	5204254	144740080.00
2013/11/18	2.93	3.09	2.78	2.99	5635810	162835152.00
2013/11/19	2.99	2.99	2.84	2.87	3904641	109437712.00
2013/11/20	2.87	3.08	2.87	2.92	4109479	119143400.00
2013/11/21	2.84	2.89	2.75	2.87	3900386	105996624.00
2013/11/22	2.84	2.93	2.83	2.86	2037416	56803596.00
2013/11/25	2.85	2.91	2.80	2.88	1730418	47799332.00
2013/11/26	2.88	3.01	2.88	2.94	3709108	106429928.00
2013/11/27	2.93	3.00	2.84	3.00	3363157	95168072.00
2013/11/28	2.99	3.04	2.94	2.95	3119845	89932928.00
2013/11/29	2.94	3.06	2.94	3.01	2768707	80805328.00
2013/12/02	2.71	2.88	2.70	2.70	3633720	97120848.00
2013/12/03	2.60	2.70	2.44	2.66	2795843	69823056.00
2013/12/04	2.67	2.73	2.63	2.64	1476897	38495588.00
2013/12/05	2.64	2.73	2.60	2.64	1031519	26659508.00
2013/12/06	2.67	2.67	2.59	2.65	723879	18522300.00
2013/12/09	2.66	2.85	2.63	2.84	2158803	58039188.00
2013/12/10	2.85	2.89	2.77	2.86	1560211	42842848.00
2013/12/11	2.85	2.89	2.79	2.89	1766277	48827796.00
2013/12/12	2.90	2.92	2.85	2.85	1699537	47397836.00
2013/12/13	2.83	2.86	2.78	2.78	1269935	34633816.00
2013/12/16	2.78	2.83	2.73	2.76	996516	26861700.00
2013/12/17	2.76	2.80	2.67	2.68	863453	22678438.00
2013/12/18	2.71	2.71	2.66	2.69	526107	13723610.00
2013/12/19	2.71	2.77	2.71	2.73	685066	18192994.00
2013/12/20	2.73	2.76	2.65	2.66	441269	11516993.00
2013/12/23	2.66	2.67	2.59	2.63	445259	11376667.00
2013/12/24	2.63	2.78	2.62	2.74	903893	23999746.00
2013/12/25	2.74	2.87	2.74	2.81	1654975	45299168.00
2013/12/26	2.82	2.85	2.76	2.76	979631	26553984.00
2013/12/27	2.76	2.81	2.75	2.78	1505491	40735088.00
2013/12/30	2.82	2.88	2.80	2.83	1413189	38902604.00
2013/12/31	2.79	2.86	2.75	2.79	1043528	28364858.00
2014/01/02	2.80	2.87	2.78	2.86	1224328	33735552.00
2014/01/03	2.89	2.94	2.86	2.93	2241387	63113016.00
2014/01/06	2.94	2.94	2.84	2.84	1447802	40342852.00
2014/01/07	2.85	2.91	2.82	2.88	1037754	28887218.00
2014/01/08	2.87	3.18	2.85	3.18	3034949	90354232.00
2014/01/09	3.50	3.50	3.32	3.33	10366456	344208928.00
2014/01/10	3.37	3.37	3.05	3.07	5967123	185403376.00
2014/01/13	3.05	3.15	2.95	3.04	3701996	109098304.00
2014/01/14	3.02	3.28	2.99	3.20	3150249	95892512.00
2014/01/15	3.18	3.23	3.10	3.16	2242939	68461024.00
2014/01/16	3.15	3.24	3.13	3.19	2198954	67694072.00
2014/01/17	3.16	3.33	3.11	3.32	2673490	83782264.00
2014/01/20	3.28	3.36	3.25	3.30	1742055	55574712.00
2014/01/21	3.29	3.35	3.23	3.27	1943640	61703844.00
2014/01/22	3.34	3.45	3.27	3.31	2876468	93277304.00
2014/01/23	3.25	3.45	3.21	3.34	2800616	90061936.00
2014/01/24	3.31	3.42	3.26	3.34	1520736	49226020.00
2014/01/27	3.42	3.66	3.40	3.59	3331422	114503824.00
2014/01/28	3.52	3.56	3.43	3.50	2171761	73417360.00
2014/01/29	3.52	3.69	3.48	3.62	2138616	74562192.00
2014/01/30	3.62	3.84	3.60	3.75	2465072	88722208.00
2014/02/07	3.72	3.99	3.67	3.96	1859988	70112304.00
2014/02/10	4.03	4.24	3.88	4.17	3812565	149323248.00
2014/02/11	4.18	4.25	3.95	4.04	2479273	97915176.00
2014/02/12	4.00	4.14	3.95	4.12	1598248	62595796.00
2014/02/13	4.12	4.15	3.84	3.89	1497673	57748932.00
2014/02/14	3.86	4.02	3.86	3.99	1279133	48583312.00
2014/02/17	3.96	4.39	3.94	4.39	2231079	91243752.00
2014/02/18	4.39	4.74	4.34	4.52	3802617	167317264.00
2014/02/19	4.57	4.94	4.45	4.75	2949073	134346192.00
2014/02/20	4.75	4.89	4.52	4.77	2345294	106478680.00
2014/02/21	4.77	5.08	4.77	4.92	2139361	101934392.00
2014/02/24	4.90	4.98	4.68	4.92	3006085	138252448.00
2014/02/25	4.99	5.29	4.57	4.68	3371522	161161296.00
2014/02/26	4.60	4.82	4.53	4.82	2674707	119790880.00
2014/02/27	4.78	5.25	4.73	4.84	3307151	159230896.00
2014/02/28	5.30	5.30	4.39	4.59	6144552	281429728.00
2014/03/03	4.51	4.70	4.46	4.54	2773865	121641280.00
2014/03/04	4.48	4.53	4.36	4.41	1926964	82162600.00
2014/03/05	4.41	4.53	4.41	4.44	1190844	51115912.00
2014/03/06	4.42	4.48	4.26	4.32	1253476	52214096.00
2014/03/07	4.33	4.43	4.30	4.39	982643	41311680.00
2014/03/10	4.36	4.36	4.12	4.13	2325272	93677912.00
2014/03/11	4.13	4.18	3.96	4.09	1317152	51318116.00
2014/03/12	4.09	4.19	4.06	4.15	1093286	43415200.00
2014/03/13	4.19	4.45	4.15	4.43	1290009	53568512.00
2014/03/14	4.36	4.72	4.34	4.66	2466235	108842968.00
2014/03/17	4.68	4.77	4.55	4.61	1923336	85275056.00
2014/03/18	4.62	4.69	4.56	4.58	1335744	59389976.00
2014/03/19	4.57	4.61	4.40	4.40	1057548	45361616.00
2014/03/20	4.40	4.53	4.25	4.25	1605744	68121704.00
2014/03/21	4.17	4.37	3.94	4.26	2283790	91123752.00
2014/03/24	4.26	4.34	4.05	4.14	1338803	54102224.00
2014/03/25	4.13	4.19	4.08	4.18	886628	35323400.00
2014/03/26	4.18	4.33	4.13	4.27	911826	37361076.00
2014/03/27	4.26	4.26	4.09	4.11	907925	36270148.00
2014/03/28	4.06	4.14	3.76	3.84	1851318	70040552.00
2014/03/31	3.89	3.89	3.69	3.77	1031459	37589888.00
2014/04/01	3.77	4.14	3.76	4.02	1403899	53875120.00
2014/04/02	4.03	4.07	3.90	4.02	709539	27126654.00
2014/04/03	3.99	4.15	3.95	4.02	796357	31088100.00
2014/04/04	4.01	4.10	3.96	4.05	595840	23185464.00
2014/04/08	4.00	4.05	3.89	3.97	944039	35952148.00
2014/04/09	3.95	4.25	3.95	4.16	1466759	58563408.00
2014/04/10	4.24	4.29	4.16	4.19	1314795	53580464.00
2014/04/11	4.10	4.13	4.03	4.08	960996	37518144.00
2014/04/14	4.04	4.09	3.92	4.09	1257625	48362948.00
2014/04/15	4.05	4.09	3.99	4.00	851771	33209380.00
2014/04/16	4.00	4.05	3.90	3.90	918044	34949652.00
2014/04/17	3.90	3.98	3.89	3.90	952947	35960864.00
2014/04/18	3.94	3.96	3.91	3.94	510635	19372656.00
2014/04/21	3.98	3.99	3.90	3.92	435914	16593771.00
2014/04/22	3.91	3.95	3.72	3.77	1305908	47756940.00
2014/04/23	3.77	3.80	3.70	3.72	534296	19280356.00
2014/04/24	3.72	3.83	3.72	3.79	1061914	38760148.00
2014/04/25	3.83	3.83	3.73	3.74	360588	13058262.00
2014/04/28	3.72	3.74	3.48	3.49	746400	25663738.00
2014/04/29	3.49	3.54	3.40	3.52	750293	25139190.00
2014/04/30	3.52	3.62	3.48	3.54	490092	16783832.00
2014/05/05	3.55	3.65	3.52	3.65	570164	19791382.00
2014/05/06	3.65	3.74	3.62	3.74	657306	23451764.00
2014/05/07	3.73	3.74	3.53	3.60	637781	22486298.00
2014/05/08	3.55	3.71	3.55	3.57	461129	16281364.00
2014/05/09	3.57	3.60	3.39	3.41	818600	27263904.00
2014/05/12	3.48	3.48	3.37	3.43	1149200	37912072.00
2014/05/13	3.42	3.49	3.38	3.43	640501	21260550.00
2014/05/14	3.42	3.43	3.37	3.39	425579	13990402.00
2014/05/15	3.39	3.44	3.37	3.39	506615	16634259.00
2014/05/16	3.39	3.39	3.20	3.26	1572361	49566180.00
2014/05/19	3.25	3.26	3.15	3.19	913537	28329744.00
2014/05/20	3.22	3.51	3.19	3.47	5816123	189953888.00
2014/05/21	3.42	3.68	3.39	3.62	5272244	180868176.00
2014/05/22	3.63	3.71	3.55	3.64	3600888	126497776.00
2014/05/23	3.61	4.00	3.61	4.00	4892589	179654576.00
2014/05/26	4.05	4.26	4.01	4.22	7202227	286524832.00
2014/05/27	4.14	4.46	4.05	4.16	13542169	275194784.00
2014/05/28	4.12	4.45	4.10	4.33	14514473	300233664.00
2014/05/29	4.27	4.37	4.12	4.16	11032924	224841792.00
2014/05/30	4.06	4.58	4.03	4.58	13287438	277213024.00
2014/06/03	4.73	4.73	4.36	4.40	14951467	322633152.00
2014/06/04	4.39	4.66	4.39	4.47	12068238	261006992.00
2014/06/05	4.41	4.55	4.27	4.54	8642231	182975232.00
2014/06/06	4.53	4.64	4.43	4.43	7882220	171184000.00
2014/06/09	4.33	4.37	4.23	4.28	6314039	130015976.00
2014/06/10	4.21	4.52	4.21	4.47	9141237	193547248.00
2014/06/11	4.44	4.51	4.33	4.38	6868131	145072592.00
2014/06/12	4.37	4.65	4.28	4.51	8434967	180522240.00
2014/06/13	4.42	4.72	4.38	4.57	10955523	239042576.00
2014/06/16	4.52	4.68	4.50	4.56	8652788	190964848.00
2014/06/17	4.54	4.68	4.48	4.60	8341394	184493248.00
2014/06/18	4.64	4.75	4.49	4.59	12010437	267211824.00
2014/06/19	4.50	4.51	4.12	4.12	12630195	259896304.00
2014/06/20	4.11	4.24	4.06	4.17	5047631	100996496.00
2014/06/23	4.18	4.33	4.17	4.23	4620099	94686352.00
2014/06/24	4.24	4.32	4.21	4.25	3415208	70010000.00
2014/06/25	4.25	4.26	4.13	4.19	3481963	69960368.00
2014/06/26	4.17	4.34	4.17	4.31	6076265	125554144.00
2014/06/27	4.31	4.56	4.30	4.46	8253778	175586960.00
2014/06/30	4.44	4.47	4.35	4.46	5363283	113989672.00
2014/07/01	4.46	4.62	4.41	4.55	7194561	156320544.00
2014/07/02	4.53	4.58	4.39	4.46	5860465	126012656.00
2014/07/03	4.44	4.46	4.38	4.39	4184642	88652288.00
2014/07/04	4.44	4.65	4.43	4.56	10847211	238367520.00
2014/07/07	4.63	4.66	4.50	4.63	7448037	164796704.00
2014/07/08	4.61	4.70	4.52	4.67	7051670	156542176.00
2014/07/09	4.64	4.65	4.45	4.45	6650246	145186016.00
2014/07/10	4.45	4.55	4.33	4.34	4221173	90321144.00
2014/07/11	4.35	4.43	4.19	4.26	4870102	100374016.00
2014/07/14	4.24	4.31	4.18	4.31	3718369	75791144.00
2014/07/15	4.27	4.27	4.10	4.18	4394726	88036536.00
2014/07/16	4.16	4.18	4.01	4.02	4549415	89113384.00
2014/07/17	4.03	4.09	3.99	4.03	2450240	47513244.00
2014/07/18	4.03	4.05	3.87	3.88	3450164	65862880.00
2014/07/21	3.87	3.89	3.67	3.84	4528872	82113992.00
2014/07/22	3.80	3.88	3.78	3.87	2156684	39955072.00
2014/07/23	3.87	3.90	3.71	3.72	3017270	54671448.00
2014/07/24	3.68	3.85	3.59	3.84	4757142	85428456.00
2014/07/25	3.76	3.90	3.71	3.89	4875513	89566416.00
2014/07/28	3.89	3.96	3.80	3.93	4009977	74915760.00
2014/07/29	4.12	4.22	4.02	4.04	7294078	144409088.00
2014/07/30	3.98	4.20	3.96	4.18	6648969	131531160.00
2014/07/31	4.13	4.16	4.10	4.12	3411403	67522720.00
2014/08/01	4.10	4.13	3.97	3.99	3198544	62383008.00
2014/08/04	4.10	4.16	4.01	4.05	3116819	60947832.00
2014/08/05	4.07	4.18	4.02	4.14	4170538	82312688.00
2014/08/06	4.16	4.23	4.13	4.21	5521025	111101920.00
2014/08/07	4.29	4.30	4.10	4.11	5207161	105186832.00
2014/08/08	4.06	4.16	4.06	4.12	3158268	62499524.00
2014/08/11	4.12	4.16	4.08	4.14	2428784	48160612.00
2014/08/12	4.15	4.27	4.12	4.22	4764468	96367120.00
2014/08/13	4.20	4.27	4.13	4.23	4456838	89679744.00
2014/08/14	4.22	4.28	4.18	4.19	4259192	86650072.00
2014/08/15	4.16	4.33	4.16	4.30	6913145	141758528.00
2014/08/18	4.50	4.58	4.35	4.43	8499742	181395840.00
2014/08/19	4.49	4.66	4.39	4.55	9880358	215327840.00
2014/08/20	4.48	4.52	4.36	4.37	7421138	157744032.00
2014/08/21	4.37	4.41	4.28	4.37	4347748	90360776.00
2014/08/22	4.37	4.54	4.34	4.48	6867284	146719104.00
2014/08/25	4.48	4.58	4.43	4.51	6502888	140848544.00
2014/08/26	4.48	4.49	4.29	4.33	4861604	102649464.00
2014/08/27	4.33	4.54	4.33	4.53	6174888	132407832.00
2014/08/28	4.53	4.57	4.43	4.56	6796761	147023744.00
2014/08/29	4.58	4.79	4.51	4.69	12214951	275883200.00
2014/09/01	4.65	5.10	4.58	5.07	12757348	296128384.00
2014/09/02	5.13	5.13	4.95	5.07	11481406	276315296.00
2014/09/03	5.12	5.15	4.95	5.06	9081751	219357456.00
2014/09/04	5.07	5.23	5.01	5.18	9129621	224625200.00
2014/09/05	5.22	5.24	4.99	5.00	8325435	201297200.00
2014/09/09	4.98	5.00	4.87	4.95	4072627	96350064.00
2014/09/10	4.92	5.15	4.90	5.07	6548796	159144752.00
2014/09/11	5.07	5.12	4.92	4.96	5686857	137199792.00
2014/09/12	4.92	4.98	4.85	4.92	4596684	108216192.00
2014/09/15	4.92	5.08	4.92	5.08	6123696	147270368.00
2014/09/16	5.08	5.16	4.86	4.87	6083018	146848528.00
2014/09/17	4.93	5.21	4.82	5.17	8639100	208190448.00
2014/09/18	5.16	5.45	5.07	5.39	13355900	337943424.00
2014/12/10	4.85	5.90	4.85	5.45	18409042	461386560.00
2014/12/11	5.00	5.27	4.94	5.12	10487864	257456592.00
2014/12/12	5.10	5.61	4.98	5.59	11674174	292003008.00
2014/12/15	5.45	5.72	5.44	5.59	12158999	327676128.00
2014/12/16	5.59	6.16	5.59	5.98	25592514	741894592.00
2014/12/17	5.82	6.50	5.82	6.35	20432026	605079296.00
2014/12/18	6.27	6.38	6.06	6.13	14970424	445788608.00
2014/12/19	6.06	6.13	5.72	5.87	10071561	283626464.00
2014/12/22	5.83	5.83	5.28	5.28	9853655	253106608.00
2014/12/23	5.24	5.44	5.04	5.18	6433126	161689456.00
2014/12/24	5.22	5.59	5.17	5.49	6838840	176269984.00
2014/12/25	5.55	5.65	5.36	5.59	5776133	153396352.00
2014/12/26	5.55	5.91	5.49	5.73	6001269	164918080.00
2014/12/29	5.67	5.74	5.16	5.24	7248711	185558064.00
2014/12/30	5.26	5.26	4.71	4.92	8195268	192545248.00
2014/12/31	4.91	5.07	4.80	4.98	3611329	85261224.00
2015/01/05	4.98	4.98	4.53	4.59	6128113	136826800.00
2015/01/06	4.58	4.92	4.53	4.83	6724022	152378432.00
2015/01/07	4.79	4.80	4.65	4.72	4777988	108398096.00
2015/01/08	4.67	5.17	4.66	5.01	7869635	187939616.00
2015/01/09	4.92	5.25	4.92	5.04	6393576	157536592.00
2015/01/12	4.98	5.30	4.90	5.09	5132350	126787488.00
2015/01/13	5.13	5.51	5.04	5.48	9015274	231603984.00
2015/01/14	5.47	5.61	5.25	5.29	5816586	150376064.00
2015/01/15	5.22	5.47	5.05	5.11	4792872	119305808.00
2015/01/16	5.10	5.48	5.02	5.46	7776834	199305152.00
2015/01/19	5.39	5.80	5.24	5.54	13645006	363969504.00
2015/01/20	5.70	5.95	5.43	5.89	12183583	336281536.00
2015/01/21	5.85	6.19	5.83	5.93	14150429	406211360.00
2015/01/22	5.91	6.12	5.77	5.87	7384622	208863744.00
2015/01/23	5.79	5.92	5.58	5.64	7157671	196465792.00
2015/01/26	5.81	6.21	5.81	6.21	15630300	458204928.00
2015/01/27	6.23	6.48	6.10	6.41	14936324	451075936.00
2015/01/28	6.41	6.90	6.30	6.54	13250370	420905664.00
2015/01/29	6.44	6.71	6.27	6.54	7511807	234521712.00
2015/01/30	6.46	6.60	5.94	5.96	10529446	311530944.00
2015/02/02	5.96	6.26	5.85	6.06	5137141	149351488.00
2015/02/03	6.06	6.67	6.02	6.67	11892208	367165792.00
2015/02/04	6.90	7.00	6.65	6.68	15759039	511272704.00
2015/02/05	6.61	7.11	6.46	6.94	13568944	448224128.00
2015/02/06	6.80	6.94	6.52	6.60	7710788	246430416.00
2015/02/09	6.60	6.82	6.20	6.36	7385485	228518240.00
2015/02/10	6.37	6.56	6.12	6.37	6092730	184913584.00
2015/02/11	6.43	6.74	6.41	6.74	7347742	230611072.00
2015/02/12	6.79	6.87	6.52	6.54	6533742	209171056.00
2015/02/13	6.60	6.87	6.38	6.86	7982634	254848048.00
2015/02/16	6.79	7.03	6.69	6.96	7512501	247159728.00
2015/02/17	6.97	7.14	6.75	6.92	6968569	231951232.00
2015/02/25	6.90	7.10	6.52	6.65	7883057	257163200.00
2015/02/26	6.71	6.71	6.37	6.58	5430838	169322784.00
2015/02/27	6.60	6.73	6.45	6.71	6146778	194543328.00
2015/03/02	6.72	7.39	6.63	7.36	15993283	548495104.00
2015/03/03	7.26	7.36	7.00	7.09	9433836	324319008.00
2015/03/04	7.11	7.50	7.03	7.38	7832530	275549760.00
2015/03/05	7.32	7.35	7.09	7.21	4329129	149177504.00
2015/03/06	7.14	7.28	6.86	6.90	4175350	139017616.00
2015/03/09	6.86	7.07	6.77	6.94	3590145	119358760.00
2015/03/10	6.92	7.06	6.83	6.87	5304171	176090384.00
2015/03/11	6.90	6.96	6.45	6.48	10243810	322465984.00
2015/03/12	6.54	7.03	6.44	6.66	8546662	271071776.00
2015/03/13	6.68	6.98	6.48	6.95	9733788	315290432.00
2015/03/16	7.01	7.35	7.01	7.11	11984889	409827264.00
2015/03/17	7.13	7.23	6.84	6.99	10130314	340339840.00
2015/03/18	6.99	7.17	6.78	7.10	12788334	425881056.00
2015/03/19	7.01	7.53	6.87	7.44	18401141	632435520.00
2015/03/20	7.43	8.19	7.43	7.96	20977056	784005056.00
2015/03/23	8.02	8.37	7.85	8.24	17210018	671601152.00
2015/03/24	8.07	8.28	7.59	8.01	18335678	699430976.00
2015/03/25	7.95	8.38	7.75	8.23	17072879	663224704.00
2015/03/26	7.95	8.06	7.43	7.54	12553470	463866144.00
2015/03/27	7.37	7.65	7.37	7.49	7574874	270892288.00
2015/03/30	7.47	7.47	7.07	7.17	10154108	349658752.00
2015/03/31	7.16	7.38	7.11	7.25	7590690	263835472.00
2015/04/01	7.24	7.65	7.19	7.57	11410405	403845792.00
2015/04/02	7.68	7.89	7.59	7.71	13174231	487839264.00
2015/04/03	7.66	7.99	7.58	7.97	10696531	397915552.00
2015/04/07	7.95	8.27	7.83	8.14	11492567	446286944.00
2015/04/08	8.13	8.22	7.41	7.61	10576300	390085920.00
2015/04/09	7.53	7.53	6.94	7.26	10188948	349008864.00
2015/04/10	7.13	7.60	7.11	7.43	9287136	329077344.00
2015/04/13	7.43	8.04	7.27	8.04	14997855	556423808.00
2015/04/14	8.20	8.71	8.20	8.39	19842557	805912448.00
2015/04/15	8.30	8.78	7.91	8.15	12801789	514121696.00
2015/04/16	8.06	8.97	7.71	8.58	17189790	706691712.00
2015/04/17	8.58	8.69	7.96	8.35	14920044	589676224.00
2015/04/20	8.16	8.69	7.97	8.00	11660194	465112256.00
2015/04/21	8.02	8.80	8.02	8.80	12933975	522432000.00
2015/04/22	9.68	9.68	9.68	9.68	2599870	120191992.00
2015/04/23	9.70	10.66	9.28	10.48	23304967	1118025088.00
2015/04/24	10.42	11.53	9.85	11.46	17125460	889034816.00
2015/04/27	11.35	11.95	10.69	10.86	15612037	834348096.00
2015/04/28	10.92	11.15	9.85	10.23	13911169	682251264.00
2015/04/29	10.24	11.25	10.24	11.25	15727274	825588864.00
2015/04/30	11.58	12.04	10.63	10.79	17778856	975517760.00
2015/05/04	10.92	11.19	10.24	11.00	10056615	514766464.00
2015/05/05	10.90	11.28	10.46	11.26	10541161	543720768.00
2015/05/06	11.25	12.39	11.12	11.85	17615263	1013101440.00
2015/05/07	11.51	12.07	11.07	11.10	10840020	593825408.00
2015/05/08	11.28	12.21	11.28	12.21	8673167	496410816.00
2015/05/11	12.94	13.43	12.37	13.43	13033300	809546816.00
2015/05/12	13.83	14.49	13.43	14.47	15971615	1064750272.00
2015/05/13	13.95	14.63	13.04	13.90	9375548	625133120.00
2015/05/14	13.74	15.28	13.34	13.89	9689867	665775872.00
2015/05/15	13.75	14.75	13.01	14.16	8785416	581035264.00
2015/05/18	14.27	15.15	14.27	15.13	11444773	801529088.00
2015/05/19	14.91	15.28	14.33	14.61	7577151	527404544.00
2015/05/20	14.98	15.58	14.63	14.71	8502502	609699584.00
2015/05/21	14.57	15.30	14.37	15.08	8521768	604670720.00
2015/05/22	15.12	15.32	13.57	13.57	23092868	1522902784.00
2015/05/25	12.58	12.95	12.20	12.66	14715607	883191744.00
2015/05/26	12.63	13.55	12.60	13.44	10241980	645665408.00
2015/05/27	13.78	14.06	13.03	13.82	12769912	830358656.00
2015/05/28	14.05	14.05	12.44	12.44	13630810	857287424.00
2015/05/29	12.54	13.59	11.53	13.11	15382329	933484672.00
2015/06/01	13.40	13.78	13.11	13.71	16333140	1046786112.00
2015/06/02	13.81	14.60	13.30	14.54	14067444	949243456.00
2015/06/03	14.28	15.45	14.26	15.06	12749679	904236672.00
2015/06/04	15.22	15.90	13.58	15.44	12278279	878591680.00
2015/06/12	15.50	16.91	14.04	14.74	11392481	849204544.00
2015/06/15	15.48	15.90	14.78	15.02	11425515	825057728.00
2015/06/16	14.28	14.42	13.51	13.60	11046050	718656128.00
2015/06/17	13.44	14.17	12.24	14.07	10875072	674962304.00
2015/06/18	13.83	13.98	12.66	12.97	8296579	530676224.00
2015/06/19	12.55	13.12	11.73	12.80	9188141	541990656.00
2015/06/23	12.77	13.18	11.75	12.55	6363134	381247488.00
2015/06/24	12.70	12.99	11.95	12.30	7798762	459967264.00
2015/06/25	12.56	12.59	11.07	11.07	7842345	442593280.00
2015/06/26	10.49	10.70	9.96	9.96	7779905	373303520.00
2015/06/29	9.99	10.15	8.96	8.96	5554491	242509760.00
2015/06/30	8.07	9.60	8.06	9.10	9356402	390157056.00
2015/07/01	8.99	9.68	8.22	8.43	9678284	423802848.00
2015/07/02	8.43	8.69	7.58	7.58	7544018	281942176.00
2015/07/03	6.91	7.65	6.82	6.82	7419430	249382800.00
2015/07/06	7.44	7.44	6.13	6.13	13163230	402064288.00
2015/07/07	5.52	5.52	5.52	5.52	1850900	48826988.00
2015/09/22	6.07	6.07	6.07	6.07	798730	23179144.00
2015/09/23	6.68	6.68	6.68	6.68	834733	26644678.00
2015/09/24	7.10	7.10	6.68	6.83	26779002	881482368.00
2015/09/25	6.59	6.79	6.14	6.14	16676988	511466656.00
2015/09/28	6.00	6.70	5.86	6.64	16359150	493562240.00
2015/09/29	6.40	6.64	6.30	6.31	11823048	363723744.00
2015/09/30	6.39	6.46	6.02	6.13	8371777	248317280.00
2015/10/08	6.44	6.75	6.32	6.75	13456426	426403040.00
2015/10/09	6.89	7.02	6.77	6.97	15814279	521906976.00
2015/10/12	7.04	7.50	7.02	7.35	16175341	563288448.00
2015/10/13	7.21	7.75	7.20	7.51	12689434	455964544.00
2015/10/14	7.44	7.51	7.23	7.33	11243636	394663360.00
2015/10/15	7.30	7.94	7.27	7.90	13211721	482231744.00
2015/10/16	7.95	8.02	7.61	7.86	12827211	477339744.00
2015/10/19	7.88	7.92	7.41	7.48	12602110	455934240.00
2015/10/20	7.52	7.85	7.52	7.77	10664486	393322176.00
2015/10/21	7.75	8.16	7.16	7.23	21453906	800123584.00
2015/10/22	7.23	7.95	7.23	7.95	29014024	1085558144.00
2015/10/23	8.59	8.75	7.98	8.75	27271053	1090259584.00
2015/10/26	9.23	9.63	8.80	9.27	22253705	985526592.00
2015/10/27	9.12	10.07	8.93	9.92	17718796	797816576.00
2015/10/28	9.77	10.07	9.35	9.75	14353547	664024384.00
2015/10/29	9.79	10.44	9.63	10.23	12976871	622954688.00
2015/10/30	10.17	11.25	9.92	11.12	15923317	812975808.00
2015/11/02	10.39	10.82	10.00	10.00	15177588	751134336.00
2015/11/03	10.07	10.19	9.42	9.54	16244666	753959680.00
2015/11/04	9.50	10.26	9.50	10.22	12934906	611295552.00
2015/11/05	10.22	10.50	9.56	9.87	14231982	674178176.00
2015/11/06	10.00	10.86	10.00	10.86	17239290	877152448.00
2015/11/09	11.12	11.70	10.89	11.40	15386563	827595392.00
2015/11/10	11.16	11.46	10.90	11.20	10579113	564108288.00
2015/11/11	11.23	12.33	11.23	12.33	13390336	758115648.00
2015/11/12	12.48	12.48	11.71	11.96	11164724	639662976.00
2015/11/13	11.54	11.92	10.89	11.75	10555918	581492352.00
2015/11/16	11.27	12.36	11.12	11.98	13260713	760041600.00
2015/11/17	12.06	12.32	11.56	11.66	9840463	557453568.00
2015/11/18	11.75	11.96	11.16	11.29	7205088	396561664.00
2015/11/19	11.26	11.83	10.91	11.71	9050882	488748192.00
2015/11/20	11.58	12.65	11.58	12.22	11847999	686641664.00
2015/11/23	12.15	12.22	11.33	11.42	10463030	587196352.00
2015/11/24	11.34	11.54	10.87	11.26	8724673	462701824.00
2015/11/25	11.45	11.73	11.27	11.72	9332298	510717280.00
2015/11/26	11.78	11.85	11.02	11.03	10007036	538448960.00
2015/11/27	11.02	11.02	9.92	10.11	10886187	544762880.00
2015/11/30	9.96	10.38	9.10	10.08	12434406	582157248.00
2015/12/01	9.98	10.63	9.88	10.14	9551089	472620416.00
2015/12/02	10.07	10.17	9.19	9.75	6604235	303653856.00
2015/12/03	9.79	10.24	9.79	10.23	6859018	329096576.00
2015/12/04	10.30	10.55	9.86	10.26	9456416	463669792.00
2015/12/07	10.35	11.29	10.34	11.29	7928656	423166752.00
2015/12/08	11.57	12.42	11.52	11.88	25297909	1452951424.00
2015/12/09	12.15	12.91	12.07	12.51	18427075	1096317184.00
2015/12/10	12.42	13.01	12.24	12.45	11036657	662539264.00
2015/12/11	12.29	12.72	11.88	12.59	9484090	553188672.00
2015/12/14	12.38	12.59	11.80	12.59	9755066	568429888.00
2015/12/15	12.55	13.33	12.46	13.02	7345396	452728704.00
2015/12/16	13.23	13.55	12.71	12.72	7649200	480907520.00
2015/12/17	12.59	13.36	12.38	13.18	8273681	510113248.00
2015/12/18	13.28	13.52	12.38	12.47	7652371	463053344.00
2015/12/21	12.30	12.36	11.94	12.27	7438738	430274304.00
2015/12/22	12.38	12.69	11.83	12.43	7465378	432349408.00
2015/12/23	12.42	12.51	11.59	11.71	7113985	407343584.00
2015/12/24	11.74	12.89	11.47	12.89	10530196	615575040.00
2015/12/25	13.23	13.28	12.61	12.95	8908902	551904960.00
2015/12/28	13.15	13.64	12.23	12.45	9072530	563127168.00
2015/12/29	12.26	12.80	12.24	12.57	4573764	272101280.00
2015/12/30	12.76	13.63	12.72	13.56	9076785	575313600.00
2015/12/31	13.50	13.50	12.80	13.10	6863902	429993376.00
2016/01/04	12.82	13.14	11.79	11.79	5915519	341635296.00
2016/01/05	10.60	11.52	10.60	10.60	8530056	436641536.00
2016/01/06	10.72	10.97	9.77	10.70	11506064	566296576.00
2016/01/07	10.28	10.28	9.62	9.62	2075223	96806600.00
2016/01/08	9.33	9.86	8.68	9.23	11085313	488243648.00
2016/01/11	8.91	8.91	8.30	8.30	9365569	380764128.00
2016/01/12	8.16	8.48	7.59	8.11	11599455	444789632.00
2016/01/13	8.19	8.38	7.84	7.86	9923513	383879392.00
2016/01/14	7.46	8.58	7.34	8.34	11129136	428700384.00
2016/01/15	8.22	8.34	7.54	7.69	9518290	363869184.00
2016/01/18	7.33	8.15	7.23	7.88	8709550	326447264.00
2016/01/19	7.92	8.38	7.75	8.38	9823945	379474304.00
2016/01/20	8.24	8.66	8.22	8.36	9381710	377174144.00
2016/01/21	8.16	8.66	8.01	8.01	10062333	403430752.00
2016/01/22	8.03	8.15	7.44	8.00	13291346	489621856.00
2016/01/25	8.05	8.13	7.71	7.85	7626565	288613280.00
2016/01/26	7.85	7.85	7.06	7.06	6944363	245098992.00
2016/01/27	6.99	7.06	6.35	6.61	12649543	400778752.00
2016/01/28	6.60	6.66	6.01	6.05	8867113	271837920.00
2016/01/29	6.07	6.66	6.05	6.66	9819673	301850368.00
2016/02/01	6.70	6.70	6.19	6.39	8913399	274898176.00
2016/02/02	6.45	7.03	6.40	6.67	12186459	392467072.00
2016/02/03	6.50	6.90	6.40	6.80	10541774	334304736.00
2016/02/04	6.80	7.44	6.80	7.13	12946561	444465632.00
2016/02/05	7.08	7.27	7.03	7.04	7239569	246559616.00
2016/02/15	6.66	7.12	6.50	6.97	7586241	247579200.00
2016/02/16	6.96	7.61	6.96	7.48	8739432	308345664.00
2016/02/17	7.43	7.71	7.32	7.63	9551866	344194304.00
2016/02/18	7.75	7.82	7.38	7.53	10600887	380413440.00
2016/02/19	7.43	7.91	7.39	7.66	10841430	395123264.00
2016/02/22	7.75	7.79	7.51	7.66	11060439	401792608.00
2016/02/23	7.69	7.79	7.38	7.52	9987022	360076384.00
2016/02/24	7.48	7.62	6.87	7.21	11582507	400635296.00
2016/02/25	7.20	7.20	6.49	6.49	12093957	389197952.00
2016/02/26	6.51	6.57	6.03	6.20	11048166	331013760.00
2016/02/29	6.15	6.15	5.58	5.58	9334455	253593808.00
2016/03/01	5.56	5.94	5.24	5.78	11173808	299257728.00
2016/03/02	5.73	6.21	5.63	6.10	12029905	338899712.00
2016/03/03	6.11	6.71	6.06	6.34	17206021	530266336.00
2016/03/04	6.24	6.31	5.70	5.75	14328148	409014944.00
2016/03/07	5.86	6.22	5.82	6.02	10857551	314978400.00
2016/03/08	5.93	6.21	5.52	6.21	13848440	390946112.00
2016/03/09	6.03	6.26	5.87	5.96	9392441	271846592.00
2016/03/10	5.99	6.12	5.77	5.78	8573263	241150016.00
2016/03/11	5.65	5.88	5.55	5.73	8528432	232034352.00
2016/03/14	5.86	6.31	5.80	6.22	16970066	500651936.00
2016/03/15	6.14	6.25	5.98	6.00	12109719	352287488.00
2016/03/16	6.23	6.26	5.85	5.93	10081958	290277728.00
2016/03/17	5.95	6.39	5.93	6.35	16706253	495873696.00
2016/03/18	6.62	6.99	6.59	6.99	16001382	522710144.00
2016/03/21	7.33	7.69	7.23	7.69	26725634	959624512.00
2016/03/22	7.69	7.94	7.55	7.75	21227301	786120640.00
2016/03/23	7.62	7.85	7.49	7.85	20681406	757855296.00
2016/03/24	7.69	8.14	7.55	7.71	21631018	805027264.00
2016/03/25	7.57	8.14	7.45	7.75	21658258	801723840.00
2016/03/28	7.81	8.27	7.80	8.07	23826658	910169920.00
2016/03/29	7.88	7.96	7.53	7.66	17268717	633685120.00
2016/03/30	7.79	8.23	7.66	8.20	20077162	760267456.00
2016/03/31	8.25	8.31	7.97	8.03	16636578	644679296.00
2016/04/01	7.86	7.92	7.58	7.76	13278475	488888704.00
2016/04/05	7.79	8.31	7.58	8.31	16967088	646806272.00
2016/04/06	8.20	8.70	8.18	8.68	21161543	847044608.00
2016/04/07	8.58	8.59	8.10	8.16	17190723	687120128.00
2016/04/08	7.96	8.04	7.67	7.97	11694003	441209248.00
2016/04/11	8.06	8.38	8.03	8.11	10357616	407153280.00
2016/04/12	7.98	8.09	7.75	7.87	9315165	349544992.00
2016/04/13	8.04	8.25	7.92	7.92	11714865	452071392.00
2016/04/14	8.09	8.30	8.02	8.17	11103151	431536384.00
2016/04/15	8.19	8.33	8.05	8.11	10935106	426906112.00
2016/04/18	7.92	7.96	7.75	7.76	9078913	338331392.00
2016/04/19	7.96	8.10	7.79	7.87	8009626	304060480.00
2016/04/20	8.11	8.22	7.18	7.53	15450385	568990464.00
2016/04/21	7.37	7.50	7.27	7.30	8718837	307361696.00
2016/04/22	7.20	7.43	7.16	7.43	5702377	200324448.00
2016/04/25	7.33	7.38	7.14	7.30	5177765	179384096.00
2016/04/26	7.34	7.43	7.22	7.43	5684917	199202240.00
2016/04/27	7.48	7.51	7.29	7.31	5927519	209669920.00
2016/04/28	7.34	7.43	7.05	7.42	7046585	243804768.00
2016/04/29	7.34	7.44	7.27	7.29	4513882	158394880.00
2016/05/03	7.29	7.60	7.23	7.58	7590092	271143040.00
2016/05/04	7.56	7.62	7.47	7.50	6297855	226807984.00
2016/05/05	7.52	7.62	7.49	7.57	5598827	202100544.00
2016/05/06	7.62	7.80	7.16	7.18	10177186	365950080.00
2016/05/09	6.99	6.99	6.46	6.55	8261018	264833312.00
2016/05/10	6.49	6.60	6.48	6.54	3886172	121596936.00
2016/05/11	6.66	6.66	6.38	6.39	4004996	124259280.00
2016/05/12	6.29	6.54	6.15	6.51	4876672	148741056.00
2016/05/13	6.51	6.61	6.32	6.40	3713371	114938520.00
2016/05/16	6.47	6.63	6.36	6.63	3962882	123471960.00
2016/05/17	6.74	7.08	6.68	6.97	10347879	342650368.00
2016/05/18	6.87	6.87	6.39	6.56	6732085	214302640.00
2016/05/19	6.59	6.91	6.59	6.75	6545541	212670128.00
2016/05/20	6.55	6.96	6.49	6.94	7213924	235480736.00
2016/05/23	6.98	7.09	6.86	7.02	12624660	221463008.00
2016/05/24	7.01	7.01	6.70	6.74	9697874	165601104.00
2016/05/25	6.84	7.41	6.84	7.04	25195502	453170720.00
2016/05/26	6.89	7.17	6.68	7.17	25492072	438784064.00
2016/05/27	6.84	6.92	6.70	6.72	25407194	434316864.00
2016/05/30	6.49	6.61	6.37	6.44	13234766	215066128.00
2016/05/31	6.49	6.80	6.42	6.77	21441048	360007040.00
2016/06/01	6.77	7.03	6.69	6.85	23685471	407543776.00
2016/06/02	6.83	7.04	6.78	7.02	20123812	350173056.00
2016/06/03	6.99	7.17	6.92	7.02	20403955	360748352.00
2016/06/06	7.07	7.37	6.95	7.35	27574278	495174752.00
2016/06/07	7.36	7.37	7.13	7.18	19717135	357004704.00
2016/06/08	7.12	7.23	7.01	7.13	14653028	261952880.00
2016/06/13	6.96	6.99	6.41	6.42	17780949	302213984.00
2016/06/14	6.41	6.57	6.37	6.52	9254868	150831216.00
2016/06/15	6.41	6.80	6.38	6.72	17702473	296742656.00
2016/06/16	6.73	6.76	6.49	6.54	15645689	258477696.00
2016/06/17	6.52	6.81	6.52	6.64	14941365	251527216.00
2016/06/20	6.64	6.71	6.48	6.66	8861655	146577600.00
2016/06/21	6.76	6.80	6.45	6.51	12533632	208625584.00
2016/06/22	6.46	6.84	6.45	6.82	15579047	261558224.00
2016/06/23	6.85	6.90	6.66	6.84	23745691	405014720.00
2016/06/24	6.70	6.78	6.38	6.54	19772824	328783584.00
2016/06/27	6.50	7.00	6.46	6.95	27949893	474773184.00
2016/06/28	7.03	7.54	7.03	7.42	48314556	887123200.00
2016/06/29	7.31	7.35	7.19	7.22	30551885	556071168.00
2016/06/30	7.22	7.65	7.18	7.44	45076342	845087232.00
2016/07/01	7.44	7.67	7.32	7.37	32658046	612509632.00
2016/07/04	7.37	7.64	7.29	7.58	26456826	496954752.00
2016/07/05	7.71	7.71	7.40	7.46	22963720	431525024.00
2016/07/06	7.41	7.57	7.33	7.41	15394328	287765952.00
2016/07/07	7.46	7.51	7.17	7.28	24653470	451394080.00
2016/07/08	7.27	7.53	7.17	7.42	20847253	385466720.00
2016/07/11	7.57	7.64	7.25	7.29	18049069	335603136.00
2016/07/12	7.26	8.02	7.09	8.02	36393958	701985536.00
2016/07/13	8.09	8.36	7.93	8.17	68392020	1394161920.00
2016/07/14	8.05	8.10	7.94	8.07	37802961	759927936.00
2016/07/15	8.17	8.45	8.07	8.08	40395357	833480512.00
2016/07/18	7.93	8.11	7.77	7.96	26898504	533596160.00
2016/07/19	7.89	8.12	7.79	8.12	24068708	477421568.00
2016/07/20	8.12	8.27	8.04	8.13	26837784	550091456.00
2016/07/21	8.06	8.60	8.02	8.44	41814673	878217792.00
2016/07/22	8.44	8.48	8.17	8.18	24636690	511196288.00
2016/07/25	8.11	8.16	7.87	7.94	18414584	369130912.00
2016/07/26	7.94	8.09	7.88	8.03	15976672	320294368.00
2016/07/27	8.01	8.03	7.23	7.23	38600749	726967232.00
2016/07/28	7.23	7.30	6.95	7.20	21578411	386953728.00
2016/07/29	7.28	7.34	7.02	7.07	11407997	204196176.00
2016/08/01	6.95	7.01	6.60	6.80	17802593	302066816.00
2016/08/02	6.87	6.92	6.77	6.88	10540438	180850896.00
2016/08/03	6.88	6.92	6.80	6.82	9411693	161945568.00
2016/08/04	6.84	7.00	6.81	6.96	14445024	251015440.00
2016/08/05	7.00	7.19	7.00	7.08	23912934	426104384.00
2016/08/08	6.99	7.14	6.81	7.09	13900891	243077792.00
2016/08/09	7.10	7.16	7.01	7.16	14232559	253565024.00
2016/08/10	7.16	7.24	7.06	7.08	13457202	241090256.00
2016/08/11	7.03	7.19	6.93	7.00	12595304	223520096.00
2016/08/12	6.98	7.14	6.96	7.14	10523614	186444160.00
2016/08/15	7.22	7.42	7.06	7.29	20461061	373662720.00
2016/08/16	7.28	7.36	7.21	7.25	14811949	270468096.00
2016/08/17	7.25	7.28	7.16	7.24	13701546	248023536.00
2016/08/18	7.25	7.25	7.08	7.13	13614001	244058608.00
2016/08/19	7.15	7.15	7.05	7.06	8688582	154573888.00
2016/08/22	7.02	7.14	6.93	6.95	9596696	169533888.00
2016/08/23	6.95	7.07	6.88	7.04	7165585	125712752.00
2016/08/24	7.05	7.21	7.00	7.09	11181142	199173632.00
2016/08/25	7.00	7.06	6.76	6.96	11919131	206107856.00
2016/08/26	7.00	7.52	6.96	7.33	35297708	644844160.00
2016/08/29	7.25	7.27	7.12	7.24	17665917	319359232.00
2016/08/30	7.23	7.32	7.20	7.28	12742978	232123728.00
2016/08/31	7.32	7.43	7.24	7.34	15957999	293846560.00
2016/09/01	7.33	7.34	7.12	7.12	13878652	251184144.00
2016/09/02	7.06	7.14	6.87	6.98	12354444	217062624.00
2016/09/05	7.00	7.08	6.96	6.98	6385503	112549176.00
2016/09/06	7.06	7.25	6.95	7.20	13381812	239999024.00
2016/09/07	7.27	7.41	7.18	7.20	17570141	321617504.00
2016/09/08	7.17	7.31	7.16	7.25	8774161	159430320.00
2016/09/09	7.28	7.29	7.13	7.19	9873870	178150816.00
2016/09/12	7.03	7.07	6.85	6.86	10630089	186071504.00
2016/09/13	6.91	6.97	6.82	6.87	6862869	118395848.00
2016/09/14	6.82	6.90	6.70	6.75	7495319	128093000.00
2016/09/19	6.75	6.86	6.75	6.82	5314279	91045736.00
2016/09/20	6.86	6.89	6.78	6.81	5501873	94245184.00
2016/09/21	6.82	6.95	6.77	6.84	6555238	112661880.00
2016/09/22	6.88	6.93	6.82	6.84	5174233	89170184.00
2016/09/23	6.87	6.91	6.81	6.81	5222067	89861184.00
2016/09/26	6.85	6.88	6.54	6.58	9014071	151358560.00
2016/09/27	6.54	6.84	6.52	6.76	7321480	121606112.00
2016/09/28	6.74	6.76	6.64	6.65	4378829	73388672.00
2016/09/29	6.68	6.72	6.64	6.66	3447076	57817152.00
2016/09/30	6.65	6.72	6.64	6.71	3501791	58850216.00
2016/10/10	6.93	7.20	6.86	7.11	19838604	351093728.00
2016/10/11	7.10	7.15	7.03	7.10	12725908	226419136.00
2016/10/12	7.10	7.32	7.06	7.17	17040097	308568352.00
2016/10/13	7.20	7.36	7.18	7.21	12633512	230002464.00
2016/10/14	7.20	7.32	7.08	7.30	13053577	235801200.00
2016/10/17	7.29	7.36	7.09	7.14	9273469	167936768.00
2016/10/18	7.12	7.47	7.10	7.45	22207171	410597280.00
2016/10/19	7.46	7.48	7.33	7.39	14953328	277379360.00
2016/10/20	7.42	7.69	7.36	7.59	26540137	502238336.00
2016/10/31	7.55	7.74	7.17	7.61	24274013	458419904.00
2016/11/01	7.60	7.92	7.60	7.69	18308835	355799744.00
2016/11/02	7.70	7.92	7.62	7.86	22031820	432045632.00
2016/11/03	7.82	8.01	7.71	7.77	18469888	363617536.00
2016/11/04	7.78	7.80	7.62	7.71	13328724	257603584.00
2016/11/07	7.77	7.89	7.67	7.73	11407318	222951648.00
2016/11/08	7.80	7.89	7.78	7.85	9909205	194692208.00
2016/11/09	7.80	8.00	7.64	7.84	16504026	325815232.00
2016/11/10	7.91	8.07	7.85	8.00	15290334	305255808.00
2016/11/11	7.97	8.08	7.89	7.94	12354650	247218656.00
2016/11/14	7.89	8.04	7.86	7.91	9635752	192431424.00
2016/11/15	7.94	7.94	7.78	7.90	8864806	174654464.00
2016/11/16	7.98	8.04	7.88	7.93	9193930	183910352.00
2016/11/17	7.90	8.01	7.79	7.98	7610364	150944224.00
2016/11/18	7.93	8.47	7.93	8.29	20389817	423110656.00
2016/11/21	8.26	8.76	8.25	8.59	27024051	580469760.00
2016/11/22	9.46	9.46	9.46	9.46	18518903	439083200.00
2016/11/23	9.57	10.37	9.46	10.05	144737437	3550606336.00
2016/11/24	9.69	9.83	9.41	9.50	72169331	1738027264.00
2016/11/25	9.32	9.37	8.86	8.92	59907298	1365797120.00
2016/11/28	9.13	9.25	8.97	8.97	49507327	1132257920.00
2016/11/29	8.84	9.14	8.84	8.86	32249435	727809856.00
2016/11/30	8.83	9.22	8.78	9.14	38054780	862589952.00
2016/12/01	9.08	9.36	8.86	8.86	49202269	1127833344.00
2016/12/02	8.80	8.83	8.17	8.21	53480296	1133178240.00
2016/12/05	8.21	8.39	8.09	8.35	23909793	497798944.00
2016/12/06	8.32	8.50	8.25	8.29	21122257	442715296.00
2016/12/07	8.35	8.75	8.34	8.68	34962756	751273600.00
2016/12/08	8.60	8.68	8.45	8.48	23912491	512174592.00
2016/12/09	8.50	8.65	8.45	8.50	25128781	539154176.00
2016/12/12	8.49	8.51	7.76	7.84	31810177	643461184.00
2016/12/13	7.85	8.01	7.75	7.95	17239056	342298592.00
2016/12/14	7.90	8.21	7.78	7.95	23092890	462666624.00
2016/12/15	7.92	8.24	7.90	8.10	21215833	431384000.00
2016/12/16	8.13	8.32	8.05	8.19	21006257	433463808.00
2016/12/19	8.14	8.20	8.02	8.06	12448008	253415808.00
2016/12/20	8.03	8.12	7.97	8.03	10641375	214565520.00
2016/12/21	8.15	8.21	8.00	8.05	13708662	278073984.00
2016/12/22	8.04	8.06	7.85	7.88	12121208	240806528.00
2016/12/23	7.88	7.94	7.75	7.87	15188785	299170656.00
2016/12/26	7.80	7.95	7.61	7.94	14022450	274636800.00
2016/12/27	7.93	8.10	7.85	8.00	15467491	309347200.00
2016/12/28	8.04	8.11	7.96	8.07	14795321	298581632.00
2016/12/29	8.04	8.06	7.80	7.81	13733899	272659712.00
2016/12/30	7.78	7.89	7.69	7.74	8453350	165209456.00
2017/01/03	7.80	7.87	7.75	7.78	7216138	141130736.00
2017/01/04	7.78	8.02	7.76	8.02	17604336	350677056.00
2017/01/05	8.02	8.02	7.86	7.88	10717367	213099440.00
2017/01/06	7.88	7.93	7.71	7.72	10492168	204962016.00
2017/01/09	7.65	7.74	7.46	7.60	12163434	231418048.00
2017/01/10	7.61	7.63	7.49	7.53	7424790	140717152.00
2017/01/11	7.55	7.56	7.24	7.24	13031207	241112480.00
2017/01/12	7.24	7.33	7.18	7.18	6723985	122708688.00
2017/01/13	7.20	7.21	7.02	7.04	9506010	169618736.00
2017/01/16	7.11	7.11	6.34	6.48	13770461	231605072.00
2017/01/17	6.46	6.85	6.36	6.75	11804905	195783504.00
2017/01/18	6.69	6.69	6.55	6.57	7916959	131346224.00
2017/01/19	6.52	6.79	6.51	6.67	8633084	144589264.00
2017/01/20	6.65	7.00	6.61	6.91	12970783	224928832.00
2017/01/23	6.88	6.98	6.85	6.92	7026761	121932592.00
2017/01/24	6.92	6.92	6.80	6.80	6834970	117259352.00
2017/01/25	6.79	7.09	6.78	6.95	9639162	168573072.00
2017/01/26	6.96	7.00	6.90	6.98	5438690	95051496.00
2017/02/03	6.96	7.11	6.94	6.98	5362033	94287304.00
2017/02/06	7.00	7.08	6.96	7.05	5158180	90973776.00
2017/02/07	7.05	7.06	6.88	6.93	6845523	119560248.00
2017/02/08	6.89	6.97	6.83	6.96	6545871	113276448.00
2017/02/09	6.97	7.18	6.91	7.08	13786629	244765888.00
2017/02/10	7.09	7.13	6.99	7.00	8608846	152097216.00
2017/02/13	7.02	7.12	6.95	7.08	8164807	144588368.00
2017/02/14	7.09	7.09	7.00	7.02	6219122	109791456.00
2017/02/15	7.00	7.03	6.77	6.81	10248493	177644448.00
2017/02/16	6.84	6.90	6.73	6.78	9335453	159295600.00
2017/02/17	6.75	6.81	6.62	6.64	7614714	128161264.00
2017/02/20	6.64	6.72	6.61	6.72	5649684	94576880.00
2017/02/21	6.72	6.94	6.71	6.90	11194482	192638880.00
2017/02/22	6.92	6.94	6.80	6.87	6239816	107464488.00
2017/02/23	6.88	7.05	6.82	7.04	13260909	231155232.00
2017/02/24	7.05	7.31	6.98	7.18	18303595	328500288.00
2017/02/27	7.11	7.21	7.07	7.14	13489790	241437808.00
2017/02/28	7.08	7.18	7.05	7.10	10788244	192774656.00
2017/03/01	7.10	7.16	7.04	7.07	8755847	155744928.00
2017/03/02	7.13	7.13	6.98	7.01	7247511	127795216.00
2017/03/03	7.04	7.19	6.91	7.14	13830446	245945328.00
2017/03/06	7.17	7.39	7.14	7.36	18618922	340186304.00
2017/03/07	7.35	7.48	7.25	7.43	18587018	343078720.00
2017/03/08	7.39	7.49	7.29	7.34	14598623	270614272.00
2017/03/09	7.31	7.33	7.19	7.22	8913968	161651728.00
2017/03/10	7.16	7.39	7.11	7.30	13864407	252778416.00
2017/03/13	7.27	7.33	7.14	7.26	10123129	184150480.00
2017/03/14	7.26	7.37	7.18	7.22	9088776	165872896.00
2017/03/15	7.18	7.21	7.09	7.12	8764696	157044992.00
2017/03/16	7.14	7.26	7.14	7.24	8742519	157953536.00
2017/03/17	7.25	7.44	7.21	7.35	19850178	365531840.00
2017/03/20	7.33	7.40	7.22	7.35	14790386	271877024.00
2017/03/21	7.33	7.35	7.21	7.26	9940728	181056480.00
2017/03/22	7.22	7.23	7.00	7.03	12243536	218137024.00
2017/03/23	7.05	7.07	6.82	6.93	11632906	203244448.00
2017/03/24	6.91	6.92	6.84	6.91	7681409	132612968.00
2017/03/27	6.91	6.95	6.84	6.86	5690189	98303456.00
2017/03/28	6.88	6.91	6.74	6.76	8275643	141802544.00
2017/03/29	6.77	6.86	6.66	6.79	8167188	138613024.00
2017/03/30	6.75	6.84	6.59	6.59	9567056	160772880.00
2017/03/31	6.59	6.68	6.58	6.65	4695091	78158920.00
2017/04/05	6.67	6.82	6.67	6.77	7188952	122104248.00
2017/04/06	6.78	6.92	6.77	6.85	7638312	131301448.00
2017/04/07	6.83	6.85	6.70	6.72	9203064	156289760.00
2017/04/10	6.64	6.64	6.34	6.36	14125539	227384416.00
2017/04/11	6.36	6.46	6.36	6.46	7696731	124102024.00
2017/04/12	6.48	6.50	6.40	6.40	5644973	91533008.00
2017/04/13	6.41	6.48	6.37	6.41	4775409	77117384.00
2017/04/14	6.42	6.42	6.34	6.37	4681776	74931184.00
2017/04/17	6.37	6.37	6.13	6.16	6244136	97301928.00
2017/04/18	6.22	6.29	6.08	6.09	4877783	75890048.00
2017/04/19	6.09	6.14	5.92	6.06	6459045	97617344.00
2017/04/20	6.06	6.11	5.96	6.01	4944445	74865808.00
2017/04/21	6.03	6.06	5.96	5.96	4195809	63233596.00
2017/04/24	5.97	5.97	5.37	5.62	6010681	85457168.00
2017/04/25	5.64	5.70	5.63	5.65	4084347	58168428.00
2017/04/26	5.64	5.73	5.62	5.64	4247085	60504104.00
2017/04/27	5.59	5.72	5.39	5.69	9163704	127382864.00
2017/04/28	5.66	5.70	5.60	5.68	4060189	57742972.00
2017/05/02	5.66	5.90	5.62	5.78	5503317	79723448.00
2017/05/03	5.79	5.83	5.69	5.78	3978241	57754028.00
2017/05/04	5.77	5.85	5.70	5.79	4870034	70907104.00
2017/05/05	5.77	5.90	5.75	5.81	5743503	84231992.00
2017/05/08	5.79	5.85	5.67	5.67	4474792	64708300.00
2017/05/09	5.61	5.78	5.60	5.76	3766400	54087804.00
2017/05/10	5.76	5.83	5.64	5.64	4808965	69479936.00
2017/05/11	5.66	5.66	5.30	5.57	7288434	100518480.00
2017/05/12	5.55	5.55	5.42	5.53	4346786	59849984.00
2017/05/15	6.09	6.09	6.02	6.09	17538616	268042272.00
2017/05/16	6.05	6.36	5.99	6.32	37271497	577393600.00
2017/05/17	6.17	6.27	6.14	6.16	19403041	301766176.00
2017/05/18	6.09	6.36	6.04	6.30	17561385	274294880.00
2017/05/19	6.28	6.28	5.90	6.08	17000423	259005072.00
2017/05/22	6.01	6.06	5.47	5.51	29057643	166992800.00
2017/05/23	5.45	5.51	5.12	5.19	25741780	136942912.00
2017/05/24	5.10	5.34	5.04	5.27	18041745	94517048.00
2017/05/25	5.22	5.36	5.09	5.29	19373649	101400968.00
2017/05/26	5.29	5.48	5.27	5.47	20027293	107771560.00
2017/05/31	5.56	5.57	5.34	5.35	17615735	96008440.00
2017/06/01	5.30	5.32	5.00	5.19	21632742	111625488.00
2017/06/02	5.13	5.25	5.06	5.21	14049801	72886960.00
2017/06/05	5.23	5.48	5.19	5.32	18664668	99458928.00
2017/06/06	5.27	5.44	5.25	5.29	13886432	74102896.00
2017/06/07	5.31	5.56	5.25	5.50	26677070	145771344.00
2017/06/08	5.49	5.56	5.42	5.42	18562375	101728664.00
2017/06/09	5.42	5.52	5.37	5.50	15457962	84444440.00
2017/06/12	5.49	5.49	5.29	5.30	13925821	74872520.00
2017/06/13	5.27	5.46	5.25	5.38	12519586	67495736.00
2017/06/14	5.38	5.48	5.32	5.43	15516496	84204880.00
2017/06/15	5.39	5.72	5.37	5.62	32934249	184172800.00
2017/06/16	5.60	5.69	5.53	5.55	18411754	102874848.00
2017/06/19	5.54	5.60	5.49	5.57	9938114	55223328.00
2017/06/20	5.59	6.13	5.59	5.88	86450507	520915616.00
2017/06/21	5.74	5.91	5.69	5.72	45870829	264584800.00
2017/06/22	5.71	5.78	5.53	5.54	30145571	171394528.00
2017/06/23	5.53	5.65	5.49	5.64	19867937	110950912.00
2017/06/26	5.61	5.73	5.55	5.72	15784792	89367064.00
2017/06/27	5.72	5.75	5.65	5.69	11612791	66248400.00
2017/06/28	5.87	6.04	5.73	5.91	39115268	229210448.00
2017/06/29	5.92	5.92	5.82	5.84	24592719	144432976.00
2017/06/30	5.80	5.84	5.72	5.76	14691828	84977032.00
2017/07/03	5.74	5.78	5.66	5.76	12043855	69079808.00
2017/07/04	5.75	5.79	5.67	5.78	13088975	75082352.00
2017/07/05	5.74	5.86	5.74	5.79	13002834	75506640.00
2017/07/06	5.77	5.84	5.67	5.72	17396232	100352304.00
2017/07/07	5.71	5.75	5.69	5.72	10038272	57468204.00
2017/07/10	5.73	5.74	5.52	5.55	16289340	91837936.00
2017/07/11	5.52	5.58	5.41	5.42	12866706	70725472.00
2017/07/12	5.44	5.51	5.31	5.37	12498231	67158296.00
2017/07/13	5.37	5.41	5.33	5.36	8509588	45660844.00
2017/07/14	5.38	5.41	5.33	5.36	6870134	36956724.00
2017/07/17	5.34	5.35	4.89	4.91	20458152	103905656.00
2017/07/18	4.94	5.09	4.70	5.00	19079314	93933928.00
2017/07/19	4.96	5.01	4.85	4.99	12521121	62030188.00
2017/07/20	4.97	5.05	4.95	4.96	10075793	50489404.00
2017/07/21	4.96	5.01	4.89	4.90	7987348	39569064.00
2017/07/24	4.90	4.93	4.79	4.89	10140140	49299568.00
2017/07/25	4.88	4.90	4.82	4.85	8645998	42090704.00
2017/07/26	4.87	4.92	4.83	4.85	7581425	36953784.00
2017/07/27	4.91	5.10	4.85	5.07	22092160	111122936.00
2017/07/28	5.07	5.08	4.98	5.00	13954535	70112056.00
2017/07/31	4.99	5.04	4.95	4.98	9211512	46078560.00
2017/08/01	4.98	5.03	4.97	5.01	8189513	41027128.00
2017/08/02	5.02	5.11	4.99	5.04	15794615	79800304.00
2017/08/03	5.05	5.16	5.00	5.07	19816039	100857552.00
2017/08/04	5.04	5.07	4.96	4.98	19199332	96354992.00
2017/08/07	4.98	5.04	4.96	4.98	8536597	42713024.00
2017/08/08	4.99	5.06	4.93	5.05	15376880	77217520.00
2017/08/09	5.03	5.04	4.97	4.98	10228825	51228488.00
2017/08/10	4.99	5.03	4.91	4.95	11790865	58567192.00
2017/08/11	4.91	4.96	4.89	4.91	9942520	49032500.00
2017/08/14	4.91	5.13	4.90	5.06	20872016	105018216.00
2017/08/15	5.07	5.08	5.00	5.06	14798794	74481512.00
2017/08/16	5.04	5.26	5.01	5.20	38045385	196612272.00
2017/08/17	5.15	5.36	5.12	5.25	33366872	175327728.00
2017/08/18	5.20	5.44	5.17	5.34	32993153	176281776.00
2017/08/21	5.30	5.57	5.29	5.47	33329851	182647888.00
2017/08/22	5.47	5.47	5.32	5.34	22493781	120945208.00
2017/08/23	5.34	5.36	5.22	5.26	16767399	88573504.00
2017/08/24	5.29	5.38	5.25	5.30	17087873	90991352.00
2017/08/25	5.30	5.36	5.27	5.34	14622071	78062880.00
2017/08/28	5.34	5.44	5.32	5.40	22336378	120821080.00
2017/08/29	5.39	5.39	5.27	5.29	17595750	93831744.00
2017/08/30	5.32	5.34	5.23	5.32	13594871	72023088.00
2017/08/31	5.28	5.29	5.23	5.29	11168322	58909704.00
2017/09/01	5.28	5.39	5.24	5.37	18348112	97687800.00
2017/09/04	5.39	5.53	5.34	5.46	25530126	139224640.00
2017/09/05	5.45	5.53	5.39	5.43	17388270	94752720.00
2017/09/06	5.41	5.63	5.37	5.59	37729506	208161472.00
2017/09/07	5.62	5.66	5.44	5.46	31352070	173648848.00
2017/09/08	5.45	5.49	5.40	5.46	17341442	94544600.00
2017/09/11	5.46	5.65	5.41	5.55	24304180	134460912.00
2017/09/12	5.52	5.60	5.46	5.47	20751235	114584184.00
2017/09/13	5.48	5.58	5.47	5.50	14576990	80542920.00
2017/09/14	5.50	5.53	5.43	5.43	15922125	87260384.00
2017/09/15	5.41	5.46	5.31	5.32	15940630	85913680.00
2017/09/18	5.32	5.40	5.32	5.37	9656755	51821992.00
2017/09/19	5.37	5.39	5.29	5.31	10551922	56337612.00
2017/09/20	5.31	5.37	5.28	5.36	13136895	70093440.00
2017/09/21	5.37	5.48	5.31	5.35	20897125	112805816.00
2017/09/22	5.31	5.35	5.27	5.31	13377100	70992192.00
2017/09/25	5.32	5.34	5.21	5.23	10713649	56697468.00
2017/09/26	5.23	5.26	5.08	5.11	12913440	66641324.00
2017/09/27	5.11	5.15	5.08	5.14	8592560	44117044.00
2017/09/28	5.12	5.16	5.10	5.10	7593750	39014812.00
2017/09/29	5.11	5.17	5.11	5.16	8797155	45302240.00
2017/10/09	5.21	5.31	5.19	5.24	11756751	61791336.00
2017/10/10	5.24	5.44	5.22	5.40	20950600	111830280.00
2017/10/11	5.38	5.44	5.32	5.34	14637667	78746152.00
2017/10/12	5.37	5.40	5.27	5.37	12041323	64409448.00
2017/10/13	5.35	5.35	5.27	5.31	11350462	60286048.00
2017/10/16	5.33	5.34	5.09	5.12	16453000	85511224.00
2017/10/17	5.14	5.18	5.10	5.14	6364281	32740542.00
2017/10/18	5.13	5.16	5.05	5.06	8873075	45465200.00
2017/10/19	5.07	5.09	4.97	4.99	9580717	48144468.00
2017/10/20	4.97	5.07	4.96	5.06	4903937	24728810.00
2017/10/23	5.06	5.09	5.04	5.09	4609118	23395704.00
2017/10/24	5.09	5.09	4.99	5.03	6812036	34301924.00
2017/10/25	5.03	5.08	5.02	5.08	5476073	27720696.00
2017/10/26	5.09	5.21	5.06	5.15	15438025	79601720.00
2017/10/27	5.15	5.19	5.06	5.07	11147239	56991496.00
2017/10/30	5.06	5.08	4.85	4.93	13995866	69183488.00
2017/10/31	4.92	5.27	4.90	5.23	28122045	144262880.00
2017/11/01	5.16	5.31	5.05	5.22	36596583	188461888.00
2017/11/02	5.09	5.11	4.96	4.99	32562346	163966720.00
2017/11/03	4.79	4.79	4.59	4.71	31262715	147373920.00
2017/11/06	4.71	4.75	4.65	4.71	9875850	46539260.00
2017/11/07	4.73	4.73	4.60	4.68	15768753	73413648.00
2017/11/08	4.66	4.87	4.63	4.77	18146345	85678688.00
2017/11/09	4.73	5.25	4.71	5.07	78344480	403160768.00
2017/11/10	4.97	5.09	4.87	4.91	49238264	243885680.00
2017/11/13	4.91	4.94	4.81	4.84	20044075	97810784.00
2017/11/14	4.82	4.85	4.70	4.76	20260175	96376864.00
2017/11/15	4.74	4.75	4.70	4.72	9704440	45898400.00
2017/11/16	4.70	4.88	4.69	4.74	13516098	64912648.00
2017/11/17	4.75	4.77	4.57	4.57	16780196	77966264.00
2017/11/20	4.58	4.60	4.45	4.58	9695777	43907628.00
2017/11/21	4.59	4.59	4.49	4.54	8704463	39572556.00
2017/11/22	4.55	4.55	4.47	4.49	12500683	56261584.00
2017/11/23	4.48	4.53	4.40	4.41	11368232	50864380.00
2017/11/24	4.40	4.44	4.36	4.44	9356155	41165652.00
2017/11/27	4.40	4.42	4.27	4.28	16049572	69615864.00
2017/11/28	4.29	4.33	4.27	4.32	9104965	39265400.00
2017/11/29	4.32	4.33	4.20	4.22	11761475	49959756.00
2017/11/30	4.21	4.27	4.20	4.22	7458677	31610732.00
2017/12/01	4.23	4.31	4.21	4.26	15033103	63980044.00
2017/12/04	4.25	4.25	4.17	4.22	10215280	42921164.00
2017/12/05	4.19	4.21	4.00	4.21	24673652	102132520.00
2017/12/06	4.15	4.22	4.11	4.21	10250875	42781188.00
2017/12/07	4.22	4.24	4.17	4.22	6193445	26117138.00
2017/12/08	4.17	4.24	4.14	4.19	8265713	34776816.00
2017/12/11	4.60	4.61	4.24	4.32	49826268	218881360.00
2017/12/12	4.28	4.32	4.23	4.24	20875688	89148344.00
2017/12/13	4.22	4.24	4.15	4.19	14217850	59638436.00
2017/12/14	4.18	4.23	4.16	4.20	9387270	39528964.00
2017/12/15	4.19	4.20	4.13	4.14	11448858	47713884.00
2017/12/18	4.13	4.14	4.05	4.08	11620469	47478092.00
2017/12/19	4.08	4.13	4.06	4.11	8921750	36786384.00
2017/12/20	4.09	4.11	4.04	4.05	8011675	32638846.00
2017/12/21	4.05	4.06	4.00	4.04	7123250	28808896.00
2017/12/22	4.04	4.05	3.98	4.00	13568175	54478236.00
2017/12/25	4.00	4.02	3.93	3.98	9155700	36460416.00
2017/12/26	3.96	4.01	3.94	4.00	6004673	23975196.00
2017/12/27	3.97	4.00	3.92	3.95	7663605	30479534.00
2017/12/28	3.94	3.99	3.92	3.93	18571276	73490264.00
2017/12/29	3.96	4.00	3.95	3.97	13854049	55104344.00
2018/01/02	4.00	4.02	3.96	3.99	8850292	35388996.00
2018/01/03	3.96	4.04	3.94	4.03	17933075	71671496.00
2018/01/04	4.02	4.15	3.99	4.09	21825666	89332144.00
2018/01/05	4.08	4.11	4.05	4.07	9312248	38016748.00
2018/01/08	4.06	4.23	4.02	4.16	19849663	81677408.00
2018/01/09	4.09	4.16	4.07	4.12	14752115	60830936.00
2018/01/10	4.10	4.44	4.07	4.36	40213349	171568160.00
2018/01/11	4.30	4.58	4.27	4.51	56970981	253325712.00
2018/01/12	4.42	4.49	4.32	4.33	30935155	136407600.00
2018/01/15	4.31	4.32	4.15	4.16	16737965	70674720.00
2018/01/16	4.18	4.25	4.16	4.19	10866345	45828504.00
2018/01/17	4.17	4.22	4.09	4.14	13502041	56084300.00
2018/01/18	4.11	4.18	4.10	4.14	9315770	38632596.00
2018/01/19	4.14	4.21	4.12	4.14	8348175	34836428.00
2018/01/22	4.14	4.26	4.07	4.25	17384045	73061648.00
2018/01/23	4.22	4.30	4.19	4.21	10182500	43185400.00
2018/01/24	4.18	4.29	4.16	4.28	15844716	67505464.00
2018/01/25	4.27	4.47	4.24	4.26	19010835	82620096.00
2018/01/26	4.27	4.35	4.23	4.30	13187340	56623364.00
2018/01/29	4.27	4.34	4.23	4.27	12056785	51736948.00
2018/01/30	4.27	4.30	4.23	4.25	6822510	29155326.00
2018/01/31	4.26	4.26	4.04	4.04	15314304	63281188.00
2018/02/01	4.05	4.09	3.74	3.76	24135735	94154712.00
2018/02/02	3.76	3.81	3.39	3.73	40964357	147257760.00
2018/02/05	3.50	3.65	3.50	3.58	12282831	44239964.00
2018/02/06	3.51	3.59	3.44	3.52	15551150	55011108.00
2018/02/07	3.58	3.64	3.48	3.57	11014955	39347636.00
2018/02/08	3.56	3.73	3.53	3.63	12618650	46111004.00
2018/02/09	3.59	3.99	3.49	3.76	40200190	154115232.00
2018/02/12	3.66	3.84	3.66	3.78	22865650	86452408.00
2018/02/13	3.79	3.87	3.72	3.73	14329222	54329988.00
2018/02/14	3.73	3.76	3.65	3.67	7837512	29002602.00
2018/02/22	3.69	3.73	3.66	3.70	14878657	55012800.00
2018/02/23	3.70	3.72	3.67	3.69	8927250	33071004.00
2018/02/26	3.71	3.82	3.69	3.78	15433933	58158484.00
2018/02/27	3.80	3.94	3.75	3.83	20984870	81234336.00
2018/02/28	3.80	4.19	3.75	3.97	41695351	167277184.00
2018/03/01	3.92	4.18	3.88	4.12	44585841	181459584.00
2018/03/02	4.06	4.15	4.01	4.05	29442680	120199080.00
2018/03/05	4.05	4.10	4.02	4.08	15053092	61237000.00
2018/03/06	4.09	4.15	4.02	4.08	21416425	87215352.00
2018/03/07	4.04	4.07	3.97	3.98	17159570	69050136.00
2018/03/08	3.96	4.14	3.96	4.05	20735100	84497552.00
2018/03/09	4.03	4.23	4.01	4.17	42936808	178084432.00
2018/03/12	4.23	4.34	4.20	4.28	38287903	163333728.00
2018/03/13	4.25	4.42	4.22	4.31	35891640	155685008.00
2018/03/14	4.27	4.36	4.21	4.22	24323827	104203904.00
2018/03/15	4.19	4.22	4.08	4.14	20619990	85629704.00
2018/03/16	4.14	4.20	4.13	4.13	10112215	42211104.00
2018/03/19	4.16	4.36	4.16	4.24	29538643	125815168.00
2018/03/20	4.19	4.43	4.16	4.35	33951904	146142080.00
2018/03/21	4.38	4.51	4.24	4.28	49507012	218573040.00
2018/03/22	4.28	4.37	4.22	4.28	23240757	100037008.00
2018/03/23	4.09	4.19	3.91	3.98	33212108	135776320.00
2018/03/26	3.90	4.11	3.79	4.09	20018283	80377264.00
2018/03/27	4.15	4.49	4.15	4.36	51787958	224636464.00
2018/03/28	4.30	4.80	4.29	4.80	152780785	727959168.00
2018/03/29	4.85	5.03	4.74	4.77	152640300	746357888.00
2018/03/30	4.77	5.24	4.69	5.11	127269313	639325376.00
2018/04/02	5.15	5.62	5.04	5.52	162767221	893910400.00
2018/04/03	5.40	5.61	5.24	5.52	104164531	564939200.00
2018/04/04	5.51	5.51	4.99	5.15	113329726	591101952.00
2018/04/09	5.14	5.24	4.99	5.14	69490690	355020128.00
2018/04/10	5.16	5.17	4.79	4.92	76951640	379969952.00
2018/04/11	4.95	5.40	4.95	5.11	102959494	534198720.00
2018/04/12	5.10	5.28	5.02	5.03	68285205	352426624.00
2018/04/13	5.12	5.24	5.02	5.12	52673330	270861120.00
2018/04/16	5.13	5.62	5.07	5.58	127221394	689001280.00
2018/04/17	5.58	5.98	5.40	5.59	124186167	712417792.00
2018/04/18	5.69	6.15	5.50	6.15	163175201	972043456.00
2018/04/19	6.35	6.55	6.04	6.08	173563513	1094276352.00
2018/04/20	6.13	6.22	5.92	6.02	103198029	625371968.00
2018/04/23	6.09	6.09	5.42	5.43	138626346	775091328.00
2018/04/24	5.35	5.66	5.19	5.63	96497013	523155936.00
2018/04/25	5.53	5.73	5.47	5.66	77535822	437486880.00
2018/04/26	5.57	5.83	5.41	5.56	81634148	462156192.00
2018/04/27	5.60	5.65	5.12	5.18	61110832	332407872.00
2018/05/02	5.27	5.45	5.15	5.33	55189019	294581632.00
2018/05/03	5.39	5.49	5.08	5.45	61344490	325004736.00
2018/05/04	5.38	5.43	5.18	5.21	47838398	253572560.00
2018/05/07	5.20	5.41	5.20	5.36	38531137	205858224.00
2018/05/08	5.40	5.43	5.22	5.38	52804910	280789216.00
2018/05/09	5.36	5.42	5.30	5.34	30028238	161138688.00
2018/05/10	5.36	5.36	5.10	5.20	40093778	209393328.00
2018/05/11	5.21	5.22	5.07	5.08	30826799	157966528.00
2018/05/14	5.11	5.11	4.86	4.90	36610868	182811264.00
2018/05/15	4.90	5.04	4.90	5.03	27583741	137374272.00
2018/05/16	5.02	5.03	4.93	4.94	21627916	107798680.00
2018/05/17	4.97	5.04	4.94	5.03	24189475	121335784.00
2018/05/18	5.04	5.06	4.97	5.04	16135325	81181640.00
2018/05/21	5.04	5.28	5.04	5.27	40058564	208149712.00
2018/05/22	5.25	5.26	5.17	5.23	21358175	111444048.00
2018/05/23	5.19	5.39	5.11	5.23	33491992	175589568.00
2018/05/24	5.18	5.25	5.12	5.13	18895399	98333480.00
2018/05/25	5.14	5.19	4.98	4.98	19715050	99975848.00
2018/05/28	4.98	4.98	4.59	4.64	33829703	162550656.00
2018/05/29	4.61	4.76	4.60	4.68	19070865	89507576.00
2018/05/30	4.62	4.68	4.42	4.47	21564577	98599008.00
2018/05/31	4.52	4.59	4.47	4.49	18084450	81958688.00
2018/06/01	4.46	4.47	4.21	4.31	23656050	102920488.00
2018/06/04	4.35	4.41	4.32	4.38	17692059	77505408.00
2018/06/05	4.40	4.58	4.38	4.55	20631419	93269088.00
2018/06/06	4.53	4.61	4.46	4.47	15872504	71741728.00
2018/06/07	4.47	4.58	4.38	4.41	13333850	59500148.00
2018/06/08	4.42	4.45	4.24	4.30	17228490	74411168.00
2018/06/11	4.30	4.41	4.25	4.37	16336193	71076200.00
2018/06/12	4.38	4.40	4.22	4.28	19118027	81813720.00
2018/06/13	4.24	4.40	4.20	4.21	21691326	92984568.00
2018/06/14	4.16	4.20	3.94	3.99	36855564	149186912.00
2018/06/15	4.00	4.04	3.86	3.92	21204037	83601776.00
2018/06/19	3.84	3.85	3.53	3.61	32008447	117065704.00
2018/06/20	3.59	3.73	3.50	3.66	32222425	116481256.00
2018/06/21	3.70	3.70	3.38	3.41	37138615	130573368.00
2018/06/22	3.44	3.75	3.41	3.75	48924119	178574656.00
2018/06/25	3.80	3.97	3.73	3.73	62059280	238686848.00
2018/06/26	3.70	3.95	3.67	3.92	46877375	181672768.00
2018/06/27	3.91	4.02	3.85	3.87	39294670	153481088.00
2018/06/28	3.83	3.95	3.78	3.80	28247530	109388832.00
2018/06/29	3.80	4.10	3.80	4.04	38715952	153719888.00
2018/07/02	4.05	4.17	3.99	4.08	40165200	163618448.00
2018/07/03	4.05	4.27	3.98	4.21	40319570	166378736.00
2018/07/04	4.18	4.19	4.01	4.03	30636974	125058632.00
2018/07/05	3.98	4.08	3.92	3.92	23447274	93719576.00
2018/07/06	3.99	4.17	3.93	4.04	33369620	134817120.00
2018/07/09	4.06	4.13	4.03	4.11	24416450	99741320.00
2018/07/10	4.08	4.09	3.98	4.04	22650544	91126480.00
2018/07/11	3.96	3.96	3.67	3.83	35026223	133673672.00
2018/07/12	3.80	3.97	3.76	3.93	39346846	153737104.00
2018/07/13	3.96	4.04	3.92	3.96	28610367	113742424.00
2018/07/16	3.97	4.18	3.93	4.06	42663873	172708432.00
2018/07/17	4.07	4.10	3.97	4.05	27848400	112079864.00
2018/07/18	4.06	4.08	3.98	3.98	23806531	95837864.00
2018/07/19	3.96	4.02	3.89	4.00	23952855	94927352.00
2018/07/20	3.98	4.14	3.93	4.09	37800835	153751648.00
2018/07/23	4.07	4.15	4.04	4.12	34945236	143181168.00
2018/07/24	4.10	4.18	4.06	4.17	35351396	145931888.00
2018/07/25	4.17	4.32	4.14	4.20	32427125	136799296.00
2018/07/26	4.19	4.23	4.11	4.15	27994410	116427448.00
2018/07/27	4.17	4.17	4.06	4.08	18578042	76310760.00
2018/07/30	4.07	4.13	4.00	4.03	21719025	87958352.00
2018/07/31	4.02	4.07	4.00	4.05	12038585	48661072.00
2018/08/01	4.05	4.09	3.94	3.94	14028225	56394384.00
2018/08/02	3.94	3.94	3.63	3.85	22739075	86317760.00
2018/08/03	3.83	3.88	3.78	3.80	9964650	38114008.00
2018/08/06	3.80	3.86	3.74	3.80	11728900	44671448.00
2018/08/07	3.78	3.89	3.77	3.89	12279449	47285632.00
2018/08/08	3.92	3.98	3.85	3.88	16785379	65789972.00
2018/08/09	3.85	4.15	3.85	4.09	36523671	147825888.00
2018/08/10	4.05	4.12	4.02	4.07	23574562	95928480.00
2018/08/13	4.02	4.20	3.97	4.15	24764711	101427728.00
2018/08/14	4.13	4.15	4.05	4.08	13562359	55417928.00
2018/08/15	4.07	4.08	3.95	3.97	16836894	67479512.00
2018/08/16	3.92	4.07	3.87	3.97	15271529	60967660.00
2018/08/17	4.02	4.17	3.98	4.01	30029620	122629520.00
2018/08/20	3.90	4.07	3.85	4.06	21381193	84965136.00
2018/08/21	4.02	4.10	4.00	4.06	20643010	83722032.00
2018/08/22	4.04	4.07	3.96	3.97	13913900	55786644.00
2018/08/23	3.98	4.07	3.97	4.06	17554000	70947824.00
2018/08/24	4.04	4.17	4.02	4.12	26374447	108616240.00
2018/08/27	4.13	4.22	4.10	4.16	30568385	127458872.00
2018/08/28	4.16	4.19	4.10	4.12	16624130	68757672.00
2018/08/29	4.13	4.33	4.11	4.17	28956293	121582656.00
2018/08/30	4.10	4.14	3.93	4.00	29359800	118391544.00
2018/08/31	3.98	4.04	3.95	3.97	12011950	47959832.00
2018/09/03	3.96	4.00	3.85	3.99	14801026	58099888.00
2018/09/04	3.98	4.08	3.95	4.05	17115835	68771504.00
2018/09/05	4.03	4.06	3.95	3.95	14662734	58742208.00
2018/09/06	3.95	4.22	3.90	4.12	44483827	182195488.00
2018/09/07	4.12	4.18	3.98	4.08	33890994	137878960.00
2018/09/10	4.04	4.05	3.91	3.91	19325465	76717848.00
2018/09/11	3.91	3.97	3.88	3.92	12454501	48862588.00
2018/09/12	3.89	3.96	3.89	3.91	7951022	31168578.00
2018/09/13	3.94	3.99	3.92	3.97	9930975	39307672.00
2018/09/14	3.97	3.99	3.90	3.91	8531962	33533534.00
2018/09/17	3.91	3.91	3.85	3.86	7326015	28366930.00
2018/09/18	3.85	3.94	3.85	3.93	7819858	30457440.00
2018/09/19	3.91	4.00	3.90	3.97	12505745	49515300.00
2018/09/20	3.97	3.97	3.88	3.90	10790324	42290280.00
2018/09/21	3.91	3.95	3.88	3.93	10625080	41656436.00
2018/09/25	3.92	3.96	3.90	3.93	7036049	27627054.00
2018/09/26	3.93	3.95	3.89	3.91	9517862	37276112.00
2018/09/27	3.90	3.91	3.80	3.81	12949013	49877468.00
2018/09/28	3.81	3.84	3.80	3.82	6142588	23478710.00
2018/10/08	3.78	3.78	3.61	3.62	13153769	48407752.00
2018/10/09	3.62	3.68	3.60	3.63	5741486	20894054.00
2018/10/10	3.64	3.67	3.60	3.63	5571050	20234008.00
2018/10/11	3.57	3.57	3.27	3.33	20836008	70165072.00
2018/10/12	3.29	3.34	3.03	3.34	23363801	74960032.00
2018/10/15	3.32	3.38	3.21	3.23	11215985	37151064.00
2018/10/16	3.23	3.28	2.96	3.24	36946575	113274992.00
2018/10/17	3.18	3.26	3.07	3.17	33526150	106251424.00
2018/10/18	3.16	3.16	3.01	3.02	19096554	58554240.00
2018/10/19	2.96	3.13	2.91	3.11	23489181	71626840.00
2018/10/22	3.12	3.32	3.12	3.30	32098342	103702136.00
2018/10/23	3.27	3.30	3.17	3.19	19815600	63939600.00
2018/10/24	3.18	3.25	3.16	3.18	11830442	37826060.00
2018/10/25	3.09	3.18	3.02	3.15	15605267	48367316.00
2018/10/26	3.18	3.22	3.16	3.17	12760039	40654432.00
2018/10/29	3.14	3.21	3.12	3.14	9482225	29996126.00
2018/10/30	3.13	3.20	3.08	3.17	11081975	34928996.00
2018/10/31	3.17	3.27	3.15	3.22	14624960	47070760.00
2018/11/01	3.29	3.33	3.23	3.24	22955258	75251776.00
2018/11/02	3.30	3.37	3.26	3.35	27007312	89521584.00
2018/11/05	3.33	3.42	3.29	3.37	28231449	94813944.00
2018/11/06	3.33	3.35	3.26	3.34	16328200	54003408.00
2018/11/07	3.35	3.40	3.31	3.37	22406294	75463544.00
2018/11/08	3.39	3.40	3.30	3.31	15174500	50680548.00
2018/11/09	3.28	3.35	3.25	3.32	11569460	38297636.00
2018/11/12	3.33	3.45	3.30	3.45	23933815	81161744.00
2018/11/13	3.38	3.68	3.38	3.60	48065200	170390624.00
2018/11/14	3.58	3.83	3.57	3.64	52443275	193240768.00
2018/11/15	3.61	3.71	3.57	3.69	31607725	114835536.00
2018/11/16	3.72	3.78	3.66	3.72	32981350	122520352.00
2018/11/19	3.73	3.76	3.61	3.67	27659529	101376656.00
2018/11/20	3.63	3.72	3.56	3.57	20543503	74494336.00
2018/11/21	3.52	3.60	3.49	3.57	16231224	57745704.00
2018/11/22	3.41	3.45	3.29	3.40	52045977	175334608.00
2018/11/23	3.38	3.39	3.18	3.22	32175945	105755248.00
2018/11/26	3.22	3.28	3.20	3.22	14247900	46112460.00
2018/11/27	3.24	3.29	3.22	3.26	13970089	45509336.00
2018/11/28	3.26	3.33	3.19	3.31	19487499	63677816.00
2018/11/29	3.32	3.33	3.21	3.21	15771389	51503840.00
2018/11/30	3.20	3.22	3.12	3.21	13633754	43317828.00
2018/12/03	3.32	3.37	3.27	3.34	22311833	74156904.00
2018/12/04	3.33	3.43	3.32	3.39	20601417	69648272.00
2018/12/05	3.32	3.39	3.28	3.37	20476650	68570160.00
2018/12/06	3.36	3.47	3.31	3.36	26242605	89077056.00
2018/12/07	3.34	3.37	3.28	3.31	17547180	58248000.00
2018/12/10	3.24	3.29	3.22	3.23	12962450	42104000.00
2018/12/11	3.26	3.28	3.22	3.26	9269872	30137212.00
2018/12/12	3.26	3.27	3.22	3.24	8499700	27571634.00
2018/12/13	3.25	3.31	3.21	3.26	13719497	44760192.00
2018/12/14	3.26	3.27	3.16	3.17	12675508	40723492.00
2018/12/17	3.15	3.25	3.08	3.20	12131020	38272492.00
2018/12/18	3.16	3.20	3.12	3.14	9342887	29491312.00
2018/12/19	3.17	3.26	3.12	3.23	21665777	69310792.00
2018/12/20	3.18	3.25	3.14	3.22	15269275	48758360.00
2018/12/21	3.20	3.33	3.18	3.29	25397882	83361424.00
2018/12/24	3.28	3.42	3.25	3.37	27937485	93536240.00
2018/12/25	3.33	3.41	3.28	3.41	32533259	108817048.00
2018/12/26	3.38	3.43	3.32	3.34	22493050	75717448.00
2018/12/27	3.38	3.39	3.16	3.18	27655264	90401480.00
2018/12/28	3.19	3.32	3.19	3.29	25697827	84197872.00
2019/01/02	3.29	3.43	3.27	3.40	35183139	118861680.00
2019/01/03	3.39	3.45	3.36	3.37	30362096	103314048.00
数据来源:通达信
