300403 汉宇集团 日线 前复权
      日期	    开盘	    最高	    最低	    收盘	    成交量	    成交额
2014/10/30	4.35	5.38	4.35	5.38	47300	1309318.00
2014/10/31	6.00	6.00	6.00	6.00	12800	391296.00
2014/11/03	6.68	6.68	6.68	6.68	9811	329943.94
2014/11/04	7.43	7.43	7.43	7.43	27200	1006128.00
2014/11/05	8.25	8.25	8.25	8.25	83800	3409822.00
2014/11/06	9.15	9.15	9.15	9.15	113010	5058327.50
2014/11/07	10.15	10.15	10.15	10.15	144925	7136107.00
2014/11/10	11.24	11.24	11.24	11.24	302561	16386704.00
2014/11/11	12.45	12.45	12.23	12.45	8067797	480094592.00
2014/11/12	13.43	13.77	12.46	13.77	9600117	619296704.00
2014/11/13	14.76	15.23	14.34	15.23	5712750	404717024.00
2014/11/14	16.83	16.83	14.02	14.54	19418689	1440001408.00
2014/11/17	13.65	13.77	13.01	13.02	11426395	720983936.00
2014/11/18	12.77	13.28	12.43	13.10	7972591	487321760.00
2014/11/19	12.77	13.25	12.61	12.77	5055434	310802144.00
2014/11/20	12.59	13.76	12.45	13.33	8660355	545416384.00
2014/11/21	13.16	13.22	12.81	12.85	5701780	353141024.00
2014/11/24	12.87	12.99	12.56	12.61	4928277	299022720.00
2014/11/25	12.56	12.59	11.37	11.73	7719256	442345984.00
2014/11/26	11.61	12.04	11.57	11.87	3316988	188359648.00
2014/11/27	12.07	12.43	11.88	12.20	4916560	286700480.00
2014/11/28	12.10	12.17	11.90	11.97	3184077	183507536.00
2014/12/01	11.96	12.29	11.88	12.08	3032556	175844688.00
2014/12/02	12.01	13.01	11.97	12.58	5720488	345045088.00
2014/12/03	12.58	12.63	11.98	12.20	4215238	245976032.00
2014/12/04	12.04	12.18	11.94	11.99	3909291	225631248.00
2014/12/05	11.96	11.96	11.10	11.24	4388382	241764960.00
2014/12/08	11.12	11.24	10.78	10.82	3251131	171795872.00
2014/12/09	10.84	11.03	10.15	10.22	3304406	170736240.00
2014/12/10	10.20	10.54	10.10	10.47	2275751	114371312.00
2014/12/11	10.43	10.89	10.23	10.66	2472954	126831792.00
2014/12/12	10.63	10.72	10.42	10.56	1750952	89373096.00
2014/12/15	10.55	10.76	10.49	10.73	1557880	80401416.00
2014/12/16	10.73	10.79	10.37	10.39	1983373	100730576.00
2014/12/17	10.34	10.37	9.94	10.00	2446283	120206616.00
2014/12/18	9.96	10.16	9.81	9.83	1647249	79587240.00
2014/12/19	9.83	9.91	9.01	9.12	3103509	140889120.00
2014/12/22	8.90	9.10	8.32	8.40	2665674	111712568.00
2014/12/23	8.43	8.94	8.43	8.65	2210080	94749016.00
2014/12/24	8.69	9.14	8.69	9.10	2787991	122080880.00
2014/12/25	9.11	9.12	8.76	9.04	2234808	97833880.00
2014/12/26	8.93	9.19	8.85	9.06	1712982	75722872.00
2014/12/29	9.00	9.00	8.54	8.63	1665233	70938272.00
2014/12/30	8.61	8.82	8.54	8.65	1068117	45366288.00
2014/12/31	8.65	9.09	8.54	8.96	1980296	86042920.00
2015/01/05	8.93	8.93	8.54	8.76	1378325	59024732.00
2015/01/06	8.72	9.17	8.62	9.10	2219119	97498536.00
2015/01/07	9.09	9.09	8.69	8.77	1817166	78766008.00
2015/01/08	8.73	8.91	8.66	8.67	1501656	64872860.00
2015/01/09	8.54	8.79	8.49	8.51	1604797	67923152.00
2015/01/12	8.45	8.54	8.06	8.15	1678657	68486648.00
2015/01/13	8.15	9.04	8.14	9.04	2696476	115575704.00
2015/01/14	9.10	9.11	8.77	8.91	3150847	137714112.00
2015/01/15	9.05	9.11	8.81	8.83	2563235	112328720.00
2015/01/16	8.73	9.07	8.67	8.95	2316051	101211656.00
2015/01/19	8.76	9.92	8.65	9.24	6037532	278787264.00
2015/01/20	9.25	9.74	9.02	9.68	5094692	235155824.00
2015/01/21	9.65	9.79	9.50	9.59	3516184	164482256.00
2015/01/22	9.54	9.87	9.50	9.75	3200080	151477040.00
2015/01/23	9.83	9.87	9.39	9.44	2850114	133106016.00
2015/01/26	9.44	9.53	9.39	9.49	1324227	61060692.00
2015/01/27	9.49	9.56	9.23	9.35	1716425	78662696.00
2015/01/28	9.37	9.45	9.27	9.32	1273543	58226716.00
2015/01/29	9.22	9.34	9.17	9.20	804572	36318148.00
2015/01/30	9.29	9.29	8.99	8.99	1168994	52106292.00
2015/02/02	8.87	9.06	8.78	9.00	771306	33803376.00
2015/02/03	8.96	9.32	8.96	9.25	1281815	57685324.00
2015/02/04	9.31	9.37	9.10	9.10	1059349	47715528.00
2015/02/05	9.13	9.25	8.94	8.95	1264058	56397068.00
2015/02/06	8.83	8.91	8.52	8.53	1646947	70123504.00
2015/02/09	8.52	8.58	8.37	8.40	696668	29051702.00
2015/02/10	8.40	8.53	8.40	8.53	632282	26312746.00
2015/02/11	8.54	8.68	8.51	8.59	558711	23580410.00
2015/02/12	8.60	8.81	8.60	8.74	892891	38315400.00
2015/02/13	8.78	8.92	8.77	8.88	1174450	51069168.00
2015/02/16	8.89	9.00	8.83	8.96	959092	41957200.00
2015/02/17	8.94	9.06	8.94	8.98	844974	37168928.00
2015/02/25	9.05	9.05	8.70	8.75	857868	37194240.00
2015/02/26	8.75	8.85	8.68	8.84	777120	33383228.00
2015/02/27	8.83	8.98	8.77	8.97	1093813	47803712.00
2015/03/02	9.05	9.32	8.99	9.30	1984804	88999880.00
2015/03/03	9.31	9.31	9.03	9.04	1723250	77059680.00
2015/03/04	8.99	9.20	8.99	9.15	1247098	55748640.00
2015/03/05	9.21	9.49	9.16	9.41	3131536	142622784.00
2015/03/06	9.51	9.51	9.09	9.16	2329101	105048816.00
2015/03/09	8.99	9.15	8.94	9.08	969615	42983236.00
2015/03/10	9.07	9.27	9.06	9.19	1231015	55285848.00
2015/03/11	9.18	9.20	8.95	9.01	1288464	56995620.00
2015/03/12	8.94	9.01	8.74	8.77	1648326	71509624.00
2015/03/13	8.81	9.01	8.81	9.00	1189734	52200140.00
2015/03/16	9.10	9.35	9.10	9.32	2316740	104618632.00
2015/03/17	9.42	9.43	9.22	9.34	3052105	139314096.00
2015/03/18	9.38	10.25	9.34	10.07	5840425	278736512.00
2015/03/19	10.10	11.14	9.88	10.96	8641137	440897056.00
2015/03/20	11.06	11.08	10.65	10.77	4283736	224232816.00
2015/03/23	10.79	10.99	10.51	10.98	3579113	185713184.00
2015/03/24	10.97	11.13	10.42	10.79	4219206	219003376.00
2015/03/25	10.73	10.86	10.43	10.76	3089252	158891536.00
2015/03/26	10.74	10.74	10.07	10.21	3299776	166137168.00
2015/03/27	10.20	10.76	10.12	10.76	3196456	162706496.00
2015/03/30	10.76	10.76	10.43	10.62	2328827	119186368.00
2015/03/31	10.47	10.76	10.41	10.52	2002108	102551456.00
2015/04/01	10.48	10.60	10.47	10.51	3093906	157343904.00
2015/04/02	10.49	10.92	10.49	10.92	4531760	234186016.00
2015/04/03	10.92	11.90	10.76	11.69	6458955	353625472.00
2015/04/07	11.67	11.98	11.57	11.70	3732425	210557136.00
2015/04/08	11.79	11.79	10.88	11.15	4803370	261406688.00
2015/04/09	11.11	11.21	10.54	11.17	3238914	169835920.00
2015/04/10	11.11	11.57	10.99	11.47	2906665	159470336.00
2015/04/13	11.51	12.44	11.47	12.13	4788436	275987840.00
2015/04/14	12.13	12.94	11.99	12.58	5117511	308036160.00
2015/04/15	13.21	13.21	12.05	12.58	5500382	332189600.00
2015/04/16	12.53	13.89	12.28	13.67	6162717	391351296.00
2015/04/17	13.74	14.01	13.10	13.41	4225949	272203712.00
2015/04/20	13.21	13.54	12.10	12.27	4620574	282790144.00
2015/04/21	12.21	12.69	12.11	12.66	2691318	160996112.00
2015/04/22	12.68	12.93	12.52	12.73	2526495	153464736.00
2015/04/23	13.03	13.03	12.47	12.55	2259279	135844016.00
2015/04/24	12.43	12.43	11.90	12.28	2733994	158223184.00
2015/04/27	12.31	13.03	12.31	12.67	2811194	169907216.00
2015/04/28	12.66	12.70	12.05	12.14	2220878	130033208.00
2015/04/29	11.99	12.54	11.99	12.45	1568892	91997952.00
2015/04/30	12.43	12.79	12.41	12.66	2439218	146589712.00
2015/05/04	12.65	12.69	12.21	12.35	1468057	86081408.00
2015/05/05	12.23	12.30	11.76	11.94	2076064	118340496.00
2015/05/06	11.95	12.29	11.76	11.78	1628107	93304968.00
2015/05/07	11.65	11.87	11.14	11.14	1587470	86598272.00
2015/05/08	11.32	11.66	11.30	11.64	1931043	105352368.00
2015/05/11	11.79	12.83	11.79	12.73	3194787	187325200.00
2015/05/12	12.80	13.56	12.65	12.76	5118416	316902752.00
2015/05/13	12.41	13.50	12.23	13.06	3606483	218836096.00
2015/05/14	13.03	14.43	12.88	14.43	5661969	371555040.00
2015/05/15	14.37	14.43	13.43	13.94	3712102	244544752.00
2015/05/18	14.01	15.40	14.01	15.04	4206270	294121184.00
2015/05/19	15.42	15.96	14.43	14.90	3872626	270345920.00
2015/05/20	14.96	15.39	14.29	14.38	3702941	259637056.00
2015/05/21	14.05	14.78	14.01	14.63	3090603	210177792.00
2015/05/22	15.02	15.14	14.16	14.99	3624409	250045840.00
2015/05/25	13.77	15.43	13.77	15.01	3793653	264486464.00
2015/05/26	15.09	16.56	14.96	16.32	4419341	330693760.00
2015/05/27	16.39	18.02	15.67	17.99	5963942	476026784.00
2015/05/28	18.07	19.58	16.83	16.85	6674753	580088704.00
2015/05/29	16.87	17.50	15.67	16.43	4661356	363343968.00
2015/06/01	16.55	17.09	16.05	16.85	3405816	265100448.00
2015/06/02	16.85	17.31	16.44	17.16	3272539	257683360.00
2015/06/03	17.57	18.63	17.26	17.68	3589955	299695360.00
2015/06/04	17.50	17.65	15.85	15.90	3874468	299079680.00
2015/06/05	16.40	16.59	15.31	15.67	3306866	245894032.00
2015/06/08	15.94	15.96	14.19	14.27	5178311	357393856.00
2015/06/09	14.21	14.85	14.10	14.63	3234290	221284384.00
2015/06/10	14.53	15.42	14.39	15.36	3239043	229244112.00
2015/06/11	15.33	15.45	15.13	15.32	2325575	166924960.00
2015/06/12	15.39	15.45	14.83	15.00	2503965	178365312.00
2015/06/15	15.05	15.07	14.05	14.05	3237014	218927840.00
2015/06/16	13.79	14.61	13.29	14.38	3163968	207952816.00
2015/06/17	14.38	14.92	14.13	14.87	2551541	175010064.00
2015/06/18	14.72	14.81	13.76	13.76	2146522	144798608.00
2015/06/19	13.34	13.54	12.67	12.81	2169198	134992960.00
2015/06/23	12.97	13.55	12.34	13.54	1818414	112639936.00
2015/06/24	13.84	14.18	13.54	13.97	2349040	153816208.00
2015/06/25	13.98	14.01	12.88	13.06	1874372	120294832.00
2015/06/26	12.65	12.78	11.69	11.69	2623011	151408736.00
2015/06/29	12.21	12.21	10.46	10.47	2910681	155048368.00
2015/06/30	9.85	11.58	9.85	11.56	4075296	210545312.00
2015/07/01	11.21	11.98	10.91	10.93	2513611	138515680.00
2015/07/02	11.09	11.28	9.77	10.09	2799712	140205296.00
2015/07/03	9.83	10.65	9.11	9.72	2551484	120355912.00
2015/07/06	10.76	10.76	8.68	8.90	3874521	177269824.00
2015/07/07	8.65	8.65	7.94	7.94	2076010	82911512.00
2015/07/08	7.08	7.52	7.08	7.08	4623146	162929872.00
2015/07/09	6.56	7.86	6.56	7.86	3404650	126981120.00
2015/07/10	8.61	8.71	8.34	8.71	1486860	62212304.00
2015/07/13	9.32	9.65	9.18	9.65	2947431	135387936.00
2015/07/14	9.78	10.61	9.63	10.04	5075893	245815952.00
2015/07/15	9.69	9.94	8.97	8.97	2902900	130022032.00
2015/07/16	8.97	9.63	8.21	9.33	2432399	107854256.00
2015/07/17	9.43	10.21	9.36	10.11	1978650	93576616.00
2015/07/20	10.11	10.40	9.77	10.11	2498708	121474280.00
2015/07/21	9.99	10.34	9.74	10.25	1914482	92992072.00
2015/07/22	10.30	10.38	9.94	10.25	2010260	98248824.00
2015/07/23	10.25	11.10	10.00	10.99	2963585	151043536.00
2015/07/24	10.99	11.08	10.35	10.41	3440593	178333744.00
2015/07/27	10.07	10.54	9.30	9.30	3047827	145471056.00
2015/07/28	8.73	9.94	8.32	9.29	2738655	121085208.00
2015/07/29	9.49	9.92	8.95	9.90	1992570	90569496.00
2015/07/30	9.77	10.26	9.67	9.86	2460708	118514248.00
2015/07/31	9.54	10.19	9.43	9.97	2140327	100943648.00
2015/08/03	9.83	9.97	8.94	9.19	1909368	87469920.00
2015/08/04	9.21	9.98	9.01	9.92	2118234	97214792.00
2015/08/05	9.84	10.42	9.65	10.12	2596457	125199152.00
2015/08/06	9.77	10.42	9.76	10.23	1846329	90064976.00
2015/08/07	10.23	10.60	10.23	10.52	2239710	112444200.00
2015/08/10	10.63	11.05	10.44	10.93	2429287	125292784.00
2015/08/11	10.92	11.27	10.84	10.99	2496917	131602040.00
2015/08/12	10.88	11.05	10.45	10.47	2169226	111695064.00
2015/08/13	10.48	10.90	10.39	10.85	1470530	74761456.00
2015/08/14	11.01	11.01	10.71	10.82	1256452	65188676.00
2015/08/17	10.85	11.05	10.50	10.65	1676941	86177176.00
2015/08/18	10.66	10.81	9.52	9.52	2326168	114148744.00
2015/08/19	8.91	9.63	8.63	9.53	1746357	77117984.00
2015/08/20	9.43	9.62	8.97	9.15	1084276	48882088.00
2015/08/21	8.90	9.05	8.23	8.43	1254022	53120688.00
2015/08/24	7.99	8.08	7.52	7.52	1084100	40432024.00
2015/08/25	6.70	7.15	6.70	6.70	1686763	57219400.00
2015/08/26	6.92	7.43	6.45	6.87	1952622	67690808.00
2015/08/27	7.14	7.43	6.98	7.30	1525099	54261120.00
2015/08/28	7.46	7.85	7.19	7.81	1487000	54781416.00
2015/08/31	7.59	8.12	7.54	7.59	1394399	53578476.00
2015/09/01	7.50	7.50	6.87	6.87	1060514	37266192.00
2015/09/02	6.65	7.51	6.14	6.87	1119831	38982644.00
2015/09/07	7.01	7.41	7.01	7.16	1067240	38076416.00
2015/09/08	7.12	7.93	7.06	7.82	1679944	61613004.00
2015/09/09	7.82	8.20	7.72	8.02	1808440	70291080.00
2015/09/10	7.87	7.98	7.63	7.67	941935	35993216.00
2015/09/11	7.69	7.85	7.65	7.76	678732	25740534.00
2015/09/14	7.85	7.85	6.92	6.92	1072855	38073492.00
2015/09/15	6.83	6.92	6.47	6.58	793901	26281082.00
2015/09/16	6.81	7.31	6.61	7.31	987155	34170316.00
2015/09/17	7.20	7.86	7.07	7.21	1786622	65273784.00
2015/09/18	7.32	7.45	7.13	7.34	940290	33760864.00
2015/09/21	7.26	7.83	7.14	7.71	1218647	45276664.00
2015/09/22	7.79	7.94	7.61	7.78	1647549	62927988.00
2015/09/23	7.62	7.94	7.61	7.79	1196453	45469164.00
2015/09/24	7.86	8.05	7.77	7.93	1316737	50940004.00
2015/09/25	7.89	7.95	7.33	7.36	1080700	40315024.00
2015/09/28	7.43	7.75	7.32	7.72	666592	24702738.00
2015/09/29	7.55	7.76	7.48	7.63	616231	22994292.00
2015/09/30	7.67	7.81	7.50	7.72	804387	30261730.00
2015/10/08	7.99	8.20	7.88	8.09	1654012	65241660.00
2015/10/09	8.07	8.27	8.00	8.18	1166654	46468828.00
2015/10/12	8.28	8.65	8.18	8.55	1478289	61043712.00
2015/10/13	8.46	8.92	8.40	8.90	1513539	63300488.00
2015/10/14	8.92	8.92	8.63	8.63	1130969	48013248.00
2015/10/15	8.55	9.07	8.52	8.99	1488255	64024764.00
2015/10/16	9.12	9.19	8.76	8.94	1840987	79510144.00
2015/10/19	8.89	8.94	8.56	8.65	1548496	65474872.00
2015/10/20	8.70	9.08	8.70	9.06	1843201	79840176.00
2015/10/21	9.32	9.43	8.39	8.41	2137418	92361584.00
2015/10/22	8.21	8.85	8.21	8.83	1180231	49739616.00
2015/10/23	8.99	9.29	8.96	9.21	1907216	84484720.00
2015/10/26	9.34	9.96	9.29	9.85	3385948	155702704.00
2015/10/27	9.63	9.95	9.32	9.78	2202312	101943744.00
2015/10/28	9.78	9.86	9.32	9.39	1435168	66437000.00
2015/10/29	9.54	9.65	9.29	9.47	1546378	70566872.00
2015/10/30	9.43	9.84	9.34	9.70	1795366	83813576.00
2015/11/02	9.36	10.27	9.34	9.77	2423978	115700992.00
2015/11/03	9.82	10.31	9.65	10.21	2246157	108003528.00
2015/11/04	10.31	10.65	10.12	10.65	2773964	137905728.00
2015/11/05	10.58	10.98	10.36	10.56	2594534	132145872.00
2015/11/06	10.65	11.04	10.54	11.03	2222627	115836552.00
2015/11/09	11.03	11.66	10.81	11.58	2842241	154131232.00
2015/11/10	11.49	11.81	11.26	11.45	2503406	137109664.00
2015/11/11	11.52	12.32	11.32	12.23	2957946	167434784.00
2015/11/12	12.24	12.87	11.95	12.70	4419136	259327344.00
2015/11/13	12.41	12.43	11.36	11.36	4125782	231561344.00
2015/11/16	11.07	11.82	10.99	11.79	2107270	114908936.00
2015/11/17	11.98	12.13	10.99	11.09	3348067	185965456.00
2015/11/18	11.12	11.29	10.62	10.79	3148057	164217744.00
2015/11/19	10.85	11.50	10.85	11.48	2390246	127655128.00
2015/11/20	11.76	11.76	11.31	11.55	2587099	142515424.00
2015/11/23	11.61	12.27	11.37	11.72	3505194	197718384.00
2015/11/24	11.85	12.65	11.84	12.63	4174506	242499776.00
2015/11/25	12.63	13.03	12.39	12.47	5015482	301881472.00
2015/11/26	12.43	12.96	12.32	12.49	3554727	213076528.00
2015/11/27	12.39	12.64	11.69	11.76	3509352	202972720.00
2015/11/30	11.90	13.01	11.89	13.01	5575962	332933280.00
2015/12/01	13.13	13.64	12.41	12.65	5158839	317688160.00
2015/12/02	12.43	12.55	11.81	12.21	3466197	201266160.00
2015/12/03	12.30	12.87	12.30	12.74	2549807	152059344.00
2015/12/04	12.69	12.87	12.27	12.46	2428666	145455520.00
2015/12/07	12.44	12.57	12.10	12.53	1906918	111985040.00
2015/12/08	12.41	12.76	12.28	12.56	1990365	118636856.00
2015/12/09	12.43	12.61	12.05	12.06	1948228	113431912.00
2015/12/10	12.06	12.21	11.76	11.84	1949468	110350880.00
2015/12/11	11.83	11.96	11.65	11.66	1325129	74265336.00
2015/12/14	11.61	12.16	11.41	12.14	1262746	71186296.00
2015/12/15	12.10	12.47	12.10	12.32	1584773	92712584.00
2015/12/16	12.34	12.73	12.32	12.50	1842504	110114680.00
2015/12/17	12.77	12.94	12.57	12.82	2895608	174707040.00
2015/12/18	12.79	12.79	12.47	12.51	1628306	97151736.00
2015/12/21	12.45	12.83	12.44	12.71	1498883	90103112.00
2015/12/22	12.76	12.83	12.47	12.67	1301392	77841904.00
2015/12/23	12.67	12.87	12.43	12.54	1532934	91831680.00
2015/12/24	12.43	13.86	12.27	13.79	5808002	368138944.00
2015/12/25	13.50	13.83	13.29	13.41	3654799	233759408.00
2015/12/28	13.42	13.58	12.55	12.61	3165098	196524992.00
2015/12/29	12.66	12.85	12.32	12.74	1742213	103871968.00
2015/12/30	12.74	12.84	12.52	12.78	1109601	66996408.00
2015/12/31	12.77	13.44	12.73	12.75	1766489	109253800.00
2016/01/04	12.87	12.87	11.41	11.41	1743593	99820616.00
2016/01/05	10.85	11.70	10.65	11.25	2144873	114983544.00
2016/01/06	11.36	11.64	10.99	11.62	1913855	103873712.00
2016/01/07	11.39	11.39	10.39	10.39	567500	29175446.00
2016/01/08	10.49	10.79	9.54	10.42	2104436	104768536.00
2016/01/11	10.10	10.10	9.31	9.31	1717021	80798640.00
2016/01/12	9.31	9.59	8.89	9.30	1342248	60688924.00
2016/01/13	9.40	9.50	8.87	8.88	1169325	52200972.00
2016/01/14	8.41	9.54	8.32	9.47	1481264	65099012.00
2016/01/15	9.34	9.65	8.89	9.06	1170547	52298984.00
2016/01/18	8.87	9.64	8.87	9.38	1195630	54047524.00
2016/01/19	9.38	9.81	9.32	9.79	1349429	62583784.00
2016/01/20	9.73	9.80	9.50	9.63	1367730	63596780.00
2016/01/21	9.51	9.83	9.20	9.20	1227000	56616276.00
2016/01/22	9.43	9.44	8.83	9.20	1521339	67052492.00
2016/01/25	9.28	9.59	9.21	9.29	1215623	54895100.00
2016/01/26	9.07	9.32	8.61	8.61	1751767	75884168.00
2016/01/27	8.54	8.83	8.10	8.78	1255689	52224444.00
2016/01/28	8.61	8.76	7.96	7.96	1030382	41823064.00
2016/01/29	8.12	8.53	7.90	8.34	862348	34645240.00
2016/02/01	8.34	8.51	8.27	8.50	886291	36165560.00
2016/02/02	8.53	8.96	8.50	8.85	815773	34820044.00
2016/02/03	8.76	9.07	8.56	9.05	830653	35195044.00
2016/02/04	9.06	9.27	8.87	9.19	942868	41712956.00
2016/02/05	9.20	9.26	8.99	9.17	776884	34254412.00
2016/02/15	8.78	9.33	8.76	9.24	766598	33727592.00
2016/02/16	9.34	9.72	9.23	9.62	1278245	58979920.00
2016/02/17	9.61	9.74	9.48	9.71	1095521	50768636.00
2016/02/18	9.72	9.94	9.70	9.79	1392371	65909620.00
2016/02/19	9.79	9.90	9.68	9.80	777934	36684124.00
2016/02/22	9.83	9.98	9.77	9.89	970609	46098696.00
2016/02/23	9.89	9.92	9.57	9.76	838202	39436248.00
2016/02/24	9.66	9.79	9.41	9.63	1066616	49288280.00
2016/02/25	9.60	9.67	8.60	8.98	1841751	81932408.00
2016/02/26	9.03	9.15	8.84	9.05	620884	27140322.00
2016/02/29	9.02	9.03	8.21	8.41	809323	33385142.00
2016/03/01	8.56	9.13	8.36	8.87	850637	35952220.00
2016/03/02	8.80	9.32	8.59	9.28	888593	38860404.00
2016/03/03	9.28	9.51	9.21	9.28	844583	38134412.00
2016/03/04	9.25	9.40	8.79	9.00	824426	36468880.00
2016/03/07	9.00	9.60	9.00	9.41	895128	40503648.00
2016/03/08	9.32	9.65	8.65	9.59	1201455	54238832.00
2016/03/09	9.43	9.72	9.34	9.43	873850	40097220.00
2016/03/10	9.10	9.20	8.80	8.82	1715037	74602632.00
2016/03/11	8.71	8.87	8.45	8.54	797170	33404302.00
2016/03/14	8.66	9.01	8.66	8.91	866170	37355064.00
2016/03/15	8.85	8.98	8.74	8.75	497675	21275064.00
2016/03/16	9.06	9.21	8.78	8.83	1059209	46062196.00
2016/03/17	8.95	9.23	8.77	9.15	1747709	76640288.00
2016/03/18	9.15	9.59	9.14	9.52	1633227	74039240.00
2016/03/21	9.57	9.73	9.50	9.72	2015019	93305088.00
2016/03/22	9.59	9.67	9.54	9.58	1607914	74434600.00
2016/03/23	9.54	9.65	9.47	9.63	1545000	71269168.00
2016/03/24	9.58	9.97	9.44	9.73	2406916	113387736.00
2016/03/25	9.64	9.75	9.49	9.63	1269012	58991552.00
2016/03/28	9.73	9.88	9.45	9.47	1170503	54820888.00
2016/03/29	9.50	9.57	9.23	9.37	1163087	52723072.00
2016/03/30	9.47	9.80	9.46	9.79	1255768	58244336.00
2016/03/31	9.81	10.04	9.76	9.82	1467199	69860072.00
2016/04/01	9.76	9.82	9.57	9.75	971713	45282176.00
2016/04/05	9.73	10.13	9.72	10.09	1736663	83167272.00
2016/04/06	9.99	10.29	9.99	10.14	1635755	79653264.00
2016/04/07	10.16	10.20	9.78	9.83	1712752	81761664.00
2016/04/08	9.74	9.91	9.70	9.87	1023085	48269492.00
2016/04/11	9.88	10.16	9.88	10.14	1411569	68448336.00
2016/04/12	10.16	10.21	9.76	9.96	1262155	60712184.00
2016/04/13	10.01	10.26	10.01	10.13	1577518	77037296.00
2016/04/14	10.21	10.29	10.13	10.29	1427326	69924192.00
2016/04/15	10.37	10.40	10.16	10.27	1424570	70064976.00
2016/04/18	10.24	10.24	9.93	10.03	1225753	58522840.00
2016/04/19	10.12	10.21	10.02	10.15	826150	39659636.00
2016/04/20	10.41	10.55	9.84	10.23	2978763	145291776.00
2016/04/21	10.11	10.21	9.91	9.93	1363174	65122528.00
2016/04/22	9.81	9.97	9.67	9.95	867907	40566248.00
2016/04/25	9.89	9.96	9.64	9.78	837503	38978460.00
2016/04/26	9.73	10.18	9.73	10.18	1073447	50806416.00
2016/04/27	10.22	10.82	10.14	10.51	2755549	138343808.00
2016/04/28	10.51	10.64	10.21	10.60	1471739	72309528.00
2016/04/29	10.50	10.98	10.46	10.90	1896950	97144400.00
2016/05/03	10.90	11.19	10.78	11.16	1982968	102934280.00
2016/05/04	11.01	11.15	10.89	10.94	1759591	91396408.00
2016/05/05	10.87	11.03	10.81	10.93	1256027	64986192.00
2016/05/06	10.99	11.03	10.33	10.35	2105000	106590688.00
2016/05/09	9.93	9.97	9.27	9.38	2501231	114832312.00
2016/05/10	9.41	9.54	9.25	9.41	940964	42217036.00
2016/05/11	9.49	9.59	9.33	9.35	940345	42387240.00
2016/05/12	9.22	9.53	9.11	9.53	732302	32641486.00
2016/05/13	9.43	9.64	9.43	9.57	924973	42129220.00
2016/05/16	9.58	9.80	9.49	9.79	802017	36882140.00
2016/05/17	9.85	9.85	9.57	9.72	774994	35754668.00
2016/05/18	9.69	9.69	9.33	9.40	745580	33582072.00
2016/05/19	9.40	10.22	9.40	9.80	1042231	48765484.00
2016/05/20	9.73	9.96	9.70	9.91	775157	36442416.00
2016/05/23	9.97	10.37	9.91	10.19	1673556	81409192.00
2016/05/24	10.22	10.22	10.04	10.12	820400	39360028.00
2016/05/25	10.33	10.37	10.08	10.09	989834	47871556.00
2016/05/26	10.09	10.58	10.00	10.50	1936822	94647272.00
2016/05/27	10.41	10.96	10.41	10.66	2629137	134284096.00
2016/05/30	10.66	10.82	10.50	10.63	1076477	54333612.00
2016/05/31	10.60	11.03	10.60	10.97	1733626	89152640.00
2016/06/01	10.96	11.06	10.87	10.88	1833401	94982504.00
2016/06/02	10.89	11.08	10.84	10.98	1431633	74330192.00
2016/06/03	10.98	11.28	10.89	11.10	1863070	97570016.00
2016/06/06	11.14	11.22	10.77	10.94	2207298	113917424.00
2016/06/07	10.93	11.71	10.86	11.52	2677993	143858176.00
2016/06/08	11.52	12.08	11.27	11.97	3028773	167581344.00
2016/06/13	11.71	11.90	11.11	11.20	2429843	132593752.00
2016/06/14	11.11	11.27	10.84	11.02	1792708	93149352.00
2016/06/15	10.93	11.74	10.91	11.64	2220920	120419128.00
2016/06/16	11.64	11.74	11.49	11.69	1560357	85540280.00
2016/06/17	11.74	11.82	11.47	11.64	1499714	82658632.00
2016/06/20	11.66	12.68	11.55	12.26	3898790	221031712.00
2016/06/21	12.17	12.21	11.76	11.85	3182894	179229168.00
2016/06/22	11.75	11.75	11.42	11.57	4977829	270418944.00
2016/06/23	11.51	11.70	11.46	11.49	3131700	170945456.00
2016/06/24	11.54	11.55	10.72	11.18	3325925	176609056.00
2016/06/27	11.06	11.57	11.06	11.44	4114024	222129408.00
2016/06/28	11.33	11.63	11.31	11.57	2892480	156886256.00
2016/06/29	11.62	11.99	11.57	11.85	3609863	201199408.00
2016/06/30	11.89	11.93	11.67	11.79	2040305	113264720.00
2016/07/01	11.80	12.05	11.68	12.00	2075987	115990704.00
2016/07/04	11.95	12.31	11.86	12.23	2899227	166208912.00
2016/07/05	12.17	12.27	12.00	12.13	3418348	194734960.00
2016/07/06	12.06	12.66	12.06	12.26	3904557	227700672.00
2016/07/07	12.81	13.50	12.56	12.97	5657497	343931584.00
2016/07/08	12.80	13.33	12.71	13.09	3465079	211542736.00
2016/07/11	13.07	13.55	12.55	12.87	4230740	261623008.00
2016/07/12	12.95	13.07	12.45	12.90	2873197	172364352.00
2016/07/13	12.87	13.11	12.72	12.78	2299615	139113808.00
2016/07/14	12.75	13.04	12.67	12.85	1774144	107116008.00
2016/07/15	12.79	13.63	12.75	13.39	4030124	251034576.00
2016/07/18	13.36	13.49	11.99	12.09	11671419	693908480.00
2016/07/19	12.17	12.44	11.98	12.27	3172114	182672976.00
2016/07/20	12.28	12.54	12.25	12.43	2408139	140654880.00
2016/07/21	12.41	12.50	12.26	12.29	2512075	146041424.00
2016/07/22	12.29	12.46	12.12	12.27	1683741	97328984.00
2016/07/25	12.20	12.46	12.20	12.35	1591278	92429992.00
2016/07/26	12.35	12.63	12.27	12.62	2394389	140817552.00
2016/07/27	12.64	12.83	11.79	12.06	4081887	236870992.00
2016/07/28	12.10	12.24	12.00	12.22	1947751	111238688.00
2016/07/29	12.20	12.26	11.77	11.77	2554207	143545472.00
2016/08/01	11.63	11.67	11.29	11.53	2028540	109823880.00
2016/08/02	11.55	11.70	11.47	11.70	1474870	80669160.00
2016/08/03	11.67	11.80	11.59	11.76	1451870	80105480.00
2016/08/04	11.80	12.02	11.71	11.93	1550146	86828752.00
2016/08/05	11.92	12.02	11.86	11.89	1101258	61947528.00
2016/08/08	11.82	12.17	11.82	12.14	1069570	60673384.00
2016/08/09	12.17	12.35	12.09	12.32	1320350	76244136.00
2016/08/10	12.33	12.66	12.27	12.59	2411861	141729440.00
2016/08/11	12.54	12.60	12.33	12.35	1533100	89903432.00
2016/08/12	12.35	12.57	12.32	12.55	1657688	97299664.00
2016/08/15	12.62	12.90	12.60	12.82	2810524	168732192.00
2016/08/16	12.87	13.15	12.77	13.07	2240050	136815488.00
2016/08/17	13.06	13.06	12.68	12.76	3166775	190288432.00
2016/08/18	12.99	13.11	12.55	12.84	4302797	256971264.00
2016/08/19	12.80	13.03	12.70	12.79	2765247	167212832.00
2016/08/22	12.82	12.82	12.31	12.32	3122197	184005664.00
2016/08/23	12.41	12.59	12.22	12.47	1485650	87038184.00
2016/08/24	12.49	12.69	12.46	12.53	1455800	86128896.00
2016/08/25	12.45	12.81	12.37	12.80	2565037	152228640.00
2016/08/26	12.83	13.11	12.78	12.83	2838048	172413536.00
2016/08/29	12.73	12.87	12.57	12.64	1901775	113644160.00
2016/08/30	12.65	12.72	12.55	12.59	1402225	83239464.00
2016/08/31	12.62	12.87	12.54	12.83	2253340	134730032.00
2016/09/01	12.81	12.94	12.74	12.76	1674581	100837760.00
2016/09/02	12.70	12.89	12.67	12.85	1719013	103241672.00
2016/09/05	12.89	13.06	12.70	12.73	2284493	138436496.00
2016/09/06	12.74	13.29	12.56	13.27	3841967	234325008.00
2016/09/07	13.22	13.62	13.11	13.12	3387848	212729744.00
2016/09/08	13.10	13.61	13.09	13.51	2702520	169521104.00
2016/09/09	13.45	13.75	13.27	13.38	3291932	208766352.00
2016/09/12	13.12	13.52	13.01	13.28	3165314	197068288.00
2016/09/13	13.33	13.58	13.29	13.50	2175453	136909264.00
2016/09/14	13.44	13.50	13.02	13.17	2604909	162139680.00
2016/09/19	13.18	14.10	13.12	13.99	5143965	330979168.00
2016/09/20	13.91	14.25	13.86	14.03	3120500	205258864.00
2016/09/21	14.03	14.63	13.97	14.40	3556907	239060544.00
2016/09/22	14.34	14.72	14.32	14.48	2618851	177531072.00
2016/09/23	14.49	14.83	14.33	14.47	2346628	159739952.00
2016/09/26	14.37	14.40	13.78	13.95	3188055	209852928.00
2016/09/27	13.82	14.24	13.73	14.23	2530438	165716208.00
2016/09/28	14.19	14.39	14.07	14.14	1936645	128754040.00
2016/09/29	14.15	14.59	14.11	14.56	2248085	151127856.00
2016/09/30	14.52	14.69	14.37	14.41	1812951	123036208.00
2016/10/10	14.51	14.88	14.33	14.88	2407564	165315264.00
2016/10/11	14.85	15.17	14.74	15.05	2531792	176846544.00
2016/10/12	14.97	15.40	14.91	15.02	2445337	172941184.00
2016/10/13	14.55	14.68	14.06	14.33	7014862	469796352.00
2016/10/14	14.29	14.54	14.26	14.38	2633440	177207440.00
2016/10/17	14.35	14.44	13.84	14.07	3534266	233214288.00
2016/10/18	14.08	14.25	13.95	14.22	1861402	123080224.00
2016/10/19	14.22	14.47	14.19	14.29	1711776	114644592.00
2016/10/20	14.29	14.35	14.07	14.15	1767687	117285152.00
2016/10/21	14.15	14.46	14.08	14.39	2258050	150465696.00
2016/10/24	14.39	14.51	14.22	14.43	1671017	112199744.00
2016/10/25	14.50	14.70	14.39	14.57	1758183	119596944.00
2016/10/26	14.55	14.62	14.24	14.36	1522451	102394800.00
2016/10/27	14.11	14.30	13.89	13.96	2775384	182148496.00
2016/10/28	14.08	15.33	13.98	14.93	5068447	346868672.00
2016/10/31	14.90	15.35	14.78	15.09	3027014	213351968.00
2016/11/01	15.02	15.32	14.97	15.23	2503033	177013616.00
2016/11/02	15.22	15.56	14.93	14.95	2645111	187806112.00
2016/11/03	14.84	15.86	14.84	15.29	4308993	311209760.00
2016/11/04	15.22	15.46	15.16	15.20	2029666	144294000.00
2016/11/07	15.11	15.25	15.02	15.18	1292512	91252832.00
2016/11/08	15.19	15.39	15.14	15.29	1451787	103425232.00
2016/11/09	15.30	15.30	14.77	14.95	1897100	133180328.00
2016/11/10	15.17	15.64	15.10	15.45	2319514	166530256.00
2016/11/11	15.44	15.68	15.27	15.41	2039580	146671664.00
2016/11/14	15.35	15.74	15.29	15.51	1997392	144566992.00
2016/11/15	15.54	15.54	14.95	15.14	2610256	184314048.00
2016/11/16	15.33	15.33	14.95	14.95	1557200	109670016.00
2016/11/17	14.97	15.02	14.64	14.82	1698561	117411736.00
2016/11/18	14.99	15.52	14.99	15.39	2639088	188726944.00
2016/11/21	15.46	15.95	15.26	15.89	3412418	249836640.00
2016/11/22	15.91	16.10	15.71	15.85	3047027	225589072.00
2016/11/23	15.77	16.15	15.71	15.88	2649222	196563072.00
2016/11/24	15.83	16.10	15.58	15.62	2410722	177448896.00
2016/11/25	15.62	15.79	15.00	15.71	2062454	148617712.00
2016/11/28	15.70	15.77	15.31	15.35	1394963	100695896.00
2016/11/29	15.39	15.49	15.16	15.17	1405837	100656000.00
2016/11/30	15.11	15.43	14.96	15.20	1429529	101248920.00
2016/12/01	15.12	15.35	15.09	15.15	1113700	79047696.00
2016/12/02	15.17	15.17	14.46	14.51	2477618	170710000.00
2016/12/05	14.40	14.62	14.15	14.24	1676380	112399024.00
2016/12/06	14.32	14.53	14.19	14.29	937222	63014692.00
2016/12/07	14.31	14.47	14.18	14.44	1183220	79375728.00
2016/12/08	14.44	14.48	14.11	14.13	1046600	69790720.00
2016/12/09	14.14	14.19	13.95	14.03	966473	63564216.00
2016/12/12	14.01	14.10	13.18	13.26	2563520	162382272.00
2016/12/13	13.24	13.44	13.17	13.40	1189571	74214656.00
2016/12/14	13.40	13.51	13.04	13.25	976224	60920980.00
2016/12/15	13.20	13.69	13.20	13.46	1084100	68618440.00
2016/12/16	13.47	13.72	13.44	13.57	718200	45654304.00
2016/12/19	13.57	13.63	13.34	13.44	481280	30425756.00
2016/12/20	13.44	13.54	13.33	13.45	601300	37874764.00
2016/12/21	13.53	13.57	13.35	13.44	618824	39010292.00
2016/12/22	13.37	13.46	13.23	13.36	649400	40588752.00
2016/12/23	13.26	13.38	12.73	13.00	1355725	82943048.00
2016/12/26	12.95	13.17	12.72	13.15	758800	46143272.00
2016/12/27	13.17	13.26	13.09	13.14	471600	29138416.00
2016/12/28	13.11	13.32	13.11	13.19	566224	35119192.00
2016/12/29	13.17	13.39	13.14	13.32	666800	41574816.00
2016/12/30	13.37	13.39	13.22	13.28	501226	31227158.00
2017/01/03	13.28	13.43	13.27	13.35	454601	28479832.00
2017/01/04	13.33	13.55	13.33	13.52	803965	50732068.00
2017/01/05	13.47	13.54	13.24	13.26	1008814	63259740.00
2017/01/06	13.20	13.27	12.69	12.74	1432251	86656192.00
2017/01/09	12.61	12.74	12.16	12.51	1370937	80721144.00
2017/01/10	12.51	12.70	12.47	12.52	809599	47840816.00
2017/01/11	12.49	12.49	12.11	12.19	998001	57734596.00
2017/01/12	12.19	12.37	12.08	12.11	645308	37087724.00
2017/01/13	13.00	13.04	12.33	12.35	3678347	220505040.00
2017/01/16	12.23	12.30	11.30	11.89	2009364	112669176.00
2017/01/17	11.77	12.37	11.50	12.27	1548478	87367960.00
2017/01/18	12.18	12.27	11.93	11.99	831896	47314084.00
2017/01/19	11.90	12.25	11.64	11.97	1196584	67324288.00
2017/01/20	11.89	12.62	11.88	12.33	1315246	75774128.00
2017/01/23	12.31	12.55	12.29	12.44	873207	51065880.00
2017/01/24	12.44	12.44	12.20	12.23	645259	37315224.00
2017/01/25	12.24	12.73	12.20	12.65	1419303	83516240.00
2017/01/26	12.61	12.89	12.60	12.77	789692	47264848.00
2017/02/03	12.67	12.82	12.59	12.70	787682	47114124.00
2017/02/06	12.77	12.85	12.61	12.77	722012	43208552.00
2017/02/07	12.77	12.78	12.51	12.55	940458	55749760.00
2017/02/08	12.55	12.66	12.44	12.64	848947	50101588.00
2017/02/09	12.64	12.88	12.58	12.75	1229142	73511072.00
2017/02/10	12.75	12.75	12.52	12.53	811325	48084960.00
2017/02/13	12.50	12.86	12.46	12.79	1415178	84610712.00
2017/02/14	12.75	12.86	12.71	12.80	665410	39899948.00
2017/02/15	12.80	12.88	12.53	12.54	1032879	61792768.00
2017/02/16	12.50	12.62	12.43	12.49	970157	56918248.00
2017/02/17	12.48	12.53	11.99	12.08	1337414	76788888.00
2017/02/20	11.99	12.44	11.99	12.41	1033350	59368608.00
2017/02/21	12.46	12.71	12.37	12.61	1346827	79573048.00
2017/02/22	12.64	12.84	12.64	12.72	1124518	67274288.00
2017/02/23	12.67	12.85	12.52	12.77	1356306	80850368.00
2017/02/24	12.84	12.93	12.70	12.82	1120495	67343448.00
2017/02/27	12.76	12.81	12.62	12.63	953278	56849800.00
2017/02/28	12.64	12.86	12.61	12.85	1236788	74196400.00
2017/03/01	12.85	12.97	12.77	12.80	1078479	65168076.00
2017/03/02	12.80	12.88	12.67	12.75	835072	50026552.00
2017/03/03	12.75	13.22	12.69	13.16	1991328	121483168.00
2017/03/06	13.16	13.35	13.11	13.23	1463886	90918344.00
2017/03/07	13.15	13.27	13.11	13.26	1010579	62532496.00
2017/03/08	13.24	13.24	13.00	13.12	1432400	88175888.00
2017/03/09	13.13	13.16	12.86	12.95	1237513	75187112.00
2017/03/10	12.96	13.42	12.91	13.37	2105322	130903056.00
2017/03/13	13.40	13.69	13.40	13.67	2279136	145014688.00
2017/03/14	13.70	13.73	13.48	13.62	1609884	102719512.00
2017/03/15	13.62	13.93	13.53	13.88	2195408	141157424.00
2017/03/16	13.90	14.29	13.79	14.29	3215116	211523888.00
2017/03/17	14.02	14.02	13.60	13.61	5929960	383162432.00
2017/03/20	13.50	13.50	13.22	13.41	2172740	135950144.00
2017/03/21	13.42	13.50	13.27	13.37	1333186	83434280.00
2017/03/22	13.29	13.36	13.14	13.31	1742553	108077728.00
2017/03/23	13.28	13.44	13.17	13.33	1551487	97087408.00
2017/03/24	13.34	13.43	13.23	13.29	1034029	64422952.00
2017/03/27	13.29	13.34	12.87	12.94	2033324	124270696.00
2017/03/28	12.94	13.03	12.79	12.81	1100095	66520740.00
2017/03/29	12.87	12.87	12.44	12.44	1756315	103903080.00
2017/03/30	12.43	12.43	11.90	12.13	2177438	123885896.00
2017/03/31	12.13	12.19	12.02	12.18	964342	55080852.00
2017/04/05	12.18	12.62	12.18	12.49	1247410	73052328.00
2017/04/06	12.50	12.55	12.38	12.48	888135	52058656.00
2017/04/07	12.46	12.53	12.40	12.48	603437	35358336.00
2017/04/10	12.48	12.48	11.59	11.93	2351171	131610328.00
2017/04/11	11.92	11.97	11.66	11.89	1107729	61510548.00
2017/04/12	11.90	11.93	11.71	11.80	759766	42311712.00
2017/04/13	11.80	11.90	11.66	11.68	761240	42228852.00
2017/04/14	11.68	11.76	11.60	11.65	731400	40255524.00
2017/04/17	11.55	11.55	10.82	10.93	1340528	70174688.00
2017/04/18	11.00	11.51	11.00	11.19	1168237	62335204.00
2017/04/19	11.07	11.24	10.89	11.23	689987	35974976.00
2017/04/20	11.22	11.39	11.13	11.23	711800	37804996.00
2017/04/21	11.22	11.30	10.82	10.86	941131	49172780.00
2017/04/24	10.66	10.76	10.27	10.53	1964545	38816900.00
2017/04/25	10.55	11.52	10.43	11.04	3116177	64233228.00
2017/04/26	10.91	11.16	10.89	11.07	1691650	35090012.00
2017/04/27	10.99	11.16	10.61	11.10	2057789	42361032.00
2017/04/28	11.05	11.86	10.55	11.47	6174912	129624568.00
2017/05/02	11.27	11.66	11.25	11.49	2721050	58588652.00
2017/05/03	11.51	11.87	11.39	11.83	4924950	108440976.00
2017/05/04	11.72	11.79	11.55	11.72	2701249	59163712.00
2017/05/05	11.72	11.72	11.39	11.41	1967882	42523628.00
2017/05/08	11.38	11.38	10.95	11.04	1762300	37022436.00
2017/05/09	11.02	11.27	10.89	11.17	1243550	25988378.00
2017/05/10	11.17	11.22	10.72	10.74	1575775	32540804.00
2017/05/11	10.61	10.83	10.34	10.75	1896942	37996892.00
2017/05/12	10.60	10.81	10.60	10.69	989767	19915308.00
2017/05/15	10.69	10.75	10.44	10.44	1570670	31332498.00
2017/05/16	10.57	10.93	10.43	10.87	2070782	41861012.00
2017/05/17	10.94	11.04	10.77	10.86	1976995	40515780.00
2017/05/18	10.72	10.87	10.55	10.61	1304050	26364832.00
2017/05/19	10.61	10.77	10.53	10.61	1012500	20328834.00
2017/05/22	10.81	10.81	10.39	10.45	1104322	22038640.00
2017/05/23	10.45	10.46	10.00	10.00	1841050	35583672.00
2017/05/24	10.00	10.19	9.82	10.09	1202450	22725702.00
2017/05/25	10.06	10.23	9.83	10.12	1420300	26909988.00
2017/05/26	10.11	10.19	10.04	10.16	1281700	24493564.00
2017/05/31	10.33	10.40	10.00	10.04	1591770	30616320.00
2017/06/01	9.94	9.94	9.24	9.29	2469700	44944656.00
2017/06/02	9.30	9.55	9.14	9.42	1129375	20066570.00
2017/06/05	9.42	9.66	9.37	9.54	841100	15193370.00
2017/06/06	9.56	9.75	9.50	9.69	1180175	21601216.00
2017/06/07	9.62	10.15	9.61	10.05	1955952	36914572.00
2017/06/08	10.05	10.15	9.91	10.00	1751778	33132510.00
2017/06/09	9.96	10.05	9.86	9.99	888278	16720679.00
2017/06/12	9.94	9.94	9.49	9.60	1023650	18918196.00
2017/06/13	9.60	10.09	9.60	10.05	1489531	27882166.00
2017/06/14	10.05	10.11	9.89	10.05	1269278	24005788.00
2017/06/15	10.05	10.33	10.02	10.16	1669450	32157252.00
2017/06/16	10.14	10.25	10.05	10.19	1004600	19236696.00
2017/06/19	10.15	10.22	10.09	10.12	854700	16390782.00
2017/06/20	10.14	10.20	10.00	10.02	1037034	19770438.00
2017/06/21	9.99	10.10	9.87	9.99	1183634	22216628.00
2017/06/22	10.00	10.04	9.54	9.64	1619848	30001220.00
2017/06/23	9.82	9.82	9.36	9.52	1382250	24954964.00
2017/06/26	9.50	9.74	9.39	9.72	1120515	20439918.00
2017/06/27	9.76	9.77	9.54	9.60	1029218	18804654.00
2017/06/28	9.52	9.60	9.39	9.39	1340045	23980854.00
2017/06/29	9.44	9.72	9.39	9.69	1510120	27410982.00
2017/06/30	9.69	9.69	9.45	9.60	748050	13543649.00
2017/07/03	9.50	9.71	9.50	9.67	794091	14519342.00
2017/07/04	9.68	9.71	9.57	9.61	723300	13165382.00
2017/07/05	9.62	9.90	9.56	9.90	1718316	31606948.00
2017/07/06	9.86	10.04	9.61	9.72	2235500	41451776.00
2017/07/07	9.68	9.91	9.68	9.80	1341450	24910520.00
2017/07/10	9.82	9.82	9.57	9.61	1299650	23716908.00
2017/07/11	9.60	9.62	9.47	9.47	1003231	18153944.00
2017/07/12	9.47	9.56	9.36	9.55	893950	16005364.00
2017/07/13	9.60	9.60	9.44	9.50	598700	10768847.00
2017/07/14	9.39	9.41	9.22	9.23	1534540	27099246.00
2017/07/17	9.16	9.22	8.73	8.87	2032240	34439440.00
2017/07/18	8.86	9.11	8.75	9.01	1357365	22926358.00
2017/07/19	8.99	8.99	8.82	8.91	1674413	28291960.00
2017/07/20	8.89	8.97	8.84	8.86	2061650	34908560.00
2017/07/21	8.89	8.89	8.65	8.69	1484100	24739814.00
2017/07/24	8.67	9.05	8.61	9.02	1804200	30388314.00
2017/07/25	9.00	9.07	8.89	9.07	1067850	18205036.00
2017/07/26	9.05	9.12	8.89	8.92	665935	11383264.00
2017/07/27	8.91	9.25	8.87	9.19	1744077	30206056.00
2017/07/28	9.19	9.26	9.07	9.10	1468135	25538374.00
2017/07/31	9.10	9.21	8.97	8.99	1271900	21843288.00
2017/08/01	8.97	9.02	8.90	8.99	986803	16805484.00
2017/08/02	8.99	8.99	8.80	8.81	1486350	25077536.00
2017/08/03	8.78	8.98	8.70	8.81	1003027	16876882.00
2017/08/04	8.80	8.82	8.72	8.75	711487	11883797.00
2017/08/07	8.72	8.85	8.66	8.76	552650	9242329.00
2017/08/08	8.77	9.14	8.72	9.14	2539535	43343684.00
2017/08/09	9.09	9.28	9.00	9.04	2188287	37974444.00
2017/08/10	9.00	9.09	8.71	8.77	2628719	44166908.00
2017/08/11	8.76	8.87	8.67	8.74	1111350	18571904.00
2017/08/14	8.87	8.97	8.74	8.93	1258950	21255938.00
2017/08/15	9.03	9.03	8.84	8.90	1363030	23071762.00
2017/08/16	8.90	9.25	8.86	9.20	3311080	57397444.00
2017/08/17	9.19	9.50	9.14	9.35	3389485	60107408.00
2017/08/18	9.30	9.40	9.26	9.36	1411200	24990038.00
2017/08/21	9.35	9.36	9.27	9.33	1072800	18947750.00
2017/08/22	9.33	9.35	9.11	9.16	1842940	32107190.00
2017/08/23	9.16	9.24	9.10	9.18	1195800	20801762.00
2017/08/24	9.14	9.24	9.07	9.16	1048600	18248408.00
2017/08/25	9.17	9.26	9.12	9.20	1429495	24944822.00
2017/08/28	9.22	9.45	9.22	9.35	2704833	47906368.00
2017/08/29	9.39	9.45	9.25	9.27	1409500	24928648.00
2017/08/30	9.24	9.31	9.17	9.21	1179478	20702900.00
2017/08/31	9.27	9.83	9.22	9.81	5480191	99679320.00
2017/09/01	9.81	9.82	9.67	9.74	2152220	39626112.00
2017/09/04	9.65	9.81	9.64	9.67	1882250	34530080.00
2017/09/05	9.71	9.87	9.66	9.77	2693485	49731732.00
2017/09/06	9.72	9.76	9.61	9.73	1660738	30422828.00
2017/09/07	9.74	9.82	9.56	9.57	2459307	45301876.00
2017/09/08	9.55	9.64	9.50	9.60	1353700	24545012.00
2017/09/11	9.61	9.66	9.53	9.60	1288950	23395856.00
2017/09/12	9.62	9.83	9.60	9.71	2815900	51906872.00
2017/09/13	9.71	9.71	9.52	9.60	1253050	22781632.00
2017/09/14	9.62	9.74	9.53	9.57	1495450	27253984.00
2017/09/15	9.54	9.68	9.50	9.62	1111900	20213032.00
2017/09/18	9.62	9.65	9.54	9.59	1236850	22410094.00
2017/09/19	9.59	9.61	9.38	9.48	1655383	29814840.00
2017/09/20	9.49	9.49	9.36	9.46	1490400	26630906.00
2017/09/21	9.41	9.50	9.28	9.28	1669400	29727090.00
2017/09/22	9.26	9.32	9.11	9.19	1306775	22828144.00
2017/09/25	9.20	9.27	9.06	9.11	1083050	18878580.00
2017/09/26	9.08	9.16	8.84	8.92	1855550	31571020.00
2017/09/27	8.94	9.02	8.87	8.95	1591897	27075178.00
2017/09/28	8.95	8.96	8.76	8.78	1902381	32077138.00
2017/09/29	8.78	8.92	8.77	8.86	1635666	27494706.00
2017/10/09	8.96	9.05	8.89	8.94	1641669	27959678.00
2017/10/10	8.89	9.15	8.86	9.15	2386500	40776596.00
2017/10/11	9.14	9.15	9.02	9.11	2059901	35571172.00
2017/10/12	9.11	9.15	8.95	9.06	1906453	32748784.00
2017/10/13	9.00	9.07	8.97	9.06	1630035	27931866.00
2017/10/16	8.99	9.00	8.55	8.58	3723150	62065960.00
2017/10/17	8.60	8.63	8.44	8.48	2058129	33514246.00
2017/10/18	8.48	8.54	8.39	8.44	1846700	29759204.00
2017/10/19	8.44	8.51	8.33	8.40	1276150	20440272.00
2017/10/20	8.47	8.52	8.39	8.52	1130750	18265580.00
2017/10/23	8.51	8.53	8.39	8.47	1283150	20640224.00
2017/10/24	8.47	8.47	8.30	8.35	1334200	21322838.00
2017/10/25	8.33	8.52	8.30	8.51	1400850	22513144.00
2017/10/26	8.51	8.70	8.44	8.69	3234800	53192900.00
2017/10/27	8.66	8.72	8.56	8.58	2083800	34213936.00
2017/10/30	8.57	8.60	8.34	8.37	1836902	29504308.00
2017/10/31	8.37	8.47	8.34	8.45	1127285	18104658.00
2017/11/01	8.42	8.50	8.41	8.50	1542784	24920066.00
2017/11/02	8.50	8.50	8.34	8.36	1402734	22483406.00
2017/11/03	8.31	8.44	8.27	8.30	1052352	16722663.00
2017/11/06	8.37	8.37	8.04	8.15	2120699	32922174.00
2017/11/07	8.15	8.22	8.04	8.19	1428600	22125682.00
2017/11/08	8.20	8.36	8.17	8.27	1694272	26787212.00
2017/11/09	8.22	8.33	8.17	8.27	1301369	20499854.00
2017/11/10	8.27	8.27	8.17	8.22	1181424	18549916.00
2017/11/13	8.26	8.26	8.11	8.11	1228975	19158032.00
2017/11/14	8.11	8.15	7.81	7.82	2364684	35908092.00
2017/11/15	7.77	7.77	7.59	7.69	2200015	32364890.00
2017/11/16	7.72	7.94	7.68	7.86	1714101	25604846.00
2017/11/17	7.85	7.91	7.73	7.85	1674105	25022518.00
2017/11/20	7.82	8.38	7.61	8.10	1620765	25030960.00
2017/11/21	8.32	8.36	8.12	8.14	1864388	29215346.00
2017/11/22	8.05	8.19	8.04	8.07	846619	13119396.00
2017/11/23	8.16	8.16	7.87	7.94	918219	14142076.00
2017/11/24	7.86	8.24	7.86	8.17	1690784	26133826.00
2017/11/27	8.17	8.23	8.02	8.03	979455	15239674.00
2017/11/28	8.03	8.12	8.00	8.10	724652	11173076.00
2017/11/29	8.08	8.09	7.79	7.83	1475850	22299354.00
2017/11/30	7.79	7.94	7.74	7.74	1471602	22115058.00
2017/12/01	7.77	7.92	7.77	7.88	766200	11537487.00
2017/12/04	7.91	7.91	7.77	7.78	713345	10703369.00
2017/12/05	7.75	7.82	7.50	7.58	1056960	15439197.00
2017/12/06	7.50	7.66	7.42	7.66	807700	11726766.00
2017/12/07	7.61	7.68	7.54	7.59	599150	8746666.00
2017/12/08	7.60	7.72	7.56	7.66	666750	9784876.00
2017/12/11	7.65	7.81	7.62	7.72	704000	10439501.00
2017/12/12	7.69	7.75	7.57	7.59	724900	10621368.00
2017/12/13	7.56	7.69	7.56	7.66	471900	6909200.00
2017/12/14	7.66	8.34	7.62	8.06	3016300	46552760.00
2017/12/15	8.00	8.15	7.93	8.10	1603300	24753320.00
2017/12/18	8.06	8.07	7.86	7.89	1270950	19319598.00
2017/12/19	7.93	8.05	7.86	7.92	1102503	16723494.00
2017/12/20	7.97	7.98	7.75	7.75	854400	12822567.00
2017/12/21	7.74	7.79	7.63	7.71	933700	13783783.00
2017/12/22	7.71	7.79	7.67	7.72	723950	10730061.00
2017/12/25	7.75	7.82	7.55	7.80	1107350	16263672.00
2017/12/26	7.84	7.98	7.70	7.97	1289150	19451332.00
2017/12/27	7.96	8.00	7.89	7.94	990119	15045262.00
2017/12/28	7.89	8.05	7.89	7.91	1064642	16244326.00
2017/12/29	7.91	8.00	7.91	7.99	555000	8459004.00
2018/01/02	7.93	8.05	7.91	8.00	1003900	15342921.00
2018/01/03	7.99	8.09	7.93	8.07	1262137	19363730.00
2018/01/04	8.02	8.07	7.91	8.02	1265905	19347510.00
2018/01/05	7.95	8.04	7.91	7.93	1355237	20597490.00
2018/01/08	7.93	8.61	7.89	8.50	7977124	126746984.00
2018/01/09	8.39	8.43	8.20	8.26	3343905	52912508.00
2018/01/10	8.20	8.27	8.09	8.22	1808750	28284058.00
2018/01/11	8.22	8.25	8.09	8.22	2096369	32734916.00
2018/01/12	8.25	8.36	8.19	8.32	1793185	28377790.00
2018/01/15	8.38	8.44	8.05	8.13	2024656	31685560.00
2018/01/16	8.13	8.19	8.00	8.03	1259740	19454728.00
2018/01/17	8.02	8.05	7.67	7.86	1856925	27850400.00
2018/01/18	7.83	7.97	7.80	7.81	998400	14980635.00
2018/01/19	7.81	7.88	7.77	7.81	868225	13020470.00
2018/01/22	7.77	7.91	7.64	7.80	1826450	27248962.00
2018/01/23	7.80	7.86	7.76	7.84	930325	13923415.00
2018/01/24	7.80	7.95	7.77	7.92	1405910	21223754.00
2018/01/25	7.89	8.02	7.88	7.89	1093110	16627179.00
2018/01/26	7.87	7.91	7.69	7.69	1613150	24013346.00
2018/01/29	7.69	7.76	7.66	7.69	873160	12883346.00
2018/01/30	7.69	7.71	7.54	7.58	989371	14420015.00
2018/01/31	7.55	7.55	7.22	7.24	1704800	24119562.00
2018/02/01	7.21	7.22	6.93	7.10	1988600	27016988.00
2018/02/02	7.01	7.09	6.72	6.99	1797729	24045264.00
2018/02/05	6.83	7.10	6.81	6.91	1695150	22753100.00
2018/02/06	6.83	6.83	6.22	6.25	1807900	22804976.00
2018/02/07	6.37	6.42	5.75	6.05	2287945	27235400.00
2018/02/08	6.05	6.20	6.04	6.10	1845750	22024874.00
2018/02/09	6.00	6.00	5.77	5.89	2035949	23321394.00
2018/02/12	5.90	6.21	5.90	6.14	1162650	13816448.00
2018/02/13	6.16	6.26	6.11	6.16	970200	11698812.00
2018/02/14	6.25	6.26	6.11	6.20	696550	8387602.00
2018/02/22	6.25	6.40	6.10	6.34	1018300	12449632.00
2018/02/23	6.32	6.35	6.16	6.19	1041527	12641222.00
2018/02/26	6.27	6.43	6.16	6.40	1721600	21214816.00
2018/02/27	6.40	6.46	6.26	6.39	3026150	37369356.00
2018/02/28	6.30	6.54	6.25	6.49	2338375	29226434.00
2018/03/01	6.44	6.64	6.39	6.58	2007370	25521284.00
2018/03/02	6.55	6.62	6.49	6.55	1273400	16208648.00
2018/03/05	6.50	6.61	6.41	6.56	965000	12236800.00
2018/03/06	6.61	6.69	6.54	6.60	1211920	15506920.00
2018/03/07	6.59	6.67	6.44	6.46	1493882	18876684.00
2018/03/08	6.46	6.52	6.36	6.50	1495400	18712048.00
2018/03/09	6.45	6.72	6.45	6.71	2452058	31526880.00
2018/03/12	6.71	6.88	6.66	6.79	2471455	32257126.00
2018/03/13	6.80	6.80	6.70	6.70	1470955	19169390.00
2018/03/14	6.71	6.79	6.60	6.64	1277060	16584676.00
2018/03/15	6.64	6.65	6.44	6.57	1467432	18578582.00
2018/03/16	6.57	6.65	6.50	6.59	1112105	14216007.00
2018/03/19	6.59	6.80	6.52	6.76	1743105	22691650.00
2018/03/20	6.70	6.83	6.67	6.82	1487258	19430700.00
2018/03/21	6.85	6.86	6.64	6.65	2163158	28314498.00
2018/03/22	6.63	6.71	6.57	6.64	934450	12000845.00
2018/03/23	6.39	6.39	6.06	6.09	2925300	35564092.00
2018/03/26	6.03	6.19	5.70	6.14	1589008	18505700.00
2018/03/27	6.26	6.50	6.20	6.36	1633043	20110072.00
2018/03/28	6.31	6.36	6.24	6.26	935350	11454065.00
2018/03/29	6.27	6.43	6.26	6.39	1191343	14633161.00
2018/03/30	7.07	7.07	7.07	7.07	7868628	107328088.00
2018/04/02	7.20	7.20	6.86	6.92	8432735	113539792.00
2018/04/03	6.75	6.94	6.62	6.84	4408292	57456140.00
2018/04/04	6.77	6.81	6.43	6.50	5259195	67111608.00
2018/04/09	6.43	6.51	6.29	6.35	2212929	27362408.00
2018/04/10	6.36	6.55	6.29	6.49	2315950	28822310.00
2018/04/11	6.49	6.69	6.44	6.56	2758250	35286448.00
2018/04/12	6.56	6.60	6.45	6.47	1404850	17767740.00
2018/04/13	6.54	6.65	6.51	6.55	2066462	26342594.00
2018/04/16	6.49	6.54	6.33	6.37	1482662	18443446.00
2018/04/17	6.42	6.43	6.08	6.11	1689000	20547790.00
2018/04/18	6.15	6.32	6.10	6.27	1078870	13057924.00
2018/04/19	6.25	6.36	6.16	6.22	1142757	13943561.00
2018/04/20	6.21	6.26	6.07	6.11	944600	11334042.00
2018/04/23	6.12	6.19	6.06	6.15	800750	9541118.00
2018/04/24	6.17	6.39	6.17	6.34	1126800	13827962.00
2018/04/25	6.34	6.44	6.30	6.35	1115950	13794266.00
2018/04/26	6.39	6.58	6.33	6.36	2802385	35275844.00
2018/04/27	6.36	6.54	6.36	6.47	2015250	25305922.00
2018/05/02	6.47	6.65	6.30	6.37	1718100	21555364.00
2018/05/03	6.40	7.06	6.22	7.06	7029565	93091232.00
2018/05/04	6.99	6.99	6.66	6.70	10801759	77542424.00
2018/05/07	6.60	7.39	6.60	6.94	13506276	100320872.00
2018/05/08	6.81	7.03	6.78	6.83	8221224	59903204.00
2018/05/09	6.93	6.93	6.67	6.73	5251470	37588996.00
2018/05/10	6.73	7.44	6.72	7.44	26312097	204194320.00
2018/05/11	7.49	7.57	7.09	7.10	25157598	194669856.00
2018/05/14	6.93	7.03	6.74	6.78	13552355	98578616.00
2018/05/15	6.81	6.95	6.72	6.92	8468770	61522724.00
2018/05/16	6.84	6.92	6.76	6.78	6192472	44883280.00
2018/05/17	6.73	6.83	6.64	6.78	5616250	39991728.00
2018/05/18	6.77	6.78	6.65	6.73	3295280	23493440.00
2018/05/21	6.74	6.90	6.72	6.80	5016865	36216320.00
2018/05/22	6.75	6.91	6.75	6.89	4861120	35264468.00
2018/05/23	6.85	6.97	6.80	6.89	4642770	33822368.00
2018/05/24	6.94	7.24	6.79	7.10	10869570	80847216.00
2018/05/25	7.07	7.18	6.96	7.00	5673696	42215456.00
2018/05/28	6.95	7.00	6.70	6.79	3964220	28749202.00
2018/05/29	6.89	6.89	6.64	6.68	3763480	26991608.00
2018/05/30	6.57	6.58	6.32	6.33	5079723	34753124.00
2018/05/31	6.39	6.69	6.20	6.53	4072500	28049572.00
2018/06/01	6.49	6.64	6.38	6.46	2342650	16118349.00
2018/06/04	6.44	6.82	6.39	6.58	3250703	22807884.00
2018/06/05	6.58	6.75	6.49	6.70	3027900	21470324.00
2018/06/06	6.72	6.73	6.59	6.69	1963213	13867313.00
2018/06/07	6.70	6.84	6.65	6.79	3032440	21667954.00
2018/06/08	6.78	6.79	6.62	6.70	2322910	16462646.00
2018/06/11	6.71	6.95	6.61	6.77	2983010	21424304.00
2018/06/12	6.70	6.83	6.64	6.77	2962650	21224390.00
2018/06/13	6.74	6.77	6.39	6.44	2624520	18433692.00
2018/06/14	6.47	6.59	6.40	6.48	1941250	13373819.00
2018/06/15	6.48	6.52	6.09	6.18	3421630	22768956.00
2018/06/19	6.08	6.17	5.52	5.55	4806090	29536764.00
2018/06/20	5.54	5.65	5.48	5.60	2404182	14397129.00
2018/06/21	5.56	5.66	5.40	5.41	2575840	15337770.00
2018/06/22	5.39	5.55	5.39	5.55	1559779	9206030.00
2018/06/25	5.59	5.64	5.54	5.54	1232728	7374158.50
2018/06/26	5.47	5.95	5.47	5.82	3349268	20670388.00
2018/06/27	5.82	5.82	5.68	5.75	1350520	8313269.00
2018/06/28	5.77	5.99	5.67	5.99	3169194	19856446.00
2018/06/29	6.34	6.34	5.86	6.11	6486944	42632160.00
2018/07/02	6.00	6.19	5.92	6.09	1991520	12864282.00
2018/07/03	6.03	6.43	5.99	6.35	5971938	39757996.00
2018/07/04	6.28	6.31	6.12	6.28	2046250	13567086.00
2018/07/05	6.19	6.24	6.00	6.02	1452430	9463899.00
2018/07/06	6.00	6.14	5.79	6.01	1800740	11604719.00
2018/07/09	6.01	6.35	5.71	6.19	2891880	18805776.00
2018/07/10	6.69	6.84	5.80	5.84	8861500	58965764.00
2018/07/11	5.64	5.94	5.50	5.89	5100310	31157628.00
2018/07/12	5.81	6.01	5.71	5.90	2962910	18733734.00
2018/07/13	5.85	6.16	5.85	6.16	3258500	20819652.00
2018/07/16	6.08	6.54	6.01	6.19	11548510	77583336.00
2018/07/17	6.27	6.43	5.91	6.04	5428130	35104492.00
2018/07/18	6.09	6.21	6.01	6.01	3299360	21531592.00
2018/07/19	5.99	6.19	5.99	6.04	1804138	11717826.00
2018/07/20	5.98	6.11	5.95	6.05	1739490	11217262.00
2018/07/23	6.02	6.08	5.93	6.02	2716030	17407222.00
2018/07/24	6.02	6.09	5.95	6.04	2743000	17638740.00
2018/07/25	6.05	6.10	5.99	6.06	2484093	16060660.00
2018/07/26	6.01	6.08	5.92	5.96	2135220	13641315.00
2018/07/27	5.95	6.01	5.86	5.93	2323030	14719507.00
2018/07/30	5.95	5.99	5.69	5.72	1743610	10925625.00
2018/07/31	5.74	5.86	5.74	5.75	1111264	6886858.50
2018/08/01	5.75	5.81	5.59	5.59	1889180	11512236.00
2018/08/02	5.53	5.65	5.15	5.35	2790806	16158442.00
2018/08/03	5.35	5.39	5.28	5.28	1307140	7493914.00
2018/08/06	5.28	5.33	5.14	5.17	1155330	6492644.50
2018/08/07	5.17	5.31	5.17	5.26	1142770	6462373.50
2018/08/08	5.30	5.30	5.17	5.21	1079840	6072617.50
2018/08/09	5.19	5.34	5.17	5.30	1553700	8867637.00
2018/08/10	5.30	5.35	5.22	5.27	1764040	10022002.00
2018/08/13	5.24	5.81	5.14	5.49	5371080	31530678.00
2018/08/14	5.40	5.47	5.35	5.44	1612620	9371680.00
2018/08/15	5.48	5.53	5.34	5.36	1571400	9162311.00
2018/08/16	5.32	5.35	5.25	5.26	957030	5459946.50
2018/08/17	5.26	5.38	5.17	5.22	881524	4989988.00
2018/08/20	5.20	5.31	5.16	5.23	1076560	6052322.50
2018/08/21	5.25	5.33	5.22	5.29	1019560	5802370.00
2018/08/22	5.29	5.33	5.17	5.18	905000	5134426.00
2018/08/23	5.18	5.30	5.14	5.24	1202780	6793226.00
2018/08/24	5.75	5.81	5.35	5.36	5710910	33972700.00
2018/08/27	5.31	5.43	5.28	5.39	2499050	14405928.00
2018/08/28	5.39	5.46	5.35	5.40	1820330	10603103.00
2018/08/29	5.45	5.56	5.39	5.40	2294350	13469966.00
2018/08/30	5.31	5.48	5.31	5.37	1326860	7692675.50
2018/08/31	5.39	5.40	5.29	5.34	1082760	6234057.50
2018/09/03	5.32	5.37	5.14	5.27	1658130	9366368.00
2018/09/04	5.30	5.31	5.21	5.28	1144450	6497070.00
2018/09/05	5.25	5.32	5.23	5.25	969620	5503724.00
2018/09/06	5.25	5.31	5.21	5.21	759820	4303334.50
2018/09/07	5.26	5.30	5.21	5.24	798280	4525350.50
2018/09/10	5.25	5.27	5.15	5.15	804890	4503272.50
2018/09/11	5.15	5.50	5.14	5.27	3167631	18049906.00
2018/09/12	5.39	5.46	5.30	5.34	2337280	13513499.00
2018/09/13	5.32	5.70	5.32	5.62	5054810	29980002.00
2018/09/14	5.61	5.74	5.55	5.58	3069540	18569792.00
2018/09/17	5.60	5.80	5.58	5.78	4021920	24582220.00
2018/09/18	5.78	5.94	5.66	5.74	5239650	32337044.00
2018/09/19	5.70	5.70	5.42	5.54	5860860	32597276.00
2018/09/20	5.50	5.54	5.41	5.46	2982200	16297066.00
2018/09/21	5.50	5.51	5.40	5.49	3293040	17958668.00
2018/09/25	5.44	5.47	5.42	5.45	1208480	6582098.50
2018/09/26	5.45	5.48	5.43	5.46	1852530	10103171.00
2018/09/27	5.48	5.50	5.33	5.34	2071710	11253595.00
2018/09/28	5.34	5.45	5.34	5.43	945380	5099379.00
2018/10/08	5.41	5.41	5.31	5.33	1238790	6647086.00
2018/10/09	5.35	5.38	5.27	5.31	763240	4055327.75
2018/10/10	5.31	5.55	5.28	5.45	1697420	9201598.00
2018/10/11	5.37	5.37	4.91	4.99	2633960	13457956.00
2018/10/12	4.94	5.01	4.80	4.90	2178044	10675548.00
2018/10/15	4.90	4.97	4.82	4.82	514560	2526321.00
2018/10/16	4.88	4.95	4.76	4.78	1017730	4924808.00
2018/10/17	4.88	4.88	4.76	4.82	1135660	5465450.00
2018/10/18	4.80	4.82	4.60	4.61	1288950	6041673.50
2018/10/19	4.61	4.75	4.55	4.71	1907700	8837474.00
2018/10/22	4.74	4.95	4.69	4.89	2442140	11849448.00
2018/10/23	4.88	4.89	4.76	4.80	1588960	7675364.50
2018/10/24	4.78	4.87	4.78	4.78	895874	4310076.00
2018/10/25	4.65	4.76	4.57	4.70	1047930	4873765.00
2018/10/26	4.76	4.84	4.72	4.78	1152590	5506140.50
2018/10/29	4.78	4.95	4.70	4.82	3534090	17185626.00
2018/10/30	4.81	4.92	4.72	4.84	1710190	8251422.50
2018/10/31	4.82	5.32	4.82	5.20	8733714	44826892.00
2018/11/01	5.13	5.16	4.99	5.04	6661454	33733144.00
2018/11/02	5.07	5.12	5.04	5.10	3772114	19179932.00
2018/11/05	5.08	5.13	5.04	5.10	2544790	12945344.00
2018/11/06	5.09	5.12	5.03	5.09	1377010	6972787.50
2018/11/07	5.08	5.12	5.04	5.05	1463560	7441537.50
2018/11/08	5.06	5.11	5.04	5.06	1118100	5672256.00
2018/11/09	5.03	5.09	5.01	5.03	1281780	6488331.50
2018/11/12	5.04	5.18	5.04	5.16	2043700	10473785.00
2018/11/13	5.11	5.30	5.10	5.27	2940380	15376052.00
2018/11/14	5.27	5.35	5.24	5.26	2089130	11037272.00
2018/11/15	5.24	5.36	5.23	5.36	2546940	13505300.00
2018/11/16	5.38	5.41	5.27	5.31	2751990	14661490.00
2018/11/19	5.31	5.37	5.28	5.37	2429690	12961314.00
2018/11/20	5.35	5.49	5.25	5.25	3898340	21005578.00
2018/11/21	5.23	5.38	5.22	5.34	2463540	13069352.00
2018/11/22	5.36	5.40	5.29	5.31	1613100	8613720.00
2018/11/23	5.30	5.37	5.11	5.16	2809280	14642332.00
2018/11/26	5.13	5.22	5.10	5.15	1719520	8865804.00
2018/11/27	5.16	5.21	5.12	5.16	951240	4915761.00
2018/11/28	5.15	5.22	5.06	5.19	1530640	7870133.00
2018/11/29	5.20	5.23	5.05	5.07	1901610	9805962.00
2018/11/30	5.04	5.18	5.02	5.12	1327580	6780650.00
2018/12/03	5.24	5.32	5.21	5.29	2103080	11103860.00
2018/12/04	5.29	5.36	5.23	5.34	2374560	12600307.00
2018/12/05	5.26	5.31	5.22	5.26	1355660	7129362.50
2018/12/06	5.22	5.26	5.15	5.15	1574300	8182798.00
2018/12/07	5.16	5.33	5.15	5.30	2454980	12895194.00
2018/12/10	5.30	5.35	5.19	5.24	2236701	11706993.00
2018/12/11	5.22	5.28	5.20	5.28	1166680	6113809.50
2018/12/12	5.29	5.29	5.23	5.25	1003270	5274128.00
2018/12/13	5.26	5.32	5.19	5.25	1710090	8995703.00
2018/12/14	5.26	5.26	5.06	5.10	1767802	9166075.00
2018/12/17	5.10	5.14	5.02	5.11	1458849	7431156.00
2018/12/18	5.07	5.15	5.04	5.11	1075184	5476607.00
2018/12/19	5.10	5.14	5.05	5.08	1020356	5194667.00
2018/12/20	5.06	5.08	4.90	4.94	2185465	10832574.00
2018/12/21	4.94	4.96	4.84	4.86	1545701	7542557.50
2018/12/24	4.94	4.99	4.86	4.94	1376620	6805265.00
2018/12/25	4.97	5.05	4.88	4.98	2001861	9912782.00
2018/12/26	4.98	5.03	4.90	4.91	884760	4403644.50
2018/12/27	4.99	5.05	4.94	4.95	1506983	7526555.50
2018/12/28	4.95	5.03	4.93	5.02	1037520	5187045.50
2019/01/02	5.02	5.14	4.99	5.11	1505200	7638814.00
2019/01/03	5.10	5.13	4.98	5.02	1756660	8865902.00
数据来源:通达信
