300442 普丽盛 日线 前复权
      日期	    开盘	    最高	    最低	    收盘	    成交量	    成交额
2015/04/24	24.94	27.47	24.94	27.47	21000	579337.00
2015/04/27	30.23	30.23	30.23	30.23	6600	200376.00
2015/04/28	33.27	33.27	33.27	33.27	10075	336505.00
2015/04/29	36.61	36.61	36.61	36.61	8400	308616.00
2015/04/30	40.28	40.28	40.28	40.28	36300	1466883.00
2015/05/04	44.32	44.32	44.32	44.32	35400	1573530.00
2015/05/05	48.77	48.77	48.77	48.77	102700	5022030.00
2015/05/06	51.87	51.87	47.37	47.67	11865424	586878592.00
2015/05/07	45.37	46.32	42.89	43.06	6866491	301667040.00
2015/05/08	44.38	47.22	43.57	47.13	6747156	308955872.00
2015/05/11	48.37	51.86	47.87	51.86	7412263	373817312.00
2015/05/12	55.07	57.06	54.41	57.06	7255207	410711168.00
2015/05/13	57.63	62.76	52.39	62.75	7413114	441614080.00
2015/05/14	61.87	69.04	61.87	69.04	5164701	352028320.00
2015/05/15	72.87	75.96	72.87	75.96	3888998	292251264.00
2015/05/18	83.57	83.57	81.87	83.57	865095	72270016.00
2015/05/19	91.94	91.94	78.97	90.87	8771483	765414144.00
2015/05/20	93.87	99.97	87.65	99.97	4746984	461500384.00
2015/05/21	104.87	109.98	97.87	109.98	4874908	517451968.00
2015/05/22	119.49	120.99	114.88	120.99	5296191	632616384.00
2015/05/25	121.87	133.10	121.00	133.10	4386320	562561088.00
2015/05/26	141.87	146.42	141.87	146.42	2189411	318342080.00
2015/05/27	161.08	161.08	155.87	161.08	1175120	189012208.00
2015/05/28	177.20	177.20	144.96	144.96	2107401	347895008.00
2015/05/29	130.45	157.87	130.45	130.77	10139111	1371748224.00
2015/06/01	125.02	125.07	117.68	117.68	6092755	726048000.00
2015/06/02	112.87	116.50	105.90	106.36	8495263	925290880.00
2015/06/03	107.37	110.87	104.21	109.06	5426336	588510016.00
2015/06/04	106.76	106.83	98.14	99.91	5111947	517322496.00
2015/06/05	102.36	104.37	97.43	100.92	3815575	387733376.00
2015/06/08	99.87	100.77	92.97	93.73	3629985	348644672.00
2015/06/09	93.03	97.92	92.95	95.59	3397208	324809824.00
2015/06/10	94.76	102.58	93.81	100.08	4015038	402098560.00
2015/06/11	99.87	104.61	97.98	102.70	4085533	414513696.00
2015/06/12	102.87	104.84	94.88	95.65	3719273	367208224.00
2015/06/15	94.56	94.56	86.07	86.07	4270189	375335008.00
2015/06/16	82.87	87.57	80.37	84.47	3869328	323803360.00
2015/06/17	84.47	89.69	83.87	88.67	3199837	279262976.00
2015/06/18	87.39	88.54	79.79	79.79	2464833	206940784.00
2015/06/19	77.87	84.37	74.75	77.57	2410599	191746064.00
2015/06/23	78.87	85.34	77.38	85.34	3057689	250145216.00
2015/06/24	86.87	88.47	81.06	84.57	2807620	238859040.00
2015/06/25	84.57	85.37	76.12	78.35	2833062	229984544.00
2015/06/26	75.77	75.77	70.50	70.50	2157756	157591984.00
2015/06/29	71.07	72.16	63.44	63.44	2389722	157487248.00
2015/06/30	60.22	68.47	57.08	66.26	3161751	197801824.00
2015/07/01	64.85	68.37	59.62	59.62	2675410	175386592.00
2015/07/02	58.87	60.47	53.65	53.65	2389452	135732960.00
2015/07/03	51.79	56.64	48.28	50.85	2742058	141442288.00
2015/07/06	55.95	55.95	45.76	49.36	3126815	160486928.00
2015/07/07	47.87	47.87	44.41	44.41	2299091	103898512.00
2015/07/08	39.96	41.42	39.96	39.96	2787430	112104280.00
2015/07/09	36.85	43.97	36.85	43.97	3474235	144412992.00
2015/07/10	45.87	48.38	45.28	48.38	1918077	91432872.00
2015/07/13	52.65	53.23	50.39	53.23	3889130	205649968.00
2015/07/14	56.87	58.57	54.87	58.57	5628922	324129632.00
2015/07/15	55.87	57.26	52.70	52.70	2615817	140795584.00
2015/07/16	47.42	54.43	47.42	51.83	3909640	198792256.00
2015/07/17	51.83	56.87	49.27	54.66	3523828	188496848.00
2015/07/20	54.55	55.78	51.87	53.05	4749397	255593360.00
2015/07/21	51.86	58.05	50.53	57.57	4775295	262949456.00
2015/07/22	56.85	60.55	55.89	60.53	5364024	315316608.00
2015/07/23	59.87	66.60	58.87	66.60	5170794	327938656.00
2015/07/24	67.97	71.57	63.05	64.17	5670159	388248704.00
2015/07/27	62.97	65.85	57.74	57.74	3809870	236771312.00
2015/07/28	52.52	58.76	51.95	52.46	4106241	219394656.00
2015/07/29	53.37	57.19	47.73	57.02	3588575	189083456.00
2015/07/30	55.87	59.37	53.87	53.91	4041327	229544224.00
2015/07/31	51.87	55.85	49.97	52.86	3587074	189342096.00
2015/08/03	53.75	53.75	47.56	47.82	2923401	145073376.00
2015/08/04	47.98	52.54	47.87	52.35	2634331	132543560.00
2015/08/05	52.36	54.02	50.87	52.28	3538089	186500912.00
2015/08/06	50.87	51.86	49.72	50.84	1993934	101519544.00
2015/08/07	51.49	54.69	51.37	54.37	3817091	205287520.00
2015/08/10	55.38	59.68	54.37	58.86	3558340	203172976.00
2015/08/11	58.32	60.67	57.87	58.77	3843695	228546112.00
2015/08/12	57.89	59.22	55.75	55.88	2483283	143082864.00
2015/08/13	58.75	58.75	55.04	58.55	2390730	136833456.00
2015/08/14	58.27	60.37	57.87	58.65	3051720	179707136.00
2015/08/17	57.62	58.87	55.71	56.67	1880961	106776528.00
2015/08/18	56.89	57.73	50.99	50.99	2386000	130047328.00
2015/08/19	50.97	51.85	46.26	51.85	2407723	118517856.00
2015/08/20	51.77	51.77	48.24	48.67	1654874	82954136.00
2015/08/21	47.87	48.47	43.86	44.87	1983635	91793664.00
2015/08/24	43.44	43.45	40.37	40.37	2335673	95125888.00
2015/08/25	38.14	40.23	36.32	36.39	2219412	83736048.00
2015/08/26	37.87	40.04	36.37	38.17	3462116	134756032.00
2015/08/27	39.86	40.50	36.87	39.80	2503565	97608112.00
2015/08/28	40.57	43.77	39.07	42.71	2816920	115808272.00
2015/08/31	42.43	42.43	38.47	38.47	1553225	62713276.00
2015/09/01	36.97	37.74	34.61	34.61	1631150	58447948.00
2015/09/02	31.27	36.61	31.27	32.67	1623292	55121616.00
2015/09/07	34.87	35.95	33.87	35.77	1872056	66322324.00
2015/09/08	34.61	39.36	34.43	39.36	2421746	90318768.00
2015/09/09	39.40	42.42	39.40	41.05	3088430	127060632.00
2015/09/10	39.87	42.03	39.45	40.37	1767496	72253088.00
2015/09/11	42.25	42.25	39.46	41.08	1380697	56362712.00
2015/09/14	40.95	41.32	36.96	36.96	1496474	58034536.00
2015/09/15	35.12	35.86	33.25	34.36	1845799	63551196.00
2015/09/16	34.42	37.81	34.38	37.81	1885410	68276104.00
2015/09/17	37.87	39.74	36.87	37.10	2385129	91591640.00
2015/09/18	37.10	38.73	36.38	38.22	1947208	73364432.00
2015/09/21	36.97	41.52	36.97	41.37	2486143	98926208.00
2015/09/22	41.15	43.17	40.05	41.07	2474122	102915424.00
2015/09/23	40.09	42.75	39.77	42.37	2695319	112346424.00
2015/09/24	42.66	44.36	41.87	42.37	2711930	117411880.00
2015/09/25	41.97	42.21	38.15	39.64	2376370	95307488.00
2015/09/28	40.01	42.13	38.29	42.13	1829617	74181576.00
2015/09/29	41.15	41.97	39.89	41.25	1308705	53693476.00
2015/09/30	41.37	41.77	39.87	41.57	1424595	58808704.00
2015/10/08	43.17	44.37	42.45	43.74	2814977	122427664.00
2015/10/09	43.07	43.84	42.88	43.55	1521626	66218260.00
2015/10/12	43.77	47.80	43.56	47.07	2997634	137009216.00
2015/10/13	47.07	47.40	45.89	47.26	1965516	91927112.00
2015/10/14	46.60	47.86	45.67	46.22	2411569	113134528.00
2015/10/15	45.37	50.05	44.69	49.38	3252907	153215056.00
2015/10/16	49.38	50.45	46.97	50.45	3273615	160386688.00
2015/10/19	49.57	50.25	47.87	49.36	2479783	121844336.00
2015/10/20	48.77	50.37	47.86	49.77	2370782	116985376.00
2015/10/21	49.59	49.59	44.78	44.78	3157981	148762032.00
2015/10/22	44.28	46.47	44.05	46.34	2391666	108657264.00
2015/10/23	45.97	47.78	45.97	47.54	2168751	101926064.00
2015/10/26	47.95	48.47	46.77	48.41	2880953	137825712.00
2015/10/27	48.41	48.51	44.87	48.37	2587249	122383704.00
2015/10/28	48.06	50.57	47.43	47.87	3101025	152040160.00
2015/10/29	48.37	49.07	46.74	48.17	2174877	104484488.00
2015/10/30	48.34	48.76	46.63	48.15	1984887	95330080.00
2015/11/02	46.26	52.98	45.90	50.97	6194811	317701248.00
2015/11/03	51.37	56.08	50.71	56.08	7660501	415134976.00
2015/11/04	57.67	58.71	54.35	58.29	7048124	399637952.00
2015/11/05	56.98	61.75	56.93	60.25	6720100	400993088.00
2015/11/06	59.56	66.29	58.88	66.29	5234304	330205280.00
2015/11/09	69.87	72.93	65.43	69.88	7737903	539404480.00
2015/11/10	68.50	69.32	65.27	67.57	5636786	381743392.00
2015/11/11	66.85	74.34	66.67	74.34	5704431	406857664.00
2015/11/12	75.37	81.79	74.87	81.79	5253543	415576928.00
2015/11/13	81.37	85.79	73.60	73.60	6437716	499686144.00
2015/11/16	68.87	74.22	68.87	72.68	4733883	339835808.00
2015/11/17	72.98	74.82	66.93	68.29	5192011	372383648.00
2015/11/18	67.42	69.26	62.87	64.66	4201950	279286400.00
2015/11/19	64.99	68.37	64.67	68.05	4035911	268185696.00
2015/11/20	68.35	69.87	65.39	68.22	4160429	281393664.00
2015/11/23	67.36	70.45	66.37	66.97	3473292	237590288.00
2015/11/24	66.07	73.68	64.87	73.68	5278801	373360864.00
2015/11/25	76.34	76.47	72.88	73.47	5537493	414119552.00
2015/11/26	72.07	76.03	71.37	71.84	4035674	297501664.00
2015/11/27	71.71	74.19	65.37	65.88	4055929	285717984.00
2015/11/30	65.37	70.92	61.88	70.59	4314685	290916352.00
2015/12/01	69.67	73.85	66.87	70.42	4153203	296094912.00
2015/12/02	69.01	69.57	63.75	66.67	2734292	183378064.00
2015/12/03	67.47	72.07	66.97	71.95	3233966	224908512.00
2015/12/04	71.76	72.57	68.17	69.88	3431116	243195120.00
2015/12/07	70.48	71.65	68.87	71.25	2588030	182727344.00
2015/12/08	70.49	75.37	69.97	72.57	4551247	333386560.00
2015/12/09	70.89	72.28	68.26	69.64	3259138	228574768.00
2015/12/10	68.86	70.02	65.67	66.59	2645082	179622000.00
2015/12/11	65.97	66.59	63.97	64.17	2116827	137635120.00
2015/12/14	63.15	66.84	62.70	66.62	1528886	99449816.00
2015/12/15	66.85	67.47	65.92	66.31	1539436	102957680.00
2015/12/16	66.34	68.25	66.33	66.78	1575472	106347376.00
2015/12/17	67.47	73.47	67.07	73.47	3773394	266750368.00
2015/12/18	75.77	75.77	70.00	70.41	3760540	271165728.00
2015/12/21	69.36	70.80	67.85	69.53	2131966	147405456.00
2015/12/22	70.82	72.72	70.23	71.34	2287952	163350832.00
2015/12/23	71.87	72.87	69.92	70.84	2925911	209366832.00
2015/12/24	70.37	73.45	70.37	72.92	2991499	216283056.00
2015/12/25	73.08	75.14	70.88	72.16	3041725	223152384.00
2015/12/28	72.37	72.87	66.52	67.17	3011715	209943984.00
2015/12/29	67.15	68.43	66.11	67.88	1572208	105897504.00
2015/12/30	66.89	68.85	66.88	67.84	1425864	96861744.00
2015/12/31	67.42	67.82	65.18	65.36	1410806	93865344.00
2016/01/04	64.42	65.03	58.81	58.81	1661056	101733120.00
2016/01/05	53.88	57.20	52.92	54.64	2204232	121591432.00
2016/01/06	55.55	58.75	53.58	57.25	1917938	108281952.00
2016/01/07	55.87	55.90	51.51	51.51	526000	28168042.00
2016/01/08	53.37	54.36	47.68	50.97	1690849	87235184.00
2016/01/11	48.87	49.81	45.86	45.86	1800341	85492016.00
2016/01/12	45.80	47.40	41.96	46.07	1811690	82904448.00
2016/01/13	46.47	47.18	43.38	43.44	1269270	57718328.00
2016/01/14	41.67	46.86	41.07	46.06	1561651	69467512.00
2016/01/15	45.86	46.46	42.37	43.17	1394277	62597088.00
2016/01/18	42.37	45.67	41.45	44.53	1454488	64663324.00
2016/01/19	44.55	46.83	43.68	46.36	1865332	84730880.00
2016/01/20	45.87	48.21	45.67	46.64	1810129	85176488.00
2016/01/21	45.33	47.65	43.87	43.87	1701119	78543792.00
2016/01/22	44.87	45.61	42.95	45.23	1417077	63361384.00
2016/01/25	46.57	46.67	45.18	45.82	1213058	56018252.00
2016/01/26	45.57	45.57	41.23	41.23	1383535	59582760.00
2016/01/27	40.99	42.37	37.99	41.45	1169532	47052344.00
2016/01/28	40.96	41.20	38.05	38.42	853915	34055644.00
2016/01/29	39.06	40.83	38.42	40.26	1196472	47717204.00
2016/02/01	39.79	40.37	38.42	40.10	911551	36326632.00
2016/02/02	40.37	41.87	40.03	41.80	1332419	55334540.00
2016/02/03	41.12	43.16	40.46	41.80	941995	38877348.00
2016/02/04	42.09	43.32	41.37	42.99	1422305	60978412.00
2016/02/05	43.07	43.47	41.37	41.76	1050411	44593800.00
2016/02/15	39.87	41.37	39.10	40.77	983137	39714700.00
2016/02/16	41.31	43.97	41.07	43.52	1474733	63164524.00
2016/02/17	43.62	45.10	43.08	44.97	1910235	84575320.00
2016/02/18	45.77	45.77	44.07	44.07	1518748	67988408.00
2016/02/19	43.87	45.22	43.87	44.76	1171122	52310248.00
2016/02/22	45.37	49.25	45.36	49.25	2718312	129798232.00
2016/02/23	50.24	51.75	48.15	48.22	3682560	184826000.00
2016/02/24	48.87	49.23	46.38	47.79	2311826	110270480.00
2016/02/25	47.40	47.82	43.00	43.00	2462145	110823400.00
2016/02/26	42.77	43.72	41.49	42.60	1625080	69605936.00
2016/02/29	41.67	42.17	38.33	38.33	1751535	68431136.00
2016/03/01	38.33	39.81	37.37	39.25	1502080	58453040.00
2016/03/02	38.87	42.04	38.38	41.65	1553157	62617456.00
2016/03/03	41.94	44.52	41.45	42.25	2096363	90626144.00
2016/03/04	42.27	43.36	38.88	40.07	1534698	63668840.00
2016/03/07	40.31	42.06	40.31	40.99	1018571	42227324.00
2016/03/08	40.98	41.69	38.07	41.47	1318094	52519980.00
2016/03/09	40.29	41.27	39.32	39.88	903944	36489024.00
2016/03/10	39.29	40.72	39.29	39.37	783443	31379524.00
2016/03/11	39.10	41.07	38.47	40.62	1218786	48969992.00
2016/03/14	41.47	43.15	41.07	42.33	1734363	73677488.00
2016/03/15	42.33	42.45	40.85	41.08	1261303	52566684.00
2016/03/16	41.75	42.39	39.98	40.47	1184038	49149436.00
2016/03/17	41.22	42.57	40.25	42.54	1763381	74039480.00
2016/03/18	42.40	44.95	42.40	44.48	2258604	99621976.00
2016/03/21	44.87	45.87	44.61	45.87	2572314	116640320.00
2016/03/22	45.52	46.37	44.42	45.67	1929350	88183160.00
2016/03/23	45.27	46.93	45.27	46.87	2194281	101890040.00
2016/03/24	46.47	48.77	45.37	46.17	2846661	134214304.00
2016/03/25	45.88	46.52	45.13	45.72	1769959	81203560.00
2016/03/28	46.17	47.47	45.79	46.09	1693905	79406760.00
2016/03/29	45.96	46.77	44.57	46.03	1534531	70157744.00
2016/03/30	46.67	49.16	45.68	49.03	2500383	119595848.00
2016/03/31	46.87	48.52	46.87	47.26	4551991	216308688.00
2016/04/01	46.39	46.47	44.38	45.25	2783563	126154296.00
2016/04/05	44.91	46.33	44.38	46.11	2080432	95145752.00
2016/04/06	46.12	47.14	45.65	46.34	2227337	103682920.00
2016/04/07	46.09	46.63	44.89	44.90	1993705	90982376.00
2016/04/08	44.18	45.55	43.87	45.34	1630560	72658616.00
2016/04/11	45.42	46.82	45.42	46.80	2056005	95741784.00
2016/04/12	46.75	47.23	45.59	46.17	1707987	79369952.00
2016/04/13	46.19	47.42	46.19	46.70	2454828	115677176.00
2016/04/14	47.01	48.07	46.67	47.95	2662037	126379288.00
2016/04/15	48.09	48.16	46.89	47.22	2076476	98550824.00
2016/04/18	46.77	46.77	45.38	45.95	1585699	72900304.00
2016/04/19	46.09	46.47	45.39	45.72	1117124	51434868.00
2016/04/20	45.77	46.17	41.47	42.15	2098305	91633560.00
2016/04/21	42.19	42.32	40.98	41.18	1261367	52847284.00
2016/04/22	41.07	41.86	40.39	41.59	875104	36328484.00
2016/04/25	41.27	41.27	39.95	40.47	1662798	67326216.00
2016/04/26	40.32	40.84	40.17	40.77	2265900	92081640.00
2016/04/27	40.88	41.64	40.67	40.96	1762389	72606776.00
2016/04/28	40.95	41.11	39.77	40.68	1614756	65485784.00
2016/04/29	40.77	40.97	40.38	40.62	793782	32416150.00
2016/05/03	40.72	42.32	40.38	42.32	1525210	63640964.00
2016/05/04	41.96	42.77	41.85	42.07	1371153	58180784.00
2016/05/05	41.92	42.77	41.89	42.62	1143696	48502364.00
2016/05/06	42.57	43.17	39.87	40.11	2183845	90616880.00
2016/05/09	39.88	39.89	38.07	38.13	1455695	56586888.00
2016/05/10	37.89	38.65	37.89	38.25	998731	38346340.00
2016/05/11	38.62	39.07	38.17	38.37	947395	36632344.00
2016/05/12	37.67	38.70	37.36	38.65	944469	36034324.00
2016/05/13	38.62	39.28	38.14	38.53	760700	29577312.00
2016/05/16	38.38	39.16	38.15	39.16	819841	31814780.00
2016/05/17	39.07	39.64	38.25	39.16	1048550	40976248.00
2016/05/18	38.75	38.80	36.63	37.37	1178967	44811412.00
2016/05/19	37.37	38.48	37.37	38.09	942030	36051556.00
2016/05/20	37.40	38.65	37.38	38.56	833870	31917290.00
2016/05/23	38.82	39.41	38.63	39.25	1024541	40247056.00
2016/05/24	39.22	39.22	38.29	38.55	760352	29426814.00
2016/05/25	39.87	40.37	38.57	39.11	3572175	140743776.00
2016/05/26	38.79	38.87	37.16	38.55	2380050	90880320.00
2016/05/27	38.18	38.63	37.87	38.25	1379163	52991824.00
2016/05/30	37.97	38.34	37.42	37.91	1027290	39075976.00
2016/05/31	38.02	40.16	37.80	40.02	2661967	104775960.00
2016/06/01	40.17	40.73	40.03	40.17	2369691	95920440.00
2016/06/02	40.17	41.15	39.97	41.11	2316937	94540800.00
2016/06/03	41.02	42.07	40.47	41.45	2559025	105883216.00
2016/06/06	41.85	41.87	40.90	41.37	1803662	74859712.00
2016/06/07	41.10	43.53	41.10	43.32	3190483	135947632.00
2016/06/08	43.17	43.17	42.02	42.58	2323873	99043048.00
2016/06/13	41.82	41.87	38.87	38.87	2566415	104446536.00
2016/06/14	38.45	39.45	38.37	39.12	1322346	51741948.00
2016/06/15	38.52	41.28	38.52	40.96	1656640	67175088.00
2016/06/16	41.37	41.86	40.38	40.62	1664180	68716864.00
2016/06/17	41.00	42.37	41.00	41.61	1988502	83137872.00
2016/06/20	41.73	44.32	41.07	43.26	3033121	129802048.00
2016/06/21	43.18	44.22	41.79	42.17	2444624	105403512.00
2016/06/22	41.79	43.57	41.68	43.48	2009870	86419128.00
2016/06/23	43.53	43.76	42.86	43.43	1994113	86625816.00
2016/06/24	43.43	43.92	39.75	42.12	2649449	112576376.00
2016/06/27	41.87	44.33	41.55	44.27	2928329	127690440.00
2016/06/28	44.47	45.24	43.72	44.91	2987924	133398672.00
2016/06/29	44.91	45.17	44.18	45.01	2170592	96995416.00
2016/06/30	44.97	46.47	44.63	45.33	2735513	125275072.00
2016/07/01	45.00	45.97	44.47	45.07	2179838	98629784.00
2016/07/04	44.15	46.97	44.15	46.51	2877479	132720000.00
2016/07/05	46.37	47.92	46.02	47.87	3403132	159719872.00
2016/07/06	47.30	52.65	47.28	51.12	6171572	309051968.00
2016/07/07	51.79	56.24	51.17	56.24	7451779	402337600.00
2016/07/08	54.68	57.46	52.97	52.97	6963629	383043712.00
2016/07/11	53.37	54.12	50.48	50.87	5654272	294118176.00
2016/07/12	51.57	51.85	49.45	51.48	4376783	221849776.00
2016/07/13	51.42	51.84	50.67	51.07	2890888	148343648.00
2016/07/14	51.02	51.72	50.65	51.60	2324654	119047656.00
2016/07/15	49.97	49.97	47.42	48.10	5574403	271006176.00
2016/07/18	47.91	47.92	46.57	47.57	2803414	132643952.00
2016/07/19	47.48	48.96	46.87	48.50	2389204	114854152.00
2016/07/20	48.19	48.84	47.87	47.89	1944646	94119984.00
2016/07/21	47.95	48.53	47.57	47.61	1757245	84426784.00
2016/07/22	47.47	47.82	46.85	47.16	1595948	75638600.00
2016/07/25	47.28	48.15	46.77	47.84	1413987	67495896.00
2016/07/26	47.88	48.52	47.49	48.18	1288587	62143120.00
2016/07/27	48.17	48.45	43.98	44.77	3076352	141702368.00
2016/07/28	44.57	45.47	43.70	44.82	1628641	72550448.00
2016/07/29	44.82	45.25	44.08	44.42	1035810	46086408.00
2016/08/01	44.15	45.28	43.47	45.00	1412147	62512300.00
2016/08/02	44.75	45.35	44.59	44.99	1021490	45916636.00
2016/08/03	45.02	45.21	44.54	44.78	984764	44162200.00
2016/08/04	44.67	45.27	44.35	44.97	1092420	49081920.00
2016/08/05	44.87	45.15	44.16	44.16	1125150	50222380.00
2016/08/08	44.15	44.94	43.19	44.62	1050360	46088388.00
2016/08/09	44.57	45.45	44.53	45.32	1056344	47618380.00
2016/08/10	45.43	45.54	44.83	44.95	883953	39966668.00
2016/08/11	44.67	45.10	43.97	44.00	920806	40954772.00
2016/08/12	43.71	44.63	43.71	44.55	836904	37085388.00
2016/08/15	44.17	45.91	44.11	45.53	1990758	89899992.00
2016/08/16	45.47	46.46	45.47	46.00	1355087	62506764.00
2016/08/17	45.97	46.33	45.63	46.12	985252	45421464.00
2016/08/18	46.12	46.85	45.78	46.39	1552747	71912232.00
2016/08/19	46.35	46.90	45.65	46.80	1879871	87083248.00
2016/08/22	46.72	46.72	45.47	45.58	1196838	55141304.00
2016/08/23	45.66	46.47	45.38	45.97	939240	43164776.00
2016/08/24	45.78	46.57	45.72	46.42	1163598	53930788.00
2016/08/25	46.39	46.39	44.56	45.22	1389374	62884496.00
2016/08/26	44.55	45.47	44.55	44.97	982183	44310016.00
2016/08/29	44.97	45.24	43.98	44.81	671782	30133748.00
2016/08/30	44.83	45.41	44.55	44.67	565100	25447874.00
2016/08/31	44.59	44.95	44.30	44.73	679980	30353412.00
2016/09/01	44.73	45.38	44.58	44.83	803977	36179772.00
2016/09/02	44.79	45.26	43.27	44.02	922480	40967944.00
2016/09/05	44.07	44.47	43.75	44.30	699556	30970008.00
2016/09/06	44.30	45.94	43.77	45.80	1211710	54743192.00
2016/09/07	45.97	45.97	45.45	45.51	820688	37511428.00
2016/09/08	45.37	45.93	45.29	45.58	735900	33596744.00
2016/09/09	45.58	46.22	45.37	45.57	830146	38048020.00
2016/09/12	44.27	45.20	43.87	43.87	1018019	45081536.00
2016/09/13	44.28	44.39	43.77	43.99	513155	22595308.00
2016/09/14	43.69	44.22	43.65	43.72	481770	21147876.00
2016/09/19	43.82	44.80	43.82	44.17	699916	30993908.00
2016/09/20	44.58	44.58	43.92	44.09	494679	21828818.00
2016/09/21	44.12	44.64	44.02	44.53	700136	31082642.00
2016/09/22	44.92	44.92	44.32	44.34	644842	28758902.00
2016/09/23	44.65	45.85	44.38	45.10	1524770	68923592.00
2016/09/26	45.27	45.86	44.41	44.57	1338130	60649392.00
2016/09/27	44.29	45.56	43.67	45.24	1130819	50269164.00
2016/09/28	45.17	45.57	45.03	45.30	976896	44250528.00
2016/09/29	45.13	45.72	45.08	45.30	766261	34793324.00
2016/09/30	45.00	45.71	44.97	45.56	779883	35412876.00
2016/10/10	45.86	47.16	45.67	46.67	1802214	83919872.00
2016/10/11	46.66	47.13	46.47	46.96	1188863	55650504.00
2016/10/12	46.97	47.32	46.53	47.23	1641151	77244128.00
2016/10/13	47.39	47.40	46.67	47.06	1140590	53579960.00
2016/10/14	46.83	47.05	45.93	46.33	1041837	48250016.00
2016/10/17	46.17	46.26	45.33	45.41	1086887	49782496.00
2016/10/18	45.61	46.26	45.31	46.23	993929	45597792.00
2016/10/19	46.22	46.53	45.44	45.64	1011625	46358140.00
2016/10/20	45.53	46.25	45.35	45.88	916004	41971556.00
2016/10/21	45.80	45.91	44.65	44.97	1282433	58003008.00
2016/10/24	44.78	45.56	44.65	45.27	862807	38916820.00
2016/10/25	45.56	45.92	45.18	45.70	833100	37961512.00
2016/10/26	45.96	45.97	45.09	45.53	950672	43241560.00
2016/10/27	45.68	45.80	45.42	45.80	866710	39574100.00
2016/10/28	45.95	45.95	44.75	45.00	1042946	47213636.00
2016/10/31	44.67	46.75	44.35	46.65	1896342	86649128.00
2016/11/01	46.56	48.47	46.33	47.77	3429043	162885616.00
2016/11/02	47.32	47.57	46.45	46.63	2159004	101673728.00
2016/11/03	46.57	49.67	46.57	48.33	3665667	177303904.00
2016/11/04	47.77	49.11	47.77	48.57	2216102	107524184.00
2016/11/07	48.47	48.57	47.38	47.70	1776638	84887744.00
2016/11/08	47.88	48.46	47.48	47.97	1203451	57689268.00
2016/11/09	47.55	48.21	46.48	46.83	1580985	74641984.00
2016/11/10	48.50	51.51	48.50	48.73	3624642	179663728.00
2016/11/11	48.97	53.56	48.92	51.90	5601297	287405024.00
2016/11/14	51.87	52.83	50.89	51.37	4377322	226503936.00
2016/11/15	51.22	51.91	50.27	51.12	2538648	129227872.00
2016/11/16	51.15	53.47	50.77	50.81	2574321	133129832.00
2016/11/17	51.63	52.47	49.97	50.85	3141707	161551488.00
2016/11/18	51.97	52.46	51.17	52.15	3541934	183902736.00
2016/11/21	52.17	54.84	51.37	54.23	4569885	243143056.00
2016/11/22	54.27	54.34	53.00	53.90	3222609	173093936.00
2016/11/23	53.57	53.57	52.02	52.07	2616024	138044096.00
2016/11/24	52.22	52.45	50.44	50.77	2078802	106700808.00
2016/11/25	49.75	50.17	47.97	49.67	3121440	153281856.00
2016/11/28	49.62	49.62	48.57	48.63	1474586	72102744.00
2016/11/29	48.87	49.11	48.12	48.23	1177400	57195672.00
2016/11/30	48.21	49.02	47.95	48.35	1261267	61316272.00
2016/12/01	48.47	48.63	47.69	47.76	1386925	66704168.00
2016/12/02	47.85	48.07	46.43	46.67	1499249	70705208.00
2016/12/05	46.25	47.14	45.00	46.37	789816	36754776.00
2016/12/06	46.78	47.07	46.48	46.66	688000	32182714.00
2016/12/07	46.67	47.68	46.39	47.57	1230687	58148436.00
2016/12/08	47.47	47.67	46.92	46.96	699499	33070702.00
2016/12/09	46.87	47.15	46.07	46.09	870900	40495732.00
2016/12/12	45.97	46.50	41.58	41.60	1814300	79834424.00
2016/12/13	41.97	42.15	40.97	41.70	811986	33838788.00
2016/12/14	41.95	41.95	40.97	41.67	825375	34293508.00
2016/12/15	41.27	43.06	41.27	42.22	1033571	43699348.00
2016/12/16	42.22	42.85	42.01	42.40	647192	27460982.00
2016/12/19	42.13	42.96	42.13	42.65	569464	24192418.00
2016/12/20	42.64	42.95	42.28	42.82	453563	19370000.00
2016/12/21	43.14	43.77	42.82	43.61	847590	36857840.00
2016/12/22	43.09	43.48	42.35	42.77	983075	42081416.00
2016/12/23	42.77	42.85	41.67	41.76	863400	36592220.00
2016/12/26	41.76	43.12	40.77	42.71	1246121	52505012.00
2016/12/27	42.67	43.70	42.67	43.33	1202741	51967864.00
2016/12/28	43.03	43.37	42.68	42.85	721281	30941904.00
2016/12/29	42.87	43.45	42.50	42.86	531088	22880006.00
2016/12/30	43.02	43.57	42.52	43.09	427850	18407012.00
2017/01/03	43.36	45.21	43.18	44.17	1387248	61517560.00
2017/01/04	43.99	44.41	43.88	44.17	629414	27784656.00
2017/01/05	43.97	44.41	43.54	43.76	461500	20332722.00
2017/01/06	43.76	44.02	42.70	42.93	490934	21316736.00
2017/01/09	42.84	43.21	41.99	42.97	606610	26030924.00
2017/01/10	43.02	43.45	42.69	42.98	376408	16278182.00
2017/01/11	42.78	44.08	42.41	43.89	541533	23339788.00
2017/01/12	43.74	44.22	42.55	42.70	660503	28698742.00
2017/01/13	42.87	42.95	41.25	41.57	604215	25438366.00
2017/01/16	41.57	41.62	37.47	38.97	1142842	45280624.00
2017/01/17	38.78	40.41	38.30	39.93	785164	31069184.00
2017/01/18	39.37	39.78	38.80	38.97	395087	15505693.00
2017/01/19	38.72	39.32	38.20	38.54	451700	17492152.00
2017/01/20	38.57	39.92	38.37	39.61	570100	22554724.00
2017/01/23	39.97	41.47	39.61	40.87	881101	35867716.00
2017/01/24	40.85	40.85	39.86	40.05	595146	23980700.00
2017/01/25	39.47	41.35	39.47	41.20	833187	33917708.00
2017/01/26	40.88	42.05	40.18	41.89	651100	27094130.00
2017/02/03	42.05	42.06	40.68	41.04	357866	14750589.00
2017/02/06	40.97	41.55	40.80	41.33	415807	17151800.00
2017/02/07	41.33	41.41	40.52	40.87	296402	12150683.00
2017/02/08	40.57	41.27	40.34	41.13	307161	12536208.00
2017/02/09	40.97	41.42	40.59	41.42	482804	19951674.00
2017/02/10	41.43	41.66	40.67	40.67	515846	21192302.00
2017/02/13	40.77	43.14	40.43	42.43	992433	41457400.00
2017/02/14	41.98	42.32	41.65	41.67	767848	32198224.00
2017/02/15	41.85	42.27	41.24	41.37	588973	24633132.00
2017/02/16	41.35	41.88	41.07	41.41	405570	16850402.00
2017/02/17	41.40	41.71	40.78	40.83	390279	16068963.00
2017/02/20	40.33	41.21	40.33	40.91	359310	14688080.00
2017/02/21	40.91	42.06	40.69	41.42	589902	24527838.00
2017/02/22	41.55	41.85	41.18	41.63	475711	19751600.00
2017/02/23	41.95	41.95	41.30	41.70	361804	15030592.00
2017/02/24	41.55	42.12	41.47	42.04	410543	17208028.00
2017/02/27	42.04	42.35	41.82	41.86	491779	20688634.00
2017/02/28	41.75	42.36	41.53	42.09	380119	15978427.00
2017/03/01	42.22	42.49	41.89	42.24	499063	21056864.00
2017/03/02	42.19	42.43	41.98	41.98	383535	16205770.00
2017/03/03	41.91	41.97	41.16	41.87	527870	21981676.00
2017/03/06	42.00	42.83	41.95	42.76	565034	24075442.00
2017/03/07	42.49	43.24	42.47	42.96	609570	26121198.00
2017/03/08	42.95	43.42	42.67	43.12	425314	18305584.00
2017/03/09	43.12	43.18	42.49	43.13	400973	17205730.00
2017/03/10	42.97	43.31	42.82	43.01	394448	16990706.00
2017/03/13	43.01	43.15	42.57	42.94	402826	17247690.00
2017/03/14	42.97	43.95	42.73	42.73	487169	21071004.00
2017/03/15	42.49	43.02	42.49	42.82	401809	17193406.00
2017/03/16	43.00	43.00	42.57	42.96	599052	25715000.00
2017/03/17	43.47	43.47	42.07	42.25	443074	19006842.00
2017/03/20	42.15	42.76	42.07	42.72	422880	17980668.00
2017/03/21	42.82	43.26	42.48	43.20	561800	24147054.00
2017/03/22	43.07	43.35	42.31	42.45	479490	20463054.00
2017/03/23	42.48	43.01	42.07	42.43	544030	23212650.00
2017/03/24	42.63	42.73	41.57	41.85	745279	31374920.00
2017/03/27	41.38	41.53	40.65	40.84	774945	31787256.00
2017/03/28	40.48	41.27	40.48	40.83	511891	21018514.00
2017/03/29	40.82	41.04	39.87	39.87	588254	23861824.00
2017/03/30	39.87	39.87	38.52	38.93	789004	30956594.00
2017/03/31	38.60	39.08	38.18	38.47	814101	31492032.00
2017/04/05	38.37	39.37	38.17	39.31	561321	21866242.00
2017/04/06	39.47	39.74	39.23	39.61	630025	24815752.00
2017/04/07	39.38	39.61	38.77	39.01	491853	19232770.00
2017/04/10	39.27	39.47	38.35	39.47	954181	37016364.00
2017/04/11	39.42	39.42	38.47	38.94	518043	20155448.00
2017/04/12	38.77	38.92	38.17	38.22	554597	21427198.00
2017/04/13	37.90	37.90	36.73	37.07	882501	32799226.00
2017/04/14	36.97	37.37	36.47	36.89	663619	24452476.00
2017/04/17	36.67	36.78	34.97	35.08	670985	23877570.00
2017/04/18	35.13	35.76	34.79	34.93	559642	19761998.00
2017/04/19	35.10	35.35	33.57	34.79	506275	17366562.00
2017/04/20	34.17	34.91	33.86	34.64	594622	20436148.00
2017/04/21	34.37	34.85	34.19	34.30	349276	12080931.00
2017/04/24	34.17	34.17	32.33	32.58	454835	15134377.00
2017/04/25	32.65	33.34	32.62	33.02	386447	12770611.00
2017/04/26	32.88	33.32	32.88	33.19	281349	9321646.00
2017/04/27	33.19	34.48	32.15	34.01	572235	19075986.00
2017/04/28	33.77	34.30	33.77	34.07	256291	8733937.00
2017/05/02	34.07	35.75	33.91	35.00	590852	20659940.00
2017/05/03	34.47	34.85	33.82	34.07	493285	16962906.00
2017/05/04	34.35	34.52	33.76	34.24	375543	12870102.00
2017/05/05	34.07	34.66	33.67	33.74	414738	14072899.00
2017/05/08	33.72	33.89	32.52	32.58	425062	14113547.00
2017/05/09	32.47	33.46	32.47	33.31	402680	13276706.00
2017/05/10	33.09	33.53	32.25	32.27	415768	13682469.00
2017/05/11	32.25	32.25	30.85	31.77	560999	17628928.00
2017/05/12	31.39	31.69	31.26	31.39	263000	8283918.00
2017/05/15	31.74	32.17	31.37	31.48	270708	8563860.00
2017/05/16	31.72	32.70	31.29	32.60	599189	19222384.00
2017/05/17	32.51	32.93	32.37	32.62	470432	15346819.00
2017/05/18	32.07	32.95	32.07	32.57	305720	9946022.00
2017/05/19	32.38	32.63	32.05	32.30	271538	8786546.00
2017/05/22	32.51	32.51	31.05	31.12	387582	12266903.00
2017/05/23	31.00	31.26	30.09	30.27	394968	12116030.00
2017/05/24	30.22	30.91	29.37	30.46	351486	10670201.00
2017/05/25	30.42	30.84	29.67	30.63	421791	12825706.00
2017/05/26	30.47	31.17	30.36	30.73	255042	7839312.50
2017/05/31	30.97	31.62	30.58	30.73	348300	10843896.00
2017/06/01	30.55	30.74	28.97	28.97	736872	21786558.00
2017/06/02	28.71	29.64	27.72	29.35	660272	18997560.00
2017/06/05	29.56	29.56	29.04	29.23	572107	16803506.00
2017/06/06	29.23	29.52	29.01	29.16	454101	13270605.00
2017/06/07	29.17	30.41	29.14	30.27	1219533	36410476.00
2017/06/08	30.27	30.36	29.98	30.05	547245	16510907.00
2017/06/09	30.05	30.21	29.13	29.60	1029240	30454242.00
2017/06/12	29.52	29.60	27.72	27.88	1238296	35349088.00
2017/06/13	27.87	28.73	27.49	28.70	1079337	30776680.00
2017/06/14	28.74	29.43	28.46	29.28	1044169	30398300.00
2017/06/15	29.05	30.29	28.97	29.66	1285898	38360108.00
2017/06/16	29.89	31.97	29.67	30.07	1858002	56310656.00
2017/06/19	30.00	30.09	29.08	29.34	1737219	51080592.00
2017/06/20	29.28	29.96	29.28	29.81	1377234	40899864.00
2017/06/21	29.78	29.96	28.48	29.33	1192144	34922576.00
2017/06/22	29.27	29.72	28.61	28.73	982139	28756268.00
2017/06/23	28.93	28.93	28.03	28.66	928323	26453256.00
2017/06/26	28.62	29.13	28.38	29.13	617850	17835212.00
2017/06/27	29.37	29.37	28.86	29.11	544873	15905920.00
2017/06/28	28.98	29.06	28.51	28.67	481000	13811477.00
2017/06/29	28.51	29.32	28.51	28.88	440700	12748056.00
2017/06/30	28.68	29.25	28.59	29.15	411351	11917028.00
2017/07/03	29.17	29.46	29.01	29.35	490565	14378547.00
2017/07/04	29.35	29.48	28.85	29.03	563111	16373136.00
2017/07/05	29.04	29.45	28.81	29.37	721932	21058752.00
2017/07/06	29.47	29.51	28.89	29.16	601300	17577742.00
2017/07/07	29.08	29.68	29.04	29.65	950961	28087536.00
2017/07/10	29.53	29.61	28.72	28.74	1016876	29598762.00
2017/07/11	28.73	28.96	28.29	28.29	617465	17718048.00
2017/07/12	28.30	28.45	27.55	28.18	711986	19889744.00
2017/07/13	28.03	28.32	27.87	28.18	392225	11016489.00
2017/07/14	27.83	27.96	27.24	27.24	947625	26167610.00
2017/07/17	27.12	27.12	24.51	24.51	1560343	39513392.00
2017/07/18	24.15	24.86	23.79	24.70	933863	22766534.00
2017/07/19	24.86	24.86	24.29	24.67	615704	15100734.00
2017/07/20	24.67	25.28	24.56	24.62	815742	20352882.00
2017/07/21	24.84	25.03	24.38	24.53	584146	14437230.00
2017/07/24	24.53	24.73	23.97	24.64	623700	15196611.00
2017/07/25	24.48	24.81	24.40	24.75	521400	12845408.00
2017/07/26	24.96	24.96	24.18	24.41	549451	13481676.00
2017/07/27	24.30	25.73	24.22	25.55	1303469	32896914.00
2017/07/28	25.33	25.73	24.89	24.97	888100	22466420.00
2017/07/31	24.97	25.17	24.50	25.08	533976	13307708.00
2017/08/01	25.28	25.28	24.79	25.09	504400	12616879.00
2017/08/02	25.17	25.17	24.48	24.59	486441	12074308.00
2017/08/03	24.61	25.25	24.39	25.15	994219	24945402.00
2017/08/04	25.18	25.28	24.63	24.76	727106	18091678.00
2017/08/07	24.77	25.18	24.66	25.14	543313	13601669.00
2017/08/08	25.03	25.39	24.73	25.33	825572	20796640.00
2017/08/09	25.36	25.36	25.13	25.22	496300	12524021.00
2017/08/10	25.28	25.28	24.48	24.58	701300	17395438.00
2017/08/11	24.18	24.53	24.16	24.18	574066	13989455.00
2017/08/14	24.07	24.97	24.07	24.97	574515	14225657.00
2017/08/15	24.87	25.13	24.86	25.03	463800	11585321.00
2017/08/16	25.08	25.73	25.07	25.50	1077380	27486400.00
2017/08/17	25.51	25.78	25.35	25.74	867393	22215108.00
2017/08/18	25.78	25.78	25.26	25.40	676229	17237268.00
2017/08/21	25.50	25.78	25.39	25.72	640549	16420325.00
2017/08/22	25.76	25.77	25.30	25.43	515608	13136697.00
2017/08/23	25.18	25.48	25.14	25.36	464250	11758276.00
2017/08/24	25.11	25.37	25.11	25.23	491017	12401219.00
2017/08/25	25.23	25.66	25.03	25.58	730776	18638594.00
2017/08/28	25.68	26.29	25.56	26.08	1163974	30239514.00
2017/08/29	26.04	26.26	25.87	26.06	767304	19973860.00
2017/08/30	26.07	26.28	25.87	25.89	785222	20491912.00
2017/08/31	25.80	26.79	25.80	26.33	1137526	29911288.00
2017/09/01	26.48	27.16	26.18	26.91	1736837	46558512.00
2017/09/04	26.84	27.05	26.48	26.72	930922	24875456.00
2017/09/05	26.66	26.92	26.40	26.58	714260	18999486.00
2017/09/06	26.50	26.96	26.44	26.92	794126	21159792.00
2017/09/07	26.86	27.46	26.73	26.90	1305104	35382580.00
2017/09/08	26.73	27.45	26.73	27.23	1134341	30789310.00
2017/09/11	27.00	28.06	27.00	27.69	1496030	41365488.00
2017/09/12	27.70	28.43	27.21	27.35	1578014	44025340.00
2017/09/13	27.12	27.58	27.11	27.40	548312	14990240.00
2017/09/14	27.36	27.49	26.91	26.91	555700	15115685.00
2017/09/15	26.91	27.17	26.67	26.80	553289	14917290.00
2017/09/18	26.80	27.10	26.56	27.08	642176	17222708.00
2017/09/19	27.06	27.28	26.78	26.79	661106	17807240.00
2017/09/20	26.89	27.18	26.83	27.18	565192	15267360.00
2017/09/21	27.31	28.15	27.28	27.73	1793252	49881788.00
2017/09/22	27.73	28.59	27.63	28.28	1833933	51569948.00
2017/09/25	28.38	28.63	27.90	27.96	1354505	38422856.00
2017/09/26	27.99	28.17	26.69	27.23	1008295	27742314.00
2017/09/27	27.18	27.56	27.18	27.25	674432	18449370.00
2017/09/28	27.18	27.59	27.18	27.30	493711	13535727.00
2017/09/29	27.33	27.57	27.29	27.45	369295	10144303.00
2017/10/09	27.78	28.13	27.47	27.84	743939	20641556.00
2017/10/10	27.97	28.26	27.68	28.17	887271	24920304.00
2017/10/11	28.18	28.21	27.76	27.77	896837	25056398.00
2017/10/12	27.71	27.76	27.24	27.66	844692	23269148.00
2017/10/13	27.67	27.95	27.50	27.91	772029	21435434.00
2017/10/16	27.58	27.74	25.81	25.97	1733379	46031756.00
2017/10/17	25.99	26.25	25.85	26.05	589200	15341071.00
2017/10/18	26.10	26.27	25.01	25.26	518500	13414919.00
2017/10/19	25.36	25.38	24.96	25.17	554588	13968831.00
2017/10/20	25.02	25.56	24.96	25.50	317500	8052507.00
2017/10/23	25.48	25.92	25.37	25.86	430141	11023706.00
2017/10/24	25.79	25.79	25.26	25.43	453715	11592979.00
2017/10/25	25.45	25.88	25.45	25.79	389956	10033738.00
2017/10/26	25.58	25.93	25.51	25.91	419824	10807393.00
2017/10/27	25.86	26.04	25.63	25.77	506200	13068372.00
2017/10/30	25.85	26.08	24.78	24.78	564574	14152417.00
2017/10/31	24.94	25.16	24.66	25.08	317623	7908741.00
2017/11/01	25.25	25.25	24.78	24.86	439367	10988232.00
2017/11/02	24.80	24.93	24.32	24.33	601246	14776809.00
2017/11/03	24.48	24.48	23.90	24.03	1059360	25619986.00
2017/11/06	24.03	24.33	23.78	24.33	489468	11808426.00
2017/11/07	24.36	24.50	24.21	24.50	387984	9447543.00
2017/11/08	24.38	25.06	24.38	25.06	559491	13846834.00
2017/11/09	24.95	25.86	24.74	25.09	911651	22985398.00
2017/11/10	24.98	25.12	24.83	25.00	429900	10743930.00
2017/11/13	24.79	25.07	24.79	24.93	337172	8410318.00
2017/11/14	24.86	25.01	24.48	24.57	531425	13108006.00
2017/11/15	24.52	24.65	24.18	24.24	428200	10434243.00
2017/11/16	24.24	24.52	24.24	24.29	407709	9941814.00
2017/11/17	24.29	24.29	22.63	22.80	653500	15389657.00
2017/11/20	22.82	22.82	21.80	22.81	565868	12615928.00
2017/11/21	22.85	22.85	22.16	22.30	688871	15464337.00
2017/11/22	22.33	22.58	22.18	22.31	445800	9980460.00
2017/11/23	22.31	22.63	21.98	22.29	417807	9344430.00
2017/11/24	22.29	22.59	22.18	22.59	373100	8370000.50
2017/11/27	22.54	22.93	22.36	22.39	576566	13078404.00
2017/11/28	22.20	22.75	22.18	22.66	316566	7146022.50
2017/11/29	22.66	22.73	22.06	22.37	263246	5899269.50
2017/11/30	22.37	22.56	22.29	22.37	255600	5736553.00
2017/12/01	22.47	22.68	22.29	22.51	309600	6999792.00
2017/12/04	22.56	22.77	21.48	21.72	490125	10880780.00
2017/12/05	21.48	21.84	20.72	20.88	564882	11956458.00
2017/12/06	20.72	21.28	20.58	21.08	596579	12458456.00
2017/12/07	21.03	21.42	20.83	21.23	386299	8195769.00
2017/12/08	21.43	21.78	21.25	21.60	561367	12144896.00
2017/12/11	21.50	21.96	21.50	21.68	411000	8939024.00
2017/12/12	21.67	21.68	21.14	21.18	425000	9130065.00
2017/12/13	21.00	21.48	20.99	21.43	312468	6679712.50
2017/12/14	21.42	21.52	21.20	21.48	344900	7386302.00
2017/12/15	21.46	21.68	21.35	21.56	347804	7488582.00
2017/12/18	21.67	21.67	21.02	21.13	344337	7307216.00
2017/12/19	21.14	21.47	21.14	21.46	410760	8790594.00
2017/12/20	21.56	21.58	20.78	20.80	511200	10804460.00
2017/12/21	20.81	21.08	20.60	20.88	467897	9779826.00
2017/12/22	20.73	21.03	20.73	20.88	284101	5935754.00
2017/12/25	20.95	20.95	20.20	20.34	462473	9459918.00
2017/12/26	20.30	20.78	20.20	20.71	385891	7968044.00
2017/12/27	20.76	21.58	20.48	21.41	725825	15305689.00
2017/12/28	21.16	21.46	21.00	21.03	514197	10917407.00
2017/12/29	21.01	22.18	21.01	21.46	714748	15420287.00
2018/01/02	21.46	21.62	21.18	21.45	370300	7930581.00
2018/01/03	21.59	21.68	21.35	21.56	424067	9141749.00
2018/01/04	21.58	21.67	21.40	21.49	400900	8632840.00
2018/01/05	21.49	21.60	21.44	21.54	401371	8645934.00
2018/01/08	21.68	21.71	21.37	21.54	370936	7983278.50
2018/01/09	21.47	21.68	21.47	21.54	293540	6334530.50
2018/01/10	21.53	21.56	20.98	21.01	507040	10767319.00
2018/01/11	21.08	21.36	20.84	21.21	565500	11973387.00
2018/01/12	21.28	21.29	20.88	20.96	380200	8016394.50
2018/01/15	20.78	20.96	20.10	20.13	643800	13115134.00
2018/01/16	20.14	20.53	20.08	20.40	404600	8214077.50
2018/01/17	20.43	20.87	20.00	20.60	855300	17474660.00
2018/01/18	20.48	20.69	20.33	20.36	394600	8092552.00
2018/01/19	20.34	20.56	20.30	20.30	392900	8033084.00
2018/01/22	20.34	21.28	20.11	20.83	774200	16074875.00
2018/01/23	20.83	20.88	20.61	20.79	352300	7313629.00
2018/01/24	20.80	21.19	20.47	21.19	772818	16220429.00
2018/01/25	21.07	21.53	21.01	21.06	692472	14733483.00
2018/01/26	21.06	21.17	20.68	20.75	422506	8845001.00
2018/01/29	20.76	21.02	20.33	20.50	528062	10883683.00
2018/01/30	20.51	20.66	20.40	20.54	305000	6269467.00
2018/01/31	20.41	20.48	19.34	19.41	890900	17657010.00
2018/02/01	19.24	19.47	18.25	18.28	779325	14650387.00
2018/02/02	18.33	18.40	17.68	18.20	400940	7285873.50
2018/02/05	18.19	18.39	17.80	18.11	350700	6363678.00
2018/02/06	17.88	17.88	16.62	16.62	755046	13098208.00
2018/02/07	16.88	17.23	16.66	17.05	603395	10252356.00
2018/02/08	17.01	17.58	16.98	17.25	373039	6472321.50
2018/02/09	16.86	17.94	16.58	17.20	717804	12496932.00
2018/02/12	17.37	17.87	17.29	17.71	276246	4876290.50
2018/02/13	17.87	17.87	17.50	17.53	253542	4471735.00
2018/02/14	17.52	17.88	17.48	17.82	317991	5613208.00
2018/02/22	17.82	18.05	17.64	17.94	307025	5503978.00
2018/02/23	18.00	18.01	17.70	17.86	344988	6166300.00
2018/02/26	17.95	18.33	17.84	18.26	520781	9468254.00
2018/02/27	18.27	18.37	18.07	18.21	449801	8204024.00
2018/02/28	18.09	18.40	17.99	18.36	416519	7597589.00
2018/03/01	18.22	18.98	18.08	18.85	789402	14709958.00
2018/03/02	18.75	18.75	18.41	18.55	447100	8324776.00
2018/03/05	18.48	18.68	18.48	18.65	336719	6264401.50
2018/03/06	18.57	18.81	18.57	18.72	311104	5817535.50
2018/03/07	18.85	18.85	18.56	18.60	174800	3261145.50
2018/03/08	18.49	18.74	18.49	18.74	293994	5493571.50
2018/03/09	18.74	19.35	18.74	19.23	696691	13380490.00
2018/03/12	19.08	19.77	19.08	19.50	619791	12067246.00
2018/03/13	19.48	19.77	19.41	19.41	503600	9879131.00
2018/03/14	19.28	19.29	18.75	18.90	701570	13337689.00
2018/03/15	18.87	18.92	18.45	18.63	502588	9387304.00
2018/03/16	18.63	19.80	18.61	19.35	1368781	26620218.00
2018/03/19	19.28	19.53	19.00	19.36	564580	10882504.00
2018/03/20	19.31	19.31	18.94	19.30	439820	8407265.00
2018/03/21	19.29	19.56	19.18	19.19	474000	9204469.00
2018/03/22	19.19	19.40	19.01	19.24	373038	7169603.00
2018/03/23	18.69	18.95	17.49	18.00	1260008	22882426.00
2018/03/26	17.88	18.98	17.75	18.76	919880	16913522.00
2018/03/27	18.95	19.46	18.73	19.12	1298170	24775914.00
2018/03/28	18.86	19.43	18.63	19.25	993700	18990428.00
2018/03/29	19.12	20.96	19.03	19.72	1689070	33784032.00
2018/03/30	19.74	20.18	19.58	19.97	984300	19652450.00
2018/04/02	20.17	20.17	19.88	19.93	904600	18116088.00
2018/04/03	19.79	20.02	19.49	19.99	815131	16149439.00
2018/04/04	20.02	20.63	19.99	20.20	1053031	21461962.00
2018/04/09	20.06	20.37	19.79	20.08	540017	10847091.00
2018/04/10	20.01	20.09	19.23	19.59	745400	14687588.00
2018/04/11	19.58	20.26	19.58	20.05	640081	12818368.00
2018/04/12	19.98	20.25	19.68	19.84	707191	14162160.00
2018/04/13	19.81	20.33	19.81	20.00	880010	17686948.00
2018/04/16	20.18	20.39	19.81	20.30	1151019	23170652.00
2018/04/17	20.30	20.74	19.38	19.38	1433700	29101996.00
2018/04/18	19.73	19.95	18.68	19.77	902350	17488548.00
2018/04/19	19.64	20.07	19.48	19.52	616100	12164960.00
2018/04/20	19.51	19.69	17.58	18.46	646376	12333392.00
2018/04/23	18.43	18.86	17.98	18.67	600628	11158736.00
2018/04/24	18.44	19.12	18.38	19.08	469278	8873486.00
2018/04/25	18.99	19.29	18.90	19.17	573318	10978469.00
2018/04/26	19.19	19.55	18.74	18.78	605301	11583029.00
2018/04/27	18.94	19.33	18.86	18.98	368185	7021873.00
2018/05/02	18.89	19.07	17.98	18.28	739598	13636410.00
2018/05/03	18.30	18.86	18.12	18.86	607800	11262481.00
2018/05/04	18.78	19.04	18.71	18.91	465831	8822443.00
2018/05/07	18.98	19.36	18.98	19.28	400550	7714422.50
2018/05/08	19.19	19.63	19.16	19.54	639780	12451650.00
2018/05/09	19.54	20.51	19.42	20.15	1286385	25711806.00
2018/05/10	20.14	20.18	19.78	20.17	933566	18656020.00
2018/05/11	20.23	20.23	19.54	19.64	822200	16310089.00
2018/05/14	19.66	20.50	19.49	20.26	1098715	21966914.00
2018/05/15	20.23	20.29	19.73	20.21	919084	18432438.00
2018/05/16	20.15	20.73	19.89	19.98	1047430	21276380.00
2018/05/17	20.23	20.53	20.00	20.21	853131	17306768.00
2018/05/18	20.04	20.51	20.03	20.35	821700	16677553.00
2018/05/21	20.42	20.67	20.31	20.41	748659	15341698.00
2018/05/22	20.40	21.19	20.30	21.10	1333081	27827316.00
2018/05/23	20.99	20.99	20.61	20.70	835658	17398022.00
2018/05/24	20.69	21.28	20.44	20.47	886900	18424344.00
2018/05/25	20.48	20.52	20.04	20.15	897448	18141496.00
2018/05/28	20.17	20.32	19.59	19.91	846458	16888778.00
2018/05/29	19.74	20.17	19.47	19.53	709800	14129783.00
2018/05/30	19.19	19.41	17.99	18.27	1159000	21691070.00
2018/05/31	18.22	18.68	18.13	18.56	644600	11881658.00
2018/06/01	18.40	18.81	18.18	18.28	478500	8852343.00
2018/06/04	18.23	18.76	18.23	18.42	503150	9295962.00
2018/06/05	18.39	18.85	18.37	18.71	436900	8170219.00
2018/06/06	18.90	18.90	18.66	18.80	351653	6606122.50
2018/06/07	18.81	18.85	18.48	18.56	349553	6521177.00
2018/06/08	18.38	18.52	18.25	18.46	308900	5686392.00
2018/06/11	18.37	18.62	18.29	18.38	262700	4859212.00
2018/06/12	18.48	18.86	18.25	18.85	428491	7965028.00
2018/06/13	18.75	18.81	18.17	18.33	280000	5202342.00
2018/06/14	18.10	18.34	17.81	17.90	416000	7513492.00
2018/06/15	18.11	18.11	16.88	17.09	797240	13805147.00
2018/06/19	16.96	17.08	15.39	15.45	768304	12400554.00
2018/06/20	15.62	15.99	15.39	15.93	433100	6831601.00
2018/06/21	15.96	15.96	15.38	15.39	318500	4983678.00
2018/06/22	15.24	16.19	15.11	16.02	567701	9057156.00
2018/06/25	16.23	16.45	15.86	16.18	501501	8112012.00
2018/06/26	16.14	16.38	15.82	16.24	474300	7671607.00
2018/06/27	16.29	16.56	16.04	16.12	399300	6515561.00
2018/06/28	16.25	16.86	16.11	16.21	491800	8114782.00
2018/06/29	16.21	16.82	16.14	16.73	462037	7657098.50
2018/07/02	16.59	16.70	16.18	16.31	438405	7235343.50
2018/07/03	16.26	16.75	15.98	16.64	439500	7253413.00
2018/07/04	16.64	16.67	16.04	16.11	382450	6243098.50
2018/07/05	16.15	16.44	15.85	15.98	284782	4609812.00
2018/07/06	16.23	16.40	15.66	16.24	457000	7415203.00
2018/07/09	16.14	16.53	16.14	16.45	311200	5115148.00
2018/07/10	16.41	16.53	16.27	16.47	243400	3993609.00
2018/07/11	16.30	16.30	15.44	15.74	681155	10778123.00
2018/07/12	15.85	16.26	15.63	16.23	382392	6164710.00
2018/07/13	16.33	16.40	16.16	16.33	320500	5218727.00
2018/07/16	16.35	16.55	16.11	16.37	192514	3137482.50
2018/07/17	16.45	16.83	16.20	16.65	430357	7078234.50
2018/07/18	16.54	16.68	16.39	16.45	362414	6000800.50
2018/07/19	16.53	16.58	16.00	16.14	269000	4355074.00
2018/07/20	15.99	16.63	15.99	16.63	485600	7988060.00
2018/07/23	16.59	16.69	16.45	16.62	323682	5364490.50
2018/07/24	16.70	16.86	16.61	16.85	377069	6328522.00
2018/07/25	16.88	16.97	16.70	16.91	338491	5700361.50
2018/07/26	16.78	16.97	16.66	16.84	486688	8171027.50
2018/07/27	16.84	16.95	16.60	16.65	360678	6031289.00
2018/07/30	16.65	16.79	16.19	16.30	342700	5643616.00
2018/07/31	16.15	16.54	16.15	16.50	243000	3983972.00
2018/08/01	17.51	17.60	16.83	16.88	2660000	45739280.00
2018/08/02	16.50	16.84	15.52	15.91	1600493	25658584.00
2018/08/03	15.79	15.92	15.57	15.60	545951	8573941.00
2018/08/06	15.75	15.75	14.82	15.04	583147	8862758.00
2018/08/07	15.00	15.44	15.00	15.36	514801	7830314.00
2018/08/08	15.31	15.35	14.94	15.01	598800	9073548.00
2018/08/09	15.00	15.41	14.95	15.35	469800	7191549.00
2018/08/10	15.27	15.48	15.27	15.42	319500	4918035.00
2018/08/13	15.36	15.50	15.07	15.46	356600	5470716.00
2018/08/14	15.64	15.64	15.29	15.55	363600	5628454.00
2018/08/15	15.52	15.64	15.21	15.28	226900	3489612.00
2018/08/16	15.29	15.34	15.00	15.17	285326	4332285.00
2018/08/17	15.26	15.36	14.95	15.04	424600	6409959.00
2018/08/20	14.95	15.17	14.85	15.14	388600	5848116.50
2018/08/21	15.14	15.35	15.09	15.28	406700	6195327.00
2018/08/22	15.28	15.34	15.08	15.30	337000	5140051.00
2018/08/23	15.36	15.53	15.03	15.45	504400	7767383.00
2018/08/24	15.51	15.64	15.31	15.36	631300	9796317.00
2018/08/27	15.35	15.80	15.35	15.63	453002	7085812.00
2018/08/28	15.75	15.75	15.55	15.69	288300	4509535.00
2018/08/29	15.79	15.79	15.51	15.55	276602	4311874.00
2018/08/30	15.69	15.75	15.33	15.34	356000	5536591.00
2018/08/31	15.25	15.37	15.04	15.13	317900	4832894.00
2018/09/03	15.05	15.30	14.88	15.27	309000	4675045.00
2018/09/04	15.23	15.64	15.14	15.59	317852	4915326.50
2018/09/05	15.59	15.79	15.35	15.40	376302	5865220.00
2018/09/06	15.51	15.56	15.09	15.54	467200	7177486.00
2018/09/07	15.42	15.68	15.25	15.46	495300	7687151.00
2018/09/10	15.45	15.45	15.00	15.00	455751	6909429.50
2018/09/11	15.00	15.32	14.96	15.09	322147	4881109.50
2018/09/12	15.20	15.31	15.08	15.24	364300	5541868.00
2018/09/13	15.30	15.39	15.06	15.24	455267	6925408.50
2018/09/14	15.29	15.29	15.03	15.09	278000	4216947.50
2018/09/17	15.00	15.19	14.92	14.95	357911	5369000.00
2018/09/18	14.30	14.80	14.30	14.71	880600	12823858.00
2018/09/19	14.65	15.04	14.55	14.85	622451	9258837.00
2018/09/20	14.88	14.98	14.80	14.86	356549	5307660.00
2018/09/21	14.91	15.05	14.84	14.90	277400	4147584.00
2018/09/25	14.90	15.14	14.86	14.91	382200	5727688.00
2018/09/26	14.99	15.07	14.91	14.94	277851	4160329.25
2018/09/27	14.98	14.99	14.46	14.52	602172	8892568.00
2018/09/28	14.53	14.68	14.48	14.55	680000	9899828.00
2018/10/08	14.41	14.55	14.24	14.25	602515	8652698.00
2018/10/09	14.20	14.36	14.18	14.25	279400	3985557.00
2018/10/10	14.25	14.36	14.21	14.31	291000	4162337.75
2018/10/11	14.00	14.00	12.88	12.95	880000	11803701.00
2018/10/12	12.94	13.10	12.64	13.05	571600	7405620.00
2018/10/15	13.11	13.11	12.74	12.77	413700	5367144.50
2018/10/16	12.75	12.86	12.34	12.46	468396	5907394.50
2018/10/17	12.70	12.76	12.39	12.60	408196	5136554.50
2018/10/18	12.48	12.55	12.06	12.18	454100	5570256.00
2018/10/19	12.10	12.81	12.03	12.49	536000	6626766.00
2018/10/22	12.60	13.39	12.55	13.18	724600	9426784.00
2018/10/23	13.22	13.45	13.11	13.24	631110	8401890.00
2018/10/24	13.10	13.57	13.10	13.42	405800	5444527.00
2018/10/25	13.15	13.42	13.08	13.30	441900	5855318.00
2018/10/26	13.32	13.55	13.20	13.40	273700	3663303.00
2018/10/29	13.49	13.54	13.07	13.15	324100	4316553.00
2018/10/30	13.21	13.35	12.88	13.26	409682	5374309.50
2018/10/31	13.36	13.51	13.25	13.42	326900	4377050.00
2018/11/01	13.34	13.71	13.34	13.52	656910	8936573.00
2018/11/02	13.64	13.82	13.53	13.70	606323	8290785.50
2018/11/05	13.75	14.09	13.61	13.92	740210	10304701.00
2018/11/06	14.08	14.08	13.65	13.82	385610	5298635.50
2018/11/07	13.72	13.96	13.72	13.83	437600	6065350.00
2018/11/08	13.88	14.05	13.80	13.80	414300	5766733.00
2018/11/09	13.88	13.96	13.67	13.90	358900	4976179.00
2018/11/12	13.88	14.20	13.78	14.18	528800	7433369.00
2018/11/13	14.09	14.50	13.94	14.46	834500	11946909.00
2018/11/14	14.38	14.69	14.38	14.40	564700	8189231.00
2018/11/15	14.45	14.89	14.43	14.82	780223	11473834.00
2018/11/16	14.82	15.48	14.82	14.96	1005703	15199063.00
2018/11/19	14.90	15.13	14.74	14.93	796867	11900786.00
2018/11/20	14.88	15.14	14.52	14.52	535023	7942586.00
2018/11/21	14.26	14.92	14.26	14.89	429551	6301716.00
2018/11/22	14.84	15.10	14.80	14.85	300500	4488538.00
2018/11/23	14.82	14.95	13.97	13.97	653050	9375149.00
2018/11/26	13.74	14.28	13.74	14.13	363117	5128253.50
2018/11/27	14.18	14.36	14.07	14.18	395280	5611776.00
2018/11/28	14.19	14.33	13.95	14.30	464601	6586994.50
2018/11/29	14.39	14.78	14.06	14.06	733200	10647350.00
2018/11/30	14.25	14.37	13.91	14.25	531600	7522173.00
2018/12/03	14.57	14.64	14.41	14.56	1174300	17048178.00
2018/12/04	14.50	14.50	14.31	14.46	872967	12571117.00
2018/12/05	13.97	14.42	13.95	14.26	643272	9108027.00
2018/12/06	14.25	14.36	13.98	14.01	456800	6461832.00
2018/12/07	13.95	14.26	13.88	13.94	545661	7632945.50
2018/12/10	13.88	13.96	13.46	13.57	556800	7635183.00
2018/12/11	13.64	13.87	13.52	13.79	311035	4270421.00
2018/12/12	13.94	13.94	13.73	13.83	337500	4660444.00
2018/12/13	13.80	14.07	13.57	13.97	487545	6767430.00
2018/12/14	13.97	13.97	13.18	13.26	748699	10154324.00
2018/12/17	13.17	13.35	13.05	13.29	336909	4457291.50
2018/12/18	13.20	13.43	13.05	13.32	336063	4437657.00
2018/12/19	13.25	13.30	13.06	13.16	404083	5328704.50
2018/12/20	13.16	13.23	13.00	13.14	388500	5108309.00
2018/12/21	13.12	13.28	13.10	13.23	289800	3822971.00
2018/12/24	13.13	13.68	13.13	13.36	561156	7454900.00
2018/12/25	13.25	13.25	12.66	13.02	659389	8494388.00
2018/12/26	13.02	13.24	13.02	13.05	370819	4868807.50
2018/12/27	13.20	13.30	12.68	12.79	381097	4973842.00
2018/12/28	12.79	12.96	12.53	12.67	487100	6210713.00
2019/01/02	12.67	12.81	12.54	12.78	408500	5172927.00
2019/01/03	12.66	13.12	12.66	12.85	611117	7886822.00
数据来源:通达信
