300328 宜安科技 日线 前复权
      日期	    开盘	    最高	    最低	    收盘	    成交量	    成交额
2012/06/19	3.74	3.89	3.68	3.77	17854499	256268624.00
2012/06/20	3.82	4.17	3.74	4.17	14827528	220396592.00
2012/06/21	4.25	4.50	4.21	4.44	16825156	276292928.00
2012/06/25	4.37	4.42	4.05	4.19	11870305	190193488.00
2012/06/26	4.13	4.17	3.87	4.02	8367951	126885104.00
2012/06/27	3.98	4.43	3.98	4.23	11150220	177049408.00
2012/06/28	4.14	4.18	3.78	3.81	8856037	134039200.00
2012/06/29	3.74	3.94	3.71	3.91	6230692	91025880.00
2012/07/02	3.94	4.06	3.84	4.00	6579148	98789088.00
2012/07/03	4.06	4.38	4.06	4.14	9041782	143773824.00
2012/07/04	4.09	4.30	3.99	4.03	6604214	103325984.00
2012/07/05	4.00	4.41	3.87	4.27	8650624	135505152.00
2012/07/06	4.21	4.27	4.04	4.20	7038164	110837216.00
2012/07/09	4.10	4.39	4.10	4.14	7946074	127596168.00
2012/07/10	4.10	4.17	3.82	3.87	6129184	92731736.00
2012/07/11	3.81	3.89	3.58	3.68	4878608	69140672.00
2012/07/12	3.63	3.84	3.63	3.80	4262995	60741372.00
2012/07/13	3.73	3.77	3.47	3.51	5228998	72058840.00
2012/07/16	3.49	3.51	3.28	3.32	4308556	55271112.00
2012/07/17	3.28	3.38	3.25	3.33	2844475	36158684.00
2012/07/18	3.30	3.34	3.12	3.28	3932034	48499112.00
2012/07/19	3.24	3.38	3.21	3.30	3785714	48075404.00
2012/07/20	3.27	3.36	3.25	3.30	2201124	27855156.00
2012/07/23	3.25	3.25	3.13	3.17	2476182	30252820.00
2012/07/24	3.12	3.25	3.07	3.24	1891650	23268754.00
2012/07/25	3.19	3.40	3.18	3.29	4086354	52026372.00
2012/07/26	3.26	3.38	3.20	3.26	2773503	35081924.00
2012/07/27	3.29	3.38	3.23	3.33	3132378	39730880.00
2012/07/30	3.30	3.35	3.18	3.20	2449389	30533946.00
2012/07/31	3.18	3.21	2.94	2.94	2924064	34263428.00
2012/08/01	2.92	3.05	2.92	3.03	2132053	24680432.00
2012/08/02	2.98	3.06	2.94	2.97	1440723	16579868.00
2012/08/03	2.98	3.09	2.94	3.08	1903500	22323018.00
2012/08/06	3.03	3.24	3.02	3.21	2817493	34030200.00
2012/08/07	3.17	3.23	3.15	3.19	1978802	24225062.00
2012/08/08	3.19	3.33	3.12	3.27	3214291	39833820.00
2012/08/09	3.25	3.33	3.20	3.28	2739763	34274916.00
2012/08/10	3.27	3.29	3.21	3.23	1760542	21945454.00
2012/08/13	3.18	3.27	3.17	3.18	1572621	19484360.00
2012/08/14	3.15	3.29	3.14	3.29	1890214	23312348.00
2012/08/15	3.29	3.29	3.20	3.21	1273568	15832043.00
2012/08/16	3.23	3.27	3.16	3.19	1197138	14830834.00
2012/08/17	3.23	3.23	3.08	3.13	1357658	16411958.00
2012/08/20	3.07	3.13	3.04	3.11	1002410	11892775.00
2012/08/21	3.09	3.23	3.09	3.22	1391594	17033872.00
2012/08/22	3.22	3.28	3.20	3.25	1619115	20137434.00
2012/08/23	3.25	3.41	3.24	3.38	3041842	38720028.00
2012/08/24	3.36	3.36	3.25	3.26	2023218	25502278.00
2012/08/27	3.23	3.23	3.11	3.12	1202593	14548320.00
2012/08/28	3.12	3.21	3.10	3.16	917488	11141336.00
2012/08/29	3.15	3.44	3.14	3.32	4207203	53790040.00
2012/08/30	3.28	3.61	3.27	3.50	6855592	90691304.00
2012/08/31	3.44	3.55	3.41	3.54	3478350	46390604.00
2012/09/03	3.53	3.60	3.47	3.54	3498208	47324448.00
2012/09/04	3.51	3.83	3.50	3.67	5342444	74903896.00
2012/09/05	3.61	3.94	3.58	3.88	5198834	75424984.00
2012/09/06	3.89	3.94	3.76	3.87	3951607	57879168.00
2012/09/07	3.89	3.98	3.83	3.89	4307242	64031216.00
2012/09/10	3.88	4.19	3.83	4.18	4129670	63093420.00
2012/09/11	4.12	4.22	4.06	4.19	2199550	34477344.00
2012/09/12	4.21	4.22	4.05	4.09	2742435	42799420.00
2012/09/13	4.15	4.15	3.93	3.98	3398432	51509228.00
2012/09/14	3.97	3.99	3.85	3.89	3566009	53126036.00
2012/09/17	3.86	3.96	3.76	3.80	1401264	20656030.00
2012/09/18	3.81	3.96	3.80	3.88	1652142	24507016.00
2012/09/19	3.88	4.24	3.88	4.11	3500597	54279720.00
2012/09/20	4.09	4.17	4.02	4.13	3249911	50447524.00
2012/09/21	4.06	4.29	3.88	4.07	2730032	42476388.00
2012/09/24	3.95	4.17	3.81	4.17	1407190	21367864.00
2012/09/25	4.08	4.31	4.04	4.16	1954602	31003586.00
2012/09/26	4.08	4.28	3.95	4.09	1729894	27123924.00
2012/09/27	4.09	4.48	4.01	4.31	2441443	39227944.00
2012/09/28	4.28	4.58	4.19	4.50	2935922	49268076.00
2012/10/08	4.51	4.52	4.32	4.51	1704048	28506078.00
2012/10/09	4.45	4.61	4.41	4.47	2415792	40797964.00
2012/10/10	4.45	4.45	4.27	4.31	2309750	37808100.00
2012/10/11	4.28	4.28	4.06	4.06	2580526	40904000.00
2012/10/12	4.01	4.11	3.91	4.03	1892973	28773764.00
2012/10/15	3.92	3.93	3.63	3.77	2787131	39819352.00
2012/10/16	3.73	3.80	3.67	3.74	1225799	17482268.00
2012/10/17	3.74	3.88	3.73	3.80	1098044	15858903.00
2012/10/18	3.79	3.84	3.76	3.83	1015175	14708854.00
2012/10/19	3.81	3.84	3.71	3.74	1177659	16865712.00
2012/10/22	3.70	3.84	3.64	3.83	838007	12106865.00
2012/10/23	3.84	3.86	3.78	3.79	676199	9828114.00
2012/10/24	3.78	3.79	3.64	3.66	954199	13452371.00
2012/10/25	3.64	3.74	3.57	3.67	1037371	14458327.00
2012/10/26	3.71	3.85	3.69	3.81	1857594	26728522.00
2012/10/29	3.80	3.88	3.74	3.86	1231038	17821086.00
2012/10/30	3.85	3.87	3.78	3.79	763124	11089603.00
2012/10/31	3.81	3.81	3.64	3.72	818437	11505316.00
2012/11/01	3.74	3.96	3.70	3.96	1779393	26077868.00
2012/11/02	3.99	4.14	3.95	4.00	2664481	40842860.00
2012/11/05	3.96	4.13	3.90	4.06	1509710	23033818.00
2012/11/06	4.06	4.07	3.92	4.06	728878	11021020.00
2012/11/07	4.06	4.13	3.95	3.98	686969	10499578.00
2012/11/08	3.93	3.98	3.76	3.78	806946	11891059.00
2012/11/09	3.81	3.81	3.68	3.74	861407	12255469.00
2012/11/12	3.74	3.79	3.72	3.78	550376	7848911.00
2012/11/13	3.83	3.83	3.42	3.60	1361311	18660284.00
2012/11/14	3.53	3.60	3.50	3.59	351325	4781622.50
2012/11/15	3.49	3.73	3.49	3.66	888324	12402309.00
2012/11/16	3.65	3.69	3.52	3.56	291918	3997297.75
2012/11/19	3.49	3.64	3.49	3.64	411181	5593752.50
2012/11/20	3.65	3.66	3.59	3.59	208231	2886377.25
2012/11/21	3.59	3.67	3.51	3.66	217633	2983494.50
2012/11/22	3.66	3.66	3.51	3.54	343046	4654346.00
2012/11/23	3.64	3.64	3.54	3.55	205556	2805511.25
2012/11/26	3.59	3.70	3.56	3.61	572743	7930663.00
2012/11/27	3.54	3.55	3.31	3.44	477583	6285320.00
2012/11/28	3.40	3.40	3.27	3.29	287850	3681657.00
2012/11/29	3.25	3.35	3.14	3.20	332293	4160128.50
2012/11/30	3.20	3.28	3.19	3.28	261689	3244264.00
2012/12/03	3.26	3.30	3.20	3.28	210701	2632611.00
2012/12/04	3.29	3.38	3.22	3.36	322774	4076027.00
2012/12/05	3.35	3.64	3.28	3.54	816154	10962995.00
2012/12/06	3.51	3.61	3.51	3.57	503101	6840500.00
2012/12/07	3.53	3.69	3.53	3.67	645613	8956816.00
2012/12/10	3.71	3.77	3.65	3.71	605616	8601347.00
2012/12/11	3.71	3.73	3.64	3.69	370173	5185083.50
2012/12/12	3.65	3.71	3.56	3.64	224957	3109641.75
2012/12/13	3.64	3.80	3.60	3.71	756963	10793317.00
2012/12/14	3.68	3.89	3.68	3.85	949900	13865821.00
2012/12/17	3.89	3.92	3.60	3.63	1994269	28122504.00
2012/12/18	3.61	3.63	3.48	3.52	1863780	25321202.00
2012/12/19	3.48	3.58	3.46	3.55	1236002	16634523.00
2012/12/20	3.53	3.73	3.50	3.71	1709541	23749208.00
2012/12/21	3.71	3.88	3.63	3.84	1967535	28060048.00
2012/12/24	3.78	3.93	3.76	3.91	1422685	20862178.00
2012/12/25	3.85	3.98	3.85	3.92	1552801	23167956.00
2012/12/26	3.91	4.33	3.91	4.33	2866962	45461012.00
2012/12/27	4.50	4.50	4.14	4.16	2449418	39381580.00
2012/12/28	4.14	4.60	4.14	4.60	3659002	62192924.00
2012/12/31	4.76	4.87	4.39	4.50	6309480	110569912.00
2013/01/04	4.45	4.56	4.33	4.44	3855118	64629496.00
2013/01/07	4.41	4.42	4.23	4.40	3307642	54126472.00
2013/01/08	4.37	4.63	4.34	4.48	4147608	70461040.00
2013/01/09	4.39	4.44	4.28	4.39	2272752	37415140.00
2013/01/10	4.37	4.43	4.29	4.32	1475470	24267418.00
2013/01/11	4.32	4.53	4.31	4.33	2505374	41734644.00
2013/01/14	4.33	4.53	4.29	4.51	2210876	37304708.00
2013/01/15	4.49	4.59	4.43	4.54	2189382	37165272.00
2013/01/16	4.56	4.56	4.28	4.37	2607276	43382940.00
2013/01/17	4.36	4.40	4.24	4.29	1198761	19509992.00
2013/01/18	4.29	4.39	4.26	4.36	931564	15240954.00
2013/01/21	4.38	4.39	4.29	4.36	854555	13996029.00
2013/01/22	4.36	4.39	4.09	4.13	1736228	27804946.00
2013/01/23	4.11	4.20	4.01	4.17	884369	13672376.00
2013/01/24	4.10	4.17	3.92	4.06	1052865	16119290.00
2013/01/25	4.06	4.08	4.01	4.05	466446	7165999.50
2013/01/28	4.06	4.20	4.01	4.19	1671352	26182450.00
2013/01/29	4.19	4.27	4.18	4.24	1239294	19783708.00
2013/01/30	4.25	4.31	4.18	4.22	1942334	31314090.00
2013/01/31	4.17	4.21	3.93	3.94	2112289	31958724.00
2013/02/01	3.92	3.96	3.83	3.84	1857925	27384234.00
2013/02/04	3.84	3.88	3.67	3.73	1626417	23151030.00
2013/02/05	3.70	3.83	3.68	3.82	1074470	15461970.00
2013/02/06	3.82	3.83	3.74	3.77	1143575	16442293.00
2013/02/07	3.78	3.86	3.78	3.84	1093847	15909871.00
2013/02/08	3.82	3.94	3.81	3.91	1200410	17703812.00
2013/02/18	3.94	3.99	3.88	3.97	1332513	19971270.00
2013/02/19	3.95	3.98	3.81	3.84	1029319	15173063.00
2013/02/20	3.84	3.96	3.84	3.94	713153	10608089.00
2013/02/21	3.91	3.94	3.83	3.84	907757	13366383.00
2013/02/22	3.84	4.24	3.84	4.20	5257245	83102288.00
2013/02/25	4.14	4.33	4.12	4.33	3921119	63002532.00
2013/02/26	4.31	4.46	4.19	4.26	2394008	39093756.00
2013/02/27	4.28	4.31	4.17	4.17	957228	15223419.00
2013/02/28	4.16	4.27	4.08	4.25	1396747	22122192.00
2013/03/01	4.26	4.33	4.10	4.17	1584857	25077830.00
2013/03/04	4.16	4.16	3.93	3.95	1387663	21294394.00
2013/03/05	3.93	4.11	3.89	4.08	1284238	19489714.00
2013/03/06	4.08	4.51	4.08	4.51	3726526	61746492.00
2013/03/07	4.56	4.61	4.36	4.39	3103128	52241168.00
2013/03/08	4.39	4.58	4.27	4.56	2619564	44052628.00
2013/03/11	4.51	4.66	4.47	4.56	1909087	33002194.00
2013/03/12	4.48	4.55	4.23	4.33	1411873	23219810.00
2013/03/13	4.27	4.79	4.18	4.63	3540634	60741328.00
2013/03/14	4.56	5.12	4.53	4.89	3285856	59835116.00
2013/03/15	4.80	5.06	4.78	4.79	3072232	56802336.00
2013/03/18	4.78	5.06	4.65	4.99	2501954	46288488.00
2013/03/19	4.96	5.42	4.96	5.17	1965757	38274960.00
2013/03/20	5.16	5.28	5.02	5.23	1927915	37235504.00
2013/03/21	5.21	5.33	5.12	5.20	1576925	30633992.00
2013/03/22	5.17	5.23	5.03	5.16	1752339	33543100.00
2013/03/25	5.16	5.19	5.01	5.08	1034476	19722670.00
2013/03/26	5.06	5.22	4.87	5.00	2274555	42978972.00
2013/03/27	5.01	5.09	4.93	5.06	1150342	21606804.00
2013/03/28	5.01	5.01	4.84	4.84	1662301	30668540.00
2013/03/29	4.84	4.90	4.62	4.70	1677728	29940280.00
2013/04/01	4.64	4.86	4.64	4.75	1883440	33817344.00
2013/04/02	4.81	4.95	4.65	4.73	1179984	21352012.00
2013/04/03	4.73	4.73	4.43	4.53	1391409	23678012.00
2013/04/08	4.41	4.71	4.37	4.64	1206491	20575426.00
2013/04/09	4.64	4.70	4.59	4.64	486288	8500690.00
2013/04/10	4.59	4.78	4.59	4.63	656107	11630640.00
2013/04/11	4.63	4.70	4.54	4.55	405155	7042337.50
2013/04/12	4.39	4.65	4.39	4.42	974320	16646015.00
2013/04/15	4.44	4.46	4.26	4.35	662605	10877029.00
2013/04/16	4.31	4.45	4.24	4.44	1007380	16525096.00
2013/04/17	4.44	4.64	4.38	4.62	1196247	20399638.00
2013/04/18	4.56	4.71	4.54	4.59	527555	9202999.00
2013/04/19	4.59	4.78	4.59	4.66	1160604	20474804.00
2013/04/22	4.64	4.86	4.63	4.75	2151942	38540012.00
2013/04/23	4.78	4.78	4.42	4.42	1518004	26044492.00
2013/04/24	4.43	4.63	4.43	4.57	1020406	17475902.00
2013/04/25	4.58	4.83	4.54	4.62	1535042	27141846.00
2013/04/26	4.61	4.96	4.54	4.85	2442065	44144140.00
2013/05/02	4.84	5.06	4.76	5.00	2082116	38901520.00
2013/05/03	5.00	5.13	4.93	5.11	3235529	60836416.00
2013/05/06	5.06	5.16	4.98	5.07	2462428	46966880.00
2013/05/07	4.98	5.23	4.89	5.16	2385081	45232656.00
2013/05/08	5.14	5.17	5.01	5.12	1484011	28274876.00
2013/05/09	5.11	5.11	4.90	5.03	1789400	33541032.00
2013/05/10	5.00	5.38	4.96	5.32	2930353	57433044.00
2013/05/13	5.32	5.37	5.16	5.27	1604982	31478960.00
2013/05/14	5.24	5.24	4.81	4.87	2943262	54529020.00
2013/05/15	4.88	5.00	4.82	5.00	1102012	20427092.00
2013/05/16	5.00	5.13	4.71	4.80	2005087	37009952.00
2013/05/17	4.78	4.91	4.71	4.86	1567597	28510008.00
2013/05/20	4.87	5.19	4.87	5.12	2075898	39367240.00
2013/05/21	5.08	5.33	4.99	5.29	2049859	39577796.00
2013/05/22	5.29	5.33	4.88	4.91	3209582	61226492.00
2013/05/23	4.83	5.17	4.82	4.96	2931402	54822900.00
2013/05/24	5.19	5.48	5.13	5.48	4342273	87730352.00
2013/05/27	5.64	5.81	5.49	5.72	8099849	171097280.00
2013/05/28	5.68	5.68	5.34	5.40	3819938	78184184.00
2013/05/29	5.39	5.53	5.31	5.45	2816813	56960648.00
2013/05/30	5.37	5.79	5.29	5.67	3761720	78560416.00
2013/05/31	5.60	5.61	5.40	5.40	2468829	50855048.00
2013/06/03	5.49	5.49	5.17	5.22	2022004	40111836.00
2013/06/04	5.22	5.32	4.95	5.05	2240264	43045500.00
2013/06/05	5.06	5.18	5.01	5.18	1577952	30308488.00
2013/06/06	5.13	5.18	4.95	5.01	1529027	28757816.00
2013/06/07	4.96	5.18	4.96	5.18	1687754	32044610.00
2013/06/13	5.09	5.09	4.78	5.04	1652699	30480400.00
2013/06/14	5.04	5.32	5.01	5.30	2464884	47975292.00
2013/06/17	5.28	5.47	5.23	5.24	2530630	50367288.00
2013/06/18	5.20	5.25	4.87	5.09	2727820	51272224.00
2013/06/19	5.01	5.17	4.94	5.17	1436122	27126694.00
2013/06/20	5.13	5.15	4.79	4.81	1702722	31529034.00
2013/06/21	4.69	4.76	4.35	4.67	1629629	28072810.00
2013/06/24	4.66	4.66	4.19	4.25	1699027	28052524.00
2013/06/25	4.19	4.34	3.84	4.29	2131716	33413438.00
2013/06/26	4.33	4.53	4.23	4.51	1796079	29691444.00
2013/06/27	4.59	4.59	4.20	4.33	1877165	31257700.00
2013/06/28	4.26	4.33	4.06	4.13	1709680	27212616.00
2013/07/01	4.06	4.29	3.96	4.28	1736809	26902656.00
2013/07/02	4.28	4.44	4.26	4.44	2079510	34204952.00
2013/07/03	4.43	4.50	4.28	4.45	1775829	29281706.00
2013/07/04	4.39	4.56	4.34	4.42	1792254	29903390.00
2013/07/05	4.44	4.64	4.31	4.34	1843588	31152444.00
2013/07/08	4.14	4.26	3.98	4.08	2473814	38276892.00
2013/07/09	4.05	4.11	3.97	4.04	1698606	25802364.00
2013/07/10	4.04	4.16	4.02	4.16	1991347	30688768.00
2013/07/11	4.13	4.31	4.12	4.24	1637202	26078386.00
2013/07/12	4.16	4.46	4.11	4.33	3410093	55203484.00
2013/07/15	4.28	4.45	4.24	4.36	2215063	36128948.00
2013/07/16	4.35	4.44	4.30	4.38	2179380	35701836.00
2013/07/17	4.34	4.49	4.23	4.23	2429718	39835348.00
2013/07/18	4.24	4.24	4.09	4.15	2054567	32109484.00
2013/07/19	4.17	4.24	4.01	4.01	1987889	30864730.00
2013/07/22	3.93	4.29	3.87	4.18	1356902	20712614.00
2013/07/23	4.18	4.34	4.18	4.27	2131714	33958268.00
2013/07/24	4.30	4.30	4.13	4.24	2074511	32817390.00
2013/07/25	4.23	4.36	4.09	4.09	2200298	35041072.00
2013/07/26	4.05	4.20	3.98	4.11	1566850	23914508.00
2013/07/29	4.11	4.28	4.01	4.11	1626903	25655750.00
2013/07/30	4.11	4.23	3.88	4.04	1369937	20768164.00
2013/07/31	4.14	4.14	3.98	4.01	786552	12024970.00
2013/08/01	4.03	4.19	4.01	4.17	1881905	29247788.00
2013/08/02	4.22	4.51	4.19	4.32	3832246	62296816.00
2013/08/05	4.29	4.39	4.26	4.34	2057489	33389818.00
2013/08/06	4.32	4.36	4.28	4.33	1510252	24540332.00
2013/08/07	4.31	4.34	4.19	4.25	1599180	25496904.00
2013/08/08	4.25	4.48	4.21	4.42	2920337	48229956.00
2013/08/09	4.42	4.46	4.31	4.38	2085524	34314344.00
2013/08/12	4.39	4.41	4.27	4.35	2113991	34439008.00
2013/08/13	4.35	4.47	4.33	4.46	2597732	42918020.00
2013/08/14	4.46	4.46	4.35	4.38	2063741	34065544.00
2013/08/15	4.38	4.41	4.24	4.24	1816979	29320352.00
2013/08/16	4.19	4.30	4.09	4.09	1387005	21828456.00
2013/08/19	4.06	4.21	4.05	4.21	842770	13213349.00
2013/08/20	4.18	4.23	4.12	4.17	1074544	16880742.00
2013/08/21	4.19	4.24	4.14	4.21	759033	11971487.00
2013/08/22	4.21	4.25	4.19	4.25	1003152	15928461.00
2013/08/23	4.26	4.34	4.14	4.26	1684358	27007616.00
2013/08/26	4.26	4.34	4.26	4.34	1319524	21376510.00
2013/08/27	4.34	4.36	4.26	4.31	1301238	21046364.00
2013/08/28	4.27	4.27	4.18	4.18	1616736	25717388.00
2013/08/29	4.18	4.22	4.12	4.15	881779	13809209.00
2013/08/30	4.16	4.18	3.98	4.00	1539390	23576988.00
2013/09/02	4.00	4.04	3.96	4.03	1174830	17700614.00
2013/09/03	4.02	4.16	4.01	4.11	921378	14225136.00
2013/09/04	4.13	4.13	4.06	4.06	818876	12596086.00
2013/09/05	4.09	4.27	4.09	4.22	2897975	45825156.00
2013/09/06	4.29	4.30	4.17	4.23	1858064	29637570.00
2013/09/09	4.28	4.68	4.28	4.68	6971525	120769368.00
2013/09/10	4.64	4.90	4.64	4.72	5492659	97675080.00
2013/09/11	4.79	4.79	4.50	4.59	2695742	46454672.00
2013/09/12	4.54	4.62	4.46	4.52	2047657	34785020.00
2013/09/13	4.49	4.60	4.48	4.56	1610030	27490992.00
2013/09/16	4.61	4.65	4.48	4.52	1334355	22786272.00
2013/09/17	4.48	4.62	4.48	4.54	1872998	32087186.00
2013/09/18	4.51	4.59	4.39	4.48	1140084	19029164.00
2013/09/23	4.46	4.62	4.45	4.60	1543210	26391910.00
2013/09/24	4.57	4.62	4.48	4.57	1093077	18652960.00
2013/09/25	4.59	4.85	4.56	4.63	2204035	38827204.00
2013/09/26	4.67	4.71	4.44	4.45	1690961	28766176.00
2013/09/27	4.51	4.63	4.45	4.48	710160	12075143.00
2013/09/30	4.49	4.61	4.45	4.55	842945	14248662.00
2013/10/08	4.53	4.66	4.50	4.62	1283881	22100680.00
2013/10/09	4.61	4.66	4.54	4.62	2009311	34606272.00
2013/10/10	4.62	4.66	4.55	4.56	1534457	26425740.00
2013/10/11	4.58	4.61	4.42	4.52	1921541	32462268.00
2013/10/14	4.52	4.52	4.42	4.47	1937656	32376616.00
2013/10/15	4.48	4.51	4.43	4.51	1376133	23093896.00
2013/10/16	4.48	4.51	4.12	4.18	2010426	32317834.00
2013/10/17	4.17	4.30	4.13	4.16	1829650	28791892.00
2013/10/18	4.16	4.27	4.16	4.22	672201	10663113.00
2013/10/21	4.20	4.34	4.20	4.33	1529623	24694368.00
2013/10/22	4.33	4.33	4.19	4.22	1514266	24153278.00
2013/10/23	4.22	4.25	4.10	4.12	899543	14091233.00
2013/10/24	4.12	4.15	4.08	4.13	616715	9560992.00
2013/10/25	4.14	4.16	4.03	4.08	632416	9743890.00
2013/10/28	4.09	4.21	4.06	4.20	790210	12376601.00
2013/10/29	4.17	4.21	3.85	3.92	1370167	20520370.00
2013/10/30	3.92	4.07	3.88	4.04	1132982	16999280.00
2013/10/31	4.03	4.23	3.97	4.08	1229191	19086318.00
2013/11/01	4.06	4.10	3.93	4.07	736353	11176336.00
2013/11/04	4.07	4.19	4.03	4.14	829512	12867497.00
2013/11/05	4.14	4.26	4.14	4.19	1162420	18348776.00
2013/11/06	4.15	4.25	4.12	4.13	1010350	15933375.00
2013/11/07	4.11	4.14	4.03	4.04	788603	12143244.00
2013/11/08	4.03	4.06	3.88	3.99	816666	12207099.00
2013/11/11	3.98	4.34	3.93	4.21	1620983	25522426.00
2013/11/12	4.26	4.56	4.21	4.45	3847921	63850180.00
2013/11/13	4.42	4.44	4.31	4.39	2185452	35887624.00
2013/11/14	4.39	4.73	4.38	4.59	3768094	64978780.00
2013/11/15	4.62	4.95	4.59	4.92	5581635	100043744.00
2013/11/18	4.95	5.04	4.77	4.92	4722368	86661112.00
2013/11/19	4.89	5.14	4.83	4.95	3725113	69485744.00
2013/11/20	4.93	5.03	4.81	4.90	3083699	56298412.00
2013/11/21	4.93	4.96	4.73	4.75	2648522	47945276.00
2013/11/22	4.79	4.94	4.73	4.87	2566611	46701700.00
2013/11/25	4.84	5.28	4.81	5.17	3817714	72927456.00
2013/11/26	5.14	5.41	5.06	5.13	3714121	72414896.00
2013/11/27	5.13	5.32	5.09	5.23	2473881	48033284.00
2013/11/28	5.22	5.61	5.16	5.53	2992450	60320428.00
2013/11/29	5.51	5.98	5.51	5.73	4049922	86904632.00
2013/12/02	5.13	5.37	5.13	5.13	2097130	40350124.00
2013/12/03	4.78	5.01	4.60	4.89	4354669	77287304.00
2013/12/04	4.83	5.01	4.67	4.68	3194330	58058992.00
2013/12/05	4.60	4.74	4.54	4.62	3003820	51952932.00
2013/12/06	4.61	4.72	4.56	4.59	2503309	43474988.00
2013/12/09	4.59	4.86	4.59	4.78	2578089	45680348.00
2013/12/10	4.81	4.81	4.67	4.70	1853227	32765062.00
2013/12/11	4.73	4.91	4.70	4.81	2107512	37871396.00
2013/12/12	4.78	4.90	4.76	4.82	1567699	28360228.00
2013/12/13	4.82	4.92	4.77	4.85	1498091	27165656.00
2013/12/16	4.85	4.92	4.69	4.75	1598311	28685690.00
2013/12/17	4.81	4.81	4.60	4.69	960386	16994744.00
2013/12/18	4.68	4.71	4.57	4.65	829401	14421823.00
2013/12/19	4.69	4.73	4.62	4.62	744737	13031925.00
2013/12/20	4.64	4.70	4.61	4.66	739426	12865515.00
2013/12/23	4.67	4.67	4.44	4.56	868286	14774537.00
2013/12/24	4.56	4.76	4.56	4.69	1047427	18367726.00
2013/12/25	4.78	5.07	4.75	5.00	2588187	47847172.00
2013/12/26	4.99	5.07	4.91	4.93	2330487	43524700.00
2013/12/27	4.93	5.36	4.93	5.28	2970464	57422772.00
2013/12/30	5.26	5.39	5.20	5.28	2329194	45910320.00
2013/12/31	5.17	5.25	5.01	5.10	2249669	42836712.00
2014/01/02	5.04	5.24	5.01	5.18	1619277	31145222.00
2014/01/03	5.16	5.25	5.09	5.15	1698470	32748482.00
2014/01/06	5.10	5.11	4.75	4.79	1631756	30120580.00
2014/01/07	4.76	4.92	4.73	4.92	1299237	23514156.00
2014/01/08	4.94	5.07	4.92	4.98	1624887	30330068.00
2014/01/09	4.98	5.04	4.77	4.78	1567221	28914654.00
2014/01/10	4.76	4.98	4.73	4.84	896985	16267367.00
2014/01/13	4.86	5.01	4.83	4.94	1177401	21693216.00
2014/01/14	4.96	5.44	4.83	5.29	2880045	55454548.00
2014/01/15	5.32	5.50	5.22	5.38	3416658	68151584.00
2014/01/16	5.37	5.43	5.26	5.32	2450809	48820564.00
2014/01/17	5.31	5.64	5.29	5.54	4025760	82837696.00
2014/01/20	5.54	5.63	5.28	5.44	2798956	56680768.00
2014/01/21	5.49	5.64	5.34	5.61	2532841	51912984.00
2014/01/22	5.60	5.61	5.37	5.55	2449866	50271564.00
2014/01/23	5.51	5.76	5.47	5.63	2933948	61438476.00
2014/01/24	5.59	5.78	5.54	5.63	2578637	54281764.00
2014/01/27	5.48	5.50	5.34	5.34	2954599	59383128.00
2014/01/28	5.32	5.39	5.16	5.26	1897672	37161368.00
2014/01/29	5.42	5.81	5.34	5.65	3309470	68830968.00
2014/01/30	5.58	5.63	5.37	5.49	1669188	34299148.00
2014/02/07	5.37	5.58	5.37	5.56	2002820	40943264.00
2014/02/10	5.56	5.80	5.50	5.71	2998190	62974512.00
2014/02/11	5.71	6.03	5.63	5.89	4795333	104848696.00
2014/02/12	5.88	6.33	5.74	6.32	4565937	102938968.00
2014/02/13	6.20	6.42	6.02	6.04	3861833	89456224.00
2014/02/14	6.12	6.31	6.04	6.25	2360948	54305260.00
2014/02/17	6.37	6.66	6.31	6.51	2918066	69862816.00
2014/02/18	6.53	6.54	6.34	6.40	1819873	43370148.00
2014/02/19	6.38	6.43	6.06	6.19	2133232	49031420.00
2014/02/20	6.20	6.22	5.89	6.00	1605960	35942296.00
2014/02/21	5.98	6.20	5.96	6.09	1259868	28568946.00
2014/02/24	6.09	6.21	5.85	6.15	1581523	35411996.00
2014/02/25	6.15	6.45	5.88	6.08	3471613	79589704.00
2014/02/26	6.06	6.12	5.68	6.03	1863713	41500244.00
2014/02/27	6.09	6.09	5.58	5.69	3116500	67161752.00
2014/02/28	5.69	5.69	5.43	5.59	1238722	25617832.00
2014/03/03	5.64	5.64	5.54	5.61	1246589	25977906.00
2014/03/04	5.58	5.64	5.38	5.57	1358673	28028878.00
2014/03/05	5.62	5.63	5.48	5.62	1259372	26095722.00
2014/03/06	5.63	5.63	5.41	5.56	1156833	23855176.00
2014/03/07	5.53	5.72	5.53	5.61	1272156	26674972.00
2014/03/10	5.56	5.56	5.26	5.26	1245856	25026710.00
2014/03/11	5.32	5.36	5.12	5.30	681320	13412607.00
2014/03/12	5.28	5.33	5.15	5.23	602221	11777492.00
2014/03/13	5.24	5.35	5.23	5.35	380611	7512887.50
2014/03/14	5.30	5.39	5.24	5.38	631737	12523780.00
2014/03/17	5.40	5.63	5.34	5.60	944357	19469736.00
2014/03/18	5.58	5.67	5.54	5.59	669089	13969868.00
2014/03/19	5.59	5.59	5.37	5.45	571777	11645991.00
2014/03/20	5.43	5.50	4.99	5.04	1881455	36669792.00
2014/03/21	5.06	5.17	4.96	5.13	910716	17149718.00
2014/03/24	5.15	5.16	5.01	5.06	624818	11850537.00
2014/03/25	5.08	5.18	5.04	5.11	497242	9489435.00
2014/03/26	5.14	5.26	5.09	5.16	620104	11979366.00
2014/03/27	5.16	5.16	4.96	4.98	885692	16585820.00
2014/03/28	4.97	5.02	4.87	4.93	615762	11399828.00
2014/03/31	4.92	4.98	4.83	4.98	427914	7876980.50
2014/04/01	4.97	5.08	4.96	5.06	434020	8178613.50
2014/04/02	5.17	5.17	4.98	5.01	309570	5810649.00
2014/04/03	5.05	5.14	5.01	5.07	396598	7509630.50
2014/04/04	5.00	5.10	4.97	5.10	365279	6882954.50
2014/04/08	4.76	4.98	4.76	4.89	963939	17507028.00
2014/04/09	4.89	4.98	4.88	4.95	469147	8663755.00
2014/04/10	4.96	5.17	4.96	5.03	804522	15320621.00
2014/04/11	4.98	4.99	4.90	4.99	480684	8872633.00
2014/04/14	5.01	5.12	4.97	5.10	446643	8440026.00
2014/04/15	5.09	5.17	5.07	5.09	449090	8570735.00
2014/04/16	5.08	5.14	5.05	5.10	379389	7214053.00
2014/04/17	5.14	5.15	5.10	5.10	491923	9410445.00
2014/04/18	5.08	5.14	5.01	5.10	414391	7872982.50
2014/04/21	5.02	5.14	5.02	5.02	295794	5612486.00
2014/04/22	5.02	5.09	4.84	4.89	487955	8966252.00
2014/04/23	5.00	5.00	4.82	4.88	323964	5920668.00
2014/04/24	4.88	4.89	4.67	4.71	594788	10635197.00
2014/04/25	4.72	4.72	4.48	4.49	816131	14046972.00
2014/04/28	4.49	4.58	4.44	4.50	532857	9012929.00
2014/04/29	4.48	4.58	4.47	4.56	314176	5321555.00
2014/04/30	4.56	4.59	4.51	4.56	234291	3996870.75
2014/05/05	4.56	4.67	4.56	4.64	283932	4922144.00
2014/05/06	4.63	4.88	4.63	4.80	520273	9335113.00
2014/05/07	4.80	4.86	4.67	4.68	461104	8213466.00
2014/05/08	4.62	4.80	4.60	4.70	289660	5118307.00
2014/05/09	4.68	4.88	4.56	4.80	855420	15292346.00
2014/05/12	4.80	4.97	4.77	4.90	514282	9399980.00
2014/05/13	4.83	4.94	4.78	4.81	462171	8345207.50
2014/05/14	4.81	4.86	4.70	4.79	376125	6722182.00
2014/05/15	4.77	4.82	4.67	4.68	368693	6541347.50
2014/05/16	4.68	4.76	4.65	4.70	352351	6197593.00
2014/05/19	4.71	4.81	4.65	4.72	247080	4333598.50
2014/05/20	4.74	4.88	4.74	4.84	549356	9947609.00
2014/05/21	4.85	4.86	4.73	4.86	405756	7317681.00
2014/05/22	4.88	5.12	4.84	5.00	1140357	21289150.00
2014/05/23	5.02	5.05	4.93	5.04	776522	14493496.00
2014/05/26	5.01	5.14	5.01	5.07	707335	13371582.00
2014/05/27	5.06	5.08	5.00	5.01	497681	9353199.00
2014/05/28	5.03	5.19	5.01	5.15	710240	13597146.00
2014/05/29	5.12	5.16	5.01	5.03	608035	11538642.00
2014/05/30	5.01	5.19	4.99	5.15	831340	15832307.00
2014/06/03	5.15	5.28	5.12	5.22	790481	15300222.00
2014/06/04	5.21	5.21	4.99	5.03	725963	13699774.00
2014/06/05	5.04	5.11	4.99	5.09	453081	8529373.00
2014/06/06	5.11	5.11	5.01	5.02	502790	9460896.00
2014/06/09	5.04	5.10	4.98	5.01	456499	8517672.00
2014/06/10	5.04	5.11	4.98	5.09	523656	9843314.00
2014/06/11	5.09	5.15	5.06	5.14	661965	12594483.00
2014/06/12	5.12	5.48	5.12	5.31	1739777	34420564.00
2014/06/13	5.28	5.50	5.26	5.40	1269612	25592088.00
2014/06/16	5.39	5.49	5.33	5.36	1049220	20931534.00
2014/06/17	5.36	5.38	5.26	5.30	725597	14316004.00
2014/06/18	5.30	5.34	5.20	5.30	648226	12637185.00
2014/06/19	5.24	5.32	5.00	5.04	799008	15281499.00
2014/06/20	5.04	5.13	5.01	5.12	456389	8616675.00
2014/06/23	5.16	5.31	5.12	5.23	834519	16278348.00
2014/06/24	5.23	5.44	5.21	5.39	1300347	25819188.00
2014/06/25	5.36	5.49	5.29	5.45	1500850	30072304.00
2014/06/26	5.51	5.61	5.45	5.48	2369581	48747964.00
2014/06/27	5.46	5.60	5.46	5.56	1462571	30080542.00
2014/06/30	5.67	6.13	5.64	6.13	5079545	113351520.00
2014/07/01	6.23	6.23	5.94	6.01	3520210	78647632.00
2014/07/02	6.16	6.28	5.84	5.99	3219942	71940456.00
2014/07/03	5.89	6.03	5.83	5.89	2854884	62351852.00
2014/07/04	5.89	5.98	5.78	5.98	1840443	40080252.00
2014/07/07	5.98	5.98	5.85	5.91	1341147	29294428.00
2014/07/08	5.92	6.51	5.91	6.51	5446343	127364120.00
2014/07/09	6.56	7.18	6.56	6.93	7994120	202550544.00
2014/07/10	7.06	7.28	6.89	7.03	5202425	135574080.00
2014/07/11	6.92	7.13	6.85	7.01	3271158	84075120.00
2014/07/14	7.06	7.08	6.83	6.88	2667934	68010944.00
2014/07/15	6.76	7.17	6.59	7.03	4277039	108713000.00
2014/07/16	6.94	6.94	6.51	6.59	3684462	90518504.00
2014/07/17	6.64	6.72	6.38	6.55	1830232	44113108.00
2014/07/18	6.55	7.04	6.51	6.71	2582980	64705784.00
2014/07/21	6.65	6.78	6.51	6.63	1161530	28526358.00
2014/07/22	6.57	6.69	6.56	6.59	1053605	25696710.00
2014/07/23	6.61	6.62	6.04	6.07	2833453	65424536.00
2014/07/24	6.05	6.09	5.83	5.98	1406247	31009780.00
2014/07/25	6.00	6.09	5.89	6.05	987118	21838530.00
2014/07/28	6.05	6.16	6.05	6.13	1410319	31761926.00
2014/07/29	6.16	6.26	6.06	6.20	1484401	33705256.00
2014/07/30	6.17	6.20	6.07	6.20	1066653	24208452.00
2014/07/31	6.18	6.39	6.14	6.32	1713475	39841340.00
2014/08/01	6.31	6.33	6.06	6.08	1057160	24174828.00
2014/08/04	6.04	6.51	6.04	6.45	2054209	48335872.00
2014/08/05	6.45	6.53	6.31	6.45	1243234	29470962.00
2014/08/06	6.39	6.50	6.36	6.43	1020120	24246460.00
2014/08/07	6.44	6.44	6.23	6.24	999748	23381800.00
2014/08/08	6.19	6.28	6.16	6.25	678108	15559712.00
2014/08/11	6.25	6.26	6.15	6.24	995834	22834822.00
2014/08/12	6.26	6.56	6.23	6.52	2101629	49949072.00
2014/08/13	6.53	6.55	6.37	6.45	1207276	28683584.00
2014/08/14	6.44	6.84	6.41	6.62	2573134	63537856.00
2014/08/15	6.60	6.86	6.60	6.71	1650188	41063112.00
2014/08/18	6.83	6.92	6.73	6.80	1616926	40547488.00
2014/08/19	6.78	6.88	6.70	6.85	1711825	42925388.00
2014/08/20	6.78	6.84	6.56	6.70	1586254	39195636.00
2014/08/21	6.66	6.94	6.66	6.94	1688452	42525052.00
2014/08/22	6.86	7.12	6.86	6.98	1216334	31283110.00
2014/08/25	6.95	7.05	6.71	6.78	877811	22023380.00
2014/08/26	6.80	6.91	6.47	6.50	1208710	29407608.00
2014/08/27	6.59	6.80	6.53	6.76	903068	22239292.00
2014/08/28	6.73	6.84	6.63	6.66	469984	11605411.00
2014/08/29	6.73	6.76	6.59	6.74	533224	13197088.00
2014/09/01	6.92	6.99	6.79	6.89	1005687	25599190.00
2014/09/02	6.97	7.04	6.85	6.98	1183589	30280826.00
2014/09/03	6.98	7.69	6.98	7.69	3991620	110956280.00
2014/09/04	7.62	7.79	7.52	7.70	2630990	73990184.00
2014/09/05	7.74	7.74	7.49	7.63	1680056	47159884.00
2014/09/09	7.56	7.89	7.55	7.75	1737017	49574376.00
2014/09/10	7.67	8.11	7.52	7.95	2058745	59586624.00
2014/09/11	8.04	8.17	7.56	7.62	2397950	69260192.00
2014/09/12	7.56	8.40	7.47	8.40	2761002	81430648.00
2014/09/15	8.45	8.53	8.21	8.40	1726047	52878840.00
2014/09/16	8.39	8.39	7.84	7.89	2153963	63957044.00
2014/09/17	7.94	7.97	7.71	7.84	1123943	32319944.00
2014/09/18	7.84	8.39	7.77	8.00	1392750	41542116.00
2014/09/19	7.90	8.14	7.90	8.09	591907	17515800.00
2014/09/22	8.11	8.23	7.79	7.95	902531	26806492.00
2014/09/23	8.17	8.76	8.06	8.73	2001555	62448304.00
2014/09/24	8.59	9.33	8.51	9.19	2119521	70254712.00
2014/09/25	9.28	10.13	9.06	10.09	3621696	130447232.00
2014/09/26	10.30	10.30	9.70	9.89	2041524	74425000.00
2014/09/29	9.99	10.89	9.89	10.89	3133042	122082592.00
2014/09/30	11.23	11.40	10.64	10.94	3425918	138010736.00
2014/10/08	10.95	10.97	10.32	10.73	2551831	98657456.00
2014/10/09	10.56	10.66	10.26	10.45	2857791	108809944.00
2014/10/10	10.46	10.46	10.14	10.19	2201682	82609976.00
2014/10/13	10.14	10.44	10.14	10.28	1819135	68482528.00
2014/10/14	10.27	10.32	9.84	9.87	1912140	70340416.00
2014/10/15	9.89	9.96	9.48	9.76	2503254	88644608.00
2014/10/16	9.69	9.77	9.56	9.56	1646200	58171332.00
2014/10/17	9.56	9.78	9.47	9.63	1492540	52697208.00
2014/10/20	9.53	9.79	9.51	9.75	1175021	41791448.00
2014/10/21	9.78	10.03	9.70	9.70	1447308	52195964.00
2014/10/22	9.71	9.76	9.18	9.20	1966706	67377216.00
2014/10/23	9.05	9.11	8.73	8.84	1557073	50750620.00
2014/10/24	8.86	9.10	8.74	8.87	836336	27349488.00
2014/10/27	8.77	9.07	8.77	8.99	673273	22211960.00
2014/10/28	9.04	9.70	9.01	9.56	2151775	74370672.00
2014/10/29	9.56	9.74	9.44	9.59	1356600	47590824.00
2014/10/30	9.67	9.72	9.43	9.45	1038140	36300560.00
2014/10/31	9.43	9.55	9.04	9.16	1207243	40780112.00
2014/11/03	9.14	9.33	9.06	9.33	893252	30143696.00
2014/11/04	9.29	10.28	9.20	10.28	3656194	134068648.00
2014/11/05	10.28	10.73	10.06	10.15	2382806	90545984.00
2014/11/06	10.21	10.66	9.90	10.48	2466707	93380080.00
2014/11/07	10.49	10.71	10.26	10.43	1819445	69682544.00
2014/11/10	10.36	10.70	10.36	10.67	1685433	65230716.00
2014/11/11	10.67	10.68	9.98	9.98	1886196	70400624.00
2014/11/12	9.85	10.33	9.45	9.71	1757991	63081672.00
2014/11/13	9.56	9.70	8.91	8.98	2112890	70896304.00
2014/11/14	8.96	9.28	8.83	8.98	976352	32231072.00
2014/11/17	8.98	9.40	8.90	9.22	1031794	34766172.00
2014/11/18	9.20	9.39	9.10	9.25	823178	28023622.00
2014/11/19	9.25	9.43	9.24	9.29	768462	26252332.00
2014/11/20	9.24	9.28	8.95	9.03	1054873	35024896.00
2014/11/21	9.01	9.61	9.01	9.47	1603352	55139300.00
2014/11/24	9.45	9.84	9.45	9.80	1298908	45600972.00
2014/11/25	9.98	10.70	9.89	10.53	2406830	91915088.00
2014/11/26	10.48	10.48	10.13	10.35	1337213	50347904.00
2014/11/27	10.37	10.53	10.19	10.24	1318488	49796368.00
2014/11/28	10.24	10.78	10.15	10.67	2295968	88662592.00
2014/12/01	10.64	11.23	10.20	10.39	1837862	71074128.00
2014/12/02	10.23	10.77	10.23	10.35	1466411	56010980.00
2014/12/03	10.39	10.53	10.17	10.53	1568807	59184596.00
2014/12/04	10.56	11.06	10.54	10.81	1791708	70251576.00
2014/12/05	10.64	10.78	9.90	10.08	1963192	73732672.00
2014/12/08	9.97	9.97	9.56	9.68	1552641	55337012.00
2014/12/09	9.59	9.91	9.18	9.28	2060991	72457296.00
2014/12/10	9.18	9.80	9.17	9.77	840745	29579080.00
2014/12/11	9.66	9.96	9.62	9.86	762901	27335796.00
2014/12/12	9.79	10.00	9.75	9.96	598074	21676458.00
2014/12/15	10.13	10.95	10.02	10.43	2457264	94506984.00
2014/12/16	10.43	11.14	10.26	11.02	2659438	104905936.00
2014/12/17	10.99	11.06	10.58	10.59	1703523	66737604.00
2014/12/18	10.59	11.49	10.31	11.03	2018029	81346960.00
2014/12/19	11.01	11.44	10.67	10.91	1604280	64537564.00
2014/12/22	10.69	10.91	9.80	9.81	1914659	70604320.00
2014/12/23	9.76	10.11	9.41	9.45	1165527	41202256.00
2014/12/24	9.75	9.76	9.46	9.59	1028025	36014928.00
2014/12/25	9.61	9.98	9.55	9.95	826697	29665238.00
2014/12/26	9.89	10.19	9.73	10.00	632691	23033566.00
2014/12/29	9.90	9.99	9.00	9.06	1690384	57909536.00
2014/12/30	9.17	9.20	8.24	8.37	1477796	46510008.00
2014/12/31	8.28	8.55	8.06	8.48	1118838	34042228.00
2015/01/05	8.49	8.50	7.97	8.19	818481	24599998.00
2015/01/06	8.12	8.58	8.12	8.58	957180	29425584.00
2015/01/07	8.64	8.64	8.14	8.35	1037808	31483060.00
2015/01/08	8.19	8.51	8.19	8.41	968557	29982974.00
2015/01/09	8.41	8.61	8.32	8.51	969756	30373576.00
2015/01/12	8.54	9.13	8.45	9.09	1379766	44635840.00
2015/01/13	9.17	9.18	8.87	9.00	696100	23040120.00
2015/01/14	9.08	9.10	8.73	8.78	494900	16034043.00
2015/01/15	8.74	9.14	8.73	8.81	500355	16314628.00
2015/01/16	8.78	8.89	8.64	8.84	633993	20380514.00
2015/01/19	8.67	9.27	8.45	8.73	1349101	43437288.00
2015/01/20	8.69	9.14	8.69	9.11	1127166	37084360.00
2015/01/21	9.12	9.95	9.09	9.88	2295032	80811216.00
2015/01/22	9.72	10.00	9.70	9.88	1006246	36343080.00
2015/02/10	10.39	10.56	9.49	9.89	2722106	99098920.00
2015/02/11	9.76	9.84	9.59	9.78	974023	34685848.00
2015/02/12	9.70	9.81	9.45	9.49	867601	30459982.00
2015/02/13	9.49	9.92	9.49	9.92	1057984	37948268.00
2015/02/16	9.97	10.07	9.81	9.92	999438	36152060.00
2015/02/17	10.02	10.23	9.80	10.18	932472	34076972.00
2015/02/25	10.19	10.51	10.12	10.23	1118847	42201968.00
2015/02/26	10.22	10.26	9.90	10.06	743519	27366188.00
2015/02/27	10.08	10.17	9.93	10.14	561756	20676796.00
2015/03/02	10.14	10.28	9.90	10.08	1076459	39383180.00
2015/03/03	10.17	11.10	10.17	11.10	1714525	67927464.00
2015/03/04	11.78	12.23	11.24	11.66	3598583	154350288.00
2015/03/05	11.46	12.84	11.46	12.84	3953931	177979312.00
2015/03/06	12.96	14.13	12.92	13.42	5011152	247017088.00
2015/03/09	13.17	13.29	12.60	12.84	2596786	122628072.00
2015/03/10	12.82	13.41	12.76	12.85	1909606	90231128.00
2015/03/11	12.85	13.19	12.24	13.06	1840210	85697344.00
2015/03/12	12.98	12.98	12.19	12.34	2045930	92890208.00
2015/03/13	12.27	12.58	12.25	12.29	1219688	55099208.00
2015/03/16	12.35	12.83	12.34	12.68	2235150	102791056.00
2015/03/17	12.79	12.87	12.34	12.49	2341132	107387128.00
2015/03/18	12.49	13.59	12.49	13.36	2919605	139408928.00
2015/03/19	13.37	14.42	12.90	14.13	3791305	186794240.00
2015/03/20	14.27	14.28	13.81	13.96	2084658	106256680.00
2015/03/23	14.10	14.19	13.62	14.17	2942591	149144656.00
2015/03/24	14.39	14.39	13.23	13.84	2940194	147645424.00
2015/03/25	13.68	15.22	13.49	14.70	3195324	164700128.00
2015/03/26	14.98	16.19	14.52	16.19	5249471	301828448.00
2015/03/27	16.26	17.78	15.93	15.94	4603642	281112512.00
2015/03/30	16.26	16.74	15.21	15.66	3266968	186732592.00
2015/03/31	15.39	17.24	15.14	17.24	3470007	204553040.00
2015/04/01	16.78	18.31	16.57	17.48	3335684	211191536.00
2015/04/02	19.14	19.24	18.31	19.24	3259546	226199072.00
2015/04/03	20.06	21.18	19.29	21.18	1842804	137169152.00
2015/04/07	23.32	23.32	21.78	23.32	5839501	486261152.00
2015/04/08	23.33	23.33	20.97	21.56	5562921	446131104.00
2015/04/09	20.89	23.73	20.89	23.73	17456966	728646272.00
2015/04/10	23.76	23.89	21.99	21.99	15559406	633696768.00
2015/04/13	21.12	21.34	20.53	20.93	9225714	349783072.00
2015/04/14	20.55	20.77	19.78	19.84	8454403	307822464.00
2015/04/15	19.90	20.00	17.84	17.84	7802481	262063504.00
2015/04/16	17.67	18.86	17.11	17.96	6469292	211341008.00
2015/04/17	18.14	18.45	17.77	17.85	4309000	140673808.00
2015/04/20	17.91	18.04	16.89	16.89	5695975	178726672.00
2015/04/21	17.02	18.19	16.91	18.17	5410366	172848864.00
2015/04/22	18.23	18.97	18.12	18.51	5522504	186342400.00
2015/04/23	18.78	19.09	18.41	18.95	4906894	166484736.00
2015/04/24	18.72	18.86	18.12	18.27	3812072	127141336.00
2015/04/27	18.23	19.12	18.23	18.39	4502304	152096768.00
2015/04/28	18.34	18.49	17.23	17.41	3705299	118853400.00
2015/04/29	17.34	18.37	16.96	18.16	3475217	112640640.00
2015/04/30	18.21	18.51	17.87	18.29	3688146	121695552.00
2015/05/04	18.29	18.48	17.78	17.95	2569275	83888608.00
2015/05/05	17.97	18.06	17.38	17.49	2556632	81804336.00
2015/05/06	17.49	18.06	17.38	17.45	2918152	93794424.00
2015/05/07	17.13	17.50	15.89	16.12	4241897	127535912.00
2015/05/08	16.41	17.26	16.39	17.26	3366170	103436528.00
2015/05/11	17.63	18.76	17.44	18.59	5472785	180630608.00
2015/05/12	18.78	19.26	18.23	18.76	5921427	200665456.00
2015/05/13	18.76	19.26	17.84	19.12	6226260	211247888.00
2015/05/14	18.84	20.38	18.82	20.38	7474769	268970144.00
2015/05/15	20.34	20.34	19.27	19.56	4804103	171063296.00
2015/05/18	19.44	20.76	19.14	20.65	7008246	253869840.00
2015/05/19	20.56	21.20	20.12	20.53	5810493	215505232.00
2015/05/20	20.53	22.36	20.45	20.99	7091071	273494464.00
2015/05/21	20.95	22.36	20.73	22.16	7510012	295314848.00
2015/05/22	22.23	22.67	20.34	21.38	7305279	283560768.00
2015/05/25	20.94	21.92	20.01	20.94	6252200	235573072.00
2015/05/26	20.78	23.05	20.70	23.05	6029221	241057168.00
2015/05/27	23.78	25.37	23.67	25.02	8695551	386634080.00
2015/05/28	24.51	26.73	23.83	24.54	9891337	452722688.00
2015/05/29	24.53	27.01	24.16	27.01	9041521	430173344.00
2015/06/01	28.23	29.72	27.67	29.72	6949673	367833824.00
2015/06/02	32.12	32.56	28.45	29.02	11912551	645473408.00
2015/06/03	29.23	29.34	26.69	27.70	9943856	494807168.00
2015/06/04	27.12	28.19	24.92	26.42	8150093	384092736.00
2015/06/05	26.44	27.64	24.89	26.00	6568999	313620256.00
2015/06/08	26.02	26.56	23.62	24.31	7071789	313665920.00
2015/06/09	24.31	25.20	23.78	24.89	4558760	203420768.00
2015/06/10	24.83	26.63	24.78	26.28	6381440	298730144.00
2015/06/11	26.29	27.39	26.28	27.12	5846429	285201856.00
2015/06/12	27.12	27.55	26.01	26.28	4726227	225184592.00
2015/06/15	26.01	26.17	23.67	23.73	5483089	243670224.00
2015/06/16	23.48	23.48	21.54	21.65	4537950	181081024.00
2015/06/17	21.37	23.83	21.37	23.83	4722089	191972400.00
2015/06/18	23.51	25.14	21.95	22.32	5022103	217799888.00
2015/06/19	21.28	22.12	20.12	20.64	3809031	145941840.00
2015/06/23	20.46	22.03	18.78	21.93	4650102	173550352.00
2015/06/24	21.92	22.56	20.74	21.54	3958340	155960480.00
2015/06/25	21.53	21.66	19.47	19.70	4132085	153966336.00
2015/06/26	19.33	19.33	17.72	17.72	3657042	119633328.00
2015/06/29	18.23	18.44	15.94	15.94	3955730	116850816.00
2015/06/30	15.38	17.53	14.33	17.23	5722244	163165456.00
2015/07/01	16.65	17.95	15.49	15.49	5241078	159914928.00
2015/07/02	15.33	15.45	13.93	13.93	4521690	119219832.00
2015/07/03	14.62	14.62	12.53	12.53	5529148	132141136.00
2015/07/06	13.79	13.79	11.27	11.36	8482086	192518144.00
2015/07/07	10.53	11.01	10.21	10.21	2862798	54197864.00
2015/07/15	11.24	11.24	11.24	11.24	95302	1947019.88
2015/07/16	11.87	12.38	10.45	12.38	11282913	246818992.00
2015/07/17	12.94	13.63	12.84	13.63	5924658	143709648.00
2015/07/20	15.00	15.00	15.00	15.00	1118963	30424604.00
2015/07/21	16.51	16.51	15.79	16.51	8747425	257818080.00
2015/07/22	16.73	18.17	16.46	17.98	14907311	465525504.00
2015/07/23	17.39	19.58	17.12	18.76	11545259	382263872.00
2015/07/24	18.44	19.50	17.45	18.02	10589460	354495040.00
2015/07/27	17.34	19.07	16.21	16.23	10538793	338782528.00
2015/07/28	14.84	16.92	14.59	15.89	9096079	257587200.00
2015/07/29	16.31	17.49	15.89	17.49	9368202	282213440.00
2015/07/30	17.67	19.25	17.67	18.56	11622790	399102176.00
2015/07/31	17.95	19.83	17.95	18.94	11591283	400528288.00
2015/08/03	18.17	19.31	17.04	17.39	8621658	281371200.00
2015/08/04	18.06	19.14	18.02	19.14	8898216	305693664.00
2015/08/05	21.07	21.07	20.54	21.07	6702077	255447888.00
2015/08/06	21.44	22.06	19.23	19.64	18036836	681302016.00
2015/08/07	19.84	21.28	19.64	20.71	11519952	428441472.00
2015/08/10	20.45	21.97	19.95	21.34	15728429	595001408.00
2015/08/11	21.01	21.31	20.23	20.41	11145738	417970976.00
2015/08/12	19.89	21.26	19.79	20.34	7674560	287181088.00
2015/08/13	19.90	20.44	18.95	20.06	8463664	301353952.00
2015/08/14	20.24	20.89	19.73	19.79	6707711	246913648.00
2015/08/17	19.26	19.67	18.88	19.16	5612537	194884448.00
2015/08/18	19.24	21.09	19.24	19.84	16707147	623249664.00
2015/08/19	19.67	20.89	17.84	20.18	13348772	453942048.00
2015/08/20	19.78	19.78	18.17	18.22	7716852	265874688.00
2015/08/21	17.52	17.76	16.38	16.38	6475643	199392480.00
2015/08/24	14.73	15.45	14.73	14.73	3252000	87200456.00
2015/08/25	13.25	13.51	13.25	13.25	3237700	77953848.00
2015/08/26	13.50	13.77	11.92	11.92	8539146	194325232.00
2015/08/27	12.12	12.67	10.87	12.27	6391946	140256112.00
2015/08/28	12.56	13.51	12.28	13.51	7537130	175470704.00
2015/08/31	13.17	14.11	12.87	12.87	7206206	178479072.00
2015/09/01	12.51	12.78	11.57	11.57	4437048	95605376.00
2015/09/02	10.70	12.12	10.41	10.41	5664643	112609168.00
2015/09/07	10.93	11.28	10.23	10.70	5635502	111510944.00
2015/09/08	10.70	11.78	10.39	11.78	5680887	114915984.00
2015/09/09	12.01	12.83	11.95	12.61	7695990	173485840.00
2015/09/10	12.17	12.57	12.04	12.11	4839343	107973472.00
2015/09/11	12.01	12.67	11.95	12.40	4667583	104562504.00
2015/09/14	12.67	12.67	11.15	11.15	4117946	87610648.00
2015/09/15	10.45	10.83	10.02	10.02	3987300	74788360.00
2015/09/16	10.12	11.03	9.89	11.03	5157960	97622192.00
2015/09/17	11.03	11.95	10.62	10.73	7296066	148556480.00
2015/09/18	11.01	11.06	10.59	11.01	3712702	73328624.00
2015/09/21	10.92	11.88	10.73	11.76	5179102	107539944.00
2015/09/22	11.88	12.49	11.77	12.07	5967768	130765424.00
2015/09/23	11.62	12.06	11.48	11.83	4718678	101028304.00
2015/09/24	11.89	12.44	11.89	12.22	4785878	106058368.00
2015/09/25	12.23	12.53	11.01	11.37	5419628	116003776.00
2015/09/28	11.44	12.21	11.03	12.02	3767968	79576808.00
2015/09/29	11.66	11.84	11.17	11.49	3563820	74845288.00
2015/09/30	11.49	11.76	11.23	11.49	2062168	42957448.00
2015/10/08	12.11	12.37	11.78	12.22	4465009	98418208.00
2015/10/09	12.20	12.89	12.06	12.78	5559810	127473200.00
2015/10/12	13.01	13.86	12.99	13.64	5053712	123630248.00
2015/10/13	13.52	13.77	13.37	13.68	4372468	107909328.00
2015/10/14	13.44	13.78	13.18	13.31	4773214	116384416.00
2015/10/15	13.17	13.92	13.14	13.81	5098100	125802920.00
2015/10/16	13.91	14.78	13.79	14.16	5950472	152977920.00
2015/10/19	13.95	14.28	13.41	13.59	5256515	131839600.00
2015/10/20	13.59	14.22	13.44	14.22	5494140	139045184.00
2015/10/21	14.18	14.21	12.78	12.78	7296420	178412560.00
2015/10/22	12.59	13.30	12.38	13.20	6657736	155910096.00
2015/10/23	13.44	14.52	12.96	14.26	8212808	208653168.00
2015/10/26	14.39	15.70	13.73	15.70	8328910	220271568.00
2015/10/27	16.39	16.39	14.51	15.62	11359018	320461408.00
2015/10/28	15.18	15.59	14.83	15.07	7252409	200155072.00
2015/10/29	15.44	15.44	14.74	14.98	4479005	122166848.00
2015/10/30	14.95	15.14	14.56	14.71	4184551	112669112.00
2015/11/02	14.06	14.67	13.79	14.05	3776877	97810680.00
2015/11/03	14.12	14.44	14.01	14.20	3384042	87288920.00
2015/11/04	14.49	15.17	14.38	15.16	4604022	123795256.00
2015/11/05	15.27	15.61	14.87	14.97	5253765	144289248.00
2015/11/06	15.12	15.56	15.01	15.41	5235639	145752000.00
2015/11/09	15.14	15.73	14.90	15.54	6388428	177576688.00
2015/11/10	15.77	17.11	15.73	17.11	4884477	146813344.00
2015/11/11	18.36	18.38	17.38	17.67	14064752	456379232.00
2015/11/12	17.67	18.97	17.45	18.02	9460415	311789152.00
2015/11/13	17.66	17.78	16.39	16.58	8604226	265744304.00
2015/11/16	16.00	17.31	15.82	17.31	6248271	188880032.00
2015/11/17	17.64	17.71	16.45	16.82	5429593	168269808.00
2015/11/18	16.95	17.51	16.37	16.39	4599317	141511376.00
2015/11/19	17.05	18.04	16.84	18.04	3629346	116932448.00
2015/11/20	18.78	19.23	18.01	18.30	9363577	313017952.00
2015/11/23	18.01	18.44	17.59	17.78	5970172	194942288.00
2015/11/24	17.53	18.17	17.18	18.00	4705817	150056944.00
2015/11/25	18.06	19.22	17.79	18.84	8124950	272637472.00
2015/11/26	18.86	18.89	18.32	18.42	4215880	141518336.00
2015/11/27	18.20	18.32	16.57	16.68	5196633	163773728.00
2015/11/30	16.78	17.62	15.56	17.38	5030074	152544832.00
2015/12/01	17.17	17.62	16.78	17.26	3322849	103600664.00
2015/12/02	17.14	17.31	16.01	16.67	2818599	84759920.00
2015/12/03	16.56	17.28	16.56	17.19	2659605	82115064.00
2015/12/04	17.20	18.53	16.87	17.95	5603118	178410016.00
2015/12/07	19.76	19.76	19.75	19.76	3921038	140177088.00
2015/12/08	21.56	21.74	20.47	20.48	18619316	713794240.00
2015/12/09	19.56	19.88	19.24	19.45	9454345	334160096.00
2015/12/10	19.13	20.43	19.13	19.43	7329811	262577568.00
2015/12/11	19.12	19.21	18.51	18.85	5690574	193429184.00
2015/12/14	18.23	19.22	17.73	19.02	4321829	147243248.00
2015/12/15	19.12	19.57	18.78	19.27	3697178	128545496.00
2015/12/16	19.42	20.15	19.26	19.63	4585150	164163248.00
2015/12/17	19.54	20.92	19.53	20.26	6745203	245506976.00
2015/12/18	20.09	20.38	19.17	19.53	7037444	249370016.00
2015/12/21	19.57	19.64	19.18	19.35	3168011	111111904.00
2015/12/22	19.45	19.78	19.27	19.70	3112812	109906968.00
2015/12/23	19.78	19.86	18.79	19.12	4208338	146848784.00
2015/12/24	19.08	19.30	18.41	19.17	3048767	104088200.00
2015/12/25	19.19	19.83	18.99	19.36	4156881	146051488.00
2015/12/28	19.12	19.74	18.83	18.83	5136256	180071664.00
2015/12/29	18.92	18.93	18.26	18.62	2768664	92832240.00
2015/12/30	18.78	19.29	18.67	19.28	2905814	99982008.00
2015/12/31	19.29	19.52	18.82	19.31	2585907	89760104.00
2016/01/04	19.34	19.37	17.37	17.37	2706569	90320288.00
2016/01/05	16.46	16.84	15.62	16.11	6271839	184525248.00
2016/01/06	16.56	16.66	15.90	16.52	3375424	100015120.00
2016/01/07	15.73	16.29	14.86	14.86	2000957	55108300.00
2016/01/08	14.78	15.17	13.37	14.17	6283799	162064336.00
2016/01/11	13.23	13.77	12.74	12.74	3890407	93039016.00
2016/01/12	12.62	13.01	11.95	12.88	3733049	85103544.00
2016/01/13	12.89	13.22	12.18	12.21	2824375	65694976.00
2016/01/14	11.51	13.06	11.37	12.89	3832484	85755872.00
2016/01/15	12.67	12.98	11.92	12.05	3031267	68417584.00
2016/01/18	11.64	12.78	11.56	12.46	3452055	76737216.00
2016/01/19	12.22	13.39	12.18	13.37	5490473	128424128.00
2016/01/20	13.39	13.44	12.81	13.12	4966562	118484600.00
2016/01/21	12.89	13.36	12.24	12.24	4031019	94418400.00
2016/01/22	12.40	12.77	12.03	12.63	2962535	66718884.00
2016/01/25	12.95	13.22	12.63	12.82	2834576	66419384.00
2016/01/26	12.68	12.68	11.52	11.52	3682629	80594176.00
2016/01/27	11.51	11.66	10.50	11.32	3807302	76798424.00
2016/01/28	10.83	11.30	10.38	10.53	2754730	54460064.00
2016/01/29	10.37	11.22	10.37	10.98	2481606	49213764.00
2016/02/01	10.99	11.16	10.67	10.95	2073835	41113288.00
2016/02/02	11.00	11.59	10.90	11.46	2905164	60059780.00
2016/02/03	11.28	11.70	11.07	11.56	2244161	46157284.00
2016/02/04	11.69	11.95	11.60	11.79	2527561	54068060.00
2016/02/05	12.00	12.00	11.56	11.66	2002598	42763300.00
2016/02/15	11.01	11.89	11.01	11.78	2149340	44850984.00
2016/02/16	11.90	12.39	11.79	12.34	2865314	63425980.00
2016/02/17	12.28	12.56	12.06	12.48	2548802	56821196.00
2016/02/18	12.57	12.62	12.16	12.21	2920662	65659468.00
2016/02/19	12.12	12.49	12.01	12.33	2228247	49467744.00
2016/02/22	12.57	12.59	12.29	12.59	3879021	87667536.00
2016/02/23	12.56	13.14	12.43	12.91	4341280	101169904.00
2016/02/24	12.84	12.96	12.18	12.68	3252733	74189552.00
2016/02/25	12.62	12.64	11.40	11.40	3166338	68490512.00
2016/02/26	11.39	11.61	10.85	11.02	2674395	54269480.00
2016/02/29	11.06	11.08	9.94	10.05	2594456	48057900.00
2016/03/01	10.17	10.56	9.98	10.34	2363705	44150004.00
2016/03/02	10.28	11.12	10.28	10.99	2975095	58053756.00
2016/03/03	10.89	12.10	10.87	12.10	7016030	151806560.00
2016/03/04	11.89	12.04	10.88	11.12	7243608	150964480.00
2016/03/14	12.24	12.24	12.24	12.24	442630	9835239.00
2016/03/15	13.12	13.47	12.57	12.65	9471082	224174544.00
2016/03/16	12.66	12.91	12.03	12.14	6175747	138708880.00
2016/03/17	12.16	12.76	12.01	12.73	6388778	144350176.00
2016/03/18	12.62	13.67	12.62	13.51	8911072	212124240.00
2016/03/21	13.56	13.64	13.23	13.48	6651446	161570432.00
2016/03/22	13.23	13.47	13.12	13.27	4580995	110100032.00
2016/03/23	13.12	13.58	13.01	13.53	4571877	110547288.00
2016/03/24	13.96	14.56	13.41	13.42	8522354	216818848.00
2016/03/25	12.92	13.22	12.73	13.04	4677344	110409208.00
2016/03/28	13.09	13.39	12.77	12.81	3438166	82210448.00
2016/03/29	13.12	13.39	12.62	12.97	3383728	79966224.00
2016/03/30	13.62	13.79	13.23	13.56	4901514	120254536.00
2016/03/31	13.62	13.89	13.51	13.58	4297759	106781304.00
2016/04/01	13.34	13.55	13.12	13.43	2871845	69375784.00
2016/04/05	13.45	14.33	13.34	14.09	4622502	117090824.00
2016/04/06	14.26	14.48	13.98	14.39	4492012	116144240.00
2016/04/07	14.42	15.69	14.01	15.02	7860818	210422560.00
2016/04/08	15.06	16.53	15.04	16.53	7842734	227705056.00
2016/04/11	17.12	17.36	16.23	16.41	12185084	367947840.00
2016/04/12	16.44	16.44	15.48	15.78	6634641	191153952.00
2016/04/13	15.94	16.37	15.73	15.73	5470222	158713920.00
2016/04/14	15.77	16.31	15.76	16.10	4908219	142832912.00
2016/04/15	15.93	16.42	15.53	16.30	4622342	133508248.00
2016/04/18	15.84	16.21	15.73	15.82	3389482	97964440.00
2016/04/19	16.01	16.20	15.87	16.12	3534396	102959608.00
2016/04/20	16.27	16.30	14.49	14.49	7108160	193489984.00
2016/04/21	14.30	14.85	14.07	14.22	3908474	102319808.00
2016/04/22	13.98	14.89	13.90	14.59	4151366	109098536.00
2016/04/25	14.51	14.51	14.06	14.26	2380276	61369832.00
2016/04/26	14.39	14.83	14.27	14.82	2855483	75415344.00
2016/04/27	14.82	14.86	14.59	14.59	2147405	57270096.00
2016/04/28	14.58	14.68	13.98	14.53	1996739	51875440.00
2016/04/29	14.51	15.26	14.40	14.88	2967760	80175032.00
2016/05/03	14.78	15.99	14.28	15.48	8184481	124813856.00
2016/05/04	15.45	15.70	14.88	15.11	6935751	106576496.00
2016/05/05	14.94	15.81	14.94	15.71	8252744	127826400.00
2016/05/06	16.04	16.90	15.81	15.81	17669700	287577568.00
2016/05/09	15.26	15.32	14.22	14.23	12025234	174677888.00
2016/05/10	13.93	14.30	13.75	13.82	5143859	72234408.00
2016/05/11	14.05	14.14	13.65	13.70	3572031	49668736.00
2016/05/12	13.44	13.59	12.86	13.44	4757279	63000008.00
2016/05/13	13.49	13.68	13.25	13.52	3366153	45558376.00
2016/05/16	13.35	13.78	13.23	13.74	3164151	42988164.00
2016/05/17	13.61	14.50	13.61	14.07	5860089	83415872.00
2016/05/18	13.81	13.93	12.88	13.20	4670370	62846660.00
2016/05/19	13.95	14.45	13.47	13.80	7573883	106628128.00
2016/05/20	13.50	14.30	13.48	14.23	6417712	90601936.00
2016/05/23	14.38	15.66	14.27	15.17	11765268	178721888.00
2016/05/24	14.94	15.06	14.33	14.63	7018563	103204672.00
2016/05/25	14.95	15.24	14.56	14.97	6428438	96094208.00
2016/05/26	14.77	15.05	14.25	14.98	5777421	85121120.00
2016/05/27	14.97	15.82	14.71	15.54	9606122	146891120.00
2016/05/30	15.33	15.94	15.00	15.88	10362631	162468720.00
2016/05/31	15.95	16.27	15.65	16.18	14675048	236230496.00
2016/06/01	15.99	16.50	15.95	16.03	12150218	197087296.00
2016/06/02	15.96	16.48	15.90	16.19	9548649	154929072.00
2016/06/03	16.34	16.35	15.87	16.07	6781328	109225536.00
2016/06/06	16.12	16.40	15.77	15.84	5842176	94068800.00
2016/06/07	15.84	16.31	15.75	16.17	6253985	100994272.00
2016/06/08	16.20	16.29	15.46	15.85	6093466	96886888.00
2016/06/13	15.47	15.48	14.61	14.88	5985015	91116440.00
2016/06/14	14.63	14.87	14.47	14.69	4098133	60236844.00
2016/06/15	14.52	15.83	14.35	15.50	7184837	110138088.00
2016/06/16	16.14	16.29	15.48	15.52	7878563	125148400.00
2016/06/17	15.51	16.93	15.51	16.17	10822174	175847744.00
2016/06/20	15.95	17.75	15.65	17.67	20047111	338776736.00
2016/06/21	16.98	17.93	16.78	17.09	22654538	391357984.00
2016/06/22	16.90	18.64	16.90	18.44	22953107	406822912.00
2016/06/23	18.18	18.44	17.42	17.75	20405869	363041664.00
2016/06/24	17.46	17.71	16.23	17.13	14422288	245733648.00
2016/06/27	16.71	17.24	16.57	17.10	28960539	489493632.00
2016/06/28	16.95	18.24	16.72	17.84	25296966	441769248.00
2016/06/29	17.78	18.26	17.31	17.95	20802271	368693792.00
2016/06/30	18.66	19.35	17.50	17.53	23143112	420346304.00
2016/07/01	16.95	17.32	16.46	16.59	33487801	563354560.00
2016/07/04	16.33	16.89	16.20	16.69	14494086	241882528.00
2016/07/05	16.67	17.12	16.66	16.77	13304910	224637136.00
2016/07/06	16.67	17.03	16.53	16.90	14009722	235964832.00
2016/07/07	16.90	17.32	16.76	17.06	15595857	266240960.00
2016/07/08	17.39	17.60	17.13	17.42	19560799	341630176.00
2016/07/11	17.25	17.90	17.21	17.74	22277817	393451296.00
2016/07/12	17.43	17.62	16.70	17.34	15385931	266033920.00
2016/07/13	16.96	17.93	16.77	17.84	22698663	395384032.00
2016/07/14	17.69	17.84	17.26	17.65	18068722	316915360.00
2016/07/15	17.35	17.50	16.94	17.04	16230977	279137856.00
2016/07/18	16.66	16.87	15.80	15.85	25494312	417587296.00
2016/07/19	15.95	16.01	15.45	15.84	16422124	258876096.00
2016/07/20	15.84	16.16	15.75	15.95	8781381	140898944.00
2016/07/21	16.01	16.11	15.70	15.77	7572733	120730224.00
2016/07/22	15.77	15.91	15.50	15.87	8022052	126638504.00
2016/07/25	15.85	16.59	15.85	16.43	13793146	225050080.00
2016/07/26	16.35	16.56	16.20	16.30	8879301	145632928.00
2016/07/27	16.27	16.35	14.67	14.75	17363456	268052736.00
2016/07/28	14.76	14.92	14.16	14.45	8946076	130457688.00
2016/07/29	14.45	14.62	14.08	14.16	6034280	86653880.00
2016/08/01	14.02	14.10	13.45	13.77	7098044	97318560.00
2016/08/02	13.77	14.03	13.77	14.00	3373758	47188672.00
2016/08/03	13.98	14.06	13.85	13.94	3177890	44460244.00
2016/08/04	13.94	14.10	13.72	14.03	5323720	74408432.00
2016/08/05	13.99	14.10	13.75	13.77	4453820	62088836.00
2016/08/08	13.77	13.94	13.55	13.85	4673602	64844480.00
2016/08/09	13.86	14.03	13.82	14.02	5618896	78614240.00
2016/08/10	14.14	14.45	14.03	14.13	7701043	110031184.00
2016/08/11	13.98	14.13	13.66	13.74	5355606	74526152.00
2016/08/12	13.75	13.85	13.66	13.82	3741499	51686284.00
2016/08/15	13.82	14.33	13.64	14.24	8598638	121480304.00
2016/08/16	14.28	14.41	14.17	14.36	6606137	94705112.00
2016/08/17	14.39	14.39	14.17	14.25	5083494	72718624.00
2016/08/18	14.25	14.27	14.06	14.12	5271295	74852736.00
2016/08/19	14.13	14.28	14.06	14.23	5134754	73035120.00
2016/08/22	14.20	14.23	13.80	13.81	6241325	87670912.00
2016/08/23	13.81	14.00	13.75	13.89	3785186	52813220.00
2016/08/24	13.94	14.08	13.87	14.01	4203770	58983244.00
2016/08/25	14.05	14.05	13.65	13.76	4451002	61504776.00
2016/08/26	13.79	13.97	13.77	13.97	4044596	56263140.00
2016/08/29	13.92	13.94	13.80	13.85	3370566	46853476.00
2016/08/30	13.88	14.03	13.80	13.80	3715518	51891776.00
2016/08/31	14.35	14.93	14.24	14.25	15996710	232378656.00
2016/09/01	14.03	14.68	14.00	14.43	14345632	207579520.00
2016/09/02	14.23	14.38	13.97	14.10	8365250	118891280.00
2016/09/05	14.26	14.26	13.95	13.96	5186276	73229352.00
2016/09/06	14.04	14.20	13.70	14.17	8192429	114587664.00
2016/09/07	14.15	14.30	14.04	14.09	6515507	92461640.00
2016/09/08	14.05	14.17	14.01	14.15	4436756	62752328.00
2016/09/09	14.11	14.20	13.93	13.93	4399020	62024860.00
2016/09/12	13.62	13.72	13.14	13.15	7848623	105865488.00
2016/09/13	13.20	13.36	13.04	13.28	4949112	65554604.00
2016/09/14	13.28	13.62	13.15	13.34	4904929	66006728.00
2016/09/19	13.33	13.48	13.28	13.36	3077021	41292912.00
2016/09/20	13.37	13.40	13.12	13.15	3624683	48071528.00
2016/09/21	13.05	13.16	12.85	13.16	6873890	89723848.00
2016/09/22	13.18	13.49	13.18	13.28	7259361	97214032.00
2016/09/23	13.25	13.32	13.09	13.10	3553336	46955028.00
2016/09/26	13.16	13.16	12.61	12.66	4704340	60942736.00
2016/09/27	12.51	12.84	12.45	12.78	4720175	60080128.00
2016/09/28	12.78	12.80	12.56	12.63	3794840	48150632.00
2016/09/29	12.75	12.78	12.58	12.58	2692906	34250652.00
2016/09/30	12.60	12.63	12.55	12.58	2411227	30458566.00
2016/10/10	12.59	13.05	12.56	13.04	5982855	77047248.00
2016/10/11	13.05	13.24	12.96	13.07	4906468	64463940.00
2016/10/12	12.95	13.24	12.91	13.24	4990462	65700344.00
2016/10/13	13.24	13.41	13.11	13.14	4211906	55879788.00
2016/10/14	13.13	13.13	12.91	13.05	3532040	46159432.00
2016/10/17	12.95	13.13	12.75	12.89	5602015	72857088.00
2016/10/18	12.79	13.07	12.79	13.05	4100740	53359856.00
2016/10/19	13.10	13.13	12.95	12.99	3440574	44933740.00
2016/10/20	13.04	13.23	12.96	13.20	6180585	81282976.00
2016/10/21	13.18	13.18	12.84	13.02	4592401	59918160.00
2016/10/24	12.98	13.13	12.88	13.09	4166495	54566168.00
2016/10/25	13.12	13.20	13.07	13.15	4573881	60329768.00
2016/10/26	13.17	13.40	13.13	13.34	7157761	95441528.00
2016/10/27	13.34	14.37	13.18	14.04	20158590	282029792.00
2016/10/28	13.80	13.94	13.56	13.56	11556575	159448368.00
2016/10/31	13.58	13.65	13.18	13.33	5641084	75394592.00
2016/11/01	13.37	13.42	13.23	13.39	5348219	71647976.00
2016/11/02	13.35	13.38	13.10	13.16	6086793	80942200.00
2016/11/03	13.13	13.34	13.04	13.25	6609088	87679832.00
2016/11/04	13.29	13.33	13.08	13.12	5086270	67261328.00
2016/11/07	13.15	13.21	13.05	13.14	3402879	44928132.00
2016/11/08	13.17	13.25	13.08	13.20	4319266	57170192.00
2016/11/09	13.20	13.38	12.98	13.12	6256825	82901040.00
2016/11/10	13.20	13.31	13.20	13.25	4457514	59311944.00
2016/11/11	13.45	13.94	13.45	13.69	14314119	197445520.00
2016/11/14	13.63	14.01	13.55	13.82	10431570	144920208.00
2016/11/15	13.70	13.99	13.65	13.88	6912437	95901424.00
2016/11/16	13.88	14.32	13.76	14.02	10670732	151008112.00
2016/11/17	13.89	14.02	13.57	13.75	8436997	115967728.00
2016/11/18	13.65	13.93	13.56	13.65	5148539	70951864.00
2016/11/21	13.72	13.75	13.55	13.61	4302881	58904404.00
2016/11/22	13.62	13.77	13.57	13.75	5468890	74908688.00
2016/11/23	13.78	13.82	13.45	13.55	6035143	82648104.00
2016/11/24	13.50	13.67	13.21	13.21	6291032	84849288.00
2016/11/25	13.20	13.54	13.00	13.50	6747793	89848344.00
2016/12/05	13.14	13.90	13.08	13.14	8124126	109480416.00
2016/12/06	13.19	13.23	12.78	12.81	7635188	99243888.00
2016/12/07	12.83	12.96	12.80	12.90	3141599	40657100.00
2016/12/08	13.00	13.00	12.72	12.76	3900190	50113684.00
2016/12/09	12.82	12.84	12.65	12.83	2901242	37093888.00
2016/12/12	12.76	12.97	12.03	12.04	6033185	75651880.00
2016/12/13	12.04	12.15	11.71	11.98	4440177	52971904.00
2016/12/14	11.96	12.29	11.63	11.98	4348938	52236128.00
2016/12/15	11.76	12.17	11.76	11.95	4110152	49570348.00
2016/12/16	12.04	12.11	11.92	12.02	3030648	36599624.00
2016/12/19	12.02	12.02	11.86	11.94	2253332	26979040.00
2016/12/20	11.90	12.00	11.83	11.94	2078147	24865108.00
2016/12/21	12.00	12.20	11.94	12.12	4580340	55776220.00
2016/12/22	12.05	12.14	11.97	12.04	2760174	33387502.00
2016/12/23	12.04	12.10	11.79	11.80	2529800	30226972.00
2016/12/26	11.74	11.89	11.39	11.65	4831762	56123400.00
2016/12/27	11.64	11.70	11.54	11.68	2983496	34823452.00
2016/12/28	11.65	11.80	11.54	11.66	2175515	25546024.00
2016/12/29	11.65	11.75	11.60	11.65	1751580	20561502.00
2016/12/30	11.64	11.74	11.59	11.68	1589581	18610986.00
2017/01/03	11.75	11.91	11.66	11.85	3175844	37682292.00
2017/01/04	11.84	12.13	11.81	12.06	4834144	58187984.00
2017/01/05	12.06	12.10	11.93	11.99	2911315	35086492.00
2017/01/06	12.01	12.01	11.80	11.85	3466867	41327896.00
2017/01/09	11.80	11.92	11.67	11.90	2288101	27152440.00
2017/01/10	11.90	12.02	11.80	11.99	3021124	36210012.00
2017/01/11	12.00	12.03	11.71	11.75	3181175	37764692.00
2017/01/12	11.75	11.80	11.69	11.70	1737119	20481878.00
2017/01/13	11.71	11.79	11.15	11.28	3301215	38102308.00
2017/01/16	11.21	11.30	10.15	10.42	6166126	66020596.00
2017/01/17	10.40	10.65	10.15	10.51	4233096	44239848.00
2017/01/18	10.49	10.54	10.37	10.39	2235694	23449812.00
2017/01/19	10.39	10.48	10.24	10.32	2133100	22239672.00
2017/01/20	10.46	10.73	10.34	10.57	2593426	27545748.00
2017/01/23	10.59	10.93	10.59	10.81	2804977	30332002.00
2017/01/24	10.81	10.93	10.66	10.77	2493254	27076476.00
2017/01/25	10.75	10.90	10.63	10.80	2166095	23482720.00
2017/01/26	10.80	11.14	10.77	10.93	2278448	25176468.00
2017/02/03	11.18	11.45	10.99	11.02	2458030	27462286.00
2017/02/06	10.96	11.19	10.92	11.15	2258065	25114320.00
2017/02/07	11.15	11.18	10.98	11.07	1871654	20848030.00
2017/02/08	11.11	11.15	10.91	11.09	2041204	22642966.00
2017/02/09	11.13	11.45	11.13	11.31	3386394	38509316.00
2017/02/10	11.35	12.43	11.35	11.69	7592318	90180520.00
2017/02/13	11.56	11.83	11.48	11.57	5106352	59663632.00
2017/02/14	11.60	11.67	11.41	11.48	3189811	36846572.00
2017/02/15	11.48	11.63	11.22	11.26	3462808	39713268.00
2017/02/16	11.27	11.58	11.20	11.52	3337162	38190124.00
2017/02/17	11.49	11.62	11.15	11.24	3022781	34485636.00
2017/02/20	11.31	11.31	11.13	11.31	2710503	30556292.00
2017/02/21	11.28	11.56	11.25	11.54	3276455	37690216.00
2017/02/22	11.56	11.82	11.48	11.59	3672958	42998276.00
2017/02/23	11.58	11.60	11.28	11.57	4124614	47394776.00
2017/02/24	11.60	11.69	11.25	11.67	3317985	38615684.00
2017/02/27	11.57	11.74	11.48	11.55	3172807	37054408.00
2017/02/28	11.63	11.66	11.49	11.63	2674879	31133570.00
2017/03/01	11.70	11.75	11.55	11.64	4128713	48267016.00
2017/03/02	11.62	11.67	11.35	11.44	3789874	43726356.00
2017/03/03	11.34	11.50	11.28	11.44	2764074	31642742.00
2017/03/06	11.52	11.78	11.47	11.75	6554322	76938352.00
2017/03/07	11.79	11.94	11.68	11.78	5564364	65959500.00
2017/03/08	12.15	12.33	11.82	11.90	7674384	92308728.00
2017/03/09	11.82	11.98	11.73	11.73	3830800	45477764.00
2017/03/10	11.74	11.88	11.59	11.60	2745341	32373350.00
2017/03/13	11.75	11.92	11.63	11.80	4077584	48379604.00
2017/03/14	11.82	11.86	11.63	11.63	2786133	32864114.00
2017/03/15	11.63	11.85	11.55	11.79	3683921	43484212.00
2017/03/16	11.82	11.86	11.75	11.79	2694334	31899970.00
2017/03/17	11.95	12.00	11.76	11.79	4441757	52947304.00
2017/03/20	11.70	11.88	11.53	11.68	3894568	45745272.00
2017/03/21	11.63	11.68	11.51	11.63	2607455	30394068.00
2017/03/22	11.55	11.60	11.35	11.43	3060374	35223120.00
2017/03/23	11.38	11.50	11.33	11.46	2514119	28845764.00
2017/03/24	11.41	11.92	11.25	11.79	6198268	72213112.00
2017/03/27	11.71	11.82	11.46	11.50	4031075	46909060.00
2017/03/28	11.50	11.58	11.33	11.35	2672533	30639280.00
2017/03/29	11.31	11.45	11.03	11.03	4944280	55516708.00
2017/03/30	11.06	11.09	10.74	10.74	3466099	37868940.00
2017/03/31	10.81	10.86	10.72	10.76	2248318	24364074.00
2017/04/05	10.75	11.19	10.75	11.09	3840174	42678012.00
2017/04/06	11.09	11.35	11.05	11.15	3662946	41296156.00
2017/04/07	11.15	11.31	11.05	11.09	2405643	26967090.00
2017/04/10	11.09	11.19	10.90	10.94	2516836	27878536.00
2017/04/11	10.94	11.04	10.76	11.03	2462144	27066764.00
2017/04/12	11.03	11.04	10.75	10.75	2797558	30555486.00
2017/04/13	10.66	10.96	10.66	10.84	2146038	23357968.00
2017/04/14	10.91	10.91	10.71	10.77	2139681	23196294.00
2017/04/17	10.77	10.83	10.43	10.52	2173361	23085404.00
2017/04/18	10.58	10.58	10.25	10.32	2668429	27977396.00
2017/04/19	10.30	10.50	10.06	10.38	3347882	34362164.00
2017/04/20	10.44	10.44	10.05	10.08	3831415	39269728.00
2017/04/21	10.08	10.25	10.06	10.15	1991148	20338348.00
2017/04/24	10.08	10.15	9.65	9.84	2304471	22860974.00
2017/04/25	9.91	9.98	9.78	9.83	1671922	16613382.00
2017/04/26	9.90	9.94	9.77	9.94	1369420	13632926.00
2017/04/27	9.95	10.06	9.69	9.99	2612612	25942428.00
2017/04/28	9.93	10.09	9.90	10.08	1799043	18083910.00
2017/05/02	10.58	10.93	10.38	10.51	7259919	77319992.00
2017/05/03	10.41	10.57	10.33	10.47	3329428	34990108.00
2017/05/04	10.39	10.53	10.34	10.34	2984575	31344114.00
2017/05/05	10.34	10.40	10.15	10.17	2984432	30733934.00
2017/05/08	10.14	10.21	9.89	9.92	2298628	23238282.00
2017/05/09	9.93	10.02	9.79	10.00	3190561	31720136.00
2017/05/10	10.02	10.08	9.70	9.70	2237517	22245480.00
2017/05/11	9.50	9.64	9.27	9.58	3096523	29470440.00
2017/05/12	9.59	9.61	9.40	9.44	1746446	16611662.00
2017/05/15	9.45	10.22	9.43	9.89	4768997	47075504.00
2017/05/16	9.86	10.53	9.69	10.34	7173936	73554328.00
2017/05/17	10.28	10.45	10.19	10.25	4144448	42840152.00
2017/05/18	10.15	10.49	10.13	10.23	4474125	46392168.00
2017/05/19	10.18	10.31	10.13	10.20	1952908	20013544.00
2017/05/22	10.16	10.28	9.65	9.72	2994807	30102402.00
2017/05/23	9.71	9.87	9.51	9.55	3526725	34206904.00
2017/05/24	9.55	9.84	9.42	9.84	3358816	32572250.00
2017/05/25	9.85	10.04	9.63	10.03	3516759	34738972.00
2017/05/26	9.94	10.04	9.81	9.91	2405373	24043878.00
2017/05/31	10.12	10.13	9.88	9.91	2676503	26951238.00
2017/06/01	9.93	10.01	9.72	9.73	2510628	24956750.00
2017/06/02	9.53	10.00	9.53	9.96	2968760	29076288.00
2017/06/05	10.03	10.15	9.93	10.02	2541008	25626080.00
2017/06/06	9.91	10.10	9.91	10.08	2624719	26423260.00
2017/06/07	10.00	10.31	10.00	10.27	4821121	49245824.00
2017/06/08	10.23	10.33	10.10	10.13	3435357	35074220.00
2017/06/09	10.13	10.16	9.94	10.02	2748147	27573808.00
2017/06/12	9.88	10.04	9.87	9.94	1738407	17355944.00
2017/06/13	9.97	10.23	9.89	10.14	2887376	29229002.00
2017/06/14	10.05	10.25	10.05	10.22	3712759	37813124.00
2017/06/15	10.22	10.39	10.14	10.29	5151201	53159352.00
2017/06/16	10.36	10.37	10.15	10.19	3134409	32129494.00
2017/06/19	10.19	10.28	10.13	10.23	2245200	22985598.00
2017/06/20	10.27	11.26	10.27	11.26	4937731	55384868.00
2017/06/21	11.78	12.25	11.49	11.77	38996923	458808416.00
2017/06/22	11.61	12.95	11.61	12.19	53860194	663907776.00
2017/06/23	11.62	11.75	11.12	11.59	34193191	394667904.00
2017/06/26	11.43	11.73	11.32	11.47	19786553	227425440.00
2017/06/27	11.42	11.66	11.25	11.50	19046672	219647360.00
2017/06/28	11.37	11.43	11.09	11.16	13541427	152370768.00
2017/06/29	11.23	11.34	11.09	11.20	10397235	116936936.00
2017/06/30	11.08	11.15	10.88	11.07	10680015	117790192.00
2017/07/03	11.07	11.44	11.05	11.42	13719423	155154832.00
2017/07/04	11.42	11.52	11.27	11.32	9117154	103718544.00
2017/07/05	11.27	11.59	11.26	11.47	10311981	118407048.00
2017/07/06	11.35	11.42	11.18	11.27	9456707	107206856.00
2017/07/07	11.22	11.57	11.08	11.52	11766230	134329888.00
2017/07/10	11.44	12.06	11.39	11.56	17006752	200333936.00
2017/07/11	11.44	11.44	11.07	11.10	11482592	129646720.00
2017/07/12	11.01	11.24	10.92	11.22	6367245	70733080.00
2017/07/13	11.18	11.21	11.06	11.10	4726796	52678364.00
2017/07/14	11.13	11.41	11.03	11.20	5705281	63986336.00
2017/07/17	11.07	11.09	10.17	10.19	9780140	103253256.00
2017/07/18	9.97	10.35	9.97	10.17	4619899	46933960.00
2017/07/19	10.19	10.44	10.02	10.35	5186387	53288260.00
2017/07/20	10.22	10.52	10.19	10.25	4705807	48735644.00
2017/07/21	10.17	10.42	10.17	10.23	3714918	38439808.00
2017/07/24	10.12	10.36	10.12	10.33	3371169	34585240.00
2017/07/25	10.29	11.37	10.29	10.85	12349952	136056896.00
2017/07/26	10.67	11.04	10.59	10.97	7478340	81196000.00
2017/07/27	10.96	11.33	10.81	11.30	10419016	116658760.00
2017/07/28	11.14	11.52	11.09	11.24	9514888	107800984.00
2017/07/31	11.28	11.68	11.07	11.51	10482856	120288904.00
2017/08/01	11.47	11.47	11.12	11.25	7171953	80817816.00
2017/08/02	11.23	11.37	11.03	11.08	6220613	69833008.00
2017/08/03	11.06	11.31	11.02	11.10	6021830	67357184.00
2017/08/04	11.00	11.24	10.99	11.05	4072769	45374276.00
2017/08/07	10.95	11.31	10.92	11.26	4289470	47897264.00
2017/08/08	11.26	11.38	11.11	11.21	5643089	63502812.00
2017/08/09	11.16	11.28	11.08	11.11	3690302	41298952.00
2017/08/10	11.10	11.16	10.76	10.83	5075150	55563684.00
2017/08/11	10.72	10.88	10.47	10.47	4825582	51478416.00
2017/08/14	10.43	10.88	10.42	10.79	3830649	41081148.00
2017/08/15	10.79	10.92	10.76	10.82	2645407	28713622.00
2017/08/16	10.87	11.07	10.75	10.96	4300419	47218560.00
2017/08/17	10.99	11.16	10.94	11.07	4214463	46782628.00
2017/08/18	10.99	11.03	10.86	10.90	3035908	33211274.00
2017/08/21	10.85	11.32	10.85	11.29	5872364	65694528.00
2017/08/22	11.19	11.56	11.10	11.25	8125312	91846736.00
2017/08/23	11.17	11.27	10.95	10.98	4860760	54101936.00
2017/08/24	10.99	11.07	10.65	10.66	4020300	43593612.00
2017/08/25	10.67	10.86	10.67	10.81	2692194	29130020.00
2017/08/28	10.78	11.08	10.78	11.08	3746242	41243912.00
2017/08/29	11.19	11.42	11.12	11.17	6608444	74507488.00
2017/08/30	11.09	11.37	11.09	11.28	5956160	67334760.00
2017/08/31	11.35	11.56	11.29	11.45	8806565	101014232.00
2017/09/01	11.43	11.49	11.30	11.33	5607964	63934232.00
2017/09/04	11.30	11.66	11.26	11.55	8501916	98319768.00
2017/09/05	11.61	11.61	11.30	11.35	5147200	58786280.00
2017/09/06	11.33	11.90	11.26	11.87	13123279	153691120.00
2017/09/07	11.87	11.96	11.68	11.68	8732453	103109792.00
2017/09/08	11.65	11.85	11.59	11.82	7020156	82695128.00
2017/09/11	11.86	12.14	11.72	11.99	12408232	148997456.00
2017/09/12	11.99	12.81	11.93	12.14	21309987	264148400.00
2017/09/13	12.14	12.25	11.88	12.07	8120477	97721712.00
2017/09/14	12.11	12.14	11.77	11.85	6855989	81754584.00
2017/09/15	11.89	12.02	11.78	11.89	4581423	54603420.00
2017/09/18	11.88	11.96	11.68	11.87	4061468	48006268.00
2017/09/19	11.82	12.04	11.59	11.63	5540007	65648920.00
2017/09/20	11.65	12.09	11.63	11.96	7279825	87008552.00
2017/09/21	12.02	12.50	11.86	12.18	11229971	136910768.00
2017/09/22	12.04	12.06	11.68	11.79	6902582	81936864.00
2017/09/25	11.80	11.81	11.32	11.34	6201598	71867872.00
2017/09/26	11.34	11.62	11.26	11.48	3814727	43643316.00
2017/09/27	11.40	11.86	11.40	11.58	3863520	45287668.00
2017/09/28	11.54	11.77	11.47	11.57	4296460	50129828.00
2017/09/29	11.59	11.92	11.46	11.76	4632639	54449072.00
2017/10/09	11.81	12.30	11.81	11.99	7512126	90531008.00
2017/10/10	11.89	12.07	11.82	11.94	5499207	65707836.00
2017/10/11	11.88	12.03	11.83	11.97	6037723	72253832.00
2017/10/12	11.94	12.06	11.75	11.82	4402705	52382808.00
2017/10/13	11.84	11.96	11.74	11.94	2891560	34421696.00
2017/10/16	11.99	12.03	11.34	11.45	6061580	70486376.00
2017/10/17	11.47	11.62	11.42	11.47	2088600	24104054.00
2017/10/18	11.49	11.66	11.31	11.33	3487716	40271768.00
2017/10/19	11.37	11.50	11.09	11.29	3034708	34502088.00
2017/10/20	11.30	11.43	11.17	11.39	2082023	23624490.00
2017/10/23	11.52	11.78	11.52	11.58	4304525	50283156.00
2017/10/24	11.42	11.55	11.42	11.53	2341402	26921620.00
2017/10/25	11.53	12.27	11.48	11.89	9405783	112511168.00
2017/10/26	11.78	12.25	11.75	12.01	8913030	107165728.00
2017/10/27	11.86	12.33	11.77	12.27	11801086	142979296.00
2017/10/30	12.16	12.38	11.85	11.98	9479061	114997664.00
2017/10/31	12.05	12.37	11.81	12.37	9547928	116025520.00
2017/11/01	12.25	12.38	12.10	12.13	8611788	105542544.00
2017/11/02	11.94	12.03	11.60	11.60	9812180	115593544.00
2017/11/03	11.59	11.72	11.47	11.59	4866262	56647084.00
2017/11/06	11.55	11.90	11.55	11.87	3983754	47013992.00
2017/11/07	11.85	12.06	11.78	11.95	4120970	49219988.00
2017/11/08	11.94	12.06	11.77	11.84	4317896	51690804.00
2017/11/09	11.80	12.35	11.80	12.30	10713160	130899072.00
2017/11/10	12.17	12.31	12.13	12.20	7657507	93751464.00
2017/11/13	12.24	12.82	11.97	12.77	16074489	202171392.00
2017/11/14	12.67	13.05	12.38	12.68	12508989	159467024.00
2017/11/15	12.58	13.01	12.55	12.75	10186928	130522392.00
2017/11/16	12.65	12.87	12.44	12.66	5881836	74202440.00
2017/11/17	12.85	12.85	11.82	11.98	11407992	142602192.00
2017/11/20	11.88	12.11	11.34	12.09	7723494	90842344.00
2017/11/21	11.97	12.15	11.70	11.84	6068878	72420664.00
2017/11/22	11.79	11.92	11.59	11.67	4269100	50199576.00
2017/11/23	11.70	11.87	11.49	11.52	4830610	56566996.00
2017/11/24	11.57	11.91	11.49	11.77	3884200	45700284.00
2017/11/27	11.92	12.06	11.66	11.66	3764850	44790788.00
2017/11/28	11.60	11.83	11.58	11.82	2674066	31389714.00
2017/11/29	11.82	11.83	11.35	11.56	4424590	51231352.00
2017/11/30	11.52	11.57	11.14	11.15	5019614	56788328.00
2017/12/01	11.09	11.25	11.06	11.15	3519334	39412672.00
2017/12/04	11.17	11.17	10.62	10.75	5628581	60906656.00
2017/12/05	10.75	10.75	10.00	10.17	5118548	52869080.00
2017/12/06	10.18	10.35	9.90	10.15	3850880	39175480.00
2017/12/07	10.21	10.32	10.07	10.08	2586367	26392078.00
2017/12/08	10.12	10.28	10.08	10.24	2107502	21551054.00
2017/12/11	10.18	10.42	10.13	10.37	2274485	23563762.00
2017/12/12	10.37	10.42	10.08	10.12	2048664	21046422.00
2017/12/13	10.07	10.19	10.06	10.15	1278637	12989070.00
2017/12/14	10.08	10.32	10.08	10.24	2079614	21305070.00
2017/12/15	10.24	10.29	10.14	10.17	1684700	17213804.00
2017/12/18	10.17	10.20	9.89	9.93	2106500	21215680.00
2017/12/19	10.00	10.15	9.94	10.09	1600182	16151626.00
2017/12/20	10.09	10.12	9.95	10.05	1797520	18063058.00
2017/12/21	9.96	10.13	9.75	10.11	2562017	25659936.00
2017/12/22	10.03	10.07	9.87	9.92	1742103	17389956.00
2017/12/25	9.97	9.98	8.97	9.34	3564660	34080736.00
2017/12/26	9.34	9.46	9.24	9.35	2319350	21737158.00
2017/12/27	9.35	9.56	9.35	9.40	2003574	19017968.00
2017/12/28	9.40	9.88	9.39	9.71	3423078	33129762.00
2017/12/29	9.79	9.79	9.52	9.69	2092781	20232314.00
2018/01/02	9.67	9.87	9.67	9.70	1839180	17995310.00
2018/01/03	9.70	9.85	9.66	9.75	2287580	22431130.00
2018/01/04	9.74	9.87	9.72	9.87	1999700	19662670.00
2018/01/05	9.93	9.93	9.77	9.79	2092680	20637952.00
2018/01/08	9.77	9.77	9.57	9.67	2324660	22487438.00
2018/01/09	9.67	9.84	9.64	9.73	1255020	12229850.00
2018/01/10	9.74	9.80	9.50	9.55	1880680	18120788.00
2018/01/11	9.53	9.62	9.43	9.59	2176920	20828778.00
2018/01/12	9.53	9.62	9.45	9.47	1653240	15787947.00
2018/01/15	9.47	9.47	9.02	9.19	2457783	22790502.00
2018/01/16	9.36	9.37	9.04	9.10	2592557	23797710.00
2018/01/17	9.17	9.19	8.81	9.09	2558380	23090720.00
2018/01/18	9.16	10.00	9.16	10.00	7687020	76329328.00
2018/01/19	10.00	10.44	9.80	10.14	13628822	138559184.00
2018/01/22	10.08	10.13	9.77	10.01	5653020	56369992.00
2018/01/23	9.93	10.09	9.85	9.94	3556990	35362272.00
2018/01/24	9.88	10.07	9.74	10.00	4115310	41040044.00
2018/01/25	9.97	10.15	9.90	9.92	3075663	30913858.00
2018/01/26	9.96	9.96	9.78	9.89	2373760	23467272.00
2018/01/29	9.89	10.00	9.79	9.81	2513460	24910422.00
2018/01/30	9.77	9.85	9.40	9.42	2997860	28915644.00
2018/01/31	9.46	9.51	9.03	9.17	2469100	22816966.00
2018/02/01	9.23	9.27	8.76	8.80	4313880	38684596.00
2018/02/02	8.77	8.83	7.92	8.31	5178402	42685368.00
2018/02/05	8.13	8.28	7.88	8.23	2144580	17559794.00
2018/02/06	8.19	8.26	7.97	7.97	3430239	27840584.00
2018/02/07	8.17	8.23	7.92	8.08	2392040	19358654.00
2018/02/08	8.16	8.35	8.08	8.23	2509044	20728850.00
2018/02/09	7.89	8.97	7.89	8.39	6200845	53117144.00
2018/02/12	8.40	8.78	8.40	8.65	3314105	28755738.00
2018/02/13	8.65	8.73	8.55	8.60	2124345	18379516.00
2018/02/14	8.60	8.82	8.58	8.64	1184600	10326051.00
2018/02/22	8.79	8.91	8.64	8.65	1609560	14127811.00
2018/02/23	8.71	8.71	8.51	8.64	1365740	11811565.00
2018/02/26	8.62	8.87	8.60	8.75	2437378	21399240.00
2018/02/27	8.79	9.00	8.77	8.94	2896505	25840484.00
2018/02/28	8.79	8.97	8.75	8.87	2023643	17985162.00
2018/03/01	8.77	9.07	8.74	9.05	2743629	24658224.00
2018/03/02	8.99	9.34	8.89	9.07	3991398	36405644.00
2018/03/05	9.98	9.98	9.98	9.98	2475831	24783068.00
2018/03/06	10.45	10.74	10.04	10.20	15723680	162775136.00
2018/03/07	10.06	10.21	9.77	9.82	8120285	80989800.00
2018/03/08	9.77	9.99	9.73	9.79	3902959	38575592.00
2018/03/09	9.79	10.05	9.53	10.03	8307107	81785768.00
2018/03/12	10.07	10.39	9.89	10.26	8501776	86520680.00
2018/03/13	10.19	10.19	9.93	9.97	5504476	55406908.00
2018/03/14	10.00	10.20	9.89	9.89	3371680	33913112.00
2018/03/15	9.81	9.85	9.56	9.71	3964380	38613108.00
2018/03/16	9.71	9.80	9.57	9.58	2209073	21394110.00
2018/03/19	9.56	10.32	9.47	10.06	6591309	65680304.00
2018/03/20	10.06	10.22	9.91	10.09	7467049	75540048.00
2018/03/21	10.05	10.15	9.73	9.87	4874340	48834908.00
2018/03/22	9.78	10.01	9.67	10.01	3165176	31219372.00
2018/03/23	9.86	10.44	9.57	9.91	10200523	102464088.00
2018/03/26	10.10	10.39	9.82	10.39	10563647	108136976.00
2018/03/27	10.32	10.71	10.24	10.47	11945105	125436936.00
2018/03/28	10.30	10.80	10.30	10.47	8882901	94175400.00
2018/03/29	10.34	10.60	10.21	10.36	5883160	61338576.00
2018/03/30	10.07	10.54	9.98	10.52	9043969	92879720.00
2018/04/02	10.87	10.89	10.37	10.39	8123047	86073352.00
2018/04/03	10.15	10.27	9.93	9.99	6648982	67029772.00
2018/04/04	10.15	10.18	9.95	9.97	2768320	27853912.00
2018/04/09	9.95	9.96	9.67	9.83	3235126	31784034.00
2018/04/10	9.83	10.00	9.79	9.88	2060980	20447902.00
2018/04/11	9.98	10.04	9.87	10.00	2735340	27366290.00
2018/04/12	10.15	10.15	9.69	9.71	2944116	29151218.00
2018/04/13	9.76	9.90	9.69	9.76	1923960	18879114.00
2018/04/16	9.72	9.83	9.62	9.65	1776484	17317338.00
2018/04/17	9.75	9.75	9.00	9.07	5030480	47113336.00
2018/05/04	9.77	9.98	9.53	9.98	2416352	23957652.00
2018/05/07	10.37	10.46	9.86	9.92	12137459	123464056.00
2018/05/08	9.63	9.86	9.59	9.63	6073880	59103520.00
2018/05/09	9.72	9.99	9.67	9.95	6064792	59737508.00
2018/05/10	9.95	10.09	9.86	9.97	5427733	54105160.00
2018/05/11	9.99	10.00	9.67	9.67	3181580	31197956.00
2018/05/14	9.73	9.77	9.58	9.64	2091300	20208420.00
2018/05/15	9.77	9.84	9.61	9.77	2372099	23090810.00
2018/05/16	9.53	9.76	9.51	9.73	1873081	18137094.00
2018/05/17	9.67	9.74	9.64	9.65	1409900	13664175.00
2018/05/18	9.64	9.73	9.62	9.70	1127890	10898104.00
2018/05/21	9.70	9.76	9.62	9.70	2170780	21049870.00
2018/05/22	9.70	9.77	9.65	9.70	2354300	22839090.00
2018/05/23	9.71	10.00	9.71	9.80	4298300	42441184.00
2018/05/24	9.80	9.93	9.72	9.86	2093683	20580534.00
2018/05/25	9.71	9.87	9.69	9.79	2336380	22852952.00
2018/05/28	9.80	9.80	9.21	9.25	3935440	37164036.00
2018/05/29	9.23	9.35	9.10	9.10	2005200	18509196.00
2018/05/30	9.05	9.10	8.85	8.93	2211200	19873256.00
2018/05/31	9.05	9.08	8.82	8.91	1479280	13198804.00
2018/06/01	8.91	8.99	8.82	8.83	1116100	9926365.00
2018/06/04	8.92	9.00	8.74	8.78	1144300	10091753.00
2018/06/05	8.79	8.91	8.79	8.90	865715	7685562.00
2018/06/06	8.96	9.08	8.90	8.91	978600	8786005.00
2018/06/07	9.01	9.06	8.86	8.86	1117500	10031788.00
2018/06/08	8.81	8.85	8.51	8.64	1987209	17137722.00
2018/06/11	8.49	8.80	8.49	8.75	1877253	16288875.00
2018/06/12	8.73	8.82	8.62	8.77	790573	6914980.50
2018/06/13	8.72	8.78	8.48	8.50	1020292	8781624.00
2018/06/14	8.49	8.55	8.30	8.38	1172710	9904579.00
2018/06/15	8.43	8.46	7.98	8.13	1802816	14728453.00
2018/06/19	7.98	7.98	7.32	7.32	2883925	21847624.00
2018/06/20	7.32	7.44	7.06	7.28	1740300	12636660.00
2018/06/21	7.22	7.38	6.66	6.68	2891540	19983654.00
2018/06/22	6.58	6.85	6.58	6.81	1454660	9846465.00
2018/06/25	6.85	7.01	6.83	6.84	1315340	9092497.00
2018/06/26	6.65	7.06	6.59	6.98	1273040	8792739.00
2018/06/27	6.98	7.17	6.92	7.00	1479540	10414352.00
2018/06/28	6.96	7.09	6.91	6.92	1241680	8681407.00
2018/06/29	7.03	7.61	6.93	7.48	3861145	28649396.00
2018/07/02	7.34	7.52	7.22	7.39	2015974	14864230.00
2018/07/03	7.49	7.75	7.40	7.60	2875745	21833260.00
2018/07/04	7.54	7.65	7.30	7.32	1448580	10746862.00
2018/07/05	7.30	7.42	7.10	7.13	1078920	7858240.00
2018/07/06	7.25	7.35	6.98	7.20	1556839	11260414.00
2018/07/09	7.20	7.41	7.20	7.34	1450199	10624849.00
2018/07/10	7.30	7.44	7.28	7.37	1202140	8833434.00
2018/07/11	7.96	7.96	7.42	7.50	4520359	34639272.00
2018/07/12	7.35	7.70	7.35	7.62	2786605	21143748.00
2018/07/13	7.54	7.81	7.54	7.63	1533580	11695216.00
2018/07/16	7.51	7.66	7.35	7.52	1970280	14769852.00
2018/07/17	7.51	7.51	7.35	7.44	864180	6409721.00
2018/07/18	7.42	7.57	7.32	7.32	960560	7149926.00
2018/07/19	7.33	7.41	7.11	7.19	1179040	8545803.00
2018/07/20	7.19	7.35	7.17	7.34	1023340	7443536.00
2018/07/23	7.34	7.45	7.29	7.37	1558190	11458038.00
2018/07/24	7.33	7.55	7.27	7.46	2153890	15971036.00
2018/07/25	7.47	7.55	7.41	7.51	1703160	12748838.00
2018/07/26	7.43	7.89	7.43	7.60	3193091	24340686.00
2018/07/27	7.55	7.59	7.40	7.40	1836102	13733133.00
2018/07/30	7.36	7.39	7.23	7.28	1464680	10703051.00
2018/07/31	7.30	7.35	7.25	7.27	746900	5456287.00
2018/08/01	7.33	7.38	7.11	7.12	984403	7131295.50
2018/08/02	7.11	7.25	6.61	6.69	2479008	17009024.00
2018/08/03	6.75	6.78	6.67	6.68	945048	6346597.00
2018/08/06	6.59	6.75	6.53	6.66	1438580	9571402.00
2018/08/07	6.68	7.04	6.60	6.90	1979688	13427998.00
2018/08/08	6.87	6.97	6.79	6.79	1598140	10982125.00
2018/08/09	6.75	7.03	6.74	6.98	1799500	12507069.00
2018/08/10	6.92	7.04	6.92	7.03	990902	6924541.50
2018/08/13	6.99	7.07	6.91	7.07	1008647	7042896.00
2018/08/14	7.30	7.57	7.18	7.19	2796462	20519466.00
2018/08/15	7.02	7.15	6.95	6.99	1362114	9585063.00
2018/08/16	6.87	7.09	6.82	6.90	1046275	7322900.00
2018/08/17	7.00	7.07	6.79	6.82	1193312	8278656.00
2018/08/20	6.90	6.93	6.75	6.90	1108700	7602365.50
2018/08/21	6.97	7.12	6.93	7.12	1336148	9425621.00
2018/08/22	7.29	7.29	7.04	7.06	1456528	10411520.00
2018/08/23	6.99	7.15	6.99	7.05	1435480	10149992.00
2018/08/24	7.01	7.06	6.90	6.97	1251540	8727179.00
2018/08/27	7.04	7.18	6.97	7.17	1695143	12005524.00
2018/08/28	7.19	7.24	7.10	7.16	1248233	8931283.00
2018/08/29	7.12	7.14	6.98	7.06	1021438	7210220.50
2018/08/30	7.00	7.10	6.93	6.95	884980	6191741.50
2018/08/31	6.93	7.00	6.86	6.88	940058	6512486.00
2018/09/03	6.87	6.98	6.77	6.85	861728	5915984.00
2018/09/04	6.83	7.10	6.72	7.03	1895860	13069008.00
2018/09/05	6.99	7.10	6.84	6.90	1660000	11623125.00
2018/09/06	6.81	6.96	6.79	6.81	831200	5714128.00
2018/09/07	6.83	6.95	6.72	6.86	920680	6342438.00
2018/09/10	6.85	6.87	6.57	6.65	1810740	12051765.00
2018/09/11	6.65	6.65	6.00	6.52	1778427	11535406.00
2018/09/12	6.50	6.52	6.37	6.37	1053700	6789200.00
2018/09/13	6.50	6.54	6.31	6.40	1213205	7747375.00
2018/09/14	6.47	6.50	6.34	6.40	1390799	8909914.00
2018/09/17	6.39	6.39	6.10	6.14	1478759	9172263.00
2018/09/18	6.13	6.26	6.09	6.23	1684311	10426392.00
2018/09/19	6.22	6.34	6.19	6.28	1865303	11719164.00
2018/09/20	6.28	6.37	6.25	6.32	2040005	12877350.00
2018/09/21	6.36	6.36	6.23	6.36	1718845	10849811.00
2018/09/25	6.66	6.80	6.47	6.47	4261900	28061298.00
2018/09/26	6.44	6.52	6.31	6.39	2500944	15950772.00
2018/09/27	6.33	6.37	6.11	6.12	3250480	20138252.00
2018/09/28	6.15	6.22	6.12	6.17	1281900	7896529.00
2018/10/08	6.09	6.15	5.96	5.96	1670940	10114133.00
2018/10/09	6.06	6.06	5.90	5.93	1487379	8858645.00
2018/10/10	5.98	5.98	5.91	5.96	738360	4393631.00
2018/10/11	5.79	6.50	5.75	6.01	5511327	33733684.00
2018/10/12	5.80	6.00	5.59	5.87	4045072	23486486.00
2018/10/15	5.87	6.05	5.76	5.77	2328606	13814776.00
2018/10/16	5.77	5.92	5.51	5.58	2120272	12111092.00
2018/10/17	5.72	5.75	5.42	5.63	1931980	10824756.00
2018/10/18	5.58	5.59	5.40	5.53	1796703	9854494.00
2018/10/19	5.53	5.89	5.46	5.81	3137923	17743886.00
2018/10/22	5.81	6.12	5.78	6.09	4648004	27835594.00
2018/10/23	6.10	6.18	5.88	5.94	3807097	23014504.00
2018/10/24	5.93	5.99	5.86	5.91	2404720	14249110.00
2018/10/25	5.69	5.84	5.58	5.81	1879381	10794830.00
2018/10/26	5.88	6.00	5.83	5.99	2433805	14447064.00
2018/10/29	5.94	6.08	5.90	5.94	1659300	9954619.00
2018/10/30	5.92	6.01	5.76	5.97	1889460	11202294.00
2018/10/31	6.00	6.12	5.97	6.08	2399743	14564839.00
2018/11/01	6.10	6.20	6.05	6.08	2889970	17660834.00
2018/11/02	6.13	6.21	6.11	6.18	3493311	21537972.00
2018/11/05	6.16	6.26	6.06	6.16	3165443	19488540.00
2018/11/06	6.11	6.44	6.05	6.38	3942353	24502526.00
2018/11/07	6.31	6.43	6.23	6.23	3616500	22889560.00
2018/11/08	6.26	6.33	6.14	6.15	2844000	17644384.00
2018/11/09	6.12	6.77	6.06	6.50	14303308	95051296.00
2018/11/12	6.37	6.60	6.32	6.56	8998025	58239932.00
2018/11/13	6.50	6.66	6.41	6.63	7488638	49059084.00
2018/11/14	6.69	6.90	6.47	6.50	7242803	48623756.00
2018/11/15	6.55	6.72	6.37	6.68	6196800	40614132.00
2018/11/16	6.63	6.70	6.60	6.61	4332800	28750544.00
2018/11/19	6.61	6.72	6.50	6.65	4471020	29514698.00
2018/11/20	6.55	6.65	6.38	6.41	2895900	18946898.00
2018/11/21	6.35	6.54	6.35	6.53	2958376	19046172.00
2018/11/22	6.53	6.56	6.45	6.49	1651380	10765652.00
2018/11/23	6.48	6.52	5.96	6.03	4179520	25898640.00
2018/11/26	6.07	6.12	5.96	6.00	1789953	10777125.00
2018/11/27	6.08	6.60	6.01	6.26	5166060	32411042.00
2018/11/28	6.29	6.29	6.07	6.22	3861260	23930032.00
2018/11/29	6.21	6.54	6.18	6.27	6779460	43220904.00
2018/11/30	6.24	6.62	6.20	6.54	7211340	46516600.00
2018/12/03	6.61	6.96	6.56	6.83	9747689	65563768.00
2018/12/04	6.76	6.85	6.66	6.75	6029040	40651112.00
2018/12/05	6.60	6.81	6.48	6.71	5403800	36040392.00
2018/12/06	6.70	6.72	6.53	6.58	3316918	21885448.00
2018/12/07	6.56	6.64	6.55	6.58	2502993	16512267.00
2018/12/10	6.57	6.67	6.50	6.52	2455820	16131424.00
2018/12/11	6.59	6.83	6.54	6.77	5790389	38777684.00
2018/12/12	6.85	6.89	6.62	6.68	4032540	27029466.00
2018/12/13	6.68	6.71	6.55	6.65	3641380	24190610.00
2018/12/14	6.61	6.64	6.32	6.36	3214900	20892642.00
2018/12/17	6.35	6.41	6.31	6.35	2307400	14675874.00
2018/12/18	6.31	6.40	6.25	6.38	2154364	13651914.00
2018/12/19	6.37	6.40	6.25	6.29	1671699	10554374.00
2018/12/20	6.29	6.38	6.25	6.38	1503123	9509074.00
2018/12/21	6.37	6.37	6.20	6.25	1648040	10354587.00
2018/12/24	6.24	6.43	6.23	6.40	2169180	13772065.00
2018/12/25	6.34	6.34	6.06	6.30	3369960	20833192.00
2018/12/26	6.30	6.31	6.11	6.12	2164964	13475220.00
2018/12/27	6.29	6.31	6.00	6.06	2912384	17909676.00
2018/12/28	6.12	6.16	6.03	6.14	2303900	14065054.00
2019/01/02	6.14	6.15	5.76	5.86	5868200	34769296.00
2019/01/03	5.86	5.92	5.64	5.80	4422000	25607100.00
数据来源:通达信
